Wavelength	09/27/123 at 12:26:35
350	 4.39249668671099E-02 
351	 4.37643234034837E-02 
352	 4.37523377836768E-02 
353	 4.38158131940183E-02 
354	 4.38729667765417E-02 
355	 4.42343899299479E-02 
356	 0.044204437468625 
357	 4.36903912524714E-02 
358	 4.40251231806812E-02 
359	 4.44307349141831E-02 
360	 4.45364364404077E-02 
361	 4.42438688167492E-02 
362	 4.44666229985565E-02 
363	 4.47473872956815E-02 
364	 0.044748804977639 
365	 4.46708966255241E-02 
366	 4.45854684389494E-02 
367	 4.45981302549232E-02 
368	 4.47944892530267E-02 
369	 4.50060857189482E-02 
370	 4.50672165752368E-02 
371	 4.49709582478536E-02 
372	 4.50448623484879E-02 
373	 0.045164509389674 
374	 4.52675316008373E-02 
375	 4.53113590430627E-02 
376	 4.52784087000903E-02 
377	 4.54583265117251E-02 
378	 4.58415993093348E-02 
379	 4.56367885617124E-02 
380	 0.045471872826866 
381	 4.55476305767139E-02 
382	 4.58404631816715E-02 
383	 4.61224137734861E-02 
384	 0.046284805872936 
385	 4.62663527013242E-02 
386	 4.60229985160206E-02 
387	 4.59685139097954E-02 
388	 4.60768296695953E-02 
389	 4.61427077927183E-02 
390	 4.63875738371849E-02 
391	 4.66561681017884E-02 
392	 4.68043697898049E-02 
393	 4.67413794959496E-02 
394	 4.68054633635771E-02 
395	 4.69189320135262E-02 
396	 4.68820147858212E-02 
397	 4.69356829577481E-02 
398	 4.69778152798516E-02 
399	 4.69961297605885E-02 
400	 4.72092457318104E-02 
401	 4.72855159958476E-02 
402	 4.72761945429986E-02 
403	 4.73446855537848E-02 
404	 4.73692994797466E-02 
405	 4.73614790439419E-02 
406	 4.73475993614969E-02 
407	 4.73540058339481E-02 
408	 0.047418574700387 
409	 4.74560848096408E-02 
410	 0.047372061882836 
411	 0.047375040119233 
412	 4.73957161429322E-02 
413	 4.74272107965605E-02 
414	 4.76296042894353E-02 
415	 4.77501413617724E-02 
416	 4.77223747470425E-02 
417	 4.75843320620376E-02 
418	 4.75589249367408E-02 
419	 4.75960400169161E-02 
420	 4.76436528676146E-02 
421	 4.76985574358696E-02 
422	 0.047687798496879 
423	 4.76540818049391E-02 
424	 4.76846936847384E-02 
425	 4.78425383820878E-02 
426	 4.79587027789574E-02 
427	 4.79771535379993E-02 
428	 4.80388738296473E-02 
429	 4.81309893032938E-02 
430	 4.81769831404716E-02 
431	 4.81152461096155E-02 
432	 4.81059822000269E-02 
433	 4.81218419598045E-02 
434	 4.81423110697227E-02 
435	 4.81754534512316E-02 
436	 4.82619797828664E-02 
437	 4.83320832438955E-02 
438	 4.83154120162889E-02 
439	 4.83359463276545E-02 
440	 4.83659889453168E-02 
441	 4.83849786469673E-02 
442	 4.83920630155371E-02 
443	 4.84289366121402E-02 
444	 0.048444162408335 
445	 4.83961412300059E-02 
446	 4.84269217288892E-02 
447	 4.85198703419723E-02 
448	 4.86272513209785E-02 
449	 4.86771347118496E-02 
450	 4.87309781472618E-02 
451	 4.87504728704204E-02 
452	 4.87046330402502E-02 
453	 4.87321104680855E-02 
454	 4.88040734120019E-02 
455	 4.88775179285406E-02 
456	 4.89035347707398E-02 
457	 4.89553893221583E-02 
458	 4.90129599789522E-02 
459	 4.90451802487348E-02 
460	 4.90872638546283E-02 
461	 4.91139914142911E-02 
462	 4.91158307279335E-02 
463	 4.90981308936523E-02 
464	 4.91814541690947E-02 
465	 4.92527497483343E-02 
466	 4.92072780392722E-02 
467	 0.049221270215481 
468	 4.92612826094973E-02 
469	 4.93090670680165E-02 
470	 4.93640883295668E-02 
471	 4.94239626758607E-02 
472	 4.94773000463981E-02 
473	 4.95147316589057E-02 
474	 4.95424689413989E-02 
475	 4.95511483525934E-02 
476	 4.95407100561821E-02 
477	 4.95223129543353E-02 
478	 4.95756103393911E-02 
479	 4.96509149748368E-02 
480	 4.97018564767415E-02 
481	 0.04977250720794 
482	 4.98064017814293E-02 
483	 4.98235469519032E-02 
484	 4.98922619698107E-02 
485	 4.99312827467671E-02 
486	 4.99622623043933E-02 
487	 5.00117231690072E-02 
488	 5.00729459516515E-02 
489	 5.01510484358014E-02 
490	 5.02259973006302E-02 
491	 5.02647517920437E-02 
492	 5.02476041527417E-02 
493	 5.02463231894732E-02 
494	 5.03030969377418E-02 
495	 5.03709604007089E-02 
496	 5.04075647177464E-02 
497	 5.04225451210122E-02 
498	 5.04554491150194E-02 
499	 5.05406123197058E-02 
500	 5.06438446898844E-02 
501	 5.07332478785703E-02 
502	 5.07994996186936E-02 
503	 0.050770510842506 
504	 5.07445769941692E-02 
505	 5.08487575072867E-02 
506	 5.09324775593453E-02 
507	 5.09885687067162E-02 
508	 5.10208099838171E-02 
509	 5.10301730766286E-02 
510	 5.10784627873712E-02 
511	 5.11642314105129E-02 
512	 5.12507677671943E-02 
513	 5.12541435066643E-02 
514	 5.12591083894072E-02 
515	 5.12946331727434E-02 
516	 5.13064048059425E-02 
517	 5.13842655382896E-02 
518	 5.14869766532891E-02 
519	 5.15460676510258E-02 
520	 5.15517193012479E-02 
521	 0.051566082303037 
522	 0.05161601628024 
523	 0.051696226160282 
524	 5.17748741424746E-02 
525	 5.18228266297404E-02 
526	 5.18335780196658E-02 
527	 0.051857965905248 
528	 5.19294633440714E-02 
529	 5.20203397439438E-02 
530	 5.20647146535701E-02 
531	 5.21245802306417E-02 
532	 5.21795096185251E-02 
533	 5.22079563486993E-02 
534	 5.22152816716845E-02 
535	 5.22653376631367E-02 
536	 5.23323335767916E-02 
537	 5.23487039671007E-02 
538	 5.24133246203175E-02 
539	 5.25143592850818E-02 
540	 5.26172032281633E-02 
541	 5.26699502355067E-02 
542	 5.27265012755484E-02 
543	 5.27921258549855E-02 
544	 5.28518531092158E-02 
545	 5.29057303835172E-02 
546	 5.29597564333307E-02 
547	 5.30088593455746E-02 
548	 5.30224164608386E-02 
549	 5.30773522873155E-02 
550	 0.053184741696488 
551	 5.33193599652637E-02 
552	 5.34117147256346E-02 
553	 5.34527059641784E-02 
554	 5.34670472081626E-02 
555	 0.053514162850606 
556	 5.35963180562291E-02 
557	 5.36894294232893E-02 
558	 0.053763812797129 
559	 5.38074497275076E-02 
560	 5.38625407339074E-02 
561	 5.39610445487841E-02 
562	 5.41207318205066E-02 
563	 5.42356817443099E-02 
564	 5.42913509465387E-02 
565	 0.054312713878392 
566	 0.054362702578806 
567	 5.44866669651519E-02 
568	 5.46354816316083E-02 
569	 5.47064041464516E-02 
570	 5.48005885220756E-02 
571	 5.48960765540986E-02 
572	 5.49655039088664E-02 
573	 5.50118215042324E-02 
574	 5.50652120834614E-02 
575	 5.51228094707804E-02 
576	 5.51742946894401E-02 
577	 5.52906844205011E-02 
578	 5.53907689916007E-02 
579	 5.54468754025113E-02 
580	 5.55390852204385E-02 
581	 5.56086094590596E-02 
582	 5.56699847692599E-02 
583	 5.57459537711468E-02 
584	 5.57872534543409E-02 
585	 0.05580656986063 
586	 5.58560067506978E-02 
587	 5.60259451237231E-02 
588	 5.61261609609657E-02 
589	 0.056193201455279 
590	 5.62807456119093E-02 
591	 0.056308139826175 
592	 5.63180373980964E-02 
593	 5.63531697177507E-02 
594	 5.64518834273487E-02 
595	 5.65645793843842E-02 
596	 5.66442075329006E-02 
597	 5.66733459673041E-02 
598	 5.66809290768038E-02 
599	 5.67554718733043E-02 
600	 5.68712670357697E-02 
601	 5.69534073756605E-02 
602	 5.70025450239128E-02 
603	 5.70503553637907E-02 
604	 5.71164488081192E-02 
605	 0.057197518868126 
606	 5.72392316338207E-02 
607	 0.057282641374078 
608	 5.73776730962693E-02 
609	 5.74761342756314E-02 
610	 5.75172472299726E-02 
611	 5.75245920788379E-02 
612	 5.75980384486708E-02 
613	 5.76251926498806E-02 
614	 5.76759889538867E-02 
615	 5.77928545578421E-02 
616	 5.78232757274521E-02 
617	 5.78433557887499E-02 
618	 5.78910833388743E-02 
619	 5.79723382059736E-02 
620	 5.79972717690638E-02 
621	 5.80315633689734E-02 
622	 5.81114395342604E-02 
623	 5.81830170423568E-02 
624	 5.82406614110929E-02 
625	 5.82901920466038E-02 
626	 5.83425929276792E-02 
627	 5.83978483500898E-02 
628	 0.058438509628067 
629	 5.84645385427464E-02 
630	 5.84974635549089E-02 
631	 0.058542342231087 
632	 5.85858832401057E-02 
633	 5.86258774321445E-02 
634	 5.87217238040614E-02 
635	 5.87948815006009E-02 
636	 5.88316263030168E-02 
637	 5.88657830564749E-02 
638	 5.89033304079481E-02 
639	 0.058957605649183 
640	 5.90232897954639E-02 
641	 5.90545219699837E-02 
642	 0.059090050955148 
643	 5.91177663421948E-02 
644	 5.91218525208499E-02 
645	 5.91737422697942E-02 
646	 5.92360730688284E-02 
647	 5.92915025888296E-02 
648	 5.93562547642144E-02 
649	 5.94390561603902E-02 
650	 5.95181682439261E-02 
651	 5.95653619779032E-02 
652	 5.95456724398094E-02 
653	 5.95553200213587E-02 
654	 5.95976292275773E-02 
655	 5.96224195743798E-02 
656	 5.97484857583244E-02 
657	 0.059871674430405 
658	 5.99195581272267E-02 
659	 5.99361078554141E-02 
660	 5.99753272120715E-02 
661	 6.00571513123715E-02 
662	 6.01587270262319E-02 
663	 6.01193543740626E-02 
664	 6.00877473791291E-02 
665	 6.01105749383515E-02 
666	 0.060114770544641 
667	 6.02072643333584E-02 
668	 6.02873502116883E-02 
669	 6.02941408542149E-02 
670	 6.03983377396657E-02 
671	 6.04689049846827E-02 
672	 0.060498159824128 
673	 6.05407150252153E-02 
674	 6.06047909504779E-02 
675	 6.06372921230028E-02 
676	 0.060640541578691 
677	 6.07093530561162E-02 
678	 6.07306835755536E-02 
679	 6.07557411502908E-02 
680	 6.08504138558431E-02 
681	 6.09638944503374E-02 
682	 6.09711527129475E-02 
683	 6.09342945673395E-02 
684	 6.10345308551667E-02 
685	 6.10609103329753E-02 
686	 6.11496117985658E-02 
687	 6.13631143792804E-02 
688	 6.14166581261724E-02 
689	 6.13966748424119E-02 
690	 6.13688078613417E-02 
691	 6.13804585816123E-02 
692	 6.14209207694073E-02 
693	 6.14923381786737E-02 
694	 0.061573031336305 
695	 6.16157851338118E-02 
696	 6.16097139518724E-02 
697	 6.15936260970332E-02 
698	 6.16056427119679E-02 
699	 6.16583629531546E-02 
700	 6.16870921971379E-02 
701	 6.17248467686773E-02 
702	 6.18165351703671E-02 
703	 6.17654677160137E-02 
704	 6.17815342104746E-02 
705	 6.18829099234824E-02 
706	 6.18475311650981E-02 
707	 6.19108648944442E-02 
708	 6.20067395331789E-02 
709	 6.20371029743601E-02 
710	 6.19982757989236E-02 
711	 6.19717325277844E-02 
712	 6.19999567159034E-02 
713	 6.20886044103919E-02 
714	 6.21344232765491E-02 
715	 6.21679008179567E-02 
716	 6.21883619682311E-02 
717	 6.21208993757351E-02 
718	 6.21099390219429E-02 
719	 6.21375390988995E-02 
720	 6.21693643398903E-02 
721	 6.23283455679682E-02 
722	 6.23976662542606E-02 
723	 6.23571427120878E-02 
724	 6.22905734730618E-02 
725	 6.23135553142286E-02 
726	 6.23440633190043E-02 
727	 6.23659654524666E-02 
728	 6.24881894933372E-02 
729	 6.25203866389399E-02 
730	 6.25062093861444E-02 
731	 6.25280891809557E-02 
732	 6.25875780798706E-02 
733	 6.26258161446465E-02 
734	 6.26474210112224E-02 
735	 6.26849112860762E-02 
736	 6.26986363543312E-02 
737	 6.27137947240845E-02 
738	 6.27435314433554E-02 
739	 6.27743264159757E-02 
740	 0.062805737268834 
741	 6.28553462674724E-02 
742	 6.29207877086407E-02 
743	 6.29230320771507E-02 
744	 6.29480421219241E-02 
745	 6.30067128114838E-02 
746	 6.30616241323775E-02 
747	 6.30554137531285E-02 
748	 0.06306435209927 
749	 6.30982036777879E-02 
750	 6.30688160990969E-02 
751	 6.31504376829175E-02 
752	 6.32584664733621E-02 
753	 6.32908236397305E-02 
754	 6.32694588803214E-02 
755	 6.33211645813267E-02 
756	 6.34301483744755E-02 
757	 6.35190867953943E-02 
758	 6.36226374668855E-02 
759	 6.37868767430589E-02 
760	 6.40693915273197E-02 
761	 6.43819749544135E-02 
762	 6.43852687765182E-02 
763	 6.42434640248713E-02 
764	 6.41299838825439E-02 
765	 6.40601042478724E-02 
766	 6.40219595310349E-02 
767	 6.39795198513884E-02 
768	 0.063919358878511 
769	 6.39361574655782E-02 
770	 0.063969254148582 
771	 6.39853588414582E-02 
772	 6.39823600979291E-02 
773	 6.39921088872947E-02 
774	 6.40249707812747E-02 
775	 6.40837418916641E-02 
776	 6.41703958412022E-02 
777	 6.41835031444891E-02 
778	 6.41609452645672E-02 
779	 6.41723343086472E-02 
780	 6.42202606579297E-02 
781	 6.42957648262704E-02 
782	 6.43673927770858E-02 
783	 6.43985909471901E-02 
784	 0.064432766376156 
785	 6.44592518566477E-02 
786	 6.44702296369168E-02 
787	 6.44708128945748E-02 
788	 6.45004913821676E-02 
789	 6.45648595936283E-02 
790	 0.064647190443421 
791	 0.064701273842257 
792	 6.47284569775631E-02 
793	 6.47425707230627E-02 
794	 6.47631913968877E-02 
795	 6.47980272244959E-02 
796	 6.48094747159706E-02 
797	 0.064814147841749 
798	 6.48670285818484E-02 
799	 6.48637796990006E-02 
800	 6.48806155236395E-02 
801	 6.49455949598591E-02 
802	 6.49593422721242E-02 
803	 6.50353670517088E-02 
804	 6.51394604622099E-02 
805	 6.51971686728634E-02 
806	 6.51370655022065E-02 
807	 6.51219078232309E-02 
808	 6.52101531510751E-02 
809	 6.53626868627205E-02 
810	 6.53455010049002E-02 
811	 6.53042736392181E-02 
812	 6.53081511399315E-02 
813	 6.53087589912637E-02 
814	 0.065238335341711 
815	 6.52296158513344E-02 
816	 6.53654840269052E-02 
817	 6.55516641994007E-02 
818	 6.55003030752916E-02 
819	 6.53882837886172E-02 
820	 6.54371813336526E-02 
821	 6.55447325362438E-02 
822	 6.55745660856281E-02 
823	 6.55872308165742E-02 
824	 6.57011337667391E-02 
825	 6.56702746976821E-02 
826	 6.57354656073497E-02 
827	 6.58724545876405E-02 
828	 0.065807737295205 
829	 6.58238037560713E-02 
830	 0.06585520075824 
831	 6.58619315681714E-02 
832	 6.59431730732763E-02 
833	 6.60349241811849E-02 
834	 6.60627238902898E-02 
835	 6.60120164799071E-02 
836	 6.60306370864269E-02 
837	 6.60657283426684E-02 
838	 0.06612460007121 
839	 6.62072323184915E-02 
840	 6.61445464392519E-02 
841	 6.61413357347777E-02 
842	 6.62443544447462E-02 
843	 6.63399210947484E-02 
844	 6.62534360421422E-02 
845	 6.61666529589742E-02 
846	 6.61984113109581E-02 
847	 6.63094086375476E-02 
848	 6.63044428935383E-02 
849	 6.63055102157568E-02 
850	 6.63850618976716E-02 
851	 6.63023933648264E-02 
852	 6.63320868766446E-02 
853	 6.64155367436471E-02 
854	 6.64269343769311E-02 
855	 6.64506785448139E-02 
856	 6.65799329023979E-02 
857	 6.66815586299012E-02 
858	 6.65754889246568E-02 
859	 6.65463016278231E-02 
860	 6.65836586804321E-02 
861	 6.66721677922764E-02 
862	 6.67980815038706E-02 
863	 6.68466552909858E-02 
864	 6.66802795281206E-02 
865	 6.64174230085202E-02 
866	 6.65273258317092E-02 
867	 6.66314622240751E-02 
868	 6.66848499633759E-02 
869	 6.67395738735735E-02 
870	 6.69034720606525E-02 
871	 6.68311988077472E-02 
872	 6.66521394369749E-02 
873	 0.066595247662681 
874	 6.66035583822596E-02 
875	 6.66805489928896E-02 
876	 6.68102107792994E-02 
877	 6.69564148930855E-02 
878	 6.70648032912476E-02 
879	 6.70902082785551E-02 
880	 6.70373907334486E-02 
881	 6.69703603030965E-02 
882	 6.70494717367526E-02 
883	 6.71066233047926E-02 
884	 6.70807902019768E-02 
885	 6.70848859825838E-02 
886	 6.71369864487203E-02 
887	 6.71465632985495E-02 
888	 6.70931776875432E-02 
889	 6.71059989698391E-02 
890	 6.70113609434698E-02 
891	 6.69914027372107E-02 
892	 6.71394194834172E-02 
893	 6.70473162909469E-02 
894	 6.69817506007026E-02 
895	 6.68595181176743E-02 
896	 6.66375068263685E-02 
897	 0.066995202546878 
898	 6.72364428968324E-02 
899	 0.067130582920228 
900	 6.68650089534365E-02 
901	 6.70843929518659E-02 
902	 6.72714171593892E-02 
903	 6.72629009010683E-02 
904	 6.72144490887518E-02 
905	 6.73398782932509E-02 
906	 6.74618392101637E-02 
907	 6.73794019092753E-02 
908	 6.69797368515824E-02 
909	 6.70303118501211E-02 
910	 6.70212063797118E-02 
911	 6.68230147669115E-02 
912	 6.70773098061899E-02 
913	 0.067032813045045 
914	 6.69087965747857E-02 
915	 6.69420613795082E-02 
916	 6.70311360029594E-02 
917	 6.72425669650845E-02 
918	 6.73852419239161E-02 
919	 6.73866958660344E-02 
920	 6.75883997421768E-02 
921	 6.78666671493639E-02 
922	 6.78823034441827E-02 
923	 0.0674997249379 
924	 6.74873390688039E-02 
925	 6.75199948998884E-02 
926	 6.73233379494265E-02 
927	 6.68093526615268E-02 
928	 0.06674223750651 
929	 6.68933018155529E-02 
930	 6.68409178041443E-02 
931	 6.61854067604052E-02 
932	 6.57681958821415E-02 
933	 6.55350094179397E-02 
934	 0.0655607129441 
935	 6.59327088313777E-02 
936	 6.59707934595664E-02 
937	 6.58972984699734E-02 
938	 6.60394264070063E-02 
939	 6.65806419812442E-02 
940	 6.68626222594944E-02 
941	 6.65552545318613E-02 
942	 6.59091313510088E-02 
943	 6.56883007536059E-02 
944	 6.65645052256767E-02 
945	 6.69694620506767E-02 
946	 6.64261437333516E-02 
947	 6.62729279894273E-02 
948	 6.59490160157748E-02 
949	 6.57344656706043E-02 
950	 6.58902793235148E-02 
951	 6.64489579394628E-02 
952	 6.70026591890813E-02 
953	 0.066710944839407 
954	 0.065928491461087 
955	 6.68438087552349E-02 
956	 6.67959914465858E-02 
957	 6.65430858580605E-02 
958	 6.68103131259032E-02 
959	 6.68353643952507E-02 
960	 6.76381243355386E-02 
961	 6.80779181219864E-02 
962	 6.75144037440632E-02 
963	 6.72434884153991E-02 
964	 6.74668219114411E-02 
965	 6.76423965440157E-02 
966	 6.74564443575903E-02 
967	 6.76122628075245E-02 
968	 6.76186017102091E-02 
969	 6.76697457925958E-02 
970	 6.79049982992346E-02 
971	 6.78103870610135E-02 
972	 6.74870881978795E-02 
973	 6.75368514545732E-02 
974	 0.068165439125602 
975	 6.78372985236206E-02 
976	 6.80894633194875E-02 
977	 6.83706379362242E-02 
978	 0.0679969467901 
979	 6.84207195693149E-02 
980	 6.86328341689987E-02 
981	 6.80874711676048E-02 
982	 0.067154772984697 
983	 6.86011211220593E-02 
984	 0.068924228976427 
985	 6.84312860381023E-02 
986	 6.85162739897217E-02 
987	 6.86609616437662E-02 
988	 6.83601252496488E-02 
989	 6.82586977509017E-02 
990	 6.89358722929806E-02 
991	 6.89845223228509E-02 
992	 0.06856086654746 
993	 0.068539265429844 
994	 0.069383341978618 
995	 6.89047298579154E-02 
996	 6.88102300325008E-02 
997	 6.90935726318186E-02 
998	 6.90123703957593E-02 
999	 6.80299546792093E-02 
1000	 6.79580055973223E-02 
1001	 7.11985898351256E-02 
1002	 7.08986614996228E-02 
1003	 7.08474259501375E-02 
1004	 7.08770298329666E-02 
1005	 0.070982581162777 
1006	 7.10659927524103E-02 
1007	 7.13077190578339E-02 
1008	 7.14811875482558E-02 
1009	 7.14291766875992E-02 
1010	 7.13591427206059E-02 
1011	 7.12288394244402E-02 
1012	 7.11763919034804E-02 
1013	 7.12449439538494E-02 
1014	 7.12224579561151E-02 
1015	 7.13557739908619E-02 
1016	 7.14286991655759E-02 
1017	 7.14224883791373E-02 
1018	 7.12882892290005E-02 
1019	 7.13302965764782E-02 
1020	 7.13739576860098E-02 
1021	 7.14529580035898E-02 
1022	 7.16366473457625E-02 
1023	 7.17527438300634E-02 
1024	 7.18201437094638E-02 
1025	 7.19928139930178E-02 
1026	 7.21298003198894E-02 
1027	 7.22456735646805E-02 
1028	 7.24791405421137E-02 
1029	 7.24762603104192E-02 
1030	 7.23030450551955E-02 
1031	 7.22671350227945E-02 
1032	 7.22975036970868E-02 
1033	 7.22498985662699E-02 
1034	 7.21825501525295E-02 
1035	 0.072136687364128 
1036	 7.20854233951561E-02 
1037	 7.20311253254332E-02 
1038	 7.21020511013263E-02 
1039	 7.23027518555375E-02 
1040	 0.072294091663941 
1041	 7.22992968308962E-02 
1042	 7.23147833342327E-02 
1043	 7.23635110691739E-02 
1044	 7.24092496862723E-02 
1045	 0.072547917356888 
1046	 7.26001774828541E-02 
1047	 7.26478452058895E-02 
1048	 7.25071013121572E-02 
1049	 7.24455569201022E-02 
1050	 7.24776714337671E-02 
1051	 7.23942753549971E-02 
1052	 7.24978410502916E-02 
1053	 7.26507866359553E-02 
1054	 7.27125602142283E-02 
1055	 7.28350802472242E-02 
1056	 7.27565506069254E-02 
1057	 7.28020611664588E-02 
1058	 7.29220146601399E-02 
1059	 7.30287780595755E-02 
1060	 7.31012601128014E-02 
1061	 7.33345137000869E-02 
1062	 7.35577419089667E-02 
1063	 7.33944730862794E-02 
1064	 7.34860244350781E-02 
1065	 7.35953564776088E-02 
1066	 7.35717233419818E-02 
1067	 7.36947721259696E-02 
1068	 7.35950354393302E-02 
1069	 0.073399669321979 
1070	 7.33070888085499E-02 
1071	 0.073172339922109 
1072	 7.31252338822658E-02 
1073	 7.31721813013538E-02 
1074	 7.32356218212671E-02 
1075	 7.33351941189332E-02 
1076	 7.34565678824185E-02 
1077	 7.36432065049793E-02 
1078	 0.073877154287971 
1079	 7.41005356026469E-02 
1080	 7.41895656419811E-02 
1081	 0.074169603081158 
1082	 7.41081899788244E-02 
1083	 7.40580880021627E-02 
1084	 7.39196795185262E-02 
1085	 7.38949785782443E-02 
1086	 7.39086332937229E-02 
1087	 7.39561318686052E-02 
1088	 7.40980554495423E-02 
1089	 7.41421006465026E-02 
1090	 7.42403952690185E-02 
1091	 7.41810984627324E-02 
1092	 7.40045358849922E-02 
1093	 7.39376851196402E-02 
1094	 7.39250313299971E-02 
1095	 7.39506406832821E-02 
1096	 7.39870937795655E-02 
1097	 7.40990103064813E-02 
1098	 7.41933481035603E-02 
1099	 7.43321304426383E-02 
1100	 7.43772755465434E-02 
1101	 7.43925260318762E-02 
1102	 7.44202926737185E-02 
1103	 7.43361989476635E-02 
1104	 7.43344171635465E-02 
1105	 7.44957553713146E-02 
1106	 7.45206186741796E-02 
1107	 7.44190792040549E-02 
1108	 7.44007316465581E-02 
1109	 7.44657436444494E-02 
1110	 7.44568613213016E-02 
1111	 7.44945324536272E-02 
1112	 7.47354740024409E-02 
1113	 0.074745966977658 
1114	 7.44554922614801E-02 
1115	 7.44765279031444E-02 
1116	 7.46886728413075E-02 
1117	 7.46735852989992E-02 
1118	 0.074703835697063 
1119	 7.47344836317978E-02 
1120	 7.44175549101457E-02 
1121	 7.43463115589028E-02 
1122	 7.46049560336478E-02 
1123	 7.47749276852777E-02 
1124	 7.49577975041355E-02 
1125	 7.51742791201542E-02 
1126	 7.53524943649408E-02 
1127	 7.56079747918264E-02 
1128	 7.55763497220676E-02 
1129	 7.53229369402976E-02 
1130	 7.52237156246798E-02 
1131	 7.49232635876612E-02 
1132	 7.48466575788504E-02 
1133	 7.49795192298763E-02 
1134	 7.50495916435693E-02 
1135	 7.52061786932948E-02 
1136	 7.52395702012811E-02 
1137	 7.53000063828847E-02 
1138	 0.075246895098883 
1139	 7.48161684931028E-02 
1140	 7.47393609394259E-02 
1141	 7.48691022759487E-02 
1142	 7.52162423378569E-02 
1143	 7.52765510694666E-02 
1144	 7.55128631703778E-02 
1145	 7.55626284401703E-02 
1146	 7.51831089884344E-02 
1147	 7.52280689707311E-02 
1148	 7.55626000298701E-02 
1149	 7.57306653193512E-02 
1150	 7.59638147543571E-02 
1151	 7.60969409084841E-02 
1152	 7.62073216271578E-02 
1153	 7.61971813573428E-02 
1154	 7.59708961722895E-02 
1155	 7.59569666821229E-02 
1156	 7.59549777077637E-02 
1157	 7.59806449789025E-02 
1158	 7.61270414873363E-02 
1159	 7.65343399652008E-02 
1160	 7.65825560292421E-02 
1161	 0.076544733111599 
1162	 7.64875281536537E-02 
1163	 7.61053694855274E-02 
1164	 7.61957566393263E-02 
1165	 7.66726748504552E-02 
1166	 7.67382166823101E-02 
1167	 7.67928390096566E-02 
1168	 7.68555708176792E-02 
1169	 7.66013527898219E-02 
1170	 0.076571499540454 
1171	 7.68360235104831E-02 
1172	 7.69165641220148E-02 
1173	 7.69233601637086E-02 
1174	 0.07698468856337 
1175	 7.69809661954402E-02 
1176	 7.69031636758476E-02 
1177	 7.69133491781319E-02 
1178	 7.69095425251296E-02 
1179	 7.69490953468294E-02 
1180	 7.71062732597722E-02 
1181	 7.71215463819182E-02 
1182	 7.70499699647953E-02 
1183	 7.70512202431224E-02 
1184	 7.69937373846772E-02 
1185	 7.69940629851024E-02 
1186	 7.70792259829504E-02 
1187	 7.71699547282464E-02 
1188	 7.73446125078875E-02 
1189	 7.73390618584572E-02 
1190	 7.73956857451139E-02 
1191	 7.75438842932288E-02 
1192	 7.75311223624428E-02 
1193	 7.75255365643904E-02 
1194	 7.75095132639211E-02 
1195	 7.74201812532423E-02 
1196	 7.73926533178766E-02 
1197	 7.73786550312142E-02 
1198	 7.74404060836189E-02 
1199	 7.76003226350706E-02 
1200	 7.76841955372351E-02 
1201	 0.077805383888164 
1202	 7.77980888311217E-02 
1203	 7.76149913816838E-02 
1204	 7.75921200722881E-02 
1205	 7.75111840708075E-02 
1206	 0.077690613616791 
1207	 0.077890987507568 
1208	 7.78610835774724E-02 
1209	 7.79248928839668E-02 
1210	 7.79617520858754E-02 
1211	 7.78555868081083E-02 
1212	 7.79067690318879E-02 
1213	 7.78612769238568E-02 
1214	 0.077754158559543 
1215	 7.77623201377713E-02 
1216	 7.78543242026045E-02 
1217	 7.79258322455315E-02 
1218	 7.80958571177258E-02 
1219	 7.81366698212884E-02 
1220	 7.81455220103975E-02 
1221	 7.81435513636108E-02 
1222	 7.80193933956177E-02 
1223	 7.79618587700483E-02 
1224	 7.79453678681398E-02 
1225	 7.78898410596465E-02 
1226	 7.77888250901613E-02 
1227	 7.78638892784752E-02 
1228	 7.79678648663842E-02 
1229	 7.80664226583307E-02 
1230	 7.83101920566156E-02 
1231	 7.84982799286866E-02 
1232	 7.84930978008637E-02 
1233	 7.84536917342217E-02 
1234	 7.83930191676391E-02 
1235	 7.83253620097045E-02 
1236	 7.82757238054913E-02 
1237	 7.82690627323008E-02 
1238	 7.82643020228296E-02 
1239	 7.82329993775164E-02 
1240	 0.078230511734244 
1241	 7.82472020332657E-02 
1242	 0.078316008459812 
1243	 7.84212644019431E-02 
1244	 7.85821987493264E-02 
1245	 7.86211776608928E-02 
1246	 7.86297249915101E-02 
1247	 7.86067241418394E-02 
1248	 0.078422763988372 
1249	 7.83979441442276E-02 
1250	 7.85649213892588E-02 
1251	 7.85556436397372E-02 
1252	 7.84202385516589E-02 
1253	 7.83445855827345E-02 
1254	 7.83369463177385E-02 
1255	 7.84543581120435E-02 
1256	 7.86884534348225E-02 
1257	 7.87720873867083E-02 
1258	 7.86983202668799E-02 
1259	 7.87222243110818E-02 
1260	 7.87980267932094E-02 
1261	 0.078832993761287 
1262	 7.89075810879987E-02 
1263	 7.89470156253512E-02 
1264	 7.89886045797311E-02 
1265	 7.88294240100593E-02 
1266	 7.87656999718681E-02 
1267	 7.89613516706064E-02 
1268	 7.89550009385229E-02 
1269	 7.88912852467781E-02 
1270	 7.88873073989187E-02 
1271	 7.87618061107361E-02 
1272	 7.88499324798774E-02 
1273	 7.90600773386547E-02 
1274	 7.90771627452583E-02 
1275	 7.91204494400059E-02 
1276	 7.91163029852532E-02 
1277	 7.89034532351253E-02 
1278	 7.88924788553394E-02 
1279	 7.91125156458367E-02 
1280	 7.90792239023628E-02 
1281	 7.88021584713466E-02 
1282	 7.87988357088445E-02 
1283	 0.078856258948575 
1284	 7.87777518921949E-02 
1285	 7.89233102692622E-02 
1286	 7.91566599617858E-02 
1287	 7.89481689260846E-02 
1288	 0.078818047753622 
1289	 7.87917421485961E-02 
1290	 7.88436802596999E-02 
1291	 7.92503659857866E-02 
1292	 7.93605720393878E-02 
1293	 7.91883643399851E-02 
1294	 7.91493440581084E-02 
1295	 7.89947643217651E-02 
1296	 7.90544434656675E-02 
1297	 7.93740572295232E-02 
1298	 7.93789306751912E-02 
1299	 7.93350165133791E-02 
1300	 7.93869017564618E-02 
1301	 7.92381916535328E-02 
1302	 7.92458878959523E-02 
1303	 7.92516809039275E-02 
1304	 7.91925316557038E-02 
1305	 7.91266072782122E-02 
1306	 7.90780661063605E-02 
1307	 7.91839005700846E-02 
1308	 7.90945787063974E-02 
1309	 7.91160765747134E-02 
1310	 7.92688363384835E-02 
1311	 7.92735422317531E-02 
1312	 7.94753564363189E-02 
1313	 0.079607156571562 
1314	 7.94114780962527E-02 
1315	 7.93630951335364E-02 
1316	 7.92958370706696E-02 
1317	 7.93472240746902E-02 
1318	 7.97677437039166E-02 
1319	 7.98730013954189E-02 
1320	 7.97071896966871E-02 
1321	 7.97220647491818E-02 
1322	 7.96842393716653E-02 
1323	 7.97231828485155E-02 
1324	 7.98326684727193E-02 
1325	 7.97949744339145E-02 
1326	 7.97372779276403E-02 
1327	 7.96296940035354E-02 
1328	 0.079547301587673 
1329	 7.96793414324964E-02 
1330	 0.079738477345814 
1331	 7.97827535180526E-02 
1332	 7.97492706894534E-02 
1333	 7.98098330743465E-02 
1334	 7.96239404863448E-02 
1335	 0.079404366680468 
1336	 7.95944737762184E-02 
1337	 7.98240400535549E-02 
1338	 7.99220219628132E-02 
1339	 8.01894431322327E-02 
1340	 8.00306230150583E-02 
1341	 7.95196676481526E-02 
1342	 7.97994731892331E-02 
1343	 8.00137854315607E-02 
1344	 8.00161638548856E-02 
1345	 8.04112251165092E-02 
1346	 8.02267180207254E-02 
1347	 7.96796796996481E-02 
1348	 7.93144165808302E-02 
1349	 7.90912950642822E-02 
1350	 7.87676487104877E-02 
1351	 7.85542572168563E-02 
1352	 7.90508371725712E-02 
1353	 7.90369195889457E-02 
1354	 7.83298444053765E-02 
1355	 0.078677007857434 
1356	 7.93455894083652E-02 
1357	 7.89125186477731E-02 
1358	 7.92738414818404E-02 
1359	 7.94930735064096E-02 
1360	 7.78970198813817E-02 
1361	 0.069099821830203 
1362	 7.07908327617081E-02 
1363	 8.99527865425088E-02 
1364	 9.48727565769039E-02 
1365	 9.42755455020467E-02 
1366	 0.101074271930058 
1367	 0.069005566649219 
1368	 3.10106139541604E-02 
1369	 6.20542333490666E-02 
1370	 6.93692657940234E-02 
1371	 6.20548686860441E-02 
1372	 0.114773437384243 
1373	 0.127142198926608 
1374	 0.107790936369224 
1375	 0.120020660486366 
1376	 7.81467942505352E-02 
1377	 6.13772349144152E-02 
1378	 9.67435142531325E-02 
1379	 6.53325357346038E-02 
1380	 5.65786674975861E-02 
1381	 9.68923199261379E-02 
1382	 0.084787580361246 
1383	 9.38634187713521E-02 
1384	 0.128426649047531 
1385	 7.92091298921069E-02 
1386	 0.055268376775515 
1387	 6.68729209456197E-02 
1388	 5.09405389746882E-02 
1389	 0.058144656585669 
1390	 9.97416971573941E-02 
1391	 0.109058490404569 
1392	 9.44255273158573E-02 
1393	 0.121745590970234 
1394	 0.108202189746109 
1395	 7.77209814216331E-02 
1396	 8.66583891897301E-02 
1397	 7.24349283368789E-02 
1398	 4.70251029981471E-02 
1399	 7.16122208367237E-02 
1400	 8.80885797812307E-02 
1401	 7.89387056052746E-02 
1402	 8.07095476498319E-02 
1403	 7.50639259729286E-02 
1404	 7.56897532077514E-02 
1405	 9.66644668238617E-02 
1406	 0.108681714041952 
1407	 9.89029781609441E-02 
1408	 8.57891842787732E-02 
1409	 8.05170919299788E-02 
1410	 7.89338928055296E-02 
1411	 8.61488303579567E-02 
1412	 0.0912170955631 
1413	 8.22657393431359E-02 
1414	 7.80221026844314E-02 
1415	 0.082673446483551 
1416	 8.65791743641828E-02 
1417	 8.92725263037415E-02 
1418	 0.086190076606363 
1419	 7.97168400963227E-02 
1420	 7.87977010939799E-02 
1421	 7.91639461641994E-02 
1422	 7.93000568769159E-02 
1423	 8.15041348872499E-02 
1424	 8.17388111458646E-02 
1425	 8.09533684952688E-02 
1426	 8.06999599874429E-02 
1427	 8.10620889410552E-02 
1428	 8.06037123602131E-02 
1429	 8.11967275376539E-02 
1430	 8.26570148775103E-02 
1431	 8.26670237152355E-02 
1432	 0.082285885985612 
1433	 8.14242343565506E-02 
1434	 0.080275538019092 
1435	 8.08978414751242E-02 
1436	 8.17907211442922E-02 
1437	 0.081431638042118 
1438	 8.12092411564006E-02 
1439	 8.12826284857448E-02 
1440	 8.17466794002584E-02 
1441	 8.31048592038354E-02 
1442	 8.39043229085217E-02 
1443	 8.32233692412814E-02 
1444	 8.21653028212013E-02 
1445	 8.18376441154172E-02 
1446	 8.16622964585054E-02 
1447	 8.13762285018619E-02 
1448	 0.081595745666537 
1449	 8.18383664411815E-02 
1450	 0.081443210701269 
1451	 8.17149388023677E-02 
1452	 8.29393493512146E-02 
1453	 8.27872804251227E-02 
1454	 8.21068414159156E-02 
1455	 8.22802794220093E-02 
1456	 8.17807022672559E-02 
1457	 8.15487023811584E-02 
1458	 8.24146690173834E-02 
1459	 8.24559113044042E-02 
1460	 8.19947262483846E-02 
1461	 8.22342432937296E-02 
1462	 8.22640620776607E-02 
1463	 0.081908253361227 
1464	 8.21510316000352E-02 
1465	 8.28401860309573E-02 
1466	 8.28459529298042E-02 
1467	 8.23263806642376E-02 
1468	 8.21873520277761E-02 
1469	 8.19470868598426E-02 
1470	 0.08187957430016 
1471	 0.08204638518861 
1472	 8.29265471549638E-02 
1473	 8.27053959247165E-02 
1474	 8.20879304810495E-02 
1475	 8.20760473240826E-02 
1476	 8.20472439965201E-02 
1477	 8.27322892573708E-02 
1478	 8.32770439599024E-02 
1479	 8.25978949911357E-02 
1480	 0.082212521673003 
1481	 8.22314432611211E-02 
1482	 8.21364399516556E-02 
1483	 8.24410493970145E-02 
1484	 8.30142777115588E-02 
1485	 8.29925733566186E-02 
1486	 8.24703722016873E-02 
1487	 8.25807745426965E-02 
1488	 8.27743338041345E-02 
1489	 8.24488426054395E-02 
1490	 0.082570392874217 
1491	 8.28486728585694E-02 
1492	 8.28366257460435E-02 
1493	 8.30418224826593E-02 
1494	 8.33112080831833E-02 
1495	 8.32364020138055E-02 
1496	 8.29800333506354E-02 
1497	 8.29829858406399E-02 
1498	 8.30722621208381E-02 
1499	 0.082989600080303 
1500	 8.30739731863326E-02 
1501	 8.32520753863718E-02 
1502	 0.08322852787521 
1503	 8.31245547731966E-02 
1504	 8.30967396593437E-02 
1505	 8.30189082586503E-02 
1506	 8.28773066901394E-02 
1507	 8.30887816086772E-02 
1508	 8.33109926908667E-02 
1509	 8.31220673762523E-02 
1510	 8.31227710401707E-02 
1511	 8.31443229791424E-02 
1512	 8.30041175459249E-02 
1513	 8.30873064891718E-02 
1514	 8.31252579158374E-02 
1515	 8.31643458281119E-02 
1516	 8.32660029598577E-02 
1517	 8.32161011640851E-02 
1518	 8.32339711127975E-02 
1519	 8.32709213685627E-02 
1520	 8.31984229832346E-02 
1521	 8.31910495512757E-02 
1522	 8.32120589068658E-02 
1523	 0.083195861920807 
1524	 8.32359884604542E-02 
1525	 8.33831329401249E-02 
1526	 8.33975605148502E-02 
1527	 8.32748323569579E-02 
1528	 8.33210862240568E-02 
1529	 8.33774986775283E-02 
1530	 8.34000145545592E-02 
1531	 8.33586907248379E-02 
1532	 8.32736284682739E-02 
1533	 8.31737573566662E-02 
1534	 8.29356426466614E-02 
1535	 8.29530863158166E-02 
1536	 0.083237148185512 
1537	 8.33612664029181E-02 
1538	 8.35074597910585E-02 
1539	 0.083537006270574 
1540	 8.35885572649498E-02 
1541	 8.35265017931137E-02 
1542	 0.083564110819174 
1543	 8.36521403551236E-02 
1544	 8.35613275911344E-02 
1545	 8.35390539677983E-02 
1546	 8.35289063265212E-02 
1547	 8.33663787575487E-02 
1548	 8.33008214493403E-02 
1549	 8.33902483227644E-02 
1550	 8.34610493189056E-02 
1551	 8.36540307133033E-02 
1552	 8.36944081880493E-02 
1553	 0.083520038727472 
1554	 8.35231322023313E-02 
1555	 8.34083335878043E-02 
1556	 8.33839569689018E-02 
1557	 8.36670958460703E-02 
1558	 8.37598144422572E-02 
1559	 0.083669710808385 
1560	 8.35569523108465E-02 
1561	 8.33532880028514E-02 
1562	 8.32136331122338E-02 
1563	 8.33337852494461E-02 
1564	 0.083596475318328 
1565	 8.37324100562952E-02 
1566	 8.36522067380842E-02 
1567	 8.36023062321961E-02 
1568	 8.36936744400061E-02 
1569	 8.37858310237262E-02 
1570	 0.083921450237078 
1571	 8.40118461086712E-02 
1572	 8.37353507158311E-02 
1573	 8.35312518490145E-02 
1574	 8.36750753614035E-02 
1575	 8.36137369969884E-02 
1576	 8.35750246127469E-02 
1577	 8.36825654835519E-02 
1578	 8.35334357685278E-02 
1579	 8.34026708019737E-02 
1580	 8.35154817213203E-02 
1581	 8.35637711176629E-02 
1582	 8.35439006427399E-02 
1583	 8.37349869620534E-02 
1584	 8.38493449164196E-02 
1585	 8.36376444852421E-02 
1586	 8.34620038068821E-02 
1587	 0.083463652252957 
1588	 8.36229554313674E-02 
1589	 8.38601155832447E-02 
1590	 8.39024522889017E-02 
1591	 8.37474575725745E-02 
1592	 0.083567933804413 
1593	 8.34916944013141E-02 
1594	 8.36625175518532E-02 
1595	 8.38642773061742E-02 
1596	 0.08377268280282 
1597	 8.36884850225987E-02 
1598	 8.35868979533947E-02 
1599	 8.33261015180654E-02 
1600	 8.34118761922284E-02 
1601	 0.083634993456273 
1602	 8.36137422967396E-02 
1603	 8.36994515591466E-02 
1604	 8.36520545393089E-02 
1605	 8.33682585999069E-02 
1606	 0.083409395893825 
1607	 8.35795241131493E-02 
1608	 8.35829756865837E-02 
1609	 8.36037961167275E-02 
1610	 8.36093655205942E-02 
1611	 8.35376855204504E-02 
1612	 8.34857396341004E-02 
1613	 8.34580431825295E-02 
1614	 8.34553956525228E-02 
1615	 0.083470536361945 
1616	 8.35554205054201E-02 
1617	 8.37486730936162E-02 
1618	 8.38080545564785E-02 
1619	 8.37129924228548E-02 
1620	 8.37199035612652E-02 
1621	 8.35666853756724E-02 
1622	 8.34134881953917E-02 
1623	 8.36374621309503E-02 
1624	 8.37200892364426E-02 
1625	 8.37075958253625E-02 
1626	 8.37087988643858E-02 
1627	 8.35178352202433E-02 
1628	 8.33545944554661E-02 
1629	 8.32691411845976E-02 
1630	 8.33139735074348E-02 
1631	 8.33955632582566E-02 
1632	 8.33166651159892E-02 
1633	 0.083310540042306 
1634	 8.33890450701649E-02 
1635	 8.32408010991957E-02 
1636	 8.32518566244138E-02 
1637	 8.34801438716309E-02 
1638	 8.34487931258356E-02 
1639	 8.35213930762206E-02 
1640	 8.36719931196399E-02 
1641	 8.35098419001125E-02 
1642	 8.33978904805042E-02 
1643	 8.33609161380524E-02 
1644	 8.32291672421933E-02 
1645	 8.33243359795981E-02 
1646	 8.35793446296864E-02 
1647	 8.36782457164758E-02 
1648	 8.37584832503251E-02 
1649	 0.083788336065164 
1650	 8.37565165782528E-02 
1651	 8.37221480037907E-02 
1652	 8.35278489550961E-02 
1653	 8.35277779975556E-02 
1654	 8.35753141988597E-02 
1655	 8.33836112946977E-02 
1656	 8.33885235697711E-02 
1657	 8.33826626563801E-02 
1658	 8.33927023341337E-02 
1659	 0.083646423482163 
1660	 8.37774330908337E-02 
1661	 8.37759710260308E-02 
1662	 8.37120135607031E-02 
1663	 8.36394568882674E-02 
1664	 0.08359417986726 
1665	 8.35860101327125E-02 
1666	 8.36831934992857E-02 
1667	 8.36858627061776E-02 
1668	 8.37553068370364E-02 
1669	 8.40450425566827E-02 
1670	 8.39616455227887E-02 
1671	 0.0835495845203 
1672	 8.33162392427762E-02 
1673	 8.31584006262093E-02 
1674	 8.32907204973141E-02 
1675	 0.08367544438855 
1676	 8.37806658072575E-02 
1677	 8.37408449901766E-02 
1678	 8.36302193357181E-02 
1679	 8.34778145604201E-02 
1680	 8.35036202962245E-02 
1681	 8.35790479426858E-02 
1682	 8.36217556922893E-02 
1683	 8.37053669487142E-02 
1684	 8.38268901909737E-02 
1685	 8.37056033239134E-02 
1686	 0.083393921780121 
1687	 8.33660091217345E-02 
1688	 8.33202026012705E-02 
1689	 8.33157257687712E-02 
1690	 8.36909713051767E-02 
1691	 8.36732385078293E-02 
1692	 8.34023640362411E-02 
1693	 8.34538453891673E-02 
1694	 8.33077447895385E-02 
1695	 8.32881487621044E-02 
1696	 8.37707390812195E-02 
1697	 8.39521274905247E-02 
1698	 8.38155128258729E-02 
1699	 8.36827412862702E-02 
1700	 8.34302081427291E-02 
1701	 8.35173068231805E-02 
1702	 8.38517116685972E-02 
1703	 8.39810632969785E-02 
1704	 8.40853096521944E-02 
1705	 8.41270715531529E-02 
1706	 8.40874945831988E-02 
1707	 8.40751287277809E-02 
1708	 0.083999720898699 
1709	 8.39126672407881E-02 
1710	 8.37743066673718E-02 
1711	 8.37554091117348E-02 
1712	 8.37731254864512E-02 
1713	 8.38068895821122E-02 
1714	 8.40617357823265E-02 
1715	 8.40363080491146E-02 
1716	 0.083813564269497 
1717	 8.37311724952923E-02 
1718	 8.34185276375546E-02 
1719	 8.34487624667241E-02 
1720	 8.38715907168323E-02 
1721	 8.39306504023539E-02 
1722	 8.39870041681475E-02 
1723	 8.40512542573033E-02 
1724	 8.38900694850188E-02 
1725	 8.39379880258417E-02 
1726	 8.41688858835502E-02 
1727	 0.084164620137755 
1728	 8.41488905005277E-02 
1729	 8.41081171295672E-02 
1730	 8.38373458976533E-02 
1731	 8.38764747300715E-02 
1732	 8.41721643167148E-02 
1733	 0.084053938119324 
1734	 8.37770405168844E-02 
1735	 8.38771479346186E-02 
1736	 8.38883079869065E-02 
1737	 8.38674305597492E-02 
1738	 8.43228027384919E-02 
1739	 8.43209118721783E-02 
1740	 8.37555720383862E-02 
1741	 8.37180773790981E-02 
1742	 8.38570192509649E-02 
1743	 8.39872246811789E-02 
1744	 8.43424098666733E-02 
1745	 8.43878131813609E-02 
1746	 8.42600786981479E-02 
1747	 8.43316905663338E-02 
1748	 8.45075876082558E-02 
1749	 8.43783638857196E-02 
1750	 8.41555697823206E-02 
1751	 8.40285731128304E-02 
1752	 8.37577197482097E-02 
1753	 8.37688454026774E-02 
1754	 8.38437864011793E-02 
1755	 0.083945516425906 
1756	 8.40456736945655E-02 
1757	 8.42444960363953E-02 
1758	 8.47897348413885E-02 
1759	 8.46689787462627E-02 
1760	 8.41357879023737E-02 
1761	 8.39020112508129E-02 
1762	 8.36419342991673E-02 
1763	 8.38802519969829E-02 
1764	 8.45312048783929E-02 
1765	 8.47404136502696E-02 
1766	 8.46323149647707E-02 
1767	 8.45140091189844E-02 
1768	 8.44788953648271E-02 
1769	 8.44634509219323E-02 
1770	 8.46205900857171E-02 
1771	 8.45093048231214E-02 
1772	 0.084471767630048 
1773	 8.46944677184403E-02 
1774	 8.46334146011064E-02 
1775	 8.44878270300615E-02 
1776	 8.42062769867221E-02 
1777	 8.32907069785062E-02 
1778	 8.30328147597516E-02 
1779	 8.29285435882971E-02 
1780	 8.31254621124665E-02 
1781	 8.43240600245022E-02 
1782	 8.47602186842593E-02 
1783	 8.51904684660462E-02 
1784	 8.52281440873265E-02 
1785	 8.43498274390186E-02 
1786	 8.39394077515947E-02 
1787	 8.33518820618877E-02 
1788	 0.083126694599255 
1789	 8.32881632189443E-02 
1790	 8.34683103371669E-02 
1791	 8.39050428322277E-02 
1792	 8.43604103808696E-02 
1793	 8.54203064881609E-02 
1794	 8.54155136167023E-02 
1795	 8.45535413378679E-02 
1796	 8.42837822891657E-02 
1797	 8.31254123190961E-02 
1798	 8.31449181993354E-02 
1799	 8.49043561159367E-02 
1800	 8.53969740962183E-02 
1801	 8.59234427822482E-02 
1802	 8.55987411000752E-02 
1803	 8.32172452072344E-02 
1804	 8.33751289242332E-02 
1805	 8.46907632802712E-02 
1806	 8.51949523815273E-02 
1807	 0.088351318356605 
1808	 8.87552019076041E-02 
1809	 8.50897175988321E-02 
1810	 8.70647210625147E-02 
1811	 0.086189731043028 
1812	 8.45666964603305E-02 
1813	 8.60122330751316E-02 
1814	 8.10459802138246E-02 
1815	 0.07489514889591 
1816	 7.85516261139178E-02 
1817	 0.078378060216106 
1818	 9.10619387106888E-02 
1819	 9.60169859920005E-02 
1820	 9.01974168455492E-02 
1821	 8.75326313791796E-02 
1822	 0.072458668408944 
1823	 6.59024431037347E-02 
1824	 6.91462300715679E-02 
1825	 7.39949814755274E-02 
1826	 0.100832059705558 
1827	 0.112392572144462 
1828	 0.118565048719466 
1829	 0.118691069163573 
1830	 9.33571492273635E-02 
1831	-7.92756064644146E-03 
1832	 6.52918216747026E-02 
1833	 0.129219399972004 
1834	 0.543328685741339 
1835	 1.01665063180118 
1836	 0.552791720104665 
1837	 0.580851238499785 
1838	 0.299622115052659 
1839	 0.210816826031083 
1840	 0.429280354666909 
1841	 0.454490523333093 
1842	 0.592368455389822 
1843	 0.582729570552667 
1844	 0.528593335973588 
1845	 1.07824579147834 
1846	 1.22528605558134 
1847	-0.507849270985176 
1848	-3.59159362592088 
1849	-2.10112244788221 
1850	-0.867926946611822 
1851	-0.857643539205541 
1852	-1.79212619188352 
1853	-1.29781457470146 
1854	 2.76342951449271 
1855	 1.61541976425334 
1856	-0.589996535633168 
1857	-0.838451236032275 
1858	-3.85751249670559 
1859	-13.6819143715316 
1860	-8.3434298173052 
1861	-5.16216324695937 
1862	 0.984124164421833 
1863	 0.54449464998802 
1864	 0.608721725420162 
1865	 0.568241548992322 
1866	 0.537974764526133 
1867	 0.679883692287313 
1868	 0.2545020390398 
1869	 9.59091608242099E-02 
1870	 4.74945214353041E-02 
1871	 4.38489114344032E-03 
1872	 0.313031374950313 
1873	 5.02333553242943E-02 
1874	-0.22423448000299 
1875	-0.197859762234279 
1876	-0.10972794177153 
1877	-0.123532830564797 
1878	 5.90366356048869E-02 
1879	-5.95171988182601E-02 
1880	-0.167301465926273 
1881	-0.363520391166893 
1882	-0.296887610206844 
1883	-7.90253403173265E-02 
1884	-2.37619810416029E-03 
1885	 0.23370050609763 
1886	 0.186301017674022 
1887	-7.09988633082176E-02 
1888	-6.84133093772836E-02 
1889	-5.06327759869713E-02 
1890	-1.30405895146121E-02 
1891	 2.51606197578376E-02 
1892	 0.133080888504658 
1893	 0.165327249876609 
1894	 0.187069543698027 
1895	 0.188108491109122 
1896	 0.199715510542881 
1897	 5.01542210179981E-02 
1898	-5.80832949116433E-02 
1899	-1.04174691873344E-03 
1900	-0.109574594925728 
1901	-0.180730424565213 
1902	-0.14209970937096 
1903	-0.127999004681887 
1904	-0.239496918329138 
1905	-0.278760285095248 
1906	-0.126884363330791 
1907	-0.376152721597958 
1908	-0.269235733228978 
1909	-0.270737445279433 
1910	-0.389758169176771 
1911	-0.161475019000614 
1912	-8.04755186971094E-02 
1913	-4.85415114856932E-02 
1914	 6.57604043608513E-02 
1915	 6.12228623183987E-02 
1916	-4.99392063874736E-02 
1917	-0.093916398595196 
1918	-0.054308381998402 
1919	-2.45072655604144E-02 
1920	 7.28052317211705E-03 
1921	 5.36568062237526E-02 
1922	 4.90642745501169E-02 
1923	 4.45686418215362E-02 
1924	 5.65040298094245E-02 
1925	 8.41428782034543E-02 
1926	 0.092830995350169 
1927	 0.100871296473678 
1928	 9.46226095839636E-02 
1929	 8.92545038068226E-02 
1930	 9.04959019798218E-02 
1931	 8.53941089074886E-02 
1932	 8.31116844817338E-02 
1933	 7.22367404610219E-02 
1934	 6.93820946623553E-02 
1935	 7.34010557178013E-02 
1936	 8.53749334935221E-02 
1937	 8.18514104437725E-02 
1938	 0.07660347574787 
1939	 8.11512946635643E-02 
1940	 7.99147186742532E-02 
1941	 8.53140065791348E-02 
1942	 9.15244415090203E-02 
1943	 8.46031698064651E-02 
1944	 7.90654107589344E-02 
1945	 7.76324319301405E-02 
1946	 0.075241726503798 
1947	 7.49219651855552E-02 
1948	 7.80370380946598E-02 
1949	 7.83715656409948E-02 
1950	 7.68362122625091E-02 
1951	 8.03304179945637E-02 
1952	 8.76488147832696E-02 
1953	 9.09855777150867E-02 
1954	 8.69109216078247E-02 
1955	 0.083689651066478 
1956	 8.29914396781389E-02 
1957	 8.11497553016204E-02 
1958	 8.04603512820405E-02 
1959	 8.28569465300978E-02 
1960	 8.40257029049636E-02 
1961	 8.28836201331602E-02 
1962	 0.08398221461901 
1963	 8.44449520376782E-02 
1964	 8.46191548091705E-02 
1965	 8.37322251685465E-02 
1966	 8.16810770392825E-02 
1967	 8.21812158557119E-02 
1968	 8.32759755483134E-02 
1969	 8.36890341928003E-02 
1970	 8.45034593992092E-02 
1971	 8.56337974282537E-02 
1972	 8.53428891135567E-02 
1973	 8.41413746825379E-02 
1974	 8.40222565826201E-02 
1975	 8.48058565685344E-02 
1976	 8.48570273403112E-02 
1977	 8.48899514042317E-02 
1978	 8.56604315718444E-02 
1979	 8.57732611913357E-02 
1980	 8.57459682921272E-02 
1981	 0.086139523074843 
1982	 8.61049051640368E-02 
1983	 8.57879540027438E-02 
1984	 8.49339998150663E-02 
1985	 8.45685874672535E-02 
1986	 8.49070088379452E-02 
1987	 8.53147418429471E-02 
1988	 8.55474747693431E-02 
1989	 0.085434227453595 
1990	 8.56095814590064E-02 
1991	 8.61243806994586E-02 
1992	 8.64315069283431E-02 
1993	 8.65451640642358E-02 
1994	 8.65941333744262E-02 
1995	 8.64293949051148E-02 
1996	 8.55480975562933E-02 
1997	 8.55642321953435E-02 
1998	 8.58783120578697E-02 
1999	 8.56187032367557E-02 
2000	 8.49221409614692E-02 
2001	 8.46342990977093E-02 
2002	 8.51508857462269E-02 
2003	 8.57664768546337E-02 
2004	 8.68114870265652E-02 
2005	 8.71879817357328E-02 
2006	 8.71953805692079E-02 
2007	 8.58088586415457E-02 
2008	 8.55882445306075E-02 
2009	 8.57636572340063E-02 
2010	 8.55275762402068E-02 
2011	 0.086159273661966 
2012	 8.61353765382618E-02 
2013	 8.54511099341772E-02 
2014	 8.59480409687301E-02 
2015	 8.69249565002626E-02 
2016	 8.74195407580789E-02 
2017	 8.73430852778658E-02 
2018	 0.086157309767014 
2019	 8.60864660046952E-02 
2020	 8.60733746827813E-02 
2021	 8.58085947677511E-02 
2022	 8.55418030455592E-02 
2023	 8.66410385720248E-02 
2024	 0.08682463361992 
2025	 8.60129270511723E-02 
2026	 8.64646971041384E-02 
2027	 8.71735712897508E-02 
2028	 8.71591965900533E-02 
2029	 8.69504710911118E-02 
2030	 8.65802555290623E-02 
2031	 8.60228291956233E-02 
2032	 8.60144018586234E-02 
2033	 8.66793072023323E-02 
2034	 8.67392776456811E-02 
2035	 8.68299408877893E-02 
2036	 8.66693400995647E-02 
2037	 8.66968940053463E-02 
2038	 0.086851727789315 
2039	 8.68734255634648E-02 
2040	 8.71062966180321E-02 
2041	 8.73905983540946E-02 
2042	 8.67242190992631E-02 
2043	 8.61798604336009E-02 
2044	 8.64235108030594E-02 
2045	 8.64737275324272E-02 
2046	 8.61450827938434E-02 
2047	 8.61250915237841E-02 
2048	 8.66433402682747E-02 
2049	 8.69484947388286E-02 
2050	 8.71507300233822E-02 
2051	 8.73746193317177E-02 
2052	 8.73599371366574E-02 
2053	 0.086667762507428 
2054	 8.62356499688228E-02 
2055	 0.086497616658207 
2056	 8.66028198198501E-02 
2057	 8.64062036860087E-02 
2058	 0.086334814658966 
2059	 8.61340798799404E-02 
2060	 8.62062715831518E-02 
2061	 8.74178988717948E-02 
2062	 8.74976638249383E-02 
2063	 8.64495797629557E-02 
2064	 8.62606364310893E-02 
2065	 8.61863750663657E-02 
2066	 8.59765487709859E-02 
2067	 8.56255975072442E-02 
2068	 8.61741130983316E-02 
2069	 8.63975146948984E-02 
2070	 8.56173130562155E-02 
2071	 8.59593205006234E-02 
2072	 8.67337288207876E-02 
2073	 8.68731392648064E-02 
2074	 8.76215503562908E-02 
2075	 0.087747477220357 
2076	 8.75521932021281E-02 
2077	 8.73790572583958E-02 
2078	 8.65089955954926E-02 
2079	 8.64356257493974E-02 
2080	 8.68556839929224E-02 
2081	 8.72474358151932E-02 
2082	 8.76671460674452E-02 
2083	 0.088203364301746 
2084	 8.81232005780753E-02 
2085	 8.73529289144322E-02 
2086	 8.67844797551795E-02 
2087	 8.65112556531179E-02 
2088	 8.62487450560729E-02 
2089	 8.70970803655413E-02 
2090	 8.76379090848902E-02 
2091	 8.84119214776234E-02 
2092	 8.83747445711787E-02 
2093	 8.81618665423873E-02 
2094	 0.088081888884822 
2095	 0.087550155912783 
2096	 8.71947818204402E-02 
2097	 0.087185732223716 
2098	 8.65991971124766E-02 
2099	 8.65208672286336E-02 
2100	 8.68723772350388E-02 
2101	 8.74531545113192E-02 
2102	 8.77927662122797E-02 
2103	 8.67382262452588E-02 
2104	 0.086025951503376 
2105	 8.70677072553678E-02 
2106	 8.77562186710277E-02 
2107	 8.74282169008256E-02 
2108	 8.65679837341437E-02 
2109	 8.69257111770633E-02 
2110	 8.67769633263241E-02 
2111	 8.66674830545148E-02 
2112	 8.81961396550271E-02 
2113	 8.87565510384721E-02 
2114	 8.81217978479643E-02 
2115	 8.75730374147888E-02 
2116	 8.81792316997198E-02 
2117	 8.82664232545816E-02 
2118	 8.81049217585089E-02 
2119	 8.83924451915645E-02 
2120	 8.87868956683872E-02 
2121	 8.89896201936118E-02 
2122	 8.87788503681942E-02 
2123	 8.81581883464102E-02 
2124	 8.77102644936563E-02 
2125	 8.68983997817653E-02 
2126	 8.67044452195271E-02 
2127	 8.66928938140518E-02 
2128	 8.69530509430441E-02 
2129	 8.80091947695706E-02 
2130	 8.81501045026792E-02 
2131	 8.77707193526997E-02 
2132	 8.78657083893794E-02 
2133	 8.77715083036452E-02 
2134	 8.79280845218855E-02 
2135	 8.76944594696908E-02 
2136	 0.087487069596698 
2137	 8.77979825265913E-02 
2138	 8.74291673792629E-02 
2139	 8.75779949318736E-02 
2140	 8.84786234217262E-02 
2141	 8.74134371591057E-02 
2142	 8.64360601067527E-02 
2143	 8.64242215205153E-02 
2144	 0.086708374923072 
2145	 0.086733578604708 
2146	 8.79090642539998E-02 
2147	 0.087922647810285 
2148	 8.66211051496879E-02 
2149	 8.65398882331815E-02 
2150	 8.72439643487535E-02 
2151	 8.71602354654677E-02 
2152	 8.70161416309474E-02 
2153	 0.08649073961329 
2154	 8.69078782711603E-02 
2155	 8.68962532601452E-02 
2156	 8.67616689635489E-02 
2157	 8.73477290494802E-02 
2158	 8.70176892108294E-02 
2159	 8.66681685356336E-02 
2160	 8.70067964603083E-02 
2161	 8.69403624081674E-02 
2162	 8.64946444195982E-02 
2163	 8.64334326823388E-02 
2164	 0.086256964057538 
2165	 8.59982129908157E-02 
2166	 8.59869974273028E-02 
2167	 0.085889331087275 
2168	 8.62433363188307E-02 
2169	 8.77556968846686E-02 
2170	 8.78383220671183E-02 
2171	 8.69121523701756E-02 
2172	 8.68820123670296E-02 
2173	 8.64205648437629E-02 
2174	 8.62233136772143E-02 
2175	 8.68058836685991E-02 
2176	 8.72005877571131E-02 
2177	 8.64862719505183E-02 
2178	 8.60027237981522E-02 
2179	 8.61299987701098E-02 
2180	 8.63956996582248E-02 
2181	 8.64171455687466E-02 
2182	 8.55756484831024E-02 
2183	 8.46937221258468E-02 
2184	 8.42207843291537E-02 
2185	 8.40416527555235E-02 
2186	 8.43577808061171E-02 
2187	 8.43067278954111E-02 
2188	 8.41123532741313E-02 
2189	 0.084682391619473 
2190	 8.57807645233009E-02 
2191	 8.62410437911285E-02 
2192	 0.087121060605935 
2193	 8.72198294955352E-02 
2194	 8.62149935485816E-02 
2195	 8.60452852562011E-02 
2196	 8.64369446355885E-02 
2197	 8.61538871378083E-02 
2198	 8.57518147933168E-02 
2199	 8.48541518557038E-02 
2200	 8.35265532531358E-02 
2201	 8.37102807749237E-02 
2202	 0.085160302361714 
2203	 8.51297792005799E-02 
2204	 8.53808658241139E-02 
2205	 8.66540449002396E-02 
2206	 8.58616084242832E-02 
2207	 8.47549692919494E-02 
2208	 8.48642390959077E-02 
2209	 8.41088998043897E-02 
2210	 8.37537409788244E-02 
2211	 8.45138429327497E-02 
2212	 8.46717572509797E-02 
2213	 8.39339142459706E-02 
2214	 8.39668030734102E-02 
2215	 8.48767309389516E-02 
2216	 8.48717121890304E-02 
2217	 0.084393342572997 
2218	 8.45206050615705E-02 
2219	 8.46527432914962E-02 
2220	 8.46571688740796E-02 
2221	 8.55193240053342E-02 
2222	 8.46193780880268E-02 
2223	 8.38491241176062E-02 
2224	 8.39918015892626E-02 
2225	 0.084047648583341 
2226	 8.49126400252539E-02 
2227	 8.55522393905066E-02 
2228	 8.49783964733042E-02 
2229	 8.44554317627698E-02 
2230	 8.42674411964879E-02 
2231	 8.43109228914402E-02 
2232	 8.46741169176248E-02 
2233	 8.40745660456639E-02 
2234	 8.36914544797399E-02 
2235	 8.53646950932062E-02 
2236	 8.70212048952135E-02 
2237	 8.66659371313617E-02 
2238	 0.085266975203644 
2239	 8.52216302404863E-02 
2240	 8.38183579650286E-02 
2241	 0.083351951605319 
2242	 8.50257996116601E-02 
2243	 8.57859895771365E-02 
2244	 8.57604157809664E-02 
2245	 8.53134524629537E-02 
2246	 0.085070670520197 
2247	 8.52411498736041E-02 
2248	 8.43312307259348E-02 
2249	 8.38336761509227E-02 
2250	 0.084041007279968 
2251	 0.084760160698928 
2252	 8.40367434376781E-02 
2253	 8.47466868398915E-02 
2254	 8.56611979059846E-02 
2255	 0.085009312771782 
2256	 8.56369015726947E-02 
2257	 8.62228746590765E-02 
2258	 8.54910867275323E-02 
2259	 8.43876007004531E-02 
2260	 8.28405777055095E-02 
2261	 8.30270497431206E-02 
2262	 8.42399866983778E-02 
2263	 8.56947809764748E-02 
2264	 8.81250730048287E-02 
2265	 8.84235753045956E-02 
2266	 8.70664801429388E-02 
2267	 8.63429587363958E-02 
2268	 8.56164761087393E-02 
2269	 8.55630914961328E-02 
2270	 8.59279529591321E-02 
2271	 8.49304021912889E-02 
2272	 8.45373680994954E-02 
2273	 8.35891082109972E-02 
2274	 0.083649403891417 
2275	 8.48460845718274E-02 
2276	 8.48969232696758E-02 
2277	 8.47590106392399E-02 
2278	 8.43891995149056E-02 
2279	 8.28252018249354E-02 
2280	 8.28730031386307E-02 
2281	 8.41550059855044E-02 
2282	 8.42294124468466E-02 
2283	 8.40244211345975E-02 
2284	 8.40111258288037E-02 
2285	 8.42682032826859E-02 
2286	 8.35984139157245E-02 
2287	 8.15779259261155E-02 
2288	 8.17647338683469E-02 
2289	 0.08351232956914 
2290	 8.37086772664781E-02 
2291	 8.47164579019264E-02 
2292	 8.70337484404236E-02 
2293	 0.085857763133295 
2294	 8.37394225838469E-02 
2295	 8.41395825507991E-02 
2296	 0.082749418730199 
2297	 8.07659344723382E-02 
2298	 8.09393030101347E-02 
2299	 8.22098226205634E-02 
2300	 8.35865508877443E-02 
2301	 8.42125943462714E-02 
2302	 0.084436876769447 
2303	 8.21959192653325E-02 
2304	 7.89162016798839E-02 
2305	 7.93708359002733E-02 
2306	 8.10285484307036E-02 
2307	 8.06004238125435E-02 
2308	 8.12101140944717E-02 
2309	 8.36353178512037E-02 
2310	 8.42393612367762E-02 
2311	 0.083216243703178 
2312	 8.18608005141723E-02 
2313	 8.09761247001512E-02 
2314	 8.04236547900957E-02 
2315	 0.080012222207515 
2316	 8.34364120874928E-02 
2317	 0.085656352360103 
2318	 8.32378440121645E-02 
2319	 8.35889117288936E-02 
2320	 8.75742819339375E-02 
2321	 8.82029134748986E-02 
2322	 0.086857087013137 
2323	 8.70992997036626E-02 
2324	 8.71633313374393E-02 
2325	 8.58787681327855E-02 
2326	 8.43552221429437E-02 
2327	 8.31141371341505E-02 
2328	 8.02033019313718E-02 
2329	 7.91729597841069E-02 
2330	 8.02122625582279E-02 
2331	 8.08940052695203E-02 
2332	 0.081475983151577 
2333	 8.22013189100767E-02 
2334	 8.24741577688237E-02 
2335	 8.37862014519311E-02 
2336	 8.78479243453123E-02 
2337	 8.97525703245607E-02 
2338	 9.17778644348401E-02 
2339	 9.09963392029035E-02 
2340	 8.71349918779689E-02 
2341	 8.31531897188303E-02 
2342	 7.92349043140304E-02 
2343	 7.87144462914724E-02 
2344	 8.12673205281689E-02 
2345	 8.11299706740421E-02 
2346	 7.99114611376545E-02 
2347	 7.99658636033276E-02 
2348	 8.00431154154877E-02 
2349	 8.14601929115609E-02 
2350	 8.33427105995914E-02 
2351	 8.28493018310531E-02 
2352	 8.26778227669275E-02 
2353	 8.10405099969402E-02 
2354	 7.64061609228056E-02 
2355	 7.99131357782271E-02 
2356	 8.43354351184916E-02 
2357	 8.00430246557003E-02 
2358	 8.00075523078855E-02 
2359	 8.13294861842088E-02 
2360	 0.077121025774021 
2361	 7.96943270306629E-02 
2362	 8.79299847102998E-02 
2363	 8.82658600534573E-02 
2364	 8.62894943003086E-02 
2365	 8.60537590632135E-02 
2366	 8.33520516097298E-02 
2367	 8.10556125919736E-02 
2368	 8.12182793121825E-02 
2369	 8.26724510479133E-02 
2370	 8.31360423421349E-02 
2371	 8.51801867780247E-02 
2372	 8.58164406902857E-02 
2373	 8.32286043560528E-02 
2374	 8.01217554556018E-02 
2375	 7.75196690775955E-02 
2376	 8.00419913299333E-02 
2377	 8.37372642403185E-02 
2378	 8.78166408870422E-02 
2379	 8.92274798124105E-02 
2380	 8.47879123040378E-02 
2381	 8.54102615303197E-02 
2382	 8.82891421172277E-02 
2383	 8.64918121500561E-02 
2384	 8.15897346861943E-02 
2385	 7.39299217559801E-02 
2386	 0.070456842828239 
2387	 7.41882981577088E-02 
2388	 7.83763785967735E-02 
2389	 8.09701331016917E-02 
2390	 8.03261186974157E-02 
2391	 7.66895126446975E-02 
2392	 8.04927006605559E-02 
2393	 0.086691876171055 
2394	 8.58641426822711E-02 
2395	 8.30132485832309E-02 
2396	 7.64340018155943E-02 
2397	 7.27378271795851E-02 
2398	 8.10441386300535E-02 
2399	 8.36550724152653E-02 
2400	 7.92199103956449E-02 
2401	 7.93302780131512E-02 
2402	 0.075387596395262 
2403	 7.16286573560408E-02 
2404	 7.47212510507778E-02 
2405	 7.78839235051813E-02 
2406	 7.97640045187138E-02 
2407	 8.55997242306781E-02 
2408	 8.82713782547765E-02 
2409	 8.67874029752124E-02 
2410	 8.54348681767903E-02 
2411	 8.10894167660359E-02 
2412	 8.48312339516734E-02 
2413	 8.43499295732759E-02 
2414	 7.48765258338085E-02 
2415	 7.58938188139437E-02 
2416	 8.11488080247393E-02 
2417	 8.88849055707742E-02 
2418	 0.09288730297387 
2419	 8.04310690142257E-02 
2420	 6.93441788861384E-02 
2421	 7.09039853530405E-02 
2422	 7.99308268103321E-02 
2423	 9.20668154296639E-02 
2424	 9.10390216675519E-02 
2425	 8.07156868425166E-02 
2426	 8.11013876836049E-02 
2427	 8.57853728195588E-02 
2428	 8.50442052863449E-02 
2429	 8.26085998133229E-02 
2430	 9.14073575023624E-02 
2431	 9.98687130563528E-02 
2432	 9.47673273213461E-02 
2433	 9.05028648874535E-02 
2434	 7.98879973543189E-02 
2435	 7.13976039586215E-02 
2436	 7.82861864939378E-02 
2437	 8.91464316476127E-02 
2438	 8.99210705389026E-02 
2439	 0.067889765339233 
2440	 0.048593047104863 
2441	 0.042515834623969 
2442	 0.051151552500261 
2443	 0.067131592409148 
2444	 6.43724885807088E-02 
2445	 0.066687486884189 
2446	 0.060923493991011 
2447	 4.22749853348228E-02 
2448	 5.63599021035459E-02 
2449	 7.77458911992474E-02 
2450	 7.31407261055196E-02 
2451	 6.60167466248363E-02 
2452	 8.50581706578894E-02 
2453	 9.27650124006839E-02 
2454	 8.12820313587537E-02 
2455	 7.76553646383001E-02 
2456	 6.23035165299441E-02 
2457	 6.84840810492612E-02 
2458	 9.87933603644986E-02 
2459	 0.119933455406579 
2460	 0.121336503441629 
2461	 9.82673824546895E-02 
2462	 9.25487185558501E-02 
2463	 9.43216782152854E-02 
2464	 0.075240319129104 
2465	 6.76563610183224E-02 
2466	 4.35330974198874E-02 
2467	 2.17987254007974E-03 
2468	 0.024626756030489 
2469	 3.75323802796594E-02 
2470	 6.23235143397674E-02 
2471	 6.90345448912703E-02 
2472	 4.23088905631138E-02 
2473	 5.94974153246438E-02 
2474	 0.115814226224516 
2475	 0.119646688061982 
2476	 0.128287525296785 
2477	 0.124106463712193 
2478	 3.39223638943123E-02 
2479	-0.034255676920899 
2480	 1.69124729911971E-02 
2481	 5.05923774255506E-02 
2482	-5.77718342194764E-02 
2483	-4.06600536260131E-02 
2484	 2.20782312152146E-02 
2485	-6.68095715837088E-02 
2486	 3.97094930942759E-02 
2487	 0.159574028588455 
2488	 0.132756047458429 
2489	 0.285536207453876 
2490	 0.281117366126389 
2491	 0.201494548045917 
2492	 6.85715042124527E-02 
2493	-0.339120546694848 
2494	-0.380793223543425 
2495	-0.19526160605012 
2496	 0.090939699902173 
2497	 0.325470507410082 
2498	 0.370403273477926 
2499	 0.222679447925927 
2500	-2.96487710525686E-02 
