Wavelength	09/27/123 at 12:26:13
350	 4.01828142533875E-02 
351	 4.03446840795691E-02 
352	 4.04025920672507E-02 
353	 4.01971136918194E-02 
354	 3.98566740266254E-02 
355	 4.01867889153702E-02 
356	 4.05256456150845E-02 
357	 4.04962665895691E-02 
358	 4.06044422030623E-02 
359	 4.07483783621649E-02 
360	 4.08119768788648E-02 
361	 4.07020028716799E-02 
362	 4.07256530577777E-02 
363	 0.040867665135012 
364	 4.10491133102607E-02 
365	 4.11701787903145E-02 
366	 4.10335241777082E-02 
367	 4.08952159384706E-02 
368	 4.11672624230125E-02 
369	 4.14478072126372E-02 
370	 4.14581322776285E-02 
371	 4.11806720108368E-02 
372	 4.10840731234874E-02 
373	 4.13401446541489E-02 
374	 4.16758033440201E-02 
375	 4.16047287289882E-02 
376	 4.14032705844962E-02 
377	 0.0414530171001 
378	 0.041831223117308 
379	 4.19219263070136E-02 
380	 4.19684457848283E-02 
381	 4.21040110545753E-02 
382	 4.23721379594958E-02 
383	 4.22407510552716E-02 
384	 4.21777291419259E-02 
385	 4.24095503740151E-02 
386	 4.23484822620871E-02 
387	 4.24112115501353E-02 
388	 4.25652998209417E-02 
389	 4.26253472929841E-02 
390	 4.28665747032613E-02 
391	 4.30252196424195E-02 
392	 4.29989452824479E-02 
393	 4.30552795567888E-02 
394	 4.32914763627978E-02 
395	 4.34972405171976E-02 
396	 4.34050400491472E-02 
397	 4.33520854943756E-02 
398	 0.04346272630671 
399	 4.37103549137333E-02 
400	 4.39005919320789E-02 
401	 0.043943376016993 
402	 4.38593381211838E-02 
403	 4.37332031916352E-02 
404	 4.36917585763072E-02 
405	 4.37798063665073E-02 
406	 0.043946063371358 
407	 4.39871459882718E-02 
408	 4.40003494825595E-02 
409	 0.044029953086178 
410	 4.40931402618329E-02 
411	 4.41184153484105E-02 
412	 4.41039055057482E-02 
413	 4.41018221607762E-02 
414	 4.42494671543617E-02 
415	 4.44373067345787E-02 
416	 4.45378935304107E-02 
417	 4.44525679458051E-02 
418	 0.044340468094835 
419	 4.43107625284593E-02 
420	 4.43845303003141E-02 
421	 0.044466347004345 
422	 4.45079033524818E-02 
423	 4.45251342407696E-02 
424	 4.45574457036934E-02 
425	 4.45880868817685E-02 
426	 4.46311264403426E-02 
427	 4.46994553482411E-02 
428	 4.48051031023753E-02 
429	 0.044891373727356 
430	 4.49143431405828E-02 
431	 4.48668125320352E-02 
432	 4.48868190187497E-02 
433	 4.49533626360605E-02 
434	 4.50152159948706E-02 
435	 4.49932275153371E-02 
436	 4.50550151347148E-02 
437	 4.51454293486782E-02 
438	 4.51656191405579E-02 
439	 4.51834428461074E-02 
440	 4.52123227703188E-02 
441	 4.52518573524569E-02 
442	 4.52883343085544E-02 
443	 4.53183590084307E-02 
444	 4.53262324336388E-02 
445	 4.53182849877178E-02 
446	 4.54287490988256E-02 
447	 4.54979726575152E-02 
448	 4.54926523697463E-02 
449	 4.55547476094201E-02 
450	 4.56524088920401E-02 
451	 4.57166351597215E-02 
452	 4.56954936336055E-02 
453	 4.56902022101745E-02 
454	 4.57019761187685E-02 
455	 4.57202941896423E-02 
456	 4.57268944377229E-02 
457	 4.58018022632118E-02 
458	 4.58879493872437E-02 
459	 4.59176345215269E-02 
460	 4.59482441750644E-02 
461	 4.59609171902706E-02 
462	 0.045973347671703 
463	 4.60375152594156E-02 
464	 4.60500149924129E-02 
465	 4.60713752809563E-02 
466	 0.046160192057803 
467	 4.62005197061669E-02 
468	 4.62299382291868E-02 
469	 4.62661907478894E-02 
470	 4.63076124829175E-02 
471	 4.63979771216385E-02 
472	 4.64885043675714E-02 
473	 4.65241999688914E-02 
474	 4.64933348509073E-02 
475	 4.65003212730341E-02 
476	 4.65368172969359E-02 
477	 0.046511293330141 
478	 4.65491726492828E-02 
479	 4.66395597207434E-02 
480	 4.67372472988791E-02 
481	 4.67721669748902E-02 
482	 4.68108126005304E-02 
483	 4.68522335295662E-02 
484	 4.68525495796452E-02 
485	 4.68771475420814E-02 
486	 0.04691228206568 
487	 4.69448832762916E-02 
488	 4.70007660209153E-02 
489	 4.71034552294268E-02 
490	 4.72081084990941E-02 
491	 4.72399794481541E-02 
492	 4.72369413436599E-02 
493	 4.72543414625395E-02 
494	 4.73131563849953E-02 
495	 4.73502799262606E-02 
496	 4.73879706178535E-02 
497	 4.74279241473872E-02 
498	 4.74686590588818E-02 
499	 0.047549598884251 
500	 4.76392131269551E-02 
501	 4.77094598770928E-02 
502	 4.77499168404882E-02 
503	 0.04777281344325 
504	 4.78048353707674E-02 
505	 4.78711347804629E-02 
506	 4.79534245170707E-02 
507	 4.80019792686272E-02 
508	 0.048001027395314 
509	 4.79833957846001E-02 
510	 4.80513481342055E-02 
511	 4.81690774298841E-02 
512	 4.82550772756137E-02 
513	 4.82762401938633E-02 
514	 4.83173077200782E-02 
515	 4.83933429953102E-02 
516	 4.84227931790295E-02 
517	 4.84533533963912E-02 
518	 0.048500979655569 
519	 4.85609866819758E-02 
520	 4.85903795230488E-02 
521	 4.86292293374172E-02 
522	 4.87034292649784E-02 
523	 4.88231432612839E-02 
524	 4.88559628113874E-02 
525	 4.88363772688934E-02 
526	 4.88347417150934E-02 
527	 4.89008145668575E-02 
528	 0.048965121314537 
529	 4.90121411602807E-02 
530	 4.90685930276312E-02 
531	 4.91530190929362E-02 
532	 4.92297984009706E-02 
533	 4.92807006120864E-02 
534	 0.049365894046421 
535	 4.94110533603845E-02 
536	 0.049419256469554 
537	 4.94368158944665E-02 
538	 4.94673058801759E-02 
539	 4.95666955791884E-02 
540	 4.97243111563287E-02 
541	 4.97728385104602E-02 
542	 4.98298945189902E-02 
543	 4.99043847550729E-02 
544	 4.99611872256388E-02 
545	 4.99786340643955E-02 
546	 5.00203349972829E-02 
547	 5.01006571284717E-02 
548	 5.01399818343559E-02 
549	 5.01873141286206E-02 
550	 5.02657433534405E-02 
551	 5.03787766199437E-02 
552	 5.04766630136933E-02 
553	 5.05420114399327E-02 
554	 5.05835525222975E-02 
555	 5.06384983486305E-02 
556	 5.07063567553977E-02 
557	 5.07887995544959E-02 
558	 5.08820888378301E-02 
559	 5.09648884700907E-02 
560	 5.10489077983635E-02 
561	 5.11449949348806E-02 
562	 0.051262231488317 
563	 5.13409820551115E-02 
564	 5.14005836455951E-02 
565	 5.14638361115232E-02 
566	 5.14948450594626E-02 
567	 5.16045063961878E-02 
568	 5.17550277803651E-02 
569	 5.18181039236966E-02 
570	 5.18702503581571E-02 
571	 5.19451196803758E-02 
572	 5.20438446813273E-02 
573	 5.21143891592672E-02 
574	 5.21909648127172E-02 
575	 5.22572614782739E-02 
576	 5.22904729519005E-02 
577	 5.24053399173998E-02 
578	 5.24986477264108E-02 
579	 5.25368134367945E-02 
580	 5.26301366966408E-02 
581	 5.27136708638603E-02 
582	 5.27897236652368E-02 
583	 5.28677101101718E-02 
584	 5.28882450786806E-02 
585	 5.29355129626068E-02 
586	 5.30424723885769E-02 
587	 5.31791278683946E-02 
588	 5.32639594435853E-02 
589	 5.33320000787112E-02 
590	 5.34158372580605E-02 
591	 5.34419823432431E-02 
592	 5.34585506235763E-02 
593	 5.35029378416514E-02 
594	 5.35990702224557E-02 
595	 5.36681977580054E-02 
596	 5.37386415276161E-02 
597	 5.38251883806857E-02 
598	 5.38591402877071E-02 
599	 5.39332134056516E-02 
600	 5.40174388645679E-02 
601	 0.054048336507968 
602	 5.41482346363719E-02 
603	 5.42214659585766E-02 
604	 5.42450337564732E-02 
605	 5.43312520001976E-02 
606	 5.43603837475149E-02 
607	 5.44003938308899E-02 
608	 5.45257852292079E-02 
609	 5.45673380977133E-02 
610	 5.46004915342866E-02 
611	 5.46590377494303E-02 
612	 5.47237745239783E-02 
613	 5.47626699160936E-02 
614	 5.48062875242751E-02 
615	 0.054875104944787 
616	 5.49178922090813E-02 
617	 5.49761549341955E-02 
618	 5.50300005500231E-02 
619	 5.50365580279019E-02 
620	 5.50785865873477E-02 
621	 5.51498949577073E-02 
622	 5.52259682158584E-02 
623	 5.52703046495158E-02 
624	 5.53250437980449E-02 
625	 5.53927471155858E-02 
626	 5.54577350710468E-02 
627	 5.54926709862477E-02 
628	 5.55435446509739E-02 
629	 5.56186279923162E-02 
630	 5.56769875933321E-02 
631	 5.57338560734871E-02 
632	 5.57613719125325E-02 
633	 5.57576760705197E-02 
634	 5.58395601294088E-02 
635	 5.59225905298003E-02 
636	 5.59762129087243E-02 
637	 5.60102213813079E-02 
638	 5.60244159113038E-02 
639	 5.60628463522324E-02 
640	 5.61424723550571E-02 
641	 5.62161697855841E-02 
642	 5.62554381421551E-02 
643	 5.62635801273766E-02 
644	 5.62713151642814E-02 
645	 5.63650942753061E-02 
646	 5.64457809001342E-02 
647	 5.64791009099234E-02 
648	 5.65250620667109E-02 
649	 5.65707024375032E-02 
650	 5.66516455140555E-02 
651	 5.67702611635663E-02 
652	 5.67964006638171E-02 
653	 5.67843515298525E-02 
654	 5.67891566921468E-02 
655	 5.68641507916619E-02 
656	 5.70027122044517E-02 
657	 0.05707440457659 
658	 5.70581179609823E-02 
659	 5.71332814285634E-02 
660	 5.71958912415098E-02 
661	 0.057246668006856 
662	 5.73072131877959E-02 
663	 5.73302043758826E-02 
664	 5.73521515334932E-02 
665	 5.73765634787396E-02 
666	 5.73715340761019E-02 
667	 5.74552039696499E-02 
668	 5.75182177375119E-02 
669	 5.75071326049949E-02 
670	 0.057664721614304 
671	 0.057772117156038 
672	 5.77825355776165E-02 
673	 5.77579304060285E-02 
674	 5.78316742067714E-02 
675	 0.057919392354506 
676	 5.79707396249343E-02 
677	 5.80226328759185E-02 
678	 5.80700821373951E-02 
679	 5.81236056900075E-02 
680	 0.05819168438611 
681	 5.82642791956644E-02 
682	 5.82895068801978E-02 
683	 5.82925445504552E-02 
684	 5.83495341719247E-02 
685	 5.84073283473575E-02 
686	 0.058502085906067 
687	 5.86445233122694E-02 
688	 5.87281322464772E-02 
689	 0.058762597374797 
690	 5.87560727531319E-02 
691	 5.87213725682448E-02 
692	 5.86768896978836E-02 
693	 5.87308446574907E-02 
694	 5.88418882718877E-02 
695	 5.88306939195707E-02 
696	 0.058888801199703 
697	 5.89288513807063E-02 
698	 5.88934139368972E-02 
699	 5.89023896398031E-02 
700	 5.89540957096054E-02 
701	 5.90358885001236E-02 
702	 5.91200611800762E-02 
703	 5.91574002782073E-02 
704	 0.059199832776986 
705	 5.92418607028329E-02 
706	 5.92078762057175E-02 
707	 5.92768708626214E-02 
708	 5.93699793404635E-02 
709	 5.93939074910841E-02 
710	 5.93811198401535E-02 
711	 5.93546408719679E-02 
712	 5.93749541663757E-02 
713	 5.94950843473804E-02 
714	 5.95535181092848E-02 
715	 5.95747344697323E-02 
716	 0.059579706338931 
717	 5.95526043467666E-02 
718	 5.95599767957673E-02 
719	 0.059609176110931 
720	 5.96821897016963E-02 
721	 5.97927164527633E-02 
722	 0.059835059055137 
723	 5.98155210934968E-02 
724	 0.059796109606703 
725	 5.98117670198837E-02 
726	 5.98825278082607E-02 
727	 0.059971518257428 
728	 5.99719241501689E-02 
729	 5.99656180888998E-02 
730	 5.99968571749276E-02 
731	 6.00721515089061E-02 
732	 0.060128725366246 
733	 6.01541904035817E-02 
734	 6.01603511757199E-02 
735	 6.01760947088256E-02 
736	 6.02564097996743E-02 
737	 0.060319952934831 
738	 6.03328005750671E-02 
739	 0.060344476099288 
740	 6.03907112729759E-02 
741	 6.04341226445135E-02 
742	 6.04414081404133E-02 
743	 6.04525586990372E-02 
744	 6.05132136945845E-02 
745	 6.05954732715398E-02 
746	 6.06393429770972E-02 
747	 6.06903056044125E-02 
748	 6.07300890723205E-02 
749	 6.07550734364968E-02 
750	 6.07887236822099E-02 
751	 6.08409636953786E-02 
752	 6.08989334025647E-02 
753	 0.060945648819569 
754	 0.060967812907457 
755	 6.10173580433912E-02 
756	 6.11127547433625E-02 
757	 6.12459723799925E-02 
758	 6.13395246355397E-02 
759	 6.14590971348507E-02 
760	 6.16722256167325E-02 
761	 6.19051409345217E-02 
762	 6.20041672051622E-02 
763	 0.061960151490057 
764	 6.18539559739195E-02 
765	 6.18143510260568E-02 
766	 6.17799376981729E-02 
767	 6.17362811806298E-02 
768	 6.16941368543147E-02 
769	 6.17268142703589E-02 
770	 6.17492562471989E-02 
771	 0.061752011505981 
772	 6.17887713508434E-02 
773	 6.18094974890401E-02 
774	 6.18602367780078E-02 
775	 6.19493349490555E-02 
776	 6.19934027232396E-02 
777	 6.20180556888609E-02 
778	 6.20183619449644E-02 
779	 6.20072545059748E-02 
780	 6.20956251327713E-02 
781	 6.21758890153114E-02 
782	 6.22279849897265E-02 
783	 6.22852234412336E-02 
784	 6.23045662637225E-02 
785	 6.23172655471163E-02 
786	 6.23392500381098E-02 
787	 6.23575340941893E-02 
788	 6.24408779438367E-02 
789	 6.24881491287142E-02 
790	 6.24566819368462E-02 
791	 6.25838391706149E-02 
792	 6.26229520250532E-02 
793	 0.062594710357786 
794	 6.26188040358996E-02 
795	 6.26768039452336E-02 
796	 6.27488139586671E-02 
797	 0.062799859183431 
798	 6.27943290700723E-02 
799	 6.28080618333055E-02 
800	 6.28789679409003E-02 
801	 6.29877108249288E-02 
802	 6.30337001577229E-02 
803	 6.30869426866496E-02 
804	 6.31621633820485E-02 
805	 0.063234194956812 
806	 6.31982031084075E-02 
807	 6.31538184884232E-02 
808	 6.31866877832582E-02 
809	 6.33318996672736E-02 
810	 6.33849087158006E-02 
811	 0.063396973668127 
812	 6.33892439531987E-02 
813	 6.33368726146208E-02 
814	 6.33318201676333E-02 
815	 6.33766669841863E-02 
816	 0.063459551949194 
817	 6.35870534476246E-02 
818	 6.35820360459296E-02 
819	 6.35701437117207E-02 
820	 6.36691959535375E-02 
821	 6.36708070176939E-02 
822	 6.35865693009286E-02 
823	 6.35526219631558E-02 
824	 6.37111541908841E-02 
825	 6.38229361125967E-02 
826	 0.063928424652524 
827	 6.40033147286906E-02 
828	 6.39550728183935E-02 
829	 6.39164980301765E-02 
830	 6.39442966134675E-02 
831	 6.40272796402379E-02 
832	 6.40707621439374E-02 
833	 6.40878905786215E-02 
834	 6.40978908035812E-02 
835	 6.41230000516819E-02 
836	 6.41689591094331E-02 
837	 0.064279824310737 
838	 6.43525894844038E-02 
839	 6.42806599333288E-02 
840	 6.42833587926519E-02 
841	 6.43716158362159E-02 
842	 6.44854518126397E-02 
843	 6.45218347997232E-02 
844	 6.44702912132836E-02 
845	 6.44203245525482E-02 
846	 6.44252823656185E-02 
847	 6.44688338640453E-02 
848	 6.45055581912547E-02 
849	 6.45631132467794E-02 
850	 6.46294870307801E-02 
851	 6.45449750431602E-02 
852	 6.45597443438484E-02 
853	 6.46433341054791E-02 
854	 6.47001957384718E-02 
855	 6.48131089337422E-02 
856	 6.48309457062554E-02 
857	 6.47896079046298E-02 
858	 6.48129442535597E-02 
859	 6.48781519725957E-02 
860	 6.50214263298871E-02 
861	 6.51683434790733E-02 
862	 6.51614438805569E-02 
863	 6.51100327812631E-02 
864	 6.50055167406678E-02 
865	 6.49219941810097E-02 
866	 6.50652179557934E-02 
867	 6.50864670733975E-02 
868	 6.50620748436208E-02 
869	 6.51204145790651E-02 
870	 6.52832502826567E-02 
871	 6.52356878499891E-02 
872	 6.51065275637242E-02 
873	 6.51157518911964E-02 
874	 6.52132912212864E-02 
875	 0.065297078131531 
876	 6.53543153911599E-02 
877	 6.54214587434257E-02 
878	 6.55354323117074E-02 
879	 6.55000348117553E-02 
880	 6.53587506722032E-02 
881	 6.53409218692636E-02 
882	 6.53905305391045E-02 
883	 6.54779532623529E-02 
884	 0.065575820328601 
885	 6.56654356692829E-02 
886	 6.58009973550326E-02 
887	 6.57892031210464E-02 
888	 6.55919812945528E-02 
889	 6.54980808058937E-02 
890	 6.55242422576462E-02 
891	 6.56151965476151E-02 
892	 6.56811003732176E-02 
893	 6.56255019918789E-02 
894	 6.55384620003557E-02 
895	 6.54600562312414E-02 
896	 6.54329017670391E-02 
897	 6.55825086436797E-02 
898	 0.06569678313689 
899	 6.56631006825113E-02 
900	 6.55415617588469E-02 
901	 0.065865153254178 
902	 6.61283238119037E-02 
903	 6.59983913985844E-02 
904	 6.54732418763758E-02 
905	 6.55847761404619E-02 
906	 6.58169235728175E-02 
907	 6.58302657424792E-02 
908	 6.56572656906928E-02 
909	 0.065661423880814 
910	 6.57310636891118E-02 
911	 6.57764900419881E-02 
912	 6.58473487683211E-02 
913	 0.065666542129913 
914	 6.55873754662721E-02 
915	 6.57606796128151E-02 
916	 6.57562138124502E-02 
917	 6.59583720502732E-02 
918	 6.62385184737473E-02 
919	 6.63769399449378E-02 
920	 6.62446882582401E-02 
921	 6.61593629301497E-02 
922	 0.066150251273063 
923	 6.61559981006697E-02 
924	 6.61547751104773E-02 
925	 6.62014792659102E-02 
926	 6.60207992187396E-02 
927	 6.53778005056298E-02 
928	 6.50054912013196E-02 
929	 6.53102122973773E-02 
930	 6.58491444043853E-02 
931	 6.56539039307984E-02 
932	 6.54378432538635E-02 
933	 6.43114824061287E-02 
934	 6.29902175494764E-02 
935	 6.32702000083812E-02 
936	 6.40026577844202E-02 
937	 6.43517846208991E-02 
938	 6.44553360322916E-02 
939	 6.50707480916164E-02 
940	 6.58210781791991E-02 
941	 6.60638295336671E-02 
942	 6.57381360708202E-02 
943	 6.53836337605301E-02 
944	 6.54612233635137E-02 
945	 6.54532930018135E-02 
946	 6.50719669016915E-02 
947	 6.45904776655062E-02 
948	 6.47194838661114E-02 
949	 0.065179884665465 
950	 6.53907024660786E-02 
951	 6.47793916155387E-02 
952	 6.56173240585627E-02 
953	 6.60377533426656E-02 
954	 6.53858856072792E-02 
955	 6.61613663168692E-02 
956	 6.60998338415647E-02 
957	 6.56467960466651E-02 
958	 6.56030591430906E-02 
959	 6.62522599669293E-02 
960	 0.066305858957608 
961	 6.61740938716272E-02 
962	 0.066360156610778 
963	 0.066637193173275 
964	 6.75844039227289E-02 
965	 6.78163559698169E-02 
966	 6.67399497326684E-02 
967	 0.066556971270631 
968	 6.67989790749181E-02 
969	 6.70620277463287E-02 
970	 0.067067702792579 
971	 6.69555686612902E-02 
972	 0.066431726376698 
973	 6.65141349291248E-02 
974	 6.76884608187564E-02 
975	 6.75810239240367E-02 
976	 6.71318365670684E-02 
977	 6.72662491413793E-02 
978	 6.81382865428532E-02 
979	 6.74420916123472E-02 
980	 6.70018049505399E-02 
981	 6.67395260540429E-02 
982	 6.63483903430705E-02 
983	 0.067305111060264 
984	 6.78233912411288E-02 
985	 6.76631511628864E-02 
986	 6.73790560298527E-02 
987	 6.78762886678084E-02 
988	 6.81743125536914E-02 
989	 6.80236152854724E-02 
990	 6.76541333153543E-02 
991	 6.77557373857127E-02 
992	 6.75208790293266E-02 
993	 6.75621760182886E-02 
994	 6.83960813610805E-02 
995	 6.78720197317116E-02 
996	 0.067715041760357 
997	 6.79150939959097E-02 
998	 6.77756369556282E-02 
999	 6.69762175012207E-02 
1000	 6.76370758476554E-02 
1001	 6.98488324979733E-02 
1002	 6.98572147591089E-02 
1003	 6.98434851426298E-02 
1004	 6.98769727430946E-02 
1005	 6.98386477773774E-02 
1006	 6.99036635073343E-02 
1007	 7.00477350818276E-02 
1008	 7.02367010193486E-02 
1009	 7.03726429947718E-02 
1010	 7.03026122739858E-02 
1011	 7.01743326581802E-02 
1012	 7.02736828802376E-02 
1013	 7.04526566702414E-02 
1014	 7.06174095605642E-02 
1015	 7.07265517728773E-02 
1016	 7.07889860148588E-02 
1017	 7.09014634370108E-02 
1018	 7.10115960422689E-02 
1019	 0.071110511319746 
1020	 7.11235089482741E-02 
1021	 7.10322363095656E-02 
1022	 0.070859407112709 
1023	 7.05462112365491E-02 
1024	 7.04311742585382E-02 
1025	 7.05423731377158E-02 
1026	 7.07191899005415E-02 
1027	 7.10229899218406E-02 
1028	 7.10963276443181E-02 
1029	 7.11740275378248E-02 
1030	 7.11731796047852E-02 
1031	 0.071137081797156 
1032	 7.09872029373302E-02 
1033	 7.11527152631531E-02 
1034	 7.12058854543058E-02 
1035	 7.11383989989104E-02 
1036	 7.12519332075477E-02 
1037	 7.13203013826726E-02 
1038	 7.11533053519104E-02 
1039	 7.11943773802377E-02 
1040	 7.11906857447231E-02 
1041	 7.09585267209629E-02 
1042	 7.11316517026852E-02 
1043	 7.12918041531256E-02 
1044	 7.13614675864102E-02 
1045	 7.13806462919465E-02 
1046	 7.15899430430107E-02 
1047	 7.16699592559267E-02 
1048	 7.16312840402894E-02 
1049	 0.071554327435134 
1050	 7.15589920194378E-02 
1051	 7.14637851271202E-02 
1052	 7.13194314582277E-02 
1053	 7.15445723728648E-02 
1054	 7.18206528441374E-02 
1055	 7.19427749003212E-02 
1056	 7.21077112811136E-02 
1057	 7.21489446884393E-02 
1058	 7.18916306482196E-02 
1059	 7.18240206087402E-02 
1060	 7.17757416645947E-02 
1061	 7.18161880928428E-02 
1062	 0.071938729906647 
1063	 7.21481707032064E-02 
1064	 7.22516862112993E-02 
1065	 7.23989659563014E-02 
1066	 0.07255002431914 
1067	 0.0724995471395 
1068	 0.072578252594729 
1069	 7.27377463668041E-02 
1070	 7.27101855536095E-02 
1071	 7.25294097939276E-02 
1072	 7.24954115459064E-02 
1073	 7.23455990490269E-02 
1074	 0.07230372833135 
1075	 0.072340672259918 
1076	 7.25042866250367E-02 
1077	 7.27743642423841E-02 
1078	 7.29201863543048E-02 
1079	 7.29248757066694E-02 
1080	 0.072931044677684 
1081	 7.28178765129124E-02 
1082	 0.0727918837219 
1083	 7.27772968225313E-02 
1084	 7.28755822356998E-02 
1085	 7.29179749141573E-02 
1086	 7.29492421225362E-02 
1087	 7.29145460521081E-02 
1088	 7.28334219901977E-02 
1089	 7.28183661828655E-02 
1090	 7.28055596968771E-02 
1091	 7.27011812210251E-02 
1092	 7.26789460889256E-02 
1093	 7.28523483751483E-02 
1094	 7.29443116679906E-02 
1095	 7.31530302358018E-02 
1096	 7.32652844448845E-02 
1097	 7.34283430357441E-02 
1098	 7.34406907085061E-02 
1099	 7.32580039664158E-02 
1100	 7.32768021965389E-02 
1101	 0.073312790776264 
1102	 7.34292635049668E-02 
1103	 7.38273561142752E-02 
1104	 7.39245476034029E-02 
1105	 7.38930057113909E-02 
1106	 7.38542816872329E-02 
1107	 7.35848867677714E-02 
1108	 7.34096433509668E-02 
1109	 7.33711894130365E-02 
1110	 7.32346979131023E-02 
1111	 0.073199891424131 
1112	 7.32545063537508E-02 
1113	 0.073252212820591 
1114	 0.07319791954907 
1115	 7.33188904788961E-02 
1116	 7.36618064473683E-02 
1117	 7.37539114069112E-02 
1118	 7.38891744627737E-02 
1119	 7.39433948557139E-02 
1120	 7.36328009533669E-02 
1121	 7.34504252045067E-02 
1122	 7.31707031672841E-02 
1123	 7.31673485021927E-02 
1124	 7.33196309003499E-02 
1125	 7.36584043411277E-02 
1126	 7.38705819996237E-02 
1127	 7.44598332242356E-02 
1128	 7.45585899858545E-02 
1129	 7.42337142394101E-02 
1130	 7.40826551940405E-02 
1131	 7.38736487957326E-02 
1132	 7.36786730217073E-02 
1133	 7.32444292067621E-02 
1134	 7.32665268166311E-02 
1135	 7.34965572797933E-02 
1136	 0.073732455079652 
1137	 7.44380427401573E-02 
1138	 7.47822100344839E-02 
1139	 7.51602556082596E-02 
1140	 7.51156544264486E-02 
1141	 7.49905887252768E-02 
1142	 7.45288448124594E-02 
1143	 7.44409806153282E-02 
1144	 7.43096254937081E-02 
1145	 7.42841159959613E-02 
1146	 7.43474109394791E-02 
1147	 7.46075494041043E-02 
1148	 7.51026801983563E-02 
1149	 7.52782333898149E-02 
1150	 7.56020024878801E-02 
1151	 7.57193696798596E-02 
1152	 7.53923194321958E-02 
1153	 7.52990485080312E-02 
1154	 7.52272929511461E-02 
1155	 7.53023401055095E-02 
1156	 7.54295299427682E-02 
1157	 0.075555442589217 
1158	 7.56282223326745E-02 
1159	 0.075744478825644 
1160	 7.57759527976352E-02 
1161	 7.56847404338212E-02 
1162	 7.57422126314506E-02 
1163	 7.58803590227198E-02 
1164	 0.075933142711359 
1165	 7.60150196764038E-02 
1166	 7.60494108942707E-02 
1167	 7.59096219753441E-02 
1168	 7.59908270405326E-02 
1169	 7.63074610888381E-02 
1170	 7.63867677537875E-02 
1171	 7.64909014763077E-02 
1172	 7.64989938299522E-02 
1173	 7.63356084477133E-02 
1174	 7.61395042788341E-02 
1175	 7.60571329787822E-02 
1176	 7.60135475962604E-02 
1177	 7.60772048295529E-02 
1178	 7.62357932277909E-02 
1179	 7.63376362829224E-02 
1180	 7.65626798884446E-02 
1181	 7.65919438371157E-02 
1182	 7.64466538360682E-02 
1183	 7.64482530421308E-02 
1184	 7.64238501439483E-02 
1185	 7.64622302468623E-02 
1186	 7.66521040873015E-02 
1187	 0.076695053426389 
1188	 0.076642534042138 
1189	 7.66704353312033E-02 
1190	 7.66194825534569E-02 
1191	 7.66004601190716E-02 
1192	 7.67423773648564E-02 
1193	 7.69159595943158E-02 
1194	 7.69920249113256E-02 
1195	 7.70611585010776E-02 
1196	 7.71230888152006E-02 
1197	 7.71515195885479E-02 
1198	 0.077071838966204 
1199	 7.69092585161629E-02 
1200	 7.68938774139422E-02 
1201	 7.67828922761141E-02 
1202	 7.68123281530725E-02 
1203	 7.71732399108073E-02 
1204	 7.72656604521932E-02 
1205	 7.72498202692044E-02 
1206	 7.71609139204855E-02 
1207	 7.72231676240292E-02 
1208	 0.077135482345499 
1209	 7.71608920663211E-02 
1210	 7.74356721225888E-02 
1211	 7.74460825096025E-02 
1212	 7.74092664120713E-02 
1213	 7.74042610169967E-02 
1214	 7.72198888378812E-02 
1215	 7.71766962563096E-02 
1216	 7.71759084332036E-02 
1217	 7.72022499465624E-02 
1218	 7.73003958794059E-02 
1219	 7.74195163113148E-02 
1220	 7.76082789000474E-02 
1221	 7.76514227971539E-02 
1222	 7.76575046205871E-02 
1223	 0.077662601755264 
1224	 7.75223714260216E-02 
1225	 7.75175738132548E-02 
1226	 7.76797956523666E-02 
1227	 7.76713874239147E-02 
1228	 7.76360675259084E-02 
1229	 7.76890495367134E-02 
1230	 7.76325707659245E-02 
1231	 7.75559992085743E-02 
1232	 7.76886644727778E-02 
1233	 7.78788325273151E-02 
1234	 7.79067104520038E-02 
1235	 7.78656134999599E-02 
1236	 7.78493955450087E-02 
1237	 7.76421822927311E-02 
1238	 7.76167346926101E-02 
1239	 7.77900834161308E-02 
1240	 7.78702409204602E-02 
1241	 0.077920968786714 
1242	 7.79615581727216E-02 
1243	 7.80155735245448E-02 
1244	 7.79840818490402E-02 
1245	 7.78771270324386E-02 
1246	 7.79152196196331E-02 
1247	 7.78792873385142E-02 
1248	 7.78187252424579E-02 
1249	 7.79085715136958E-02 
1250	 7.80100353773027E-02 
1251	 7.80177880666506E-02 
1252	 7.79944737883617E-02 
1253	 7.80059053138976E-02 
1254	 7.79549414788577E-02 
1255	 7.79484303725819E-02 
1256	 7.80902939461505E-02 
1257	 7.81466268059703E-02 
1258	 7.81830030775019E-02 
1259	 0.078206900567356 
1260	 7.81523550546951E-02 
1261	 7.81793125511201E-02 
1262	 7.82334568315793E-02 
1263	 7.83550496543327E-02 
1264	 7.84513650341039E-02 
1265	 7.84628364829979E-02 
1266	 7.84257766687124E-02 
1267	 7.84460380134531E-02 
1268	 7.84589381198601E-02 
1269	 7.84308091528336E-02 
1270	 7.85255441277032E-02 
1271	 0.078595021196763 
1272	 0.078489685275482 
1273	 7.84873570004008E-02 
1274	 7.85085218998248E-02 
1275	 7.83810119898586E-02 
1276	 7.84394327822302E-02 
1277	 7.85990559829646E-02 
1278	 7.85904750265012E-02 
1279	 7.85044805482846E-02 
1280	 7.84658600991309E-02 
1281	 7.83330568109927E-02 
1282	 7.83691688809098E-02 
1283	 7.85219464985139E-02 
1284	 7.86464967994735E-02 
1285	 7.87173340021188E-02 
1286	 7.85998260472353E-02 
1287	 7.83911956484527E-02 
1288	 7.83634863906632E-02 
1289	 0.078407425749528 
1290	 7.84753730397887E-02 
1291	 7.84864231633855E-02 
1292	 0.078321587029033 
1293	 7.83258052316117E-02 
1294	 7.84840156451267E-02 
1295	 7.85269185926473E-02 
1296	 7.85865642321141E-02 
1297	 7.85837287869648E-02 
1298	 0.07853470111828 
1299	 7.86694918528061E-02 
1300	 7.88715867495142E-02 
1301	 7.89130078866065E-02 
1302	 7.87522656926489E-02 
1303	 7.87104011487649E-02 
1304	 7.86016417116188E-02 
1305	 7.86085683423063E-02 
1306	 0.078733289813675 
1307	 7.88945498932095E-02 
1308	 7.89251101620477E-02 
1309	 7.88099880119051E-02 
1310	 0.078700902046253 
1311	 7.88064674039147E-02 
1312	 0.078839539761376 
1313	 7.86366338136366E-02 
1314	 7.85900804910722E-02 
1315	 7.85729015078234E-02 
1316	 7.85731917825063E-02 
1317	 7.87779042832953E-02 
1318	 7.88918839809687E-02 
1319	 7.88252261974037E-02 
1320	 7.87915037861391E-02 
1321	 7.88079613162709E-02 
1322	 7.88014760641826E-02 
1323	 7.87913971773446E-02 
1324	 0.078719378451123 
1325	 7.86654368862207E-02 
1326	 0.078922533888435 
1327	 7.91842218141779E-02 
1328	 7.91470958610233E-02 
1329	 7.91254144068138E-02 
1330	 7.91040411614224E-02 
1331	 7.89274500197474E-02 
1332	 7.87135098811451E-02 
1333	 7.88379530119169E-02 
1334	 7.88570340551837E-02 
1335	 7.86245161248414E-02 
1336	 0.078590656401404 
1337	 7.84546622901161E-02 
1338	 7.84040125637877E-02 
1339	 7.88981296980714E-02 
1340	 7.91281075301322E-02 
1341	 7.89204693007068E-02 
1342	 7.89676114849052E-02 
1343	 7.90550172858398E-02 
1344	 0.079066233247859 
1345	 7.94784351350472E-02 
1346	 7.92938125306584E-02 
1347	 7.84734939663464E-02 
1348	 7.82917798709742E-02 
1349	 7.82920594928856E-02 
1350	 7.90592962427942E-02 
1351	 0.080166974330824 
1352	 7.91394735745739E-02 
1353	 7.73829263066714E-02 
1354	 7.69349685536861E-02 
1355	 7.75570999205875E-02 
1356	 0.080480136410257 
1357	 8.26040998991964E-02 
1358	 7.97453799867021E-02 
1359	 7.88831781999397E-02 
1360	 7.36606707717699E-02 
1361	 7.10926296353876E-02 
1362	 0.072581063133928 
1363	 8.00788445723305E-02 
1364	 7.19911185629229E-02 
1365	 2.85032949979243E-02 
1366	 1.27249240164851E-02 
1367	 5.71460534138497E-02 
1368	 0.104249351821293 
1369	 0.102195596471993 
1370	 7.60459566341553E-02 
1371	 4.40601387187503E-02 
1372	-2.48093881137505E-02 
1373	 1.38476509068944E-02 
1374	 8.45007162150681E-02 
1375	 0.019998281837792 
1376	 3.14662934206612E-02 
1377	 8.15221684753664E-02 
1378	 1.77646431288089E-02 
1379	-1.08759529344411E-02 
1380	 0.030381337408769 
1381	 4.17634041855573E-02 
1382	 4.61269296550785E-02 
1383	 0.105767082410389 
1384	 0.13099819877757 
1385	 5.34258334062551E-02 
1386	 0.018376902669729 
1387	 0.055163855177878 
1388	 8.36596514055411E-02 
1389	 9.05201349513472E-02 
1390	 0.121298365169965 
1391	 0.124151469683521 
1392	 8.93796554652884E-02 
1393	 0.061494277228849 
1394	 7.01858054856988E-02 
1395	 0.102917290818478 
1396	 0.109430458485873 
1397	 8.02012218958931E-02 
1398	 4.12663784329786E-02 
1399	 3.01356043126142E-02 
1400	 4.90887452221647E-02 
1401	 0.076524563528942 
1402	 0.10371904859449 
1403	 9.52088271930928E-02 
1404	 6.87229460400624E-02 
1405	 6.13839833696807E-02 
1406	 7.46584697331167E-02 
1407	 9.13770512064671E-02 
1408	 9.38353768774814E-02 
1409	 9.23145119425761E-02 
1410	 8.37061923925799E-02 
1411	 7.00970792119535E-02 
1412	 7.42826510002283E-02 
1413	 8.35075984508869E-02 
1414	 8.20809075468597E-02 
1415	 8.00473962587063E-02 
1416	 7.88448571923307E-02 
1417	 7.58014225835904E-02 
1418	 7.60815549676164E-02 
1419	 0.080357924779457 
1420	 8.15708989509931E-02 
1421	 8.01797723998059E-02 
1422	 8.02786781622569E-02 
1423	 7.88719580251779E-02 
1424	 7.87015459014559E-02 
1425	 8.14815927688416E-02 
1426	 8.16854675980038E-02 
1427	 8.07640392044591E-02 
1428	 8.02933014178784E-02 
1429	 8.10513217440693E-02 
1430	 8.08284837064777E-02 
1431	 8.17054191892848E-02 
1432	 8.25717042837426E-02 
1433	 8.09733667248047E-02 
1434	 7.88186826605697E-02 
1435	 7.92132321830653E-02 
1436	 8.05383792306259E-02 
1437	 8.14171377459934E-02 
1438	 8.21315010564509E-02 
1439	 8.14376552320488E-02 
1440	 8.05678100494494E-02 
1441	 8.10595357494976E-02 
1442	 8.17488305414791E-02 
1443	 8.13862570218331E-02 
1444	 8.08944165474265E-02 
1445	 8.07838365039047E-02 
1446	 8.08946019213303E-02 
1447	 8.14309871866875E-02 
1448	 8.15692275899579E-02 
1449	 8.11132381164228E-02 
1450	 8.07484317725799E-02 
1451	 8.11199894497374E-02 
1452	 8.19522221583902E-02 
1453	 8.23067280592824E-02 
1454	 8.23019167502883E-02 
1455	 8.20451180782774E-02 
1456	 8.15914128600643E-02 
1457	 8.16289765657117E-02 
1458	 0.082106072995748 
1459	 8.21892249530683E-02 
1460	 8.18325779636358E-02 
1461	 8.14970465251936E-02 
1462	 8.12486001764551E-02 
1463	 0.081295949207254 
1464	 8.15336249234411E-02 
1465	 8.16276117939589E-02 
1466	 8.17959205285904E-02 
1467	 8.18161091336002E-02 
1468	 8.16254468035964E-02 
1469	 8.17808075295743E-02 
1470	 8.18504625906367E-02 
1471	 8.17944633077509E-02 
1472	 8.17481741621555E-02 
1473	 8.20087596755538E-02 
1474	 8.21661441166211E-02 
1475	 8.23731256111019E-02 
1476	 8.22361150470422E-02 
1477	 8.19243980744855E-02 
1478	 0.081835844875447 
1479	 8.19392919952786E-02 
1480	 8.22586241671212E-02 
1481	 8.22801109322198E-02 
1482	 0.081971088942666 
1483	 8.20216227604005E-02 
1484	 0.082354265944557 
1485	 8.26774395967077E-02 
1486	 8.29318921021449E-02 
1487	 8.26762761617631E-02 
1488	 8.22578573749818E-02 
1489	 8.21844772021289E-02 
1490	 8.22928779566517E-02 
1491	 8.25464545195036E-02 
1492	 8.26647398074363E-02 
1493	 8.26236429305859E-02 
1494	 8.28131876618494E-02 
1495	 8.29959217056637E-02 
1496	 8.27973499409621E-02 
1497	 8.26263347158111E-02 
1498	 8.28437966119923E-02 
1499	 8.29791724387237E-02 
1500	 8.29210093464865E-02 
1501	 8.29789403672659E-02 
1502	 0.082933210920535 
1503	 8.26912341355648E-02 
1504	 8.28114531603341E-02 
1505	 0.08315006688467 
1506	 8.30317436894234E-02 
1507	 8.28873949550048E-02 
1508	 8.29581892346069E-02 
1509	 8.29217313221726E-02 
1510	 8.29674479663432E-02 
1511	 0.083071966695569 
1512	 8.29990913780746E-02 
1513	 8.28949577868864E-02 
1514	 8.29450525375748E-02 
1515	 8.30568479856034E-02 
1516	 8.31950648822425E-02 
1517	 8.32478632284279E-02 
1518	 8.31397073937818E-02 
1519	 8.31383919215373E-02 
1520	 8.31763555935827E-02 
1521	 8.30910323954473E-02 
1522	 0.083105764179201 
1523	 8.31157623102977E-02 
1524	 8.30262738642395E-02 
1525	 8.30344528122375E-02 
1526	 8.30434992851063E-02 
1527	 8.30086392224428E-02 
1528	 0.083027145601246 
1529	 8.31366639156835E-02 
1530	 0.083228308978521 
1531	 8.32451291406327E-02 
1532	 8.31897993142778E-02 
1533	 8.31809423394312E-02 
1534	 8.30851674055098E-02 
1535	 8.31558179388598E-02 
1536	 8.34659915442518E-02 
1537	 8.34814249933496E-02 
1538	 0.083396811061529 
1539	 8.33266436377499E-02 
1540	 8.32829849355883E-02 
1541	 8.33057986429566E-02 
1542	 8.33854346989256E-02 
1543	 8.33837669993632E-02 
1544	 8.34338268038356E-02 
1545	 8.34141770662849E-02 
1546	 8.33503617654917E-02 
1547	 8.34957081793182E-02 
1548	 0.083504772036076 
1549	 8.33664939296539E-02 
1550	 8.34917609891072E-02 
1551	 8.36296499485276E-02 
1552	 8.35550946141404E-02 
1553	 8.35170828908327E-02 
1554	 8.35055462247723E-02 
1555	 8.34541495012189E-02 
1556	 8.34655605439669E-02 
1557	 8.34855185661798E-02 
1558	 8.35462743353921E-02 
1559	 0.083723518501222 
1560	 0.083785625872754 
1561	 8.37091176743878E-02 
1562	 8.37056312728118E-02 
1563	 0.083687672970877 
1564	 8.35705966030169E-02 
1565	 0.083518119102781 
1566	 0.083588331931873 
1567	 8.35301027498148E-02 
1568	 8.33838532614491E-02 
1569	 8.34105040107457E-02 
1570	 8.34345631310791E-02 
1571	 8.34084960894728E-02 
1572	 8.34851425579417E-02 
1573	 8.36340344816277E-02 
1574	 8.38103945864726E-02 
1575	 0.08381158013471 
1576	 8.37100750873727E-02 
1577	 8.38128880651419E-02 
1578	 8.38296725772932E-02 
1579	 8.37164134013495E-02 
1580	 8.37812971206443E-02 
1581	 8.37349519812387E-02 
1582	 8.35249211791198E-02 
1583	 8.35498365828969E-02 
1584	 8.36768824705694E-02 
1585	 0.083603574690399 
1586	 8.36536504697793E-02 
1587	 8.37606057103272E-02 
1588	 8.35637642795451E-02 
1589	 8.36078737768887E-02 
1590	 8.38228857315047E-02 
1591	 8.36841243480537E-02 
1592	 8.38402125436646E-02 
1593	 8.41263158021786E-02 
1594	 8.38683323689243E-02 
1595	 8.37179932445114E-02 
1596	 8.36613031244884E-02 
1597	 8.34081746453117E-02 
1598	 8.35270425569692E-02 
1599	 8.38585531655034E-02 
1600	 8.39385033673646E-02 
1601	 0.083935684380823 
1602	 8.38668971421679E-02 
1603	 0.083708435604236 
1604	 8.37141087107695E-02 
1605	 8.37571642641537E-02 
1606	 8.37981932312475E-02 
1607	 8.39103992911244E-02 
1608	 8.37879023476407E-02 
1609	 8.37307882865842E-02 
1610	 8.38724754452233E-02 
1611	 8.37860119608926E-02 
1612	 8.37887062009359E-02 
1613	 8.38276493953661E-02 
1614	 8.36707762287261E-02 
1615	 8.37180376068113E-02 
1616	 8.38596770658345E-02 
1617	 0.083913322290074 
1618	 8.39171229261006E-02 
1619	 8.37529658214557E-02 
1620	 8.35752191230639E-02 
1621	 8.34836319953284E-02 
1622	 8.35711043959886E-02 
1623	 8.38326581409727E-02 
1624	 8.37860264854903E-02 
1625	 8.36227801586046E-02 
1626	 8.37098630398986E-02 
1627	 8.36759738456236E-02 
1628	 8.37206776091762E-02 
1629	 8.41106763919339E-02 
1630	 8.40923437367457E-02 
1631	 8.37276701060102E-02 
1632	 8.38183534113089E-02 
1633	 8.37802217331865E-02 
1634	 8.35830587928822E-02 
1635	 8.38793145666467E-02 
1636	 8.38068733558956E-02 
1637	 8.35266291812403E-02 
1638	 8.36288928911373E-02 
1639	 8.36267427347333E-02 
1640	 8.37758133158461E-02 
1641	 8.39439874506039E-02 
1642	 8.38026007566218E-02 
1643	 8.35640343136674E-02 
1644	 8.35082371772913E-02 
1645	 8.36008775571236E-02 
1646	 8.36324045216236E-02 
1647	 8.39380689771791E-02 
1648	 8.39385751526444E-02 
1649	 8.35536913289686E-02 
1650	 8.37135633947273E-02 
1651	 8.37367819080584E-02 
1652	 8.37480625582476E-02 
1653	 0.084193055999377 
1654	 8.41454184445558E-02 
1655	 8.39722057049983E-02 
1656	 8.39026798621602E-02 
1657	 8.37571409692592E-02 
1658	 8.38999145039137E-02 
1659	 8.40022922657436E-02 
1660	 8.39086573066643E-02 
1661	 8.37594937889711E-02 
1662	 8.35802138861332E-02 
1663	 8.35293573600835E-02 
1664	 8.36684994505374E-02 
1665	 0.08369858352613 
1666	 8.35277870528668E-02 
1667	 8.34752177584617E-02 
1668	 8.34053145785403E-02 
1669	 8.34719740722404E-02 
1670	 8.37362367221008E-02 
1671	 0.08361311834482 
1672	 8.35761755347393E-02 
1673	 8.38072596369585E-02 
1674	 8.37273440274001E-02 
1675	 8.37169531936044E-02 
1676	 0.083707325748266 
1677	 8.33957607915652E-02 
1678	 8.32862752502161E-02 
1679	 8.34932574329417E-02 
1680	 0.083837130703464 
1681	 8.40813967552354E-02 
1682	 8.40461252579483E-02 
1683	 8.39250210712579E-02 
1684	 8.37085650286052E-02 
1685	 8.35072040524894E-02 
1686	 8.35907271711289E-02 
1687	 8.37003042573758E-02 
1688	 8.36423585096701E-02 
1689	 8.37111699583252E-02 
1690	 8.37611307800529E-02 
1691	 8.37329702645957E-02 
1692	 8.37302425206143E-02 
1693	 0.083458904371232 
1694	 8.33308430940895E-02 
1695	 8.33090265128324E-02 
1696	 8.33278223581161E-02 
1697	 8.38109102503104E-02 
1698	 8.40477918222762E-02 
1699	 8.40223369073749E-02 
1700	 8.40278180088643E-02 
1701	 8.36808017252568E-02 
1702	 8.35870260592042E-02 
1703	 8.35196824141187E-02 
1704	 8.35173337410749E-02 
1705	 8.36163355913404E-02 
1706	 8.37198771957747E-02 
1707	 8.37479663093354E-02 
1708	 8.39417750704873E-02 
1709	 8.39517125670792E-02 
1710	 8.37191974289027E-02 
1711	 8.37515660141817E-02 
1712	 0.08396336525133 
1713	 8.38561390808539E-02 
1714	 8.34917262821471E-02 
1715	 8.34750373372367E-02 
1716	 8.35356902875954E-02 
1717	 8.35204188949398E-02 
1718	 8.38220322523089E-02 
1719	 8.39957018027348E-02 
1720	 8.38230278518484E-02 
1721	 8.38468263456898E-02 
1722	 8.41717561986629E-02 
1723	 8.41699034368406E-02 
1724	 0.083927050672455 
1725	 8.38906751810277E-02 
1726	 8.38486196372394E-02 
1727	 8.38529682839649E-02 
1728	 8.39770108676793E-02 
1729	 8.39089122210507E-02 
1730	 8.36712474048121E-02 
1731	 8.37567690461386E-02 
1732	 8.40547131507132E-02 
1733	 8.41083815718106E-02 
1734	 8.42307727596733E-02 
1735	 8.40503985099695E-02 
1736	 8.34544629967507E-02 
1737	 8.33296733623891E-02 
1738	 8.32964869535805E-02 
1739	 8.34441089785179E-02 
1740	 8.38889756903202E-02 
1741	 8.39896188235008E-02 
1742	 8.40370894236709E-02 
1743	 8.41847221221095E-02 
1744	 8.43436353327674E-02 
1745	 8.43377703155779E-02 
1746	 8.43004362961894E-02 
1747	 8.42471974357988E-02 
1748	 0.083949074651036 
1749	 0.083906817375912 
1750	 0.084127455571811 
1751	 8.43661527839173E-02 
1752	 8.41145054678866E-02 
1753	 8.39674100546012E-02 
1754	 8.39389731043442E-02 
1755	 8.37137392640328E-02 
1756	 8.37522029291404E-02 
1757	 8.41699742998271E-02 
1758	 0.084433874750659 
1759	 8.44758719290419E-02 
1760	 8.46115603895438E-02 
1761	 8.41428589346506E-02 
1762	 8.31930052160437E-02 
1763	 8.31054485756108E-02 
1764	 8.31836985252378E-02 
1765	 8.33737705822579E-02 
1766	 8.41545276897814E-02 
1767	 8.43565816077287E-02 
1768	 0.084294569570824 
1769	 8.43618307613512E-02 
1770	 8.42635863035798E-02 
1771	 8.36515165113555E-02 
1772	 8.35682758103829E-02 
1773	 8.37671050079327E-02 
1774	 8.39073724959193E-02 
1775	 0.084860003645262 
1776	 8.50324788418455E-02 
1777	 8.44291893721884E-02 
1778	 8.40648331730069E-02 
1779	 8.29942921434114E-02 
1780	 8.26732425800756E-02 
1781	 8.31007044730794E-02 
1782	 8.33022473438031E-02 
1783	 8.40902896647054E-02 
1784	 8.42175762864142E-02 
1785	 8.36544977046569E-02 
1786	 8.34474008233388E-02 
1787	 8.28883434939781E-02 
1788	 8.28421222079926E-02 
1789	 8.36286625590584E-02 
1790	 8.37487064275619E-02 
1791	 8.35720331298545E-02 
1792	 8.38043017425915E-02 
1793	 8.38230424137853E-02 
1794	 0.08391908881546 
1795	 8.47404339667326E-02 
1796	 8.47099354553657E-02 
1797	 8.39806164913869E-02 
1798	 8.36227584342286E-02 
1799	 8.29960413700855E-02 
1800	 8.25270213308297E-02 
1801	 8.16485181882609E-02 
1802	 8.18591108465622E-02 
1803	 8.30925555873918E-02 
1804	 8.37318827242573E-02 
1805	 8.55787378506649E-02 
1806	 8.69071370123558E-02 
1807	 8.71048531223604E-02 
1808	 8.84747259123064E-02 
1809	 9.16446826887252E-02 
1810	 9.02004007183121E-02 
1811	 8.69847815356406E-02 
1812	 0.078928501374945 
1813	 7.55993613128393E-02 
1814	 7.76780686693044E-02 
1815	 8.06400233398704E-02 
1816	 8.38410881095715E-02 
1817	 0.079213160947843 
1818	 6.72493201708621E-02 
1819	 5.95715480434402E-02 
1820	 5.31073249828006E-02 
1821	 5.16699960220347E-02 
1822	 6.68257802680915E-02 
1823	 6.93587445749664E-02 
1824	 5.77490128384266E-02 
1825	 6.31254646301317E-02 
1826	 6.94293730076287E-02 
1827	 7.81561956885811E-02 
1828	 0.129500350262618 
1829	 0.158223747335767 
1830	 0.164532147873014 
1831	 0.133734545730643 
1832	 0.161383178689484 
1833	 0.173322418458964 
1834	 0.286406505411586 
1835	 0.445892838935422 
1836	 0.207923041610022 
1837	 0.270823407739594 
1838	 0.658842272332607 
1839	 0.782641964136756 
1840	 0.702513671643601 
1841	 3.06017662342023E-02 
1842	-0.269758677284728 
1843	-0.724063500816165 
1844	-0.761400143623514 
1845	 4.0913885052597 
1846	-30.9431978958862 
1847	 2.65943608943308 
1848	 4.50167537784038 
1849	-0.636801907682158 
1850	-0.420725523415159 
1851	-0.51031845904069 
1852	-0.399255523841334 
1853	-0.499070716811 
1854	-2.6604376759415 
1855	-1.45775199641596 
1856	 3.54506307275552E-04 
1857	-0.174836408937925 
1858	 0.177654655735443 
1859	 6.57346873441001 
1860	 3.60072180996449 
1861	-14.9677481874298 
1862	-4.71323552704094 
1863	 9.97009945105787E-02 
1864	 0.143449245127471 
1865	 1.42788711893429 
1866	 1.98389444589123 
1867	 1.58597775744505 
1868	-0.283820624316281 
1869	-0.247188392528019 
1870	 0.110906092889535 
1871	 6.42457045655581E-02 
1872	 0.55524617930601 
1873	 0.602933299499399 
1874	-0.126071373855664 
1875	-0.198634323727604 
1876	-6.56094876711574E-02 
1877	 0.184334705843527 
1878	 2.71377325092898E-02 
1879	 9.31748618593203E-02 
1880	 5.83502655521566E-02 
1881	-0.105465590618802 
1882	-0.258035240720182 
1883	-0.421826506004512 
1884	-0.385523268904299 
1885	-0.40858760291558 
1886	-0.32687261971987 
1887	 9.78023650501008E-02 
1888	 0.183860731007874 
1889	 0.129350779753212 
1890	 0.212070359182372 
1891	 0.19270828805682 
1892	-2.31966112219293E-02 
1893	-4.83200953503422E-02 
1894	 2.96451486650609E-02 
1895	 5.40786367782103E-02 
1896	 0.127177729015479 
1897	 0.294347538560455 
1898	 0.239534152960017 
1899	 5.66365375227059E-02 
1900	 9.92048782727521E-02 
1901	 0.364962559200034 
1902	 0.331642576420481 
1903	 0.250707094750665 
1904	 0.232978700231787 
1905	-1.30896176692209E-02 
1906	-0.166218708463055 
1907	 0.21082573193681 
1908	 0.421623542930103 
1909	 0.191057176235934 
1910	 0.244031280153234 
1911	 0.247214227408836 
1912	 0.113802491463117 
1913	 0.123492840062556 
1914	 0.307075974923731 
1915	 0.288120809159655 
1916	 0.161025732119268 
1917	 0.199635427055286 
1918	 0.212762368842896 
1919	 0.139163518419577 
1920	 0.115745314442959 
1921	 8.65255009554536E-02 
1922	 4.62614453858942E-02 
1923	 5.47041963681521E-02 
1924	 5.66721520235251E-02 
1925	 0.064184643970997 
1926	 5.25887823118733E-02 
1927	 5.85818327791314E-02 
1928	 6.49760850421862E-02 
1929	 6.76296897853213E-02 
1930	 7.56186359749063E-02 
1931	 7.79960131716869E-02 
1932	 7.96598148655277E-02 
1933	 8.66125841560865E-02 
1934	 9.25290060857941E-02 
1935	 9.06831726629021E-02 
1936	 8.76239868930623E-02 
1937	 8.64653746706518E-02 
1938	 8.57202251749243E-02 
1939	 8.23444653626665E-02 
1940	 0.083952086166959 
1941	 0.083075712797451 
1942	 7.54712317780826E-02 
1943	 7.26733599513923E-02 
1944	 7.67178854310492E-02 
1945	 8.02438178096564E-02 
1946	 8.24044373472064E-02 
1947	 8.63766601840966E-02 
1948	 8.72027634832607E-02 
1949	 8.33617749591957E-02 
1950	 8.31517219201892E-02 
1951	 8.45731053990156E-02 
1952	 0.084757861789875 
1953	 8.92499034178732E-02 
1954	 9.21258539239508E-02 
1955	 8.91327978610399E-02 
1956	 8.79709211187917E-02 
1957	 8.73531086933489E-02 
1958	 8.54852369401568E-02 
1959	 8.24482778337511E-02 
1960	 8.10462692161074E-02 
1961	 8.04437230055719E-02 
1962	 0.081663424449253 
1963	 8.32941380429291E-02 
1964	 0.084778911733269 
1965	 8.58511369644436E-02 
1966	 0.084479669804356 
1967	 8.40167066810535E-02 
1968	 8.55041379404741E-02 
1969	 8.54628130965052E-02 
1970	 8.53370742903822E-02 
1971	 8.50138385940489E-02 
1972	 8.47471122188165E-02 
1973	 8.34058642421103E-02 
1974	 8.31927946581961E-02 
1975	 8.41224752635238E-02 
1976	 8.38939255302099E-02 
1977	 8.43358923459144E-02 
1978	 0.085351464235279 
1979	 0.084973307516164 
1980	 8.49469684545928E-02 
1981	 8.49317400237119E-02 
1982	 8.49080043642408E-02 
1983	 8.43945944910509E-02 
1984	 8.53131378428617E-02 
1985	 8.58477610003103E-02 
1986	 8.52753563988127E-02 
1987	 8.52109100526137E-02 
1988	 8.49673617588919E-02 
1989	 8.44665497777353E-02 
1990	 8.48382422988916E-02 
1991	 8.51442219714779E-02 
1992	 8.53664192247469E-02 
1993	 8.55593794328944E-02 
1994	 0.085808148335369 
1995	 8.57960954412735E-02 
1996	 0.085787655798149 
1997	 8.52716230847367E-02 
1998	 0.084443956174801 
1999	 8.51278846333459E-02 
2000	 0.085282088142915 
2001	 8.46015335701392E-02 
2002	 0.084906867784157 
2003	 8.54277976741811E-02 
2004	 8.61233516770315E-02 
2005	 8.75167805689809E-02 
2006	 8.81947700956475E-02 
2007	 0.088119372229782 
2008	 8.78977988682345E-02 
2009	 8.70240079897469E-02 
2010	 8.58455289514694E-02 
2011	 8.69813617708287E-02 
2012	 8.79754375624326E-02 
2013	 8.65926383951137E-02 
2014	 8.64990375384935E-02 
2015	 8.68078095133854E-02 
2016	 8.52760180748607E-02 
2017	 8.50389209941124E-02 
2018	 0.086666384211734 
2019	 8.67586142697775E-02 
2020	 8.51510842245248E-02 
2021	 8.51132774378671E-02 
2022	 8.59200857178418E-02 
2023	 8.56805051199626E-02 
2024	 0.085223938642331 
2025	 8.58370770688964E-02 
2026	 8.61501264633172E-02 
2027	 8.59945238776161E-02 
2028	 8.62280828297636E-02 
2029	 8.66637744452919E-02 
2030	 8.69322189649798E-02 
2031	 8.69496061534676E-02 
2032	 8.67611965019573E-02 
2033	 8.63660820367974E-02 
2034	 8.61965656823764E-02 
2035	 0.085863483354824 
2036	 8.55762055767307E-02 
2037	 8.55704362443073E-02 
2038	 8.56169304046923E-02 
2039	 8.57334245330322E-02 
2040	 8.59841520263455E-02 
2041	 8.62709970063074E-02 
2042	 8.66002244163294E-02 
2043	 8.65369677260801E-02 
2044	 8.63430482105352E-02 
2045	 8.61419423431661E-02 
2046	 8.55441735816751E-02 
2047	 0.085709272909899 
2048	 8.68118205107618E-02 
2049	 8.67091736774496E-02 
2050	 8.61937182991833E-02 
2051	 8.60666192263447E-02 
2052	 8.62690801365402E-02 
2053	 0.086395953215524 
2054	 8.69202146665747E-02 
2055	 8.76070227435121E-02 
2056	 8.73980860618624E-02 
2057	 8.66058866043071E-02 
2058	 8.69324318892646E-02 
2059	 8.79539858594948E-02 
2060	 8.76047831178346E-02 
2061	 8.53766107276023E-02 
2062	 8.50739135774647E-02 
2063	 8.50666391588282E-02 
2064	 8.51407447899282E-02 
2065	 8.61511839384703E-02 
2066	 8.77378667690571E-02 
2067	 8.73862303749334E-02 
2068	 8.63533738970356E-02 
2069	 8.62481210257923E-02 
2070	 8.67784725968432E-02 
2071	 8.66470536352899E-02 
2072	 8.68240649840956E-02 
2073	 8.77657363496634E-02 
2074	 8.70869621075739E-02 
2075	 8.66893785753855E-02 
2076	 8.67103024596484E-02 
2077	 8.68635327448663E-02 
2078	 8.63910992057589E-02 
2079	 8.64274813657848E-02 
2080	 8.73684745714528E-02 
2081	 8.75766743702082E-02 
2082	 8.67276454955717E-02 
2083	 8.66024310252933E-02 
2084	 8.67830686860423E-02 
2085	 8.61872321346964E-02 
2086	 8.60005691094997E-02 
2087	 8.59852940533513E-02 
2088	 8.52262601289751E-02 
2089	 8.53967260179514E-02 
2090	 8.57539612001653E-02 
2091	 8.67120388207487E-02 
2092	 8.67437271013305E-02 
2093	 8.66875861820524E-02 
2094	 8.67105817999094E-02 
2095	 8.60118956516339E-02 
2096	 8.60737719184553E-02 
2097	 8.69209644307114E-02 
2098	 8.72611500729033E-02 
2099	 8.73219659253174E-02 
2100	 8.74945554108108E-02 
2101	 8.70155299500909E-02 
2102	 8.64759148120695E-02 
2103	 8.66955332856376E-02 
2104	 8.67448470361719E-02 
2105	 8.66401924098669E-02 
2106	 8.71371379569959E-02 
2107	 8.70698017610758E-02 
2108	 8.59052885961915E-02 
2109	 8.58650263731931E-02 
2110	 8.67261536466259E-02 
2111	 8.68645597628017E-02 
2112	 8.71981654450915E-02 
2113	 8.73252336411039E-02 
2114	 8.70259594851014E-02 
2115	 8.63767736501063E-02 
2116	 8.68077157348658E-02 
2117	 8.71639006947042E-02 
2118	 8.70979861965354E-02 
2119	 8.70491714620973E-02 
2120	 8.67902097615808E-02 
2121	 8.69498264681038E-02 
2122	 8.72470540065418E-02 
2123	 8.72125485614188E-02 
2124	 8.69363165928845E-02 
2125	 8.56914215219929E-02 
2126	 8.55741813145758E-02 
2127	 8.58136919988376E-02 
2128	 8.60680125434389E-02 
2129	 8.72814897261353E-02 
2130	 8.75949461308319E-02 
2131	 8.73617123792374E-02 
2132	 8.72993052133768E-02 
2133	 8.71160766162777E-02 
2134	 8.65936423716436E-02 
2135	 8.58377351742497E-02 
2136	 8.57076664401997E-02 
2137	 8.62092231110812E-02 
2138	 8.59647549004989E-02 
2139	 8.50549962048952E-02 
2140	 8.50736532156602E-02 
2141	 0.085570616847615 
2142	 8.56343883478384E-02 
2143	 8.56691667190781E-02 
2144	 8.65274474121969E-02 
2145	 8.67406556642815E-02 
2146	 8.61057467822835E-02 
2147	 8.58635943735538E-02 
2148	 8.57020861004422E-02 
2149	 8.57228985290824E-02 
2150	 8.56379032417991E-02 
2151	 8.56245355575998E-02 
2152	 8.56706321305483E-02 
2153	 8.66104984040207E-02 
2154	 8.74674062790212E-02 
2155	 8.76602715280094E-02 
2156	 8.69092719573515E-02 
2157	 8.64884720462452E-02 
2158	 8.65552520675198E-02 
2159	 8.59255556794459E-02 
2160	 0.085894584552341 
2161	 8.63707123818689E-02 
2162	 0.086648613151359 
2163	 8.68285033586828E-02 
2164	 8.66299450889156E-02 
2165	 8.66694606875202E-02 
2166	 8.67393201594208E-02 
2167	 0.086150651431735 
2168	 0.085662950616761 
2169	 0.085901780025103 
2170	 8.54828404083388E-02 
2171	 8.34195164398176E-02 
2172	 8.31122411544416E-02 
2173	 8.37474671551126E-02 
2174	 8.45839164293139E-02 
2175	 8.53396020715197E-02 
2176	 8.61684714509625E-02 
2177	 8.72326801246701E-02 
2178	 8.67470877951349E-02 
2179	 8.50156850280701E-02 
2180	 8.50205049130474E-02 
2181	 8.47378868320377E-02 
2182	 0.08385527127583 
2183	 8.49116420224168E-02 
2184	 8.64247194093899E-02 
2185	 0.086598442603116 
2186	 8.55098996062538E-02 
2187	 8.54297087332023E-02 
2188	 8.53021387666959E-02 
2189	 8.49548182696574E-02 
2190	 0.084954381922991 
2191	 0.084859673102471 
2192	 8.40370113586574E-02 
2193	 8.39216328468313E-02 
2194	 0.084610449069685 
2195	 8.49121244019756E-02 
2196	 8.51574361355879E-02 
2197	 8.58551078641324E-02 
2198	 8.58994845651687E-02 
2199	 8.54929038836674E-02 
2200	 8.59992459990922E-02 
2201	 8.53782445696138E-02 
2202	 8.51622068339922E-02 
2203	 8.60921091698341E-02 
2204	 8.59267458021625E-02 
2205	 8.52611904927332E-02 
2206	 8.54704069440784E-02 
2207	 8.51549251774021E-02 
2208	 8.40352065857035E-02 
2209	 8.47570937681748E-02 
2210	 8.55911073368854E-02 
2211	 8.67883855518358E-02 
2212	 8.63942086129151E-02 
2213	 8.64329760953153E-02 
2214	 0.086148860302178 
2215	 8.32918205782915E-02 
2216	 8.27705302897432E-02 
2217	 8.44842577375098E-02 
2218	 8.46322914084479E-02 
2219	 8.42696552775399E-02 
2220	 8.46208182213302E-02 
2221	 8.55238113810807E-02 
2222	 8.52449786185464E-02 
2223	 8.43803572330809E-02 
2224	 8.41957258819933E-02 
2225	 8.38850014323466E-02 
2226	 8.38803498554689E-02 
2227	 8.45656068208395E-02 
2228	 8.56264890295586E-02 
2229	 8.66572116909429E-02 
2230	 8.58335589851576E-02 
2231	 8.55257675178638E-02 
2232	 8.61401528541682E-02 
2233	 8.49731890601243E-02 
2234	 8.45597717523907E-02 
2235	 8.51391178049803E-02 
2236	 8.57042891324981E-02 
2237	 8.55093922275474E-02 
2238	 8.47705214453675E-02 
2239	 8.49830785756479E-02 
2240	 8.53400366842667E-02 
2241	 8.51893492945435E-02 
2242	 0.085706478583131 
2243	 8.61174857860429E-02 
2244	 0.085251055661273 
2245	 8.52604383731792E-02 
2246	 8.70923286754973E-02 
2247	 8.70740997505367E-02 
2248	 8.56664123168846E-02 
2249	 8.51694091386158E-02 
2250	 8.38327223826881E-02 
2251	 0.083763885257403 
2252	 0.084808339671101 
2253	 8.51010789086016E-02 
2254	 8.46408574819068E-02 
2255	 8.35066199495599E-02 
2256	 8.33643635499167E-02 
2257	 0.084239970332653 
2258	 8.37763691792426E-02 
2259	 8.37222224751215E-02 
2260	 8.46528312809701E-02 
2261	 8.34548876184471E-02 
2262	 8.26651408205251E-02 
2263	 8.33291900126508E-02 
2264	 8.29317604585288E-02 
2265	 8.24538905764652E-02 
2266	 8.21023414498761E-02 
2267	 8.27898357010978E-02 
2268	 8.20367956230866E-02 
2269	 8.01309234230171E-02 
2270	 8.16744575301667E-02 
2271	 8.27791487916563E-02 
2272	 8.29608706208473E-02 
2273	 8.38427696198421E-02 
2274	 8.44595800773856E-02 
2275	 8.29536485170277E-02 
2276	 8.26878910906826E-02 
2277	 8.40584933285242E-02 
2278	 8.43007738480437E-02 
2279	 8.40939745568609E-02 
2280	 8.40614476897504E-02 
2281	 8.34735468164416E-02 
2282	 8.33794672775845E-02 
2283	 8.34386087224827E-02 
2284	 8.34419910887576E-02 
2285	 8.40995552733066E-02 
2286	 8.43230349487044E-02 
2287	 8.43143263011873E-02 
2288	 8.34145238072029E-02 
2289	 8.34785585644154E-02 
2290	 8.52166762785427E-02 
2291	 8.62815011651928E-02 
2292	 8.55013111480053E-02 
2293	 8.44775653403964E-02 
2294	 8.34690173677905E-02 
2295	 8.15925276390565E-02 
2296	 8.17958044630051E-02 
2297	 8.32136663267028E-02 
2298	 8.34935983148299E-02 
2299	 8.34684769450933E-02 
2300	 8.30665903993014E-02 
2301	 8.16584828502862E-02 
2302	 8.01728238630726E-02 
2303	 7.95727935924744E-02 
2304	 7.92562672380707E-02 
2305	 8.05700674227019E-02 
2306	 8.22442348525041E-02 
2307	 8.15241434331542E-02 
2308	 8.17283066369812E-02 
2309	 8.38578772958527E-02 
2310	 0.083821229227283 
2311	 8.23240284590908E-02 
2312	 8.20959935060659E-02 
2313	 8.09233453909671E-02 
2314	 7.99128045745433E-02 
2315	 8.16336472046859E-02 
2316	 8.29453745734471E-02 
2317	 8.36241820896064E-02 
2318	 8.22185422048419E-02 
2319	 8.09764372014096E-02 
2320	 7.77282593966353E-02 
2321	 7.83187372037511E-02 
2322	 8.15175519429067E-02 
2323	 8.23607913922959E-02 
2324	 8.37444056804841E-02 
2325	 8.43115884260338E-02 
2326	 8.26232237435571E-02 
2327	 8.22923582954522E-02 
2328	 8.31553706443093E-02 
2329	 8.25625732356086E-02 
2330	 8.14062313195564E-02 
2331	 8.20418432103464E-02 
2332	 8.30835886071474E-02 
2333	 8.31862566960206E-02 
2334	 8.43521354652702E-02 
2335	 8.36108957317791E-02 
2336	 7.95479594017455E-02 
2337	 7.97129966405501E-02 
2338	 8.20766303379871E-02 
2339	 8.20128982857068E-02 
2340	 8.12549228326714E-02 
2341	 8.50170737170799E-02 
2342	 8.59266644231923E-02 
2343	 8.36179979591286E-02 
2344	 8.24000699811254E-02 
2345	 8.17333094052207E-02 
2346	 7.93028791599424E-02 
2347	 7.92456694140365E-02 
2348	 0.083161948637879 
2349	 0.085115637870433 
2350	 8.52208082970767E-02 
2351	 8.45929493386558E-02 
2352	 8.50936494247144E-02 
2353	 8.55481857216594E-02 
2354	 8.17190526288708E-02 
2355	 0.080885372973984 
2356	 8.28010095775878E-02 
2357	 8.06333701925347E-02 
2358	 7.97477905866593E-02 
2359	 8.10684944158153E-02 
2360	 7.93435064403609E-02 
2361	 7.77413967265137E-02 
2362	 8.07702685591064E-02 
2363	 8.24842682595548E-02 
2364	 8.02821492146359E-02 
2365	 7.84594559105284E-02 
2366	 7.87847554782337E-02 
2367	 8.13137807607716E-02 
2368	 8.08926141084581E-02 
2369	 0.079703011860971 
2370	 8.25219937295457E-02 
2371	 8.22347196294621E-02 
2372	 8.15891086107619E-02 
2373	 8.45293283005564E-02 
2374	 8.22931845896191E-02 
2375	 7.87605722716258E-02 
2376	 7.57611673292153E-02 
2377	 7.18329331935116E-02 
2378	 7.02230650399243E-02 
2379	 6.70173452033742E-02 
2380	 6.58271672638646E-02 
2381	 7.06494616850878E-02 
2382	 7.77499466590051E-02 
2383	 8.09936221661717E-02 
2384	 8.06867098443203E-02 
2385	 7.74100517410262E-02 
2386	 7.01537950139424E-02 
2387	 6.51780387501028E-02 
2388	 6.89385259145174E-02 
2389	 7.55802061640732E-02 
2390	 0.076470826580149 
2391	 7.79896123161124E-02 
2392	 0.076537027992718 
2393	 7.57478340639713E-02 
2394	 8.14434897162717E-02 
2395	 7.87308435672857E-02 
2396	 7.41163781563563E-02 
2397	 7.53146788923621E-02 
2398	 0.074582901899694 
2399	 7.38318819594007E-02 
2400	 7.62573486267362E-02 
2401	 7.77392479971505E-02 
2402	 7.48418121784095E-02 
2403	 7.22350386709261E-02 
2404	 7.36624529054195E-02 
2405	 7.91268682320699E-02 
2406	 7.90001510858804E-02 
2407	 7.05486004501059E-02 
2408	 7.53630776030928E-02 
2409	 8.69026694878856E-02 
2410	 8.40503014180761E-02 
2411	 8.93296460118875E-02 
2412	 9.91627458211261E-02 
2413	 8.71443995601314E-02 
2414	 8.03047065201031E-02 
2415	 8.65306165278347E-02 
2416	 7.96652408440988E-02 
2417	 6.74281184284133E-02 
2418	 0.07321375025398 
2419	 7.94486757521707E-02 
2420	 6.48244827095087E-02 
2421	 0.063300852147297 
2422	 7.49382323993769E-02 
2423	 6.37522247709704E-02 
2424	 0.061098762649466 
2425	 7.60116388444078E-02 
2426	 7.40119547516766E-02 
2427	 8.32234476874689E-02 
2428	 9.43129247389856E-02 
2429	 7.99992532685688E-02 
2430	 6.83226854894508E-02 
2431	 5.81908218998743E-02 
2432	 6.85555874352219E-02 
2433	 9.39210724543005E-02 
2434	 9.87341169417126E-02 
2435	 9.11377975404771E-02 
2436	 7.87875148252376E-02 
2437	 6.34369324050613E-02 
2438	 5.28121622987883E-02 
2439	 6.29415952654645E-02 
2440	 6.57220777039239E-02 
2441	 4.86968130617535E-02 
2442	 5.60847985187317E-02 
2443	 6.56758140483509E-02 
2444	 4.96611617158804E-02 
2445	 4.61478166665769E-02 
2446	 5.75194973284251E-02 
2447	 5.70041883126004E-02 
2448	 7.86600090029795E-02 
2449	 0.107852627340551 
2450	 7.77044337752567E-02 
2451	 3.84671965513702E-02 
2452	 3.72269513754874E-02 
2453	 5.60607132790898E-02 
2454	 9.55568947065189E-02 
2455	 0.114571571120313 
2456	 8.51730996385888E-02 
2457	 5.93394581281932E-02 
2458	 8.13386098459687E-02 
2459	 0.109220603577321 
2460	 0.125416291394241 
2461	 0.126454010028534 
2462	 8.62673446404314E-02 
2463	 5.06222246235623E-02 
2464	 5.29471603091928E-02 
2465	 7.41243648919387E-02 
2466	 7.88715943764396E-02 
2467	 0.068103147429249 
2468	 6.35747766578931E-02 
2469	 5.45005671280185E-02 
2470	 2.55191934601159E-02 
2471	 1.76528473030913E-02 
2472	 2.24250543260863E-02 
2473	 2.76487957607146E-02 
2474	 9.04418048944518E-02 
2475	 9.56318011271595E-02 
2476	 3.00382620527008E-02 
2477	 1.30087423860357E-02 
2478	-3.60538437677234E-02 
2479	 1.58836791851176E-02 
2480	 8.42569419715421E-02 
2481	 6.45196455724543E-02 
2482	 2.13460172319359E-02 
2483	-6.00554004497253E-03 
2484	-2.07016362180388E-02 
2485	 3.88133098232355E-02 
2486	 0.11986756086524 
2487	-2.58366247792914E-03 
2488	-6.16867106842534E-02 
2489	-6.58941413861184E-02 
2490	-9.95693964137305E-02 
2491	 0.129584645426313 
2492	 0.223364431677606 
2493	 8.49778077050708E-02 
2494	 0.10664109847265 
2495	-0.117428625349158 
2496	-0.149180656335713 
2497	-0.222827471427288 
2498	-0.473938058726059 
2499	-0.222758768118859 
2500	-8.21400101747872E-02 
