Wavelength	09/27/123 at 12:26:17
350	 4.13649048238438E-02 
351	 0.041029466945551 
352	 0.041180553540967 
353	 4.13453934706242E-02 
354	 4.07521151938124E-02 
355	 4.09856543075664E-02 
356	 0.041228063127638 
357	 4.10611302966555E-02 
358	 4.14487585318955E-02 
359	 4.16143289108079E-02 
360	 4.16087765729578E-02 
361	 4.17973629951307E-02 
362	 4.18887709147936E-02 
363	 4.18993631582911E-02 
364	 4.18455487113891E-02 
365	 4.16061652262695E-02 
366	 4.17171806915527E-02 
367	 4.20390984675006E-02 
368	 4.21397639418998E-02 
369	 0.042216904855958 
370	 4.22854406609201E-02 
371	 4.23501776064049E-02 
372	 4.24433620897267E-02 
373	 4.24817660448115E-02 
374	 4.24634152272096E-02 
375	 4.24383146066372E-02 
376	 4.25405065731408E-02 
377	 4.26943207903883E-02 
378	 4.28171268440657E-02 
379	 4.28555108025157E-02 
380	 0.042918039854897 
381	 4.29921392556614E-02 
382	 0.043028189691612 
383	 4.32480084706448E-02 
384	 4.35534273246777E-02 
385	 4.37319299729456E-02 
386	 4.33627592233158E-02 
387	 4.33081209520624E-02 
388	 4.35522235832993E-02 
389	 4.36964519501464E-02 
390	 4.38093425530474E-02 
391	 4.40375889064302E-02 
392	 4.43796793685462E-02 
393	 4.45482067688203E-02 
394	 4.47080893018299E-02 
395	 4.47766011870241E-02 
396	 4.46328955187851E-02 
397	 4.45316970065699E-02 
398	 4.46498302315074E-02 
399	 4.49234918336811E-02 
400	 4.49201712146843E-02 
401	 4.49414806884716E-02 
402	 4.50290873753084E-02 
403	 4.51183080834314E-02 
404	 4.50059607041395E-02 
405	 4.49544925375153E-02 
406	 0.045083418797541 
407	 4.52017148622922E-02 
408	 4.52212018555925E-02 
409	 4.52003219874231E-02 
410	 4.52461225193185E-02 
411	 4.52720274912301E-02 
412	 4.53998043136196E-02 
413	 4.56105436747073E-02 
414	 4.56172658771729E-02 
415	 0.045595612221641 
416	 4.55896145820155E-02 
417	 4.55916164583902E-02 
418	 4.55472563897322E-02 
419	 4.55124576922508E-02 
420	 4.55313889999227E-02 
421	 4.56281711362069E-02 
422	 4.56735011263309E-02 
423	 4.56886268047569E-02 
424	 4.57447377115711E-02 
425	 4.58324480843987E-02 
426	 4.59082249616987E-02 
427	 4.59604826220219E-02 
428	 0.046031691358433 
429	 4.60818267450703E-02 
430	 4.61144023179006E-02 
431	 0.04614836277872 
432	 4.61944658495192E-02 
433	 4.62065051344958E-02 
434	 0.046191335313356 
435	 4.62293224570116E-02 
436	 4.63277347209862E-02 
437	 4.64080899831883E-02 
438	 4.63968526947326E-02 
439	 4.64053280302447E-02 
440	 4.64662721153855E-02 
441	 4.65398843407058E-02 
442	 4.64947899349819E-02 
443	 4.65454365339594E-02 
444	 0.046596871877619 
445	 4.65326114998637E-02 
446	 0.046609675869842 
447	 0.046714069531666 
448	 4.67760708493003E-02 
449	 4.68060327837949E-02 
450	 4.68487194829903E-02 
451	 4.68849414523125E-02 
452	 4.68922127386525E-02 
453	 4.69334426766312E-02 
454	 4.70015220051592E-02 
455	 4.70593069934702E-02 
456	 4.70398744526448E-02 
457	 4.70651338036045E-02 
458	 4.71631927330374E-02 
459	 4.72981329454542E-02 
460	 4.72854906831937E-02 
461	 0.047262309370335 
462	 4.72777940199374E-02 
463	 4.72741498412133E-02 
464	 4.73380002651095E-02 
465	 4.74250229894902E-02 
466	 4.74749290249985E-02 
467	 4.75098406308828E-02 
468	 4.75167208121706E-02 
469	 4.75257734933242E-02 
470	 4.76040815209932E-02 
471	 0.047689253241393 
472	 4.77474475790822E-02 
473	 4.77630960273676E-02 
474	 4.77531820498331E-02 
475	 0.047764969432141 
476	 4.77939216500533E-02 
477	 4.77982909946611E-02 
478	 4.78680803583405E-02 
479	 4.79437117676774E-02 
480	 0.047965368453488 
481	 0.047946078138023 
482	 4.79574968943134E-02 
483	 4.80275052189513E-02 
484	 4.81438370197584E-02 
485	 4.82300594646153E-02 
486	 4.82686473881965E-02 
487	 4.82804789911632E-02 
488	 4.83520453436081E-02 
489	 4.84350743106242E-02 
490	 4.84963593484053E-02 
491	 4.85169493594322E-02 
492	 4.85512307146119E-02 
493	 4.86192140276081E-02 
494	 4.87004495676789E-02 
495	 4.86851263118023E-02 
496	 4.86812146323677E-02 
497	 4.87170144626704E-02 
498	 0.048784177520943 
499	 4.88823090368568E-02 
500	 4.89785732786484E-02 
501	 4.90531352717982E-02 
502	 4.91145460425661E-02 
503	 4.91338116940893E-02 
504	 4.91279948525623E-02 
505	 4.91396739650011E-02 
506	 0.049247560964188 
507	 4.93442200469815E-02 
508	 4.93616027297271E-02 
509	 4.93035085183308E-02 
510	 4.93417088563024E-02 
511	 4.94493308676191E-02 
512	 4.95411757119501E-02 
513	 4.96437778419935E-02 
514	 4.97040907747522E-02 
515	 4.97080874558382E-02 
516	 4.96956162973905E-02 
517	 4.97539468990755E-02 
518	 4.98624706881704E-02 
519	 4.99584829614689E-02 
520	 4.99737095453881E-02 
521	 4.99931739256943E-02 
522	 5.00538598029264E-02 
523	 5.01458291563259E-02 
524	 5.01852446501599E-02 
525	 5.02053164668249E-02 
526	 5.02531728145744E-02 
527	 5.03267544402258E-02 
528	 5.03863159395861E-02 
529	 5.04280285261249E-02 
530	 5.04745244165733E-02 
531	 5.05093863321778E-02 
532	 5.05812646758579E-02 
533	 5.06945629987951E-02 
534	 5.07022529464061E-02 
535	 5.07379653934435E-02 
536	 5.08025863642461E-02 
537	 5.08289833759246E-02 
538	 5.08843280933007E-02 
539	 5.09580693095716E-02 
540	 0.051035143759109 
541	 5.11135656424908E-02 
542	 5.12025304602035E-02 
543	 5.12842009182413E-02 
544	 5.13369055730022E-02 
545	 5.14042032107314E-02 
546	 5.14718486489268E-02 
547	 0.051526109511032 
548	 0.051557551184624 
549	 5.16109397394502E-02 
550	 5.16960182767003E-02 
551	 5.18035277632197E-02 
552	 5.19085988805706E-02 
553	 5.19632389452979E-02 
554	 5.19839304163753E-02 
555	 5.20653652585492E-02 
556	 5.21480603615537E-02 
557	 5.22354877085493E-02 
558	 0.052331587455985 
559	 5.23720306338653E-02 
560	 0.052421611456777 
561	 5.25233490736436E-02 
562	 5.26926911851113E-02 
563	 5.27976711330905E-02 
564	 5.28588499722221E-02 
565	 5.29202150182236E-02 
566	 5.29777570425278E-02 
567	 5.30822590509495E-02 
568	 5.32051267569113E-02 
569	 5.32734575772505E-02 
570	 5.33796424194775E-02 
571	 5.34920699587161E-02 
572	 5.35761958893398E-02 
573	 5.36368791629635E-02 
574	 5.36812630023922E-02 
575	 5.37333477357798E-02 
576	 5.38215905713173E-02 
577	 5.39494979446912E-02 
578	 0.054040316240076 
579	 5.40740916210545E-02 
580	 5.41300098625401E-02 
581	 5.41945528350357E-02 
582	 5.42712786712087E-02 
583	 5.43557329630792E-02 
584	 5.43963050564722E-02 
585	 5.44327074797833E-02 
586	 0.054504243050726 
587	 0.054645045267633 
588	 5.47573528402383E-02 
589	 5.48403422916009E-02 
590	 5.49057848048251E-02 
591	 0.054931273232184 
592	 5.49754718695898E-02 
593	 5.50522214951579E-02 
594	 5.51407630033444E-02 
595	 5.51982871338997E-02 
596	 5.52393505893459E-02 
597	 5.52870273742465E-02 
598	 5.53551777924342E-02 
599	 5.54403127141356E-02 
600	 5.55254595569397E-02 
601	 5.55941512283012E-02 
602	 5.56671052637679E-02 
603	 5.57311479562562E-02 
604	 5.57817974386038E-02 
605	 5.58301586340373E-02 
606	 5.58390881211697E-02 
607	 5.58779121813263E-02 
608	 0.056009279924735 
609	 5.61144423821314E-02 
610	 5.62083253700558E-02 
611	 5.62812111130066E-02 
612	 5.62963288279522E-02 
613	 5.62972756388597E-02 
614	 0.056335206442612 
615	 5.64288810652444E-02 
616	 5.65098617524957E-02 
617	 5.65628315474054E-02 
618	 5.65940014797143E-02 
619	 5.66267230639597E-02 
620	 5.66715270274101E-02 
621	 5.67397130731896E-02 
622	 5.68212378521211E-02 
623	 5.68662191059759E-02 
624	 0.056931175048885 
625	 5.70081182812528E-02 
626	 5.70652741422304E-02 
627	 5.70897311159821E-02 
628	 5.70987368408538E-02 
629	 0.057112805283486 
630	 5.71523548905342E-02 
631	 5.72225733107099E-02 
632	 5.72860243558045E-02 
633	 5.73238499348287E-02 
634	 5.74223392513616E-02 
635	 5.74886537649096E-02 
636	 5.75117158335365E-02 
637	 5.75393164080633E-02 
638	 5.75817529867325E-02 
639	 5.76223086063395E-02 
640	 5.76576400607701E-02 
641	 5.77234235745076E-02 
642	 5.77991940374921E-02 
643	 5.78465835433346E-02 
644	 5.78450478500493E-02 
645	 5.79112132244407E-02 
646	 5.79930865906662E-02 
647	 5.80584435463387E-02 
648	 5.81140406795427E-02 
649	 5.81492905897734E-02 
650	 5.81869276646764E-02 
651	 5.82479168014859E-02 
652	 5.83291091393723E-02 
653	 5.83451174191171E-02 
654	 5.83293211960352E-02 
655	 5.83908058348197E-02 
656	 5.85180904817909E-02 
657	 5.85949643574228E-02 
658	 5.85893789593686E-02 
659	 5.86264164619997E-02 
660	 5.86836679025319E-02 
661	 5.87717908419744E-02 
662	 5.88808532357771E-02 
663	 5.88558105117032E-02 
664	 5.88639350099205E-02 
665	 5.89456264079177E-02 
666	 5.89959122799684E-02 
667	 5.90530051184017E-02 
668	 5.90941562128012E-02 
669	 5.91164898690287E-02 
670	 5.92022094879929E-02 
671	 5.92988512740228E-02 
672	 5.93409067769646E-02 
673	 0.059288405455989 
674	 5.93469159635359E-02 
675	 0.059427155009197 
676	 5.94690277132935E-02 
677	 5.95027886573211E-02 
678	 5.95460353246506E-02 
679	 5.96278005606524E-02 
680	 5.97477046104822E-02 
681	 5.97920053283284E-02 
682	 0.059800120247793 
683	 5.98044082687564E-02 
684	 5.98263925417194E-02 
685	 5.98362532799716E-02 
686	 5.99545708655278E-02 
687	 6.01963455031206E-02 
688	 6.02121264826777E-02 
689	 6.02561888467946E-02 
690	 6.03063298271596E-02 
691	 6.02824249166383E-02 
692	 6.02725728894667E-02 
693	 6.02882824667687E-02 
694	 6.03354234793577E-02 
695	 6.04100317668922E-02 
696	 0.060462784661247 
697	 6.04642921350895E-02 
698	 6.04317012377457E-02 
699	 6.04700200345986E-02 
700	 6.05627509499827E-02 
701	 6.06550213332464E-02 
702	 6.06832240460918E-02 
703	 6.06618335760037E-02 
704	 6.07019112981312E-02 
705	 6.07930572626354E-02 
706	 6.07865163960909E-02 
707	 6.08365714686913E-02 
708	 6.08862798161817E-02 
709	 6.08763546948123E-02 
710	 6.08684497292408E-02 
711	 6.08541250215655E-02 
712	 6.08927945060242E-02 
713	 6.10457295004126E-02 
714	 6.11047966844483E-02 
715	 6.11117726609648E-02 
716	 6.11191459329589E-02 
717	 6.11587746546399E-02 
718	 6.11371064959434E-02 
719	 6.11429242895517E-02 
720	 6.12530842780465E-02 
721	 6.13595082534482E-02 
722	 6.13952595662768E-02 
723	 6.13828953012042E-02 
724	 6.13803136487275E-02 
725	 6.13229828955594E-02 
726	 6.13453432035658E-02 
727	 6.14572720160904E-02 
728	 6.14765106484472E-02 
729	 6.15006150526915E-02 
730	 0.061539608075542 
731	 6.15843089000011E-02 
732	 6.16413487691595E-02 
733	 6.16668392236103E-02 
734	 6.16744859979151E-02 
735	 6.17053278821634E-02 
736	 6.17548504553729E-02 
737	 6.17986412290856E-02 
738	 0.061825287326246 
739	 6.18430834782335E-02 
740	 6.19135289096038E-02 
741	 6.19760935275151E-02 
742	 6.19787967046718E-02 
743	 6.19953844605076E-02 
744	 6.20400459536273E-02 
745	 6.20922075602208E-02 
746	 6.21184386195503E-02 
747	 6.21571356322188E-02 
748	 6.22051828291499E-02 
749	 6.22408813350082E-02 
750	 6.22276452971132E-02 
751	 6.22624718810273E-02 
752	 6.23430457257227E-02 
753	 6.24337135545036E-02 
754	 6.24820606186811E-02 
755	 6.25422639293221E-02 
756	 6.26134660196659E-02 
757	 6.26775476611681E-02 
758	 6.27940926758059E-02 
759	 6.29398207736595E-02 
760	 0.063128050064805 
761	 6.33853037755255E-02 
762	 6.34500398195867E-02 
763	 6.34088213962032E-02 
764	 6.33544511778203E-02 
765	 6.32345812365148E-02 
766	 6.31970776476497E-02 
767	 6.32013763716293E-02 
768	 6.31868149636715E-02 
769	 6.31851835052821E-02 
770	 6.31973309791484E-02 
771	 6.32118975527927E-02 
772	 6.32140443669482E-02 
773	 6.32612453877242E-02 
774	 6.33367828794483E-02 
775	 6.34093285188897E-02 
776	 6.34450757686827E-02 
777	 6.34718584380289E-02 
778	 6.34947260221955E-02 
779	 6.35204210509099E-02 
780	 6.35986150822308E-02 
781	 6.36183019470565E-02 
782	 6.36116186933819E-02 
783	 6.36882249285522E-02 
784	 6.37826422785581E-02 
785	 6.38117185952564E-02 
786	 6.37733594995846E-02 
787	 0.063772761456008 
788	 6.38429761619759E-02 
789	 6.39396411413079E-02 
790	 6.40090819809437E-02 
791	 6.40362648135661E-02 
792	 6.40256065573906E-02 
793	 0.064034223346827 
794	 6.41195051939645E-02 
795	 6.42192424618848E-02 
796	 6.42865903803338E-02 
797	 6.43059375614565E-02 
798	 6.42924906671161E-02 
799	 6.42699638753128E-02 
800	 6.42864769850454E-02 
801	 6.43516152609605E-02 
802	 6.44073650661007E-02 
803	 6.45028415698906E-02 
804	 0.064583710967579 
805	 0.064598421724486 
806	 6.45904628433381E-02 
807	 6.46012576594208E-02 
808	 6.46604758729481E-02 
809	 6.47672104729285E-02 
810	 6.48110682957623E-02 
811	 6.47911424758078E-02 
812	 6.47390220410964E-02 
813	 6.47134443442137E-02 
814	 6.47247616949291E-02 
815	 6.48350305396289E-02 
816	 6.50126703828819E-02 
817	 6.50423797170696E-02 
818	 6.49981244375183E-02 
819	 6.49593128284093E-02 
820	 6.49786076810664E-02 
821	 0.065015804047005 
822	 6.50406914535796E-02 
823	 6.50970184524066E-02 
824	 6.52309673348123E-02 
825	 6.52570414409946E-02 
826	 0.065311424649685 
827	 6.53993617766376E-02 
828	 6.53920713156186E-02 
829	 6.53719704855003E-02 
830	 0.065388827306013 
831	 6.54468074918409E-02 
832	 6.54843054601797E-02 
833	 6.55359666061989E-02 
834	 6.55629671770443E-02 
835	 6.55490902957522E-02 
836	 6.55808287777997E-02 
837	 6.56802839681048E-02 
838	 6.57400347158264E-02 
839	 0.065656436829443 
840	 6.56519362318564E-02 
841	 6.57606975140816E-02 
842	 6.58721743677459E-02 
843	 6.58052257479656E-02 
844	 6.57854801221749E-02 
845	 6.58370472581985E-02 
846	 6.59358746343005E-02 
847	 6.60295277705007E-02 
848	 6.59591143927698E-02 
849	 6.59139442627739E-02 
850	 6.60185272857715E-02 
851	 6.60507286451111E-02 
852	 6.60049593412641E-02 
853	 0.065967672676412 
854	 6.60275689911649E-02 
855	 6.61319884656233E-02 
856	 6.61491352274166E-02 
857	 6.61497410893926E-02 
858	 6.62612986589762E-02 
859	 6.62414556420071E-02 
860	 6.62750413092761E-02 
861	 6.63790281834797E-02 
862	 6.64028581926776E-02 
863	 6.64424969753877E-02 
864	 6.63995774129738E-02 
865	 0.066268978955694 
866	 6.62234240886999E-02 
867	 6.63602901092704E-02 
868	 6.65269736543884E-02 
869	 6.65821143074904E-02 
870	 6.65580478260383E-02 
871	 0.066516505345135 
872	 6.64299097079804E-02 
873	 6.63138708324017E-02 
874	 6.64455487333686E-02 
875	 6.65194713172977E-02 
876	 6.65524560396144E-02 
877	 6.67019799250828E-02 
878	 6.69246370576092E-02 
879	 6.69082356727454E-02 
880	 6.67232728386376E-02 
881	 6.67169471613168E-02 
882	 6.66513976253358E-02 
883	 6.67406512058232E-02 
884	 6.69744079888729E-02 
885	 6.70418923168114E-02 
886	 0.066971759444714 
887	 6.69556151302732E-02 
888	 6.70289679065215E-02 
889	 6.68960353254354E-02 
890	 6.68472204199836E-02 
891	 6.68975482661927E-02 
892	 6.69686257994302E-02 
893	 6.69416685805263E-02 
894	 6.69240562772708E-02 
895	 6.68942593259822E-02 
896	 6.68360650084212E-02 
897	 6.69684046439878E-02 
898	 6.70180320141059E-02 
899	 6.69301080880878E-02 
900	 6.68353318519727E-02 
901	 6.70608643523439E-02 
902	 6.72384958880322E-02 
903	 6.71567758384178E-02 
904	 6.68429668290053E-02 
905	 6.69300360459098E-02 
906	 6.71121758808609E-02 
907	 6.71434469876898E-02 
908	 6.69706131321711E-02 
909	 6.69523854377108E-02 
910	 6.69731023763836E-02 
911	 6.70072815915993E-02 
912	 6.72394904394664E-02 
913	 6.72446103239822E-02 
914	 6.71794767386569E-02 
915	 6.71237083187639E-02 
916	 0.066795166239693 
917	 6.70837325077945E-02 
918	 0.067453808387505 
919	 6.73945201428365E-02 
920	 6.73236251199037E-02 
921	 6.74197211837397E-02 
922	 6.74516091450996E-02 
923	 6.72437651382739E-02 
924	 6.73164749232885E-02 
925	 6.72965360404408E-02 
926	 0.066906179193336 
927	 6.61735156034306E-02 
928	 6.63685326775838E-02 
929	 6.68295205315343E-02 
930	 6.69122315240846E-02 
931	 6.62800205128458E-02 
932	 6.65652954671881E-02 
933	 6.61196043095428E-02 
934	 6.52606684154906E-02 
935	 6.58234346856319E-02 
936	 6.58078639179188E-02 
937	 6.61420470941897E-02 
938	 6.66561285320056E-02 
939	 6.64008403194802E-02 
940	 6.67341407672404E-02 
941	 6.64642617857638E-02 
942	 6.57344846350774E-02 
943	 0.066026659235573 
944	 6.63387480388232E-02 
945	 6.61880037209168E-02 
946	 6.58010881148584E-02 
947	 0.066105993440585 
948	 6.59983861313461E-02 
949	 0.066115644300971 
950	 6.67400940429519E-02 
951	 6.72693973916311E-02 
952	 6.75165018335925E-02 
953	 6.73632327645815E-02 
954	 6.68347187567807E-02 
955	 6.61153745076601E-02 
956	 0.066080758924317 
957	 6.64892669049829E-02 
958	 6.69762336457007E-02 
959	 6.74940581564975E-02 
960	 6.79642629965812E-02 
961	 6.78023536153716E-02 
962	 6.71818960129571E-02 
963	 6.78919259325724E-02 
964	 6.85377359325009E-02 
965	 6.85082825059564E-02 
966	 6.78425774355761E-02 
967	 6.74556960245088E-02 
968	 6.74828111820921E-02 
969	 6.80692062143511E-02 
970	 6.88337659694893E-02 
971	 0.068104215834348 
972	 6.74272874249993E-02 
973	 6.74843120025171E-02 
974	 6.81937580400155E-02 
975	 6.81646933139632E-02 
976	 6.80298580764564E-02 
977	 6.80874425863234E-02 
978	 6.83687362515179E-02 
979	 6.84443822815315E-02 
980	 6.83529987487435E-02 
981	 6.80417766808773E-02 
982	 6.77259684545006E-02 
983	 6.86241679904032E-02 
984	 6.89353817910787E-02 
985	 6.85798488799002E-02 
986	 6.82260392136068E-02 
987	 6.84561750180833E-02 
988	 6.86644594240023E-02 
989	 6.89891664171941E-02 
990	 6.96013668123766E-02 
991	 0.069659150564574 
992	 6.95250245746697E-02 
993	 0.069508287028332 
994	 6.97079095422439E-02 
995	 6.95703811113633E-02 
996	 6.95349270514622E-02 
997	 6.92940169055781E-02 
998	 6.85411480778698E-02 
999	 6.81125660319258E-02 
1000	 6.81780587826146E-02 
1001	 0.071196425848218 
1002	 7.10185649383155E-02 
1003	 7.10649290517867E-02 
1004	 7.11378781742407E-02 
1005	 7.12828601903418E-02 
1006	 7.13169357203414E-02 
1007	 0.071338513106477 
1008	 7.14529670474861E-02 
1009	 7.14020448439267E-02 
1010	 7.15125570624688E-02 
1011	 7.17598778554442E-02 
1012	 7.18409303324383E-02 
1013	 7.20285282379944E-02 
1014	 0.071983918331799 
1015	 7.17482218571255E-02 
1016	 7.16368792878178E-02 
1017	 7.15486706040296E-02 
1018	 7.14117425952552E-02 
1019	 7.13711822850656E-02 
1020	 0.071406012057231 
1021	 7.13729549176933E-02 
1022	 7.13621868059292E-02 
1023	 7.15256609202475E-02 
1024	 7.16393145375469E-02 
1025	 0.071806271554047 
1026	 7.20484170964087E-02 
1027	 0.072056769153401 
1028	 7.20739405265573E-02 
1029	 0.072122105355278 
1030	 7.21171285238246E-02 
1031	 7.20836550760552E-02 
1032	 7.20089425657595E-02 
1033	 7.20084497137848E-02 
1034	 7.20110343598475E-02 
1035	 7.19829539760184E-02 
1036	 7.20858429973268E-02 
1037	 7.21088510603498E-02 
1038	 0.072260521287498 
1039	 7.23417758641236E-02 
1040	 7.23365909428616E-02 
1041	 7.26604584271816E-02 
1042	 7.27358906822544E-02 
1043	 7.27272987636788E-02 
1044	 7.28134296904806E-02 
1045	 7.29701242968094E-02 
1046	 7.29330170024529E-02 
1047	 7.29976415490669E-02 
1048	 7.30691897720297E-02 
1049	 7.31130735874864E-02 
1050	 7.30820834938697E-02 
1051	 7.29847634721868E-02 
1052	 7.30518079012854E-02 
1053	 7.31122327433171E-02 
1054	 7.31222511180377E-02 
1055	 7.30939087104957E-02 
1056	 7.30275204321005E-02 
1057	 0.072988657242684 
1058	 7.28326578687814E-02 
1059	 7.28005692627769E-02 
1060	 0.072880315535598 
1061	 7.29525226992171E-02 
1062	 7.29103321708349E-02 
1063	 7.30455006707621E-02 
1064	 7.31714848170589E-02 
1065	 7.33037012968725E-02 
1066	 7.34202071650747E-02 
1067	 7.33607108778296E-02 
1068	 7.34159366874469E-02 
1069	 7.35147825823971E-02 
1070	 7.35680258961764E-02 
1071	 7.37946094161827E-02 
1072	 7.38357454902565E-02 
1073	 7.35903842420758E-02 
1074	 7.35580176864261E-02 
1075	 7.36193797688152E-02 
1076	 7.35781899035097E-02 
1077	 7.36396987123698E-02 
1078	 7.37605435686702E-02 
1079	 7.37539004378882E-02 
1080	 7.38470767268229E-02 
1081	 7.39046870383386E-02 
1082	 7.39588371491838E-02 
1083	 7.39840373006213E-02 
1084	 0.073914358273588 
1085	 0.073946921765199 
1086	 7.40126578529836E-02 
1087	 7.40875632496139E-02 
1088	 7.42712203790949E-02 
1089	 7.43629034087507E-02 
1090	 7.44216648773094E-02 
1091	 7.44579495512545E-02 
1092	 0.074411528551299 
1093	 0.074239294712095 
1094	 7.42259478599371E-02 
1095	 7.43943512760808E-02 
1096	 0.074495878823861 
1097	 7.47957980485748E-02 
1098	 7.48404676327774E-02 
1099	 7.46833707004338E-02 
1100	 7.46307256780072E-02 
1101	 7.45438774161597E-02 
1102	 7.45027781084023E-02 
1103	 7.45053465371053E-02 
1104	 7.45310526276714E-02 
1105	 7.44997019984228E-02 
1106	 7.45480577441437E-02 
1107	 7.48016386299138E-02 
1108	 7.49049613253159E-02 
1109	 0.074820936924086 
1110	 7.48456055767638E-02 
1111	 7.48691194979814E-02 
1112	 7.47608261115029E-02 
1113	 7.47612489587693E-02 
1114	 7.49904340341461E-02 
1115	 7.50066518694333E-02 
1116	 0.074806618409989 
1117	 7.47677230277642E-02 
1118	 7.46931473182696E-02 
1119	 7.47099048362837E-02 
1120	 7.49717175562175E-02 
1121	 7.50683223331529E-02 
1122	 7.50727165648888E-02 
1123	 7.51765297628278E-02 
1124	 7.52789581390265E-02 
1125	 7.52831083138425E-02 
1126	 7.54088451544984E-02 
1127	 7.58257168986985E-02 
1128	 7.57248900392634E-02 
1129	 7.53240097589086E-02 
1130	 7.51009450017385E-02 
1131	 7.43043372139244E-02 
1132	 7.44078527874646E-02 
1133	 7.53115446997851E-02 
1134	 7.56304677008955E-02 
1135	 7.62835961678544E-02 
1136	 7.64825118653176E-02 
1137	 7.61613461239511E-02 
1138	 7.59047755327539E-02 
1139	 0.075385223933344 
1140	 7.50400102866939E-02 
1141	 7.50453190005319E-02 
1142	 7.51561431161211E-02 
1143	 7.53342186029446E-02 
1144	 7.59414598960201E-02 
1145	 7.61783355815315E-02 
1146	 7.62600890503293E-02 
1147	 7.63303526951177E-02 
1148	 0.076422630257956 
1149	 7.63769022045723E-02 
1150	 7.60426888069108E-02 
1151	 0.076007349924617 
1152	 7.60101579978643E-02 
1153	 7.60707533512914E-02 
1154	 7.62293752137782E-02 
1155	 7.65513475833299E-02 
1156	 0.076760613647194 
1157	 7.68792450877976E-02 
1158	 7.68750208244494E-02 
1159	 0.076728796511525 
1160	 7.67891642923938E-02 
1161	 7.68522621620491E-02 
1162	 7.68949547437012E-02 
1163	 7.70370905172935E-02 
1164	 7.71078361482367E-02 
1165	 7.70507113238971E-02 
1166	 7.71148761101643E-02 
1167	 7.73099028909348E-02 
1168	 7.74041633417625E-02 
1169	 7.74495815348425E-02 
1170	 7.74938512891888E-02 
1171	 7.74574034525762E-02 
1172	 7.75749753636342E-02 
1173	 7.75060254639566E-02 
1174	 7.74926884058894E-02 
1175	 7.74696197118015E-02 
1176	 7.73098306155435E-02 
1177	 7.73395967098734E-02 
1178	 7.75810583468573E-02 
1179	 7.76133122415058E-02 
1180	 7.75925524585795E-02 
1181	 7.76271577211653E-02 
1182	 7.75801872090161E-02 
1183	 7.75656430685709E-02 
1184	 7.75691433708551E-02 
1185	 7.76548880467525E-02 
1186	 7.77913632999113E-02 
1187	 7.78578467959024E-02 
1188	 0.077993118799262 
1189	 7.81742117228726E-02 
1190	 7.79443972016163E-02 
1191	 7.78392677560417E-02 
1192	 7.78728751466788E-02 
1193	 7.77825450334165E-02 
1194	 7.77970318025707E-02 
1195	 7.79608671805842E-02 
1196	 7.80976040670787E-02 
1197	 7.82604564185191E-02 
1198	 7.83027676939879E-02 
1199	 0.078375194151505 
1200	 7.83492463020226E-02 
1201	 7.80954910581543E-02 
1202	 7.80530360185793E-02 
1203	 7.80676621073443E-02 
1204	 7.81245989040304E-02 
1205	 7.83132645807425E-02 
1206	 7.84217894186703E-02 
1207	 7.84598088823006E-02 
1208	 7.85413963571061E-02 
1209	 7.85174880971115E-02 
1210	 7.84451615204026E-02 
1211	 7.84197951890185E-02 
1212	 7.83676880026321E-02 
1213	 7.83505393488023E-02 
1214	 0.07843679897948 
1215	 0.078496539194196 
1216	 7.86430125403866E-02 
1217	 7.86601131285858E-02 
1218	 7.85613341253447E-02 
1219	 7.85452730355798E-02 
1220	 0.078513088683279 
1221	 7.85336029068055E-02 
1222	 7.86908931185589E-02 
1223	 7.87213220001816E-02 
1224	 7.86668178363338E-02 
1225	 7.86000488548402E-02 
1226	 7.86865311575036E-02 
1227	 7.87170061537207E-02 
1228	 7.87917535837776E-02 
1229	 7.88613382164616E-02 
1230	 7.87594433049793E-02 
1231	 0.078727984737771 
1232	 7.87384326789911E-02 
1233	 7.87381348825318E-02 
1234	 7.87707754168908E-02 
1235	 7.88176305566283E-02 
1236	 0.078875236420262 
1237	 7.90267880487677E-02 
1238	 7.90495517062042E-02 
1239	 7.89557031413597E-02 
1240	 7.89509256462071E-02 
1241	 7.89174706105776E-02 
1242	 7.89032550281088E-02 
1243	 7.89065090262657E-02 
1244	 7.90752248945137E-02 
1245	 7.91116199202404E-02 
1246	 7.90067289777748E-02 
1247	 7.90013775750383E-02 
1248	 7.89918031408257E-02 
1249	 7.89182316862099E-02 
1250	 7.90047390581313E-02 
1251	 7.91813927565054E-02 
1252	 7.92355106845365E-02 
1253	 7.93062767151517E-02 
1254	 7.93693498490309E-02 
1255	 7.94113592066668E-02 
1256	 7.94144007501601E-02 
1257	 7.93486783707516E-02 
1258	 7.91912785836159E-02 
1259	 7.92055406302058E-02 
1260	 7.92125349675696E-02 
1261	 7.92579669848471E-02 
1262	 7.95142340262645E-02 
1263	 7.95372650833101E-02 
1264	 7.93600665911196E-02 
1265	 7.94133098318348E-02 
1266	 7.94912409669339E-02 
1267	 7.95834258459409E-02 
1268	 7.98599542103862E-02 
1269	 7.98773018550996E-02 
1270	 7.98071106112453E-02 
1271	 0.079865399045634 
1272	 7.96333162365303E-02 
1273	 7.95074603380843E-02 
1274	 7.94485199935172E-02 
1275	 7.91652019111364E-02 
1276	 7.92484643243689E-02 
1277	 7.93996827233889E-02 
1278	 7.93527844261612E-02 
1279	 7.95203436225247E-02 
1280	 7.95597345284235E-02 
1281	 7.94139323315304E-02 
1282	 7.94154177236631E-02 
1283	 7.94924843956627E-02 
1284	 7.94915394403843E-02 
1285	 7.94738648611324E-02 
1286	 7.95842103661691E-02 
1287	 7.95650222677849E-02 
1288	 7.96051970255067E-02 
1289	 0.079778223455502 
1290	 7.96394204461749E-02 
1291	 7.94582498171268E-02 
1292	 0.079569901043033 
1293	 7.95708989253424E-02 
1294	 7.96248173318908E-02 
1295	 7.99611246658592E-02 
1296	 7.99519548121331E-02 
1297	 7.97234493414628E-02 
1298	 7.98719878879007E-02 
1299	 7.99655036780397E-02 
1300	 7.98011885485214E-02 
1301	 7.97921940983039E-02 
1302	 7.97466239640043E-02 
1303	 7.96726087290247E-02 
1304	 7.95097331204601E-02 
1305	 7.95486797558111E-02 
1306	 7.97111899791227E-02 
1307	 7.97561144082454E-02 
1308	 7.97552435947031E-02 
1309	 7.97337187053958E-02 
1310	 0.079715895830049 
1311	 7.97131377074044E-02 
1312	 7.97553146670499E-02 
1313	 7.98857656458664E-02 
1314	 7.99737972782225E-02 
1315	 7.99492673328753E-02 
1316	 8.00084688926762E-02 
1317	 8.01839601428464E-02 
1318	 8.01489401093001E-02 
1319	 7.98568894566739E-02 
1320	 7.98096221802978E-02 
1321	 7.98703860303054E-02 
1322	 7.96713869491968E-02 
1323	 7.98600207037729E-02 
1324	 8.01231806664807E-02 
1325	 7.99391473955517E-02 
1326	 8.01467427133732E-02 
1327	 8.03430365509853E-02 
1328	 8.00485782464354E-02 
1329	 7.99933215271219E-02 
1330	 8.00289386948682E-02 
1331	 8.00616768035864E-02 
1332	 7.99580958097409E-02 
1333	 8.01925941319473E-02 
1334	 8.03554976126265E-02 
1335	 8.00332504404311E-02 
1336	 8.00477383682401E-02 
1337	 8.03266316869986E-02 
1338	 8.03676004595574E-02 
1339	 0.080589562676706 
1340	 0.080626171736427 
1341	 8.02528586153167E-02 
1342	 0.080123520786058 
1343	 8.02528981786716E-02 
1344	 8.01298876385713E-02 
1345	 0.080120683050199 
1346	 8.02491380128706E-02 
1347	 7.99598738385524E-02 
1348	 7.96628282988525E-02 
1349	 7.94619047243878E-02 
1350	 7.92471746048101E-02 
1351	 7.90974419592651E-02 
1352	 7.94645400838925E-02 
1353	 8.00669138604538E-02 
1354	 7.96765675208654E-02 
1355	 7.89469423269147E-02 
1356	 7.84489927757432E-02 
1357	 7.92041325406684E-02 
1358	 8.08765961296111E-02 
1359	 8.01768766918692E-02 
1360	 7.63645756436691E-02 
1361	 7.00159953507427E-02 
1362	 6.29798765791118E-02 
1363	 5.19085840808311E-02 
1364	 5.84535162279168E-02 
1365	 8.00545705770969E-02 
1366	 5.78522410352356E-02 
1367	 3.57205302256001E-02 
1368	 2.65083157472294E-02 
1369	 9.52609391176234E-03 
1370	 4.36730286644268E-02 
1371	 3.06153087219895E-02 
1372	 7.64699764284229E-03 
1373	 4.56505406903727E-02 
1374	 4.28711419645509E-02 
1375	 9.90666817479317E-02 
1376	 0.142872562853385 
1377	 8.55744651943389E-02 
1378	 6.12557994638942E-02 
1379	 3.86475553326224E-02 
1380	 4.40756832500272E-02 
1381	 5.54546030274633E-02 
1382	 5.61723553154139E-02 
1383	 5.31485037112135E-02 
1384	 2.36258072535833E-02 
1385	 4.30618918016329E-02 
1386	 5.63148037095222E-02 
1387	 5.72800812518299E-02 
1388	 6.80054054748348E-02 
1389	 7.31069627950625E-02 
1390	 6.31139486486956E-02 
1391	 7.55333610628403E-02 
1392	 8.02946407403036E-02 
1393	 8.25418223005607E-02 
1394	 0.103174455131437 
1395	 9.99981878160806E-02 
1396	 0.076544040454862 
1397	 9.18038278614017E-02 
1398	 0.104216005105142 
1399	 6.98955993441275E-02 
1400	 6.91359694804563E-02 
1401	 7.34606209250744E-02 
1402	 5.21388719929652E-02 
1403	 6.97132291433342E-02 
1404	 8.90026866364793E-02 
1405	 8.52973016438536E-02 
1406	 9.07277340012087E-02 
1407	 8.84948440189915E-02 
1408	 7.89761205070295E-02 
1409	 7.89529477393257E-02 
1410	 7.82156628460148E-02 
1411	 7.82154192485675E-02 
1412	 8.17928797520642E-02 
1413	 8.44578967489975E-02 
1414	 8.32843531541013E-02 
1415	 7.75082400296083E-02 
1416	 7.59649435366934E-02 
1417	 7.75010546488933E-02 
1418	 7.74954169279497E-02 
1419	 8.02926918784864E-02 
1420	 8.34439029205121E-02 
1421	 8.26440449673155E-02 
1422	 8.01242566999446E-02 
1423	 7.98729663528523E-02 
1424	 0.080861451109526 
1425	 8.06371327683775E-02 
1426	 0.08054451707105 
1427	 8.13358891274588E-02 
1428	 8.20178069822001E-02 
1429	 8.25027308491206E-02 
1430	 0.082957142253154 
1431	 8.31173656659142E-02 
1432	 8.31021426990628E-02 
1433	 8.20551740189225E-02 
1434	 8.12123972701526E-02 
1435	 8.14654709099704E-02 
1436	 8.17138123891123E-02 
1437	 8.12441114156671E-02 
1438	 8.11028283680071E-02 
1439	 8.21826959200269E-02 
1440	 8.26642052768171E-02 
1441	 0.082352029243677 
1442	 0.082275072589673 
1443	 8.20444624915631E-02 
1444	 0.082183128221718 
1445	 8.29008955140782E-02 
1446	 8.32687147839222E-02 
1447	 8.26675533369676E-02 
1448	 8.19473655141525E-02 
1449	 8.19180244604123E-02 
1450	 8.17751438816361E-02 
1451	 0.081764233852183 
1452	 8.22105150981389E-02 
1453	 8.21147672807301E-02 
1454	 8.21135283783326E-02 
1455	 8.27773004570726E-02 
1456	 8.32461461062869E-02 
1457	 8.32235079626848E-02 
1458	 8.29199155078473E-02 
1459	 0.08270226209457 
1460	 0.082620003896132 
1461	 0.082648200936987 
1462	 8.28148388875871E-02 
1463	 8.28696720233523E-02 
1464	 8.28375925265083E-02 
1465	 8.29815197112013E-02 
1466	 0.083101006752633 
1467	 8.30127382182149E-02 
1468	 8.29682818445989E-02 
1469	 8.28821679686015E-02 
1470	 8.29252387279895E-02 
1471	 8.30891058730767E-02 
1472	 8.36327750085099E-02 
1473	 8.38434058212613E-02 
1474	 8.35559720504331E-02 
1475	 8.35707961770838E-02 
1476	 8.37103157302566E-02 
1477	 8.32307805864395E-02 
1478	 8.29290009267786E-02 
1479	 8.31977538213461E-02 
1480	 8.31578309577238E-02 
1481	 8.32139291980914E-02 
1482	 8.36316900823847E-02 
1483	 8.34319188383129E-02 
1484	 8.28110066136966E-02 
1485	 8.29589461301783E-02 
1486	 8.37354317691207E-02 
1487	 8.41207134860859E-02 
1488	 8.41158730401227E-02 
1489	 8.39546392751563E-02 
1490	 8.36217606819578E-02 
1491	 8.36129346764072E-02 
1492	 8.39383385205661E-02 
1493	 8.41431150977713E-02 
1494	 8.40857255907448E-02 
1495	 8.38150011080422E-02 
1496	 8.37006925051759E-02 
1497	 8.38103533455085E-02 
1498	 8.39200615429292E-02 
1499	 8.39806993374599E-02 
1500	 8.39620524270452E-02 
1501	 8.37601379550354E-02 
1502	 8.35667427944478E-02 
1503	 8.36884775307546E-02 
1504	 8.37684214568094E-02 
1505	 8.37680748241739E-02 
1506	 8.39457443538315E-02 
1507	 0.084041324524832 
1508	 8.41180893498502E-02 
1509	 0.084252140633056 
1510	 8.41319506110468E-02 
1511	 0.083898759980333 
1512	 8.37776567104599E-02 
1513	 8.38151089964685E-02 
1514	 8.40578996260181E-02 
1515	 0.084057573283156 
1516	 8.39091786535915E-02 
1517	 8.40664994302937E-02 
1518	 8.41642444042481E-02 
1519	 8.41319691707004E-02 
1520	 8.42010940404552E-02 
1521	 8.41134528620173E-02 
1522	 8.39404526416263E-02 
1523	 8.40630835657406E-02 
1524	 8.42637671236274E-02 
1525	 8.42914388172217E-02 
1526	 0.084244684061006 
1527	 8.42779802679043E-02 
1528	 8.43238430153809E-02 
1529	 8.42699757190829E-02 
1530	 8.44048649973667E-02 
1531	 8.44423627981822E-02 
1532	 8.42359454361658E-02 
1533	 0.084173680793658 
1534	 8.43007277567463E-02 
1535	 8.43339471892256E-02 
1536	 8.43532337296344E-02 
1537	 0.084371981366318 
1538	 8.44192206129869E-02 
1539	 8.42877401339304E-02 
1540	 8.42753441812187E-02 
1541	 8.43764418220744E-02 
1542	 8.44017219513368E-02 
1543	 8.43643572159751E-02 
1544	 8.41555428255062E-02 
1545	 8.40645562501274E-02 
1546	 8.42145680837307E-02 
1547	 8.42916151273066E-02 
1548	 8.43576316122582E-02 
1549	 8.44643046297534E-02 
1550	 8.44406133955443E-02 
1551	 8.43341867225225E-02 
1552	 8.43117762977533E-02 
1553	 8.43228334961549E-02 
1554	 8.43395456265457E-02 
1555	 8.44357446269048E-02 
1556	 8.44525557999907E-02 
1557	 8.44369235144815E-02 
1558	 8.45368490995271E-02 
1559	 8.45753039283914E-02 
1560	 8.45464478656551E-02 
1561	 8.45214345209932E-02 
1562	 8.44680506054006E-02 
1563	 8.44063740362944E-02 
1564	 8.44379330332851E-02 
1565	 8.45258629422237E-02 
1566	 8.45226879167905E-02 
1567	 8.45146757979276E-02 
1568	 8.45227327279372E-02 
1569	 8.44841243509038E-02 
1570	 8.44616492265908E-02 
1571	 8.44638180499677E-02 
1572	 8.43509729610466E-02 
1573	 8.42967525667122E-02 
1574	 8.44914153903176E-02 
1575	 8.45913499198046E-02 
1576	 8.46141021499709E-02 
1577	 8.46809745357325E-02 
1578	 8.44663426471222E-02 
1579	 8.43256467121641E-02 
1580	 8.46087190372701E-02 
1581	 8.47439040622872E-02 
1582	 8.46784324649939E-02 
1583	 8.46399683109171E-02 
1584	 8.45341981786828E-02 
1585	 0.084555560615514 
1586	 8.46599025555102E-02 
1587	 8.47172215378434E-02 
1588	 8.46395572393544E-02 
1589	 8.44065243153324E-02 
1590	 8.44335581030192E-02 
1591	 8.45478133816054E-02 
1592	 8.44315232893058E-02 
1593	 8.43466586641108E-02 
1594	 0.084312529814803 
1595	 8.42856520956839E-02 
1596	 8.44727627095325E-02 
1597	 8.46592646440704E-02 
1598	 8.46455342046625E-02 
1599	 8.46329526549303E-02 
1600	 8.45377532364153E-02 
1601	 8.44508235678473E-02 
1602	 8.44907836206112E-02 
1603	 0.084538323709082 
1604	 8.45559439582318E-02 
1605	 8.46028595714768E-02 
1606	 8.46703059165946E-02 
1607	 8.45813240697604E-02 
1608	 8.45290398930312E-02 
1609	 8.46707639779556E-02 
1610	 8.48744164125156E-02 
1611	 8.49155739234238E-02 
1612	 8.47134505629992E-02 
1613	 8.46749343056893E-02 
1614	 8.47271757772467E-02 
1615	 8.46159536520269E-02 
1616	 8.47205764420106E-02 
1617	 8.47595014345627E-02 
1618	 8.44686616206207E-02 
1619	 0.084478335905959 
1620	 8.46260119098421E-02 
1621	 8.45865080749288E-02 
1622	 8.45537880426633E-02 
1623	 8.44827635671776E-02 
1624	 8.44857688379292E-02 
1625	 8.46141865126549E-02 
1626	 8.48417852926324E-02 
1627	 8.48782294562742E-02 
1628	 8.45845962865125E-02 
1629	 8.46373207577852E-02 
1630	 8.47337236273528E-02 
1631	 8.44334422918028E-02 
1632	 8.44964121855163E-02 
1633	 8.45121771247406E-02 
1634	 8.41436098417265E-02 
1635	 8.42971224050575E-02 
1636	 8.46182359652363E-02 
1637	 8.45813275154554E-02 
1638	 8.46555238244857E-02 
1639	 8.47495806093286E-02 
1640	 8.44866642991032E-02 
1641	 8.42253714225965E-02 
1642	 8.43137732060762E-02 
1643	 8.43989448474569E-02 
1644	 8.44185634734898E-02 
1645	 8.45740733312759E-02 
1646	 8.44865747708173E-02 
1647	 8.42203063949111E-02 
1648	 8.43496076814381E-02 
1649	 8.45280438022688E-02 
1650	 8.44651950944843E-02 
1651	 8.47526632705954E-02 
1652	 8.49178458809944E-02 
1653	 8.46300238856555E-02 
1654	 8.46321596611774E-02 
1655	 8.45470541284364E-02 
1656	 8.43338507208054E-02 
1657	 8.44867698240116E-02 
1658	 0.084725756762295 
1659	 8.47995857086106E-02 
1660	 8.47053673246555E-02 
1661	 8.47147315285333E-02 
1662	 8.46511834798122E-02 
1663	 8.44417800614312E-02 
1664	 8.45181937594311E-02 
1665	 8.45153145090141E-02 
1666	 8.43746556518249E-02 
1667	 8.46109916421562E-02 
1668	 0.08478606765188 
1669	 8.47737005322671E-02 
1670	 8.48055912698997E-02 
1671	 8.45802308803219E-02 
1672	 8.43749851443026E-02 
1673	 8.44240241882287E-02 
1674	 8.45560041748462E-02 
1675	 8.47351181747149E-02 
1676	 8.47643020177061E-02 
1677	 8.46688663387253E-02 
1678	 8.46738639902467E-02 
1679	 8.45841681200455E-02 
1680	 8.45826933139919E-02 
1681	 8.49102812424065E-02 
1682	 8.49972803906961E-02 
1683	 8.49336788467047E-02 
1684	 0.084785686538909 
1685	 8.44687887093213E-02 
1686	 8.44703552750081E-02 
1687	 0.084518983973636 
1688	 8.46084953887521E-02 
1689	 8.48065408835428E-02 
1690	 8.46162921995035E-02 
1691	 8.45161087486868E-02 
1692	 8.47150886455888E-02 
1693	 8.47325749970768E-02 
1694	 8.47983968943863E-02 
1695	 8.49881784579195E-02 
1696	 8.48452422067845E-02 
1697	 8.45739168270424E-02 
1698	 8.44876966521616E-02 
1699	 8.44455341256553E-02 
1700	 8.46072775664875E-02 
1701	 8.49416618466094E-02 
1702	 8.50516360628012E-02 
1703	 8.50370215037252E-02 
1704	 8.47129820040645E-02 
1705	 0.084633734798652 
1706	 8.46802815329972E-02 
1707	 8.47972165394768E-02 
1708	 8.51690832194301E-02 
1709	 8.52305057559083E-02 
1710	 0.085163413001313 
1711	 8.49828174537012E-02 
1712	 8.43502451744341E-02 
1713	 8.42678362658124E-02 
1714	 8.45582606183191E-02 
1715	 8.46551258018673E-02 
1716	 8.49908039786782E-02 
1717	 8.51083570619683E-02 
1718	 8.48669730549958E-02 
1719	 8.49129588532818E-02 
1720	 8.52268762462063E-02 
1721	 8.52938136825058E-02 
1722	 8.52828405770971E-02 
1723	 8.51993074132845E-02 
1724	 8.48633692131539E-02 
1725	 8.47534998037837E-02 
1726	 8.48433159587283E-02 
1727	 8.48025033823384E-02 
1728	 8.46225198786559E-02 
1729	 8.47352329209268E-02 
1730	 8.51013532989658E-02 
1731	 8.51792468339875E-02 
1732	 8.54062032293323E-02 
1733	 8.52258350611957E-02 
1734	 8.42913173616416E-02 
1735	 8.42172128441084E-02 
1736	 8.46672229284619E-02 
1737	 8.46644546638102E-02 
1738	 8.48165211032717E-02 
1739	 8.48827244258971E-02 
1740	 8.43899169083998E-02 
1741	 8.44874801738563E-02 
1742	 8.52364591475678E-02 
1743	 8.53851895853033E-02 
1744	 8.54580863069838E-02 
1745	 8.54203372164888E-02 
1746	 8.49507832720909E-02 
1747	 8.48274060287501E-02 
1748	 8.47942869622842E-02 
1749	 8.47715312608306E-02 
1750	 0.085026191838327 
1751	 8.50599737792971E-02 
1752	 8.47763761042845E-02 
1753	 8.49384360208124E-02 
1754	 8.48775637652185E-02 
1755	 8.50843982007998E-02 
1756	 8.55237059611709E-02 
1757	 8.54350215898918E-02 
1758	 0.085427942339076 
1759	 8.52890283111552E-02 
1760	 8.48143247768231E-02 
1761	 8.50854541691024E-02 
1762	 8.51578323061443E-02 
1763	 8.51311145310591E-02 
1764	 8.56827518456513E-02 
1765	 8.53508559533092E-02 
1766	 8.49592772784124E-02 
1767	 8.48729498331976E-02 
1768	 8.44447451297329E-02 
1769	 8.45081660299974E-02 
1770	 8.46631098254987E-02 
1771	 8.53260101138536E-02 
1772	 8.55822115584559E-02 
1773	 8.56704120412197E-02 
1774	 8.57585202020486E-02 
1775	 8.54905719426533E-02 
1776	 0.085248336526588 
1777	 8.49372251457801E-02 
1778	 8.49610544579239E-02 
1779	 8.50102090783842E-02 
1780	 8.51052185124432E-02 
1781	 8.59168355581667E-02 
1782	 8.60299924927444E-02 
1783	 8.57765352692555E-02 
1784	 8.55663519735679E-02 
1785	 0.084718915533475 
1786	 8.41794695955382E-02 
1787	 0.083482341163345 
1788	 8.32189885482317E-02 
1789	 8.33751713041204E-02 
1790	 8.37867791414399E-02 
1791	 8.53467848326833E-02 
1792	 8.55824144016521E-02 
1793	 8.51481260360615E-02 
1794	 8.48236916033841E-02 
1795	 8.28444600841431E-02 
1796	 0.082822191083765 
1797	 8.45277881984467E-02 
1798	 8.53024884173307E-02 
1799	 8.73188150980218E-02 
1800	 8.76860767516547E-02 
1801	 0.085969713143385 
1802	 8.59887139278592E-02 
1803	 8.63387657455692E-02 
1804	 8.63158085580886E-02 
1805	 8.75843313630664E-02 
1806	 8.64516814018208E-02 
1807	 8.23181137220748E-02 
1808	 7.97812657113942E-02 
1809	 7.56335764069468E-02 
1810	 7.71332796593093E-02 
1811	 7.97313779617128E-02 
1812	 8.72807677795912E-02 
1813	 9.63231044690254E-02 
1814	 9.52622400811485E-02 
1815	 9.48025332331083E-02 
1816	 8.82789666929254E-02 
1817	 7.69753841037743E-02 
1818	 6.78058511081888E-02 
1819	 6.48106740370755E-02 
1820	 0.072577274262778 
1821	 0.075712249082352 
1822	 9.22102090015239E-02 
1823	 0.100081665623709 
1824	 8.60479825524876E-02 
1825	 0.080938807989806 
1826	 7.21500677004347E-02 
1827	 7.06978242535076E-02 
1828	 8.95116904042927E-02 
1829	 9.79159898355437E-02 
1830	 0.105955189233713 
1831	 0.185475060874605 
1832	 0.224047956530454 
1833	 0.256436093679803 
1834	 0.250082973986529 
1835	 0.300295611049279 
1836	 0.540847874647798 
1837	 0.634402813821561 
1838	 0.446373915250169 
1839	 0.137791987203387 
1840	-0.217348515114277 
1841	-0.557835297902288 
1842	-0.571413736487593 
1843	 0.205992879605157 
1844	 0.455372052023923 
1845	 7.44334056742879 
1846	-44.5135053381669 
1847	 2.55823873878835 
1848	 5.88581141574318 
1849	 2.46817207203954 
1850	 0.384794619440033 
1851	 0.329844363290091 
1852	 0.524590360210222 
1853	 0.45885845853049 
1854	 2.90957089031608 
1855	 3.2867317007951 
1856	 1.01132070433036 
1857	 0.637462605033786 
1858	 0.966581452718353 
1859	 0.902728829338331 
1860	 1.7490028304371 
1861	 15.42866487448 
1862	 6.55058949885051 
1863	 1.20670017155284 
1864	 1.08436382685959 
1865	 0.322494065951785 
1866	 0.107758796601298 
1867	 1.1069522601313 
1868	 1.41660012838027 
1869	 0.680252969479486 
1870	 0.927520881304754 
1871	 0.948308670048413 
1872	 0.313026956004566 
1873	 5.21643742622725E-03 
1874	 0.556177998958694 
1875	 0.409675107786775 
1876	 9.25167706746964E-02 
1877	-0.261043626338891 
1878	-0.295768694678967 
1879	-0.248472927394777 
1880	-0.235733226132478 
1881	 1.00871278470867E-03 
1882	 8.46109103138455E-02 
1883	-2.89627302770358E-02 
1884	-4.52618776358101E-02 
1885	-3.25433985916626E-02 
1886	 0.186170053871918 
1887	 0.252153762114275 
1888	 9.24036360350938E-02 
1889	 3.85504734568269E-02 
1890	 0.157264343802707 
1891	 0.17481949111712 
1892	 0.170238048125714 
1893	 0.207747775602847 
1894	 0.25344725395544 
1895	 0.243399610155596 
1896	 0.19820145455605 
1897	 0.226141376189955 
1898	 0.230136533946235 
1899	 0.284741771679821 
1900	 0.299439579903477 
1901	 0.402599937336018 
1902	 0.302513386326038 
1903	-0.325562898115427 
1904	-0.325585386014134 
1905	-0.116652941537861 
1906	 0.185594058492467 
1907	 0.530377692915271 
1908	 0.48308261128221 
1909	 0.256097556543998 
1910	 0.120074690482915 
1911	 2.75793234384957E-02 
1912	 0.160527490130975 
1913	 0.212314851935976 
1914	 0.27906931862515 
1915	 0.236972680652245 
1916	 0.171066913905419 
1917	 0.130796030744314 
1918	 8.41631676145408E-02 
1919	 0.114862918265358 
1920	 0.112858494516457 
1921	 0.112937829332908 
1922	 0.134659608846831 
1923	 0.112057325488408 
1924	 0.106012439352823 
1925	 0.115838779195076 
1926	 0.115078820797828 
1927	 9.79133802499683E-02 
1928	 0.107074539787518 
1929	 9.80928804659816E-02 
1930	 0.102862434329582 
1931	 0.125138413726649 
1932	 0.123648119107193 
1933	 0.125091259990311 
1934	 0.125039726225445 
1935	 0.117903967808271 
1936	 9.87744373301267E-02 
1937	 9.35692402705241E-02 
1938	 9.51012907587803E-02 
1939	 9.17945988672934E-02 
1940	 9.33509283962362E-02 
1941	 9.18933205784116E-02 
1942	 8.45114566688522E-02 
1943	 8.13141717020408E-02 
1944	 0.084361842558877 
1945	 8.62351815438466E-02 
1946	 8.59964675663338E-02 
1947	 8.59529355226029E-02 
1948	 8.72985811326184E-02 
1949	 0.086495745830581 
1950	 8.59575096123618E-02 
1951	 8.70298971698947E-02 
1952	 8.45575647934917E-02 
1953	 8.24030496997052E-02 
1954	 8.56798879503866E-02 
1955	 8.69376361537945E-02 
1956	 8.43383948753923E-02 
1957	 8.54731771135167E-02 
1958	 8.67153624728768E-02 
1959	 8.57797237220801E-02 
1960	 8.50960399455208E-02 
1961	 8.92694588180913E-02 
1962	 8.90934171457194E-02 
1963	 8.57068295736015E-02 
1964	 8.52266745994625E-02 
1965	 8.49708504849713E-02 
1966	 8.53365301021256E-02 
1967	 8.65236518628272E-02 
1968	 8.61082565063075E-02 
1969	 8.60029507970402E-02 
1970	 8.53074227297575E-02 
1971	 8.58453851725768E-02 
1972	 8.63645902367245E-02 
1973	 0.086868144409899 
1974	 8.76403712476955E-02 
1975	 8.75853281198692E-02 
1976	 8.73425557720044E-02 
1977	 8.71236944858277E-02 
1978	 8.61900744805878E-02 
1979	 8.60377174073271E-02 
1980	 8.64526947082087E-02 
1981	 8.67403905553078E-02 
1982	 0.086818208443526 
1983	 8.74043070902892E-02 
1984	 8.68604958905191E-02 
1985	 8.62002834086635E-02 
1986	 8.60960600209531E-02 
1987	 8.59908201965493E-02 
1988	 8.66695221845862E-02 
1989	 8.75823115030686E-02 
1990	 8.75822664769077E-02 
1991	 8.70101060472177E-02 
1992	 8.70768042519126E-02 
1993	 0.087338921345686 
1994	 8.77520344385559E-02 
1995	 0.087559244245365 
1996	 8.75759095792464E-02 
1997	 8.72363404008466E-02 
1998	 8.68507919501062E-02 
1999	 0.086875350596667 
2000	 8.77772201691296E-02 
2001	 8.94738540954313E-02 
2002	 8.95916836603702E-02 
2003	 8.80168345546831E-02 
2004	 8.71848228739864E-02 
2005	 8.73543412409914E-02 
2006	 8.79500776730303E-02 
2007	 8.99300956837335E-02 
2008	 9.08241718980976E-02 
2009	 9.21355990955981E-02 
2010	 9.24106120626161E-02 
2011	 9.23674164246619E-02 
2012	 9.32475514818892E-02 
2013	 9.31673818431082E-02 
2014	 9.18360651547084E-02 
2015	 9.00785433862378E-02 
2016	 8.86917597393328E-02 
2017	 8.94951641337242E-02 
2018	 9.04558794087756E-02 
2019	 9.01330772254079E-02 
2020	 8.90194470274888E-02 
2021	 8.88225389226284E-02 
2022	 8.80489554548182E-02 
2023	 8.78725439309272E-02 
2024	 8.96312855631123E-02 
2025	 0.089722762179534 
2026	 8.91642756722182E-02 
2027	 8.88307026751914E-02 
2028	 0.087960211781668 
2029	 8.81191040007414E-02 
2030	 8.80707165837372E-02 
2031	 8.75147915019616E-02 
2032	 8.74831437829214E-02 
2033	 8.74003147055817E-02 
2034	 8.72882444625567E-02 
2035	 8.73644456949732E-02 
2036	 8.79411748604696E-02 
2037	 8.77566113136883E-02 
2038	 8.71487128917459E-02 
2039	 8.70861923066886E-02 
2040	 8.75802459673162E-02 
2041	 8.76773985138688E-02 
2042	 8.73811721591023E-02 
2043	 8.80197546372312E-02 
2044	 0.088147941483943 
2045	 8.78905444823749E-02 
2046	 8.78407908377316E-02 
2047	 8.77901396466602E-02 
2048	 8.66250536485192E-02 
2049	 8.62791986380941E-02 
2050	 8.64160565703732E-02 
2051	 8.70653753650771E-02 
2052	 8.79020128570527E-02 
2053	 0.087963382431022 
2054	 8.73965480868812E-02 
2055	 8.73520847924778E-02 
2056	 8.77449712175277E-02 
2057	 8.83621434588582E-02 
2058	 0.089014414111539 
2059	 8.96779112652284E-02 
2060	 8.99449251079596E-02 
2061	 8.89239699251336E-02 
2062	 8.85846273763579E-02 
2063	 8.90833072899222E-02 
2064	 8.87565695742446E-02 
2065	 8.74712003089028E-02 
2066	 0.087022767689749 
2067	 8.80061878230536E-02 
2068	 8.80437377158554E-02 
2069	 8.76733412227551E-02 
2070	 8.80559668642362E-02 
2071	 8.83969476656616E-02 
2072	 0.088492667687977 
2073	 8.82797858940913E-02 
2074	 8.81757671596135E-02 
2075	 8.85437968098658E-02 
2076	 8.86623242038916E-02 
2077	 8.86535781495147E-02 
2078	 8.94923495892894E-02 
2079	 8.96529396118337E-02 
2080	 8.91584662672649E-02 
2081	 8.81947935863691E-02 
2082	 8.79234723806267E-02 
2083	 8.80454783363463E-02 
2084	 8.76496896979241E-02 
2085	 8.76633924059242E-02 
2086	 8.84802074379844E-02 
2087	 0.088517245339011 
2088	 0.088555674512935 
2089	 0.089063091429919 
2090	 8.90197116034319E-02 
2091	 8.83154799385246E-02 
2092	 8.82994634767443E-02 
2093	 8.84079489961092E-02 
2094	 8.83302248971757E-02 
2095	 8.85669509580056E-02 
2096	 8.85316138793278E-02 
2097	 8.84124009664725E-02 
2098	 8.77350575130554E-02 
2099	 8.78187673661998E-02 
2100	 8.82885188554799E-02 
2101	 8.85505316653951E-02 
2102	 0.089399010343978 
2103	 8.96967331734872E-02 
2104	 8.90259597174306E-02 
2105	 0.088509562171356 
2106	 8.83881863886938E-02 
2107	 8.82131440507804E-02 
2108	 8.80882246232688E-02 
2109	 8.80549958109723E-02 
2110	 8.81260695875618E-02 
2111	 8.80361643373905E-02 
2112	 8.81101429765756E-02 
2113	 8.79702451466162E-02 
2114	 8.74676404079806E-02 
2115	 8.72772739956487E-02 
2116	 8.75696848224277E-02 
2117	 8.73290145541576E-02 
2118	 8.73338104194619E-02 
2119	 8.74258535799695E-02 
2120	 8.71641859974589E-02 
2121	 8.74997415105805E-02 
2122	 8.78965624295205E-02 
2123	 0.08779673057139 
2124	 8.76759500080064E-02 
2125	 8.69766474091537E-02 
2126	 8.70692771373736E-02 
2127	 8.77829380733739E-02 
2128	 8.79035182624681E-02 
2129	 8.80901968187969E-02 
2130	 8.83120414105836E-02 
2131	 8.80154442220972E-02 
2132	 8.78491119030846E-02 
2133	 8.78770235269249E-02 
2134	 8.83227647233948E-02 
2135	 8.82988744199003E-02 
2136	 8.81165289443119E-02 
2137	 8.77524867701944E-02 
2138	 8.69892358788215E-02 
2139	 8.64797693897241E-02 
2140	 8.68652569237779E-02 
2141	 8.77060927488567E-02 
2142	 8.79870824772681E-02 
2143	 8.79862039967858E-02 
2144	 8.71495216306625E-02 
2145	 8.71234135865308E-02 
2146	 8.73990919984524E-02 
2147	 8.76746179757563E-02 
2148	 8.84215701617384E-02 
2149	 8.85608406920567E-02 
2150	 8.80144674775499E-02 
2151	 8.79731864712147E-02 
2152	 8.78243527718354E-02 
2153	 8.85005137195947E-02 
2154	 8.88413448134182E-02 
2155	 8.86613657235574E-02 
2156	 8.83551207226897E-02 
2157	 8.79187129462869E-02 
2158	 8.74686001912225E-02 
2159	 8.74205839723551E-02 
2160	 8.77220817172778E-02 
2161	 8.74123137114484E-02 
2162	 8.71982704806991E-02 
2163	 8.75639232571147E-02 
2164	 8.78089301999117E-02 
2165	 8.83080566145108E-02 
2166	 8.82221159965368E-02 
2167	 8.77629714955957E-02 
2168	 8.78166866977019E-02 
2169	 8.74359844873468E-02 
2170	 8.75005701485268E-02 
2171	 8.89248163953509E-02 
2172	 8.90631590641411E-02 
2173	 8.85895694220195E-02 
2174	 8.78237306644375E-02 
2175	 8.70659993738416E-02 
2176	 8.64935188884789E-02 
2177	 8.68517346175341E-02 
2178	 8.79457220718176E-02 
2179	 8.80876867723675E-02 
2180	 8.79323367334209E-02 
2181	 8.83013561927124E-02 
2182	 0.088473319014182 
2183	 8.89788641701973E-02 
2184	 0.088744843063723 
2185	 8.84484237904012E-02 
2186	 8.71662029571683E-02 
2187	 8.70283868730718E-02 
2188	 0.08728171587882 
2189	 8.73288332160056E-02 
2190	 8.78622967874317E-02 
2191	 8.79911366422673E-02 
2192	 8.80670515608758E-02 
2193	 8.82237852970564E-02 
2194	 8.81452964993956E-02 
2195	 8.76762872740182E-02 
2196	 8.67521984696992E-02 
2197	 8.64577085175884E-02 
2198	 8.52605733853898E-02 
2199	 8.45919034222728E-02 
2200	 8.57931441286976E-02 
2201	 8.64835484356313E-02 
2202	 8.66465282448048E-02 
2203	 8.73804390787317E-02 
2204	 8.66458254101873E-02 
2205	 8.59443628703756E-02 
2206	 8.63729620310794E-02 
2207	 0.086258362604764 
2208	 8.48052866566331E-02 
2209	 8.35675686311825E-02 
2210	 8.36393918565252E-02 
2211	 8.44958203258482E-02 
2212	 8.47533036609098E-02 
2213	 8.65413441657737E-02 
2214	 8.67508216204181E-02 
2215	 8.48008498632899E-02 
2216	 8.47525229524226E-02 
2217	 8.57282040227159E-02 
2218	 8.59434464035918E-02 
2219	 8.64844826819279E-02 
2220	 8.68713623758353E-02 
2221	 8.70431404030303E-02 
2222	 8.67341139034855E-02 
2223	 0.085775037866432 
2224	 8.55933058906456E-02 
2225	 8.57270431754623E-02 
2226	 8.51833200940239E-02 
2227	 8.60120851293046E-02 
2228	 8.69236865022645E-02 
2229	 0.086574631535676 
2230	 8.68449651763579E-02 
2231	 8.69837225332197E-02 
2232	 8.67972808914422E-02 
2233	 8.69807126592638E-02 
2234	 8.62614754068359E-02 
2235	 8.57815794278616E-02 
2236	 8.52302533654875E-02 
2237	 8.45081576487056E-02 
2238	 8.33888058039179E-02 
2239	 8.40481409148095E-02 
2240	 8.57086775378455E-02 
2241	 8.57123440784694E-02 
2242	 8.64326771773337E-02 
2243	 8.68146935710801E-02 
2244	 8.52444046900218E-02 
2245	 8.51052641200034E-02 
2246	 8.62939499715318E-02 
2247	 8.68471813324098E-02 
2248	 8.74268862908501E-02 
2249	 8.76035273467057E-02 
2250	 8.82933346864921E-02 
2251	 8.76360406064896E-02 
2252	 8.60224050046214E-02 
2253	 8.43307286102445E-02 
2254	 8.40187881347354E-02 
2255	 8.54090856902939E-02 
2256	 8.67660155349659E-02 
2257	 8.72379749850024E-02 
2258	 8.60739461233703E-02 
2259	 8.46985017009443E-02 
2260	 8.34427523230877E-02 
2261	 8.34676646032921E-02 
2262	 8.58620048774884E-02 
2263	 8.57586340294977E-02 
2264	 8.35519522086974E-02 
2265	 8.29871293220866E-02 
2266	 8.31744396737057E-02 
2267	 8.34072735561819E-02 
2268	 8.54686007432605E-02 
2269	 8.74660565004062E-02 
2270	 8.56809757573312E-02 
2271	 8.41826616950647E-02 
2272	 8.42622118027069E-02 
2273	 8.53917787156191E-02 
2274	 8.52338455893869E-02 
2275	 8.53216816454353E-02 
2276	 8.58769116972915E-02 
2277	 8.59658776598228E-02 
2278	 8.60836670285527E-02 
2279	 8.78438406782346E-02 
2280	 8.79830252075108E-02 
2281	 0.085703240609045 
2282	 8.51553290118728E-02 
2283	 8.50958991451476E-02 
2284	 8.49102100266788E-02 
2285	 8.60387713125627E-02 
2286	 8.62522447441886E-02 
2287	 8.54501677433923E-02 
2288	 8.55939518390977E-02 
2289	 8.54802389206125E-02 
2290	 0.083810284608588 
2291	 8.40309961270729E-02 
2292	 8.40830307435227E-02 
2293	 8.39791726464273E-02 
2294	 8.50689973083899E-02 
2295	 8.48383502027125E-02 
2296	 8.51021325175511E-02 
2297	 8.64655677275584E-02 
2298	 8.66198933541714E-02 
2299	 8.66238407719675E-02 
2300	 8.66884332158009E-02 
2301	 8.61476143034209E-02 
2302	 8.54656680251463E-02 
2303	 8.60473478033117E-02 
2304	 8.63214200607908E-02 
2305	 8.50558429985241E-02 
2306	 0.08510669557452 
2307	 8.41118132801163E-02 
2308	 8.18489640618872E-02 
2309	 8.27389425924427E-02 
2310	 0.084564434804544 
2311	 8.47313270025127E-02 
2312	 8.56748341245483E-02 
2313	 8.71321733497508E-02 
2314	 8.51717920830949E-02 
2315	 8.35522717100466E-02 
2316	 8.35291173736098E-02 
2317	 8.17511046049244E-02 
2318	 8.29168732020479E-02 
2319	 8.39245177257476E-02 
2320	 8.72198897857151E-02 
2321	 8.69193901220163E-02 
2322	 8.32954905383012E-02 
2323	 8.35036481532796E-02 
2324	 8.54466053247276E-02 
2325	 8.54988915214288E-02 
2326	 8.65827149420273E-02 
2327	 8.65596706139825E-02 
2328	 8.39118921954697E-02 
2329	 0.082705018288153 
2330	 0.083083974381694 
2331	 8.37078260066238E-02 
2332	 8.35457997545887E-02 
2333	 8.33796534212746E-02 
2334	 8.45381389888856E-02 
2335	 8.43723042609609E-02 
2336	 8.34792914264684E-02 
2337	 8.39035885094648E-02 
2338	 8.29224145344584E-02 
2339	 8.39532403701493E-02 
2340	 8.85473364010057E-02 
2341	 8.86895793461011E-02 
2342	 8.79697203398133E-02 
2343	 9.33886898509323E-02 
2344	 9.54980722238058E-02 
2345	 8.91840135349498E-02 
2346	 8.23875890156352E-02 
2347	 8.08356186148018E-02 
2348	 8.01226115442084E-02 
2349	 0.080615915064345 
2350	 8.55739627683306E-02 
2351	 8.57855458192732E-02 
2352	 8.04813631353061E-02 
2353	 8.03388595467594E-02 
2354	 8.19697292851903E-02 
2355	 8.08004237245133E-02 
2356	 8.17979023693151E-02 
2357	 0.082967331991467 
2358	 8.22238539411917E-02 
2359	 8.12190063916392E-02 
2360	 8.17025929716069E-02 
2361	 0.084343421854102 
2362	 8.78911297707423E-02 
2363	 9.04288650087448E-02 
2364	 0.089361238953958 
2365	 8.96973385900659E-02 
2366	 9.21100329178774E-02 
2367	 0.090363496133759 
2368	 8.54807747079021E-02 
2369	 8.30638164645133E-02 
2370	 8.53965611249138E-02 
2371	 8.87950792146849E-02 
2372	 9.07000040219901E-02 
2373	 9.21283661340162E-02 
2374	 8.87567184863607E-02 
2375	 8.08686793702236E-02 
2376	 8.24054102092538E-02 
2377	 8.85930552303537E-02 
2378	 8.91278560408477E-02 
2379	 9.35414233610785E-02 
2380	 9.33535493170555E-02 
2381	 8.28504154761854E-02 
2382	 8.22488009930483E-02 
2383	 8.99797557278052E-02 
2384	 9.48702075028181E-02 
2385	 0.099673625763558 
2386	 9.67789454248568E-02 
2387	 8.60618607565667E-02 
2388	 8.27898554134122E-02 
2389	 0.086089827783962 
2390	 8.95001718029605E-02 
2391	 9.05886648897084E-02 
2392	 8.59516213166944E-02 
2393	 8.49589726853284E-02 
2394	 9.17084608066666E-02 
2395	 9.20341638140095E-02 
2396	 8.48346005531133E-02 
2397	 8.04711508676104E-02 
2398	 7.20571527474241E-02 
2399	 7.03005451961357E-02 
2400	 8.26869577902237E-02 
2401	 8.88978708112753E-02 
2402	 9.03105372810833E-02 
2403	 0.089745870570953 
2404	 8.48132085613922E-02 
2405	 8.22355936605872E-02 
2406	 8.59561787571075E-02 
2407	 8.80914392303258E-02 
2408	 8.41308117517671E-02 
2409	 8.36040862710536E-02 
2410	 8.43547040322955E-02 
2411	 8.25006327622606E-02 
2412	 0.077886406940517 
2413	 6.78532180444607E-02 
2414	 5.99669452570545E-02 
2415	 6.77057034357455E-02 
2416	 8.47443158720574E-02 
2417	 9.11391564322171E-02 
2418	 9.50405036599831E-02 
2419	 9.75426932021021E-02 
2420	 8.10476196359209E-02 
2421	 7.55181274878022E-02 
2422	 8.62492354718675E-02 
2423	 8.22013588422322E-02 
2424	 8.84702763901641E-02 
2425	 0.105811083125494 
2426	 9.80912214492467E-02 
2427	 9.40678570241632E-02 
2428	 0.110868001765108 
2429	 0.111538379621857 
2430	 0.108278534707078 
2431	 0.106017671874433 
2432	 8.47349656717042E-02 
2433	 7.02966213184558E-02 
2434	 0.076141390001187 
2435	 0.081294829159199 
2436	 8.34126505732055E-02 
2437	 8.17418494842124E-02 
2438	 6.84419163704818E-02 
2439	 5.58591132857106E-02 
2440	 5.11592504681875E-02 
2441	 5.10098543872065E-02 
2442	 5.63518382182188E-02 
2443	 6.00341320396015E-02 
2444	 5.49321205605922E-02 
2445	 0.055530961107709 
2446	 8.07963611604056E-02 
2447	 9.82350826731019E-02 
2448	 9.59131596202924E-02 
2449	 9.02082880269801E-02 
2450	 5.23998072235783E-02 
2451	 3.95997270977643E-02 
2452	 8.64152393758878E-02 
2453	 0.11758623556554 
2454	 0.139896854128057 
2455	 0.12260653915253 
2456	 5.27021059144945E-02 
2457	 1.32850778888708E-02 
2458	 1.64089132989046E-02 
2459	 5.61299189566161E-02 
2460	 0.094408226468989 
2461	 8.53309392687652E-02 
2462	 8.32826240477932E-02 
2463	 8.99120219887345E-02 
2464	 0.076697109812603 
2465	 0.101554022720882 
2466	 0.116025722256307 
2467	 6.55510051144586E-02 
2468	 7.46107898186717E-02 
2469	 8.52232992207261E-02 
2470	 9.61594597030057E-02 
2471	 0.113447462498432 
2472	 0.140873569356515 
2473	 0.145328586521003 
2474	 0.146517682373746 
2475	 0.158083575938081 
2476	 0.14475939073814 
2477	 0.139296954834893 
2478	 0.144017422801311 
2479	 0.118362745563415 
2480	 0.188867004408351 
2481	 0.233982528694214 
2482	 0.17351695640819 
2483	 0.245423484627385 
2484	 0.290336931643799 
2485	 0.199579490487728 
2486	 0.21690687276913 
2487	 0.172268953228087 
2488	 4.96387987726018E-02 
2489	 0.115636782416478 
2490	 0.181652198009869 
2491	 5.12399462638855E-02 
2492	 8.90080684678408E-02 
2493	 0.167838345441398 
2494	 0.02983195134023 
2495	 0.171350366291725 
2496	 0.367147379991622 
2497	 0.295909238891088 
2498	 0.429717018672535 
2499	 0.46820100451371 
2500	 0.166607650475658 
