Wavelength	09/27/123 at 12:26:19
350	 4.08921593626179E-02 
351	 4.12662202488576E-02 
352	 0.041330524769067 
353	 4.10036973357234E-02 
354	 4.07849359873988E-02 
355	 4.14604043796845E-02 
356	 4.19702569291462E-02 
357	 4.17732926666516E-02 
358	 4.17115642671888E-02 
359	 4.17163660895138E-02 
360	 4.17204527952691E-02 
361	 4.16688570564248E-02 
362	 4.18774287647924E-02 
363	 4.22089392179262E-02 
364	 4.24587019619357E-02 
365	 4.23641633739998E-02 
366	 4.21874627402231E-02 
367	 4.20372698763758E-02 
368	 4.19772036673153E-02 
369	 4.23296585963461E-02 
370	 4.25634689533304E-02 
371	 0.042428663611466 
372	 4.24955282438937E-02 
373	 4.27072873766662E-02 
374	 0.042931858005993 
375	 4.29924665229394E-02 
376	 0.043039417995457 
377	 4.30906686400457E-02 
378	 4.31407693203676E-02 
379	 4.31626198489424E-02 
380	 4.30922592014329E-02 
381	 4.30772544759009E-02 
382	 4.33344302218044E-02 
383	 4.35807109047248E-02 
384	 4.37979374066365E-02 
385	 4.39332136562347E-02 
386	 4.37410046414456E-02 
387	 0.043807549223308 
388	 4.39838437888042E-02 
389	 4.38816828842841E-02 
390	 4.41496612271167E-02 
391	 4.44740429675607E-02 
392	 4.46321775116257E-02 
393	 4.47302898689856E-02 
394	 4.49629586506442E-02 
395	 4.51252857895046E-02 
396	 4.49405366588604E-02 
397	 4.48623584772412E-02 
398	 4.49930993420415E-02 
399	 4.52601504584189E-02 
400	 4.53997432871274E-02 
401	 4.54171402482056E-02 
402	 4.53673748985674E-02 
403	 4.53272468375861E-02 
404	 4.52832271649816E-02 
405	 4.52819243083123E-02 
406	 4.53326666549512E-02 
407	 0.045373924944377 
408	 4.53928783640572E-02 
409	 4.54577931049809E-02 
410	 4.56342302808126E-02 
411	 0.045720476108541 
412	 4.57100962511608E-02 
413	 4.56638767228628E-02 
414	 4.57166803544786E-02 
415	 4.58363643299265E-02 
416	 4.59532114835991E-02 
417	 4.59845471581028E-02 
418	 0.045912579955686 
419	 4.58406603838712E-02 
420	 0.045839215207531 
421	 4.59268424377861E-02 
422	 4.59437905228916E-02 
423	 4.59589427310101E-02 
424	 4.60901748897955E-02 
425	 4.61606743801849E-02 
426	 4.62334986895918E-02 
427	 4.63245303543303E-02 
428	 4.63459584807706E-02 
429	 4.63348280274209E-02 
430	 4.63285213955481E-02 
431	 4.63601385276809E-02 
432	 4.64132862737838E-02 
433	 4.64766758663967E-02 
434	 4.65311178378409E-02 
435	 4.65430194998999E-02 
436	 4.66264492634647E-02 
437	 4.67051792158932E-02 
438	 4.66854405554794E-02 
439	 4.67210343717739E-02 
440	 4.67713951093914E-02 
441	 4.67999451580712E-02 
442	 4.67864696759884E-02 
443	 4.68465615245518E-02 
444	 4.69075644463419E-02 
445	 4.68919745235732E-02 
446	 4.70055832293767E-02 
447	 4.70879285358944E-02 
448	 4.70795615095411E-02 
449	 0.047067941272257 
450	 4.71200233652867E-02 
451	 4.72070866708778E-02 
452	 4.72722401615801E-02 
453	 4.72995332706377E-02 
454	 4.73124886890354E-02 
455	 4.73299514113521E-02 
456	 4.73633949939874E-02 
457	 4.73976518940313E-02 
458	 4.74518982004225E-02 
459	 4.75346712824272E-02 
460	 4.75696210819943E-02 
461	 4.75854656131933E-02 
462	 4.75910027339886E-02 
463	 4.75671886695372E-02 
464	 4.76083486445751E-02 
465	 4.76985453760605E-02 
466	 4.77873021267292E-02 
467	 4.78249755680302E-02 
468	 4.78171285865139E-02 
469	 4.77998762970342E-02 
470	 4.78347175908528E-02 
471	 4.79065617477389E-02 
472	 4.79997435165746E-02 
473	 4.80857188009705E-02 
474	 4.80981822306098E-02 
475	 4.81273701751134E-02 
476	 4.81568340814131E-02 
477	 0.048094983551304 
478	 4.81100301328331E-02 
479	 4.81790631854371E-02 
480	 4.82562606493925E-02 
481	 4.83521486188722E-02 
482	 4.83800887101948E-02 
483	 4.83842668042092E-02 
484	 4.84901699543356E-02 
485	 4.85158791122093E-02 
486	 0.048543795790587 
487	 4.86274165775201E-02 
488	 4.86193919611684E-02 
489	 4.86396107152891E-02 
490	 4.87213099443321E-02 
491	 4.88379158200003E-02 
492	 4.88406188876605E-02 
493	 4.88705222885525E-02 
494	 4.89855106646623E-02 
495	 4.89617037223966E-02 
496	 0.048973087937579 
497	 4.90370146973871E-02 
498	 4.91054794614875E-02 
499	 4.92072116669212E-02 
500	 4.92853462804026E-02 
501	 4.93187582317168E-02 
502	 4.93636040742177E-02 
503	 4.93965962670499E-02 
504	 4.94369940469609E-02 
505	 4.95115126722467E-02 
506	 4.96024911171179E-02 
507	 4.96410167696039E-02 
508	 0.049628204630128 
509	 4.96754877867123E-02 
510	 4.97185805165512E-02 
511	 4.97783610563947E-02 
512	 4.98781699214183E-02 
513	 4.99230840530416E-02 
514	 4.99465575043655E-02 
515	 4.99766922338035E-02 
516	 5.00258065673405E-02 
517	 5.00783665399958E-02 
518	 5.01413090648126E-02 
519	 5.02094755879608E-02 
520	 5.02109424924194E-02 
521	 5.02414257165652E-02 
522	 5.03323132669608E-02 
523	 0.050453066637049 
524	 0.050491647754035 
525	 5.04928783557649E-02 
526	 5.05255488900789E-02 
527	 0.050608507951461 
528	 5.06645698749868E-02 
529	 5.07021450658501E-02 
530	 5.07873120773406E-02 
531	 5.08385718314542E-02 
532	 5.08827645005625E-02 
533	 5.09426596088311E-02 
534	 5.09753381159528E-02 
535	 5.10258026784978E-02 
536	 5.10851384914483E-02 
537	 5.11170183507414E-02 
538	 5.11493382952755E-02 
539	 5.12166051357731E-02 
540	 5.13213208177421E-02 
541	 0.051394886194357 
542	 5.14944370268374E-02 
543	 0.051599557181668 
544	 0.051663584131005 
545	 0.051697754023828 
546	 5.17420450178718E-02 
547	 5.18073766132781E-02 
548	 5.18516246514112E-02 
549	 5.18981871926796E-02 
550	 5.19676579568952E-02 
551	 5.20713643562824E-02 
552	 5.21804293367427E-02 
553	 5.22622944751962E-02 
554	 5.23164186390765E-02 
555	 5.23809675781342E-02 
556	 5.24239347883495E-02 
557	 5.24868226936328E-02 
558	 5.25999728209584E-02 
559	 5.26612889772721E-02 
560	 5.27251713780668E-02 
561	 5.28263971802815E-02 
562	 5.29754205981862E-02 
563	 0.053066980910861 
564	 5.31242868270433E-02 
565	 0.053189241208803 
566	 5.32608109402356E-02 
567	 5.33766905705077E-02 
568	 5.35004327005209E-02 
569	 0.053555892625397 
570	 5.36395770171822E-02 
571	 0.053731991096035 
572	 5.38041727988558E-02 
573	 5.38448899873125E-02 
574	 5.39208596221451E-02 
575	 5.40047761178402E-02 
576	 5.40431032415276E-02 
577	 5.41620508916035E-02 
578	 5.42782573499954E-02 
579	 5.43514446152753E-02 
580	 5.44421906189901E-02 
581	 5.44969162849537E-02 
582	 5.45474050252747E-02 
583	 5.46290820919829E-02 
584	 5.46534590913935E-02 
585	 5.47012135838081E-02 
586	 5.48091661085885E-02 
587	 5.49576645533542E-02 
588	 5.50381737088277E-02 
589	 5.50840534343176E-02 
590	 5.51435865861653E-02 
591	 5.51857281744922E-02 
592	 5.52303093880591E-02 
593	 5.52913909392579E-02 
594	 5.53767796723876E-02 
595	 5.54598712983073E-02 
596	 5.55299692897372E-02 
597	 0.055587273714083 
598	 5.56419042318108E-02 
599	 5.57109187023841E-02 
600	 5.57895450438113E-02 
601	 5.58642502840822E-02 
602	 5.59242667299418E-02 
603	 5.59714821551948E-02 
604	 5.60221284962555E-02 
605	 5.61122539898794E-02 
606	 5.61295384189991E-02 
607	 5.61410633583678E-02 
608	 5.62391032931296E-02 
609	 5.63642802750501E-02 
610	 5.64292819047198E-02 
611	 5.64480674448252E-02 
612	 5.65283661217526E-02 
613	 5.65397804495115E-02 
614	 5.65646192774673E-02 
615	 5.66699349767217E-02 
616	 0.056749806171365 
617	 5.67901552146895E-02 
618	 5.68220014321211E-02 
619	 5.68962779178024E-02 
620	 5.69380590441342E-02 
621	 5.69743488699346E-02 
622	 0.057025822432195 
623	 5.70800337042352E-02 
624	 5.71320429045694E-02 
625	 5.71880177107271E-02 
626	 5.72529369115316E-02 
627	 5.72971508730168E-02 
628	 5.73502367155643E-02 
629	 5.74172181014332E-02 
630	 5.74704923896459E-02 
631	 5.75241036179389E-02 
632	 5.75479197472438E-02 
633	 5.75396577900717E-02 
634	 5.76222058452893E-02 
635	 5.77220061841209E-02 
636	 5.77989372770692E-02 
637	 5.78381913089639E-02 
638	 5.78154991241245E-02 
639	 5.78290014661172E-02 
640	 5.79216953711386E-02 
641	 5.79886373819189E-02 
642	 5.80412098932352E-02 
643	 5.80853185761329E-02 
644	 0.058128794570666 
645	 5.81719462151866E-02 
646	 5.82004599177517E-02 
647	 5.82301459551439E-02 
648	 5.83122660961943E-02 
649	 5.83916120360114E-02 
650	 5.84512000997882E-02 
651	 0.058490756450645 
652	 5.85252098590233E-02 
653	 5.85470764516553E-02 
654	 5.85658708995414E-02 
655	 5.86069029701304E-02 
656	 5.87533171688641E-02 
657	 5.88400565201897E-02 
658	 0.058817619410748 
659	 5.88831119344704E-02 
660	 5.89560855707741E-02 
661	 5.90321816295467E-02 
662	 5.91095394465867E-02 
663	 5.90732027432626E-02 
664	 0.059125636078113 
665	 5.92609488505787E-02 
666	 5.92564040684011E-02 
667	 5.92893630980298E-02 
668	 5.93114081516941E-02 
669	 5.92944124919366E-02 
670	 5.93939097842293E-02 
671	 5.95145500458892E-02 
672	 5.95688301206864E-02 
673	 5.95124309964311E-02 
674	 5.96006286152104E-02 
675	 5.96836108109381E-02 
676	 5.96895104973407E-02 
677	 5.97219885583007E-02 
678	 5.97556430757924E-02 
679	 5.98490162288194E-02 
680	 6.00191108852318E-02 
681	 0.060052668250699 
682	 6.00290977261286E-02 
683	 6.00240815669553E-02 
684	 6.00928562128747E-02 
685	 6.01165857840591E-02 
686	 6.01717187105675E-02 
687	 6.03075126890391E-02 
688	 6.04046409792953E-02 
689	 6.04531678539105E-02 
690	 6.04517969581336E-02 
691	 6.04224496653245E-02 
692	 6.04647730782758E-02 
693	 6.05494890404526E-02 
694	 0.060620662610522 
695	 6.06072370554696E-02 
696	 6.06027828187539E-02 
697	 6.06228262470163E-02 
698	 6.06623304248256E-02 
699	 6.06921410733512E-02 
700	 6.07415275450903E-02 
701	 6.08119169644223E-02 
702	 6.08782456982587E-02 
703	 6.08305245323992E-02 
704	 6.08483253550578E-02 
705	 6.09369768385238E-02 
706	 6.08909866535421E-02 
707	 6.09712724807588E-02 
708	 6.10788881072357E-02 
709	 6.11003522419519E-02 
710	 6.11139278980303E-02 
711	 6.10914778068954E-02 
712	 0.06107934926086 
713	 6.11479784226772E-02 
714	 6.12175608247004E-02 
715	 6.12814058877848E-02 
716	 6.13247143401873E-02 
717	 6.13003101010296E-02 
718	 6.13138936560918E-02 
719	 6.13867998812956E-02 
720	 6.14809571215365E-02 
721	 6.15235735363894E-02 
722	 6.15106736068305E-02 
723	 6.14679672357675E-02 
724	 6.14441742711605E-02 
725	 6.15039811707843E-02 
726	 6.15581465520538E-02 
727	 6.15839321930588E-02 
728	 6.16725469772875E-02 
729	 0.061695486916133 
730	 6.17078687504855E-02 
731	 6.17714703794852E-02 
732	 6.18279004401115E-02 
733	 6.18146007260531E-02 
734	 6.17764855041655E-02 
735	 6.18087672104691E-02 
736	 6.19119634424647E-02 
737	 6.19743809825256E-02 
738	 0.06196727925125 
739	 6.19888575325096E-02 
740	 6.20316878773281E-02 
741	 6.20892204605036E-02 
742	 6.21448716867723E-02 
743	 6.21590982512383E-02 
744	 6.21944715345621E-02 
745	 6.22434684888569E-02 
746	 6.22616936181025E-02 
747	 6.22405141126074E-02 
748	 6.22581285444794E-02 
749	 6.23324030011146E-02 
750	 6.23952633585193E-02 
751	 6.24754013365326E-02 
752	 6.25276322896272E-02 
753	 6.25250589382637E-02 
754	 0.062524868925403 
755	 6.26164791215211E-02 
756	 6.27552896810165E-02 
757	 6.28412757413006E-02 
758	 6.28846938502716E-02 
759	 6.29770974093622E-02 
760	 6.32259011413879E-02 
761	 6.35691926742743E-02 
762	 0.063608011785534 
763	 6.35027677349465E-02 
764	 6.34246276221789E-02 
765	 6.33451960868878E-02 
766	 6.33134524100988E-02 
767	 6.32882979481475E-02 
768	 6.32421130139605E-02 
769	 6.32894527079584E-02 
770	 6.33164804029536E-02 
771	 6.33158942236333E-02 
772	 6.33687501942027E-02 
773	 6.34084529653263E-02 
774	 0.063461418870098 
775	 6.35397984414113E-02 
776	 6.36086247514004E-02 
777	 6.36174927257316E-02 
778	 6.35838742213722E-02 
779	 6.35628136339516E-02 
780	 6.36592899088198E-02 
781	 6.37225511306161E-02 
782	 6.37488428798904E-02 
783	 6.38184425871432E-02 
784	 6.38455273860455E-02 
785	 6.38606519365617E-02 
786	 6.38865415821757E-02 
787	 6.39202480798274E-02 
788	 6.39996997872062E-02 
789	 6.40830201903881E-02 
790	 6.41242575809533E-02 
791	 6.41172954981274E-02 
792	 0.064105201544995 
793	 6.41386602859493E-02 
794	 6.42371730357488E-02 
795	 6.42537902699112E-02 
796	 6.42901778131316E-02 
797	 6.43598948749882E-02 
798	 6.43943819668496E-02 
799	 6.44224223502897E-02 
800	 0.064435419497291 
801	 6.44464567682463E-02 
802	 6.45113173702276E-02 
803	 6.46517782196958E-02 
804	 6.47304418997098E-02 
805	 6.46606740733956E-02 
806	 6.46532900381925E-02 
807	 6.47065664867389E-02 
808	 6.47694507939213E-02 
809	 6.47784283882347E-02 
810	 6.48111498503494E-02 
811	 0.064860193923503 
812	 6.48832160377301E-02 
813	 6.48193433968542E-02 
814	 6.48105998568255E-02 
815	 6.48543461144366E-02 
816	 6.49473480524785E-02 
817	 6.51548992344154E-02 
818	 6.51289439119826E-02 
819	 0.065042680767237 
820	 6.51160628762388E-02 
821	 6.52028056007412E-02 
822	 6.51974382827988E-02 
823	 6.51856520326056E-02 
824	 6.53049108250779E-02 
825	 0.065319897505346 
826	 6.53924723073614E-02 
827	 0.065498934164915 
828	 6.54362622727933E-02 
829	 6.53661300363661E-02 
830	 6.54447383777152E-02 
831	 6.56280135344514E-02 
832	 6.55551606894983E-02 
833	 6.55706319259509E-02 
834	 6.56127697481767E-02 
835	 6.55927742289122E-02 
836	 6.56550861425424E-02 
837	 6.57670699354218E-02 
838	 6.57825791689497E-02 
839	 6.56048418751058E-02 
840	 6.56393396386119E-02 
841	 6.58128766442545E-02 
842	 0.065982622690972 
843	 6.59954871853665E-02 
844	 0.065955661694422 
845	 6.59274847670882E-02 
846	 6.59469155784951E-02 
847	 6.60145534983745E-02 
848	 6.60145688992521E-02 
849	 6.60272693306992E-02 
850	 6.60968092275597E-02 
851	 6.60678108183733E-02 
852	 6.60213056442833E-02 
853	 6.60630030144178E-02 
854	 6.62332958122621E-02 
855	 0.066308475630154 
856	 6.63375322906805E-02 
857	 6.62999385061044E-02 
858	 6.61773384415841E-02 
859	 0.066178243792215 
860	 6.62564716241058E-02 
861	 6.63495784840315E-02 
862	 6.64015881607439E-02 
863	 6.63986152592104E-02 
864	 6.63945174453543E-02 
865	 6.64066701494274E-02 
866	 6.63880318060315E-02 
867	 6.64154102658337E-02 
868	 6.64424120578647E-02 
869	 6.64613466843221E-02 
870	 6.66337038803232E-02 
871	 0.066571653579454 
872	 6.64168246138494E-02 
873	 6.64210084221288E-02 
874	 6.65326474295108E-02 
875	 6.66337826004904E-02 
876	 6.67642413852375E-02 
877	 6.69821750050549E-02 
878	 6.69926821900616E-02 
879	 6.68413529581845E-02 
880	 6.66913798198902E-02 
881	 6.67408767320861E-02 
882	 6.67647665945296E-02 
883	 6.68986539939127E-02 
884	 6.70633267914658E-02 
885	 6.69258769011349E-02 
886	 6.68989228562404E-02 
887	 6.69085913465611E-02 
888	 6.68792807024395E-02 
889	 6.68837546354287E-02 
890	 6.69275382105338E-02 
891	 6.69909471039339E-02 
892	 6.70286363875555E-02 
893	 6.69554964270194E-02 
894	 6.68546743792504E-02 
895	 0.066756407963119 
896	 6.66921297357679E-02 
897	 6.67689514590243E-02 
898	 6.68890596255816E-02 
899	 0.066982691449709 
900	 6.70294686048686E-02 
901	 6.71573254228298E-02 
902	 6.71505217040054E-02 
903	 6.69673102234724E-02 
904	 6.67450608609327E-02 
905	 6.68866005697711E-02 
906	 6.70594627798139E-02 
907	 6.70732356339613E-02 
908	 6.69679934112952E-02 
909	 6.68302630557344E-02 
910	 6.67924125429919E-02 
911	 6.69107067286399E-02 
912	 6.71102097520212E-02 
913	 6.69904872582682E-02 
914	 6.68375510550099E-02 
915	 6.68717098668112E-02 
916	 6.69217332726227E-02 
917	 6.71603567346578E-02 
918	 6.73344096521025E-02 
919	 6.73094420414832E-02 
920	 0.067479688942451 
921	 6.74948020250755E-02 
922	 6.72664998552672E-02 
923	 6.69653417794277E-02 
924	 6.73562228780367E-02 
925	 6.76454722706753E-02 
926	 6.74068082142881E-02 
927	 6.66383970359834E-02 
928	 6.64303268406294E-02 
929	 6.68644795714525E-02 
930	 6.72851100533806E-02 
931	 0.066692847453487 
932	 6.61818509908981E-02 
933	 6.56592959198203E-02 
934	 6.52953051641718E-02 
935	 6.54344170074466E-02 
936	 6.59162246037672E-02 
937	 6.62073564279878E-02 
938	 6.61286855938087E-02 
939	 6.59143997106476E-02 
940	 6.64093897990959E-02 
941	 6.66721372233785E-02 
942	 6.64767109673531E-02 
943	 6.64293970917475E-02 
944	 6.63874004973372E-02 
945	 6.61617470322766E-02 
946	 6.59086465807856E-02 
947	 6.61234845334042E-02 
948	 6.55008720786299E-02 
949	 6.51590323343286E-02 
950	 0.065604908565792 
951	 6.59551294164917E-02 
952	 6.66001955251845E-02 
953	 0.067005828997827 
954	 6.67377136626506E-02 
955	 6.58191072424961E-02 
956	 6.65008280986893E-02 
957	 6.69402264139681E-02 
958	 6.61763644116859E-02 
959	 6.64846532909489E-02 
960	 0.066852768800509 
961	 6.69320959774236E-02 
962	 6.68776263703406E-02 
963	 6.75337337105862E-02 
964	 6.74727182024272E-02 
965	 6.73000354723831E-02 
966	 6.75559641040453E-02 
967	 6.73605942635745E-02 
968	 6.79648189689986E-02 
969	 6.86446435445386E-02 
970	 6.84976749177227E-02 
971	 6.76924883886121E-02 
972	 0.06687772231041 
973	 6.70979422304703E-02 
974	 6.84691218960618E-02 
975	 6.80770775105956E-02 
976	 6.80579177287796E-02 
977	 6.83844672531412E-02 
978	 6.84877123982306E-02 
979	 6.87557991028808E-02 
980	 0.068390164318855 
981	 6.77340373595143E-02 
982	 6.75430298490943E-02 
983	 6.84737210374812E-02 
984	 6.87214277536805E-02 
985	 6.82879018967021E-02 
986	 6.79542397802724E-02 
987	 6.83860744419921E-02 
988	 6.85556529713704E-02 
989	 6.87313321523876E-02 
990	 6.94359599619853E-02 
991	 7.01543958234752E-02 
992	 6.96816627550545E-02 
993	 6.89492246607933E-02 
994	 6.92035402654445E-02 
995	 0.069193482998867 
996	 6.89880844148324E-02 
997	 6.84693451622801E-02 
998	 6.79037186285868E-02 
999	 6.91934133110975E-02 
1000	 6.96094232823075E-02 
1001	 7.17692367245174E-02 
1002	 7.15202155955966E-02 
1003	 7.13544678606512E-02 
1004	 7.13399819979546E-02 
1005	 7.15307029444362E-02 
1006	 7.15747661729049E-02 
1007	 7.16822786324169E-02 
1008	 7.17234996181054E-02 
1009	 0.071690924714476 
1010	 7.17275513945074E-02 
1011	 7.17615177163803E-02 
1012	 7.18635611017199E-02 
1013	 7.18767252671458E-02 
1014	 7.18925012247939E-02 
1015	 7.20589285455934E-02 
1016	 7.21074767373543E-02 
1017	 0.072182638096523 
1018	 7.23071244066206E-02 
1019	 7.23702978794789E-02 
1020	 7.22515341199684E-02 
1021	 7.22514625392985E-02 
1022	 7.22325429046697E-02 
1023	 7.21740846669073E-02 
1024	 7.22143388720194E-02 
1025	 7.22416686113075E-02 
1026	 7.21975421651204E-02 
1027	 7.22258901332976E-02 
1028	 7.23297316323696E-02 
1029	 7.23524939600967E-02 
1030	 7.23758700855516E-02 
1031	 7.24639267006769E-02 
1032	 7.25843314132383E-02 
1033	 7.26497545445295E-02 
1034	 7.27772770702146E-02 
1035	 7.30022838759117E-02 
1036	 7.31675313115948E-02 
1037	 7.31994507448238E-02 
1038	 7.32141188542905E-02 
1039	 7.31599476862915E-02 
1040	 0.072937626006881 
1041	 7.27746751489936E-02 
1042	 7.26845105441027E-02 
1043	 0.072674533751839 
1044	 7.27481959808953E-02 
1045	 7.29641941615918E-02 
1046	 7.31520746730178E-02 
1047	 7.33165798467408E-02 
1048	 7.34129527589316E-02 
1049	 7.32301999177726E-02 
1050	 7.31467854215874E-02 
1051	 7.31639972587537E-02 
1052	 7.30730047150596E-02 
1053	 7.31506098590773E-02 
1054	 0.073182659798358 
1055	 7.31734191297024E-02 
1056	 7.33218879682438E-02 
1057	 7.33797340866629E-02 
1058	 7.33890640689705E-02 
1059	 7.34956168357047E-02 
1060	 7.36850167721857E-02 
1061	 7.37002238354245E-02 
1062	 7.37655869203836E-02 
1063	 7.38439468680776E-02 
1064	 7.37958017094336E-02 
1065	 7.37867719609279E-02 
1066	 7.37846257596506E-02 
1067	 7.39021522572407E-02 
1068	 7.39500743426986E-02 
1069	 7.38997529876292E-02 
1070	 7.39229197075454E-02 
1071	 7.39709247752819E-02 
1072	 7.39838325386529E-02 
1073	 7.40144092168378E-02 
1074	 7.40613746179755E-02 
1075	 7.41134227452256E-02 
1076	 7.41093904983277E-02 
1077	 7.41692585123459E-02 
1078	 7.41897135632639E-02 
1079	 7.41906057788225E-02 
1080	 7.42781848691554E-02 
1081	 7.43365202355445E-02 
1082	 7.43941680443192E-02 
1083	 7.44297832669911E-02 
1084	 7.43763697098778E-02 
1085	 7.44176610353746E-02 
1086	 7.45616225027313E-02 
1087	 7.45973513489184E-02 
1088	 7.46305490538419E-02 
1089	 7.46632804073852E-02 
1090	 7.46537130552174E-02 
1091	 7.45655580283029E-02 
1092	 7.45482173250671E-02 
1093	 7.45684712148279E-02 
1094	 7.45639080843576E-02 
1095	 0.074549903339637 
1096	 7.46174862161661E-02 
1097	 7.47593651770504E-02 
1098	 7.48524944348954E-02 
1099	 7.50481187682454E-02 
1100	 7.50798837534063E-02 
1101	 0.074923168510275 
1102	 0.074950868178021 
1103	 7.49616187607897E-02 
1104	 0.075033646823265 
1105	 7.53786102407199E-02 
1106	 7.55110611402553E-02 
1107	 7.55568895859485E-02 
1108	 7.55588957324563E-02 
1109	 7.54600748350356E-02 
1110	 7.52319239964294E-02 
1111	 7.50706652894394E-02 
1112	 7.48122564641997E-02 
1113	 7.47260917593762E-02 
1114	 7.47097485344827E-02 
1115	 7.47575665208734E-02 
1116	 0.074965484079364 
1117	 7.51579944061442E-02 
1118	 7.55952842932591E-02 
1119	 7.57138239498776E-02 
1120	 7.57052146101588E-02 
1121	 7.56579817936372E-02 
1122	 7.49477040528217E-02 
1123	 7.47601024023891E-02 
1124	 7.48052769326935E-02 
1125	 7.51852212708256E-02 
1126	 7.53718078315017E-02 
1127	 7.59311876219624E-02 
1128	 7.61386557246243E-02 
1129	 7.60710079763864E-02 
1130	 7.60675971378276E-02 
1131	 7.59840503540159E-02 
1132	 7.60028921940795E-02 
1133	 7.59289808188685E-02 
1134	 7.59983332083399E-02 
1135	 7.63919955505646E-02 
1136	 7.64513305176868E-02 
1137	 7.63077671154169E-02 
1138	 7.62828755779461E-02 
1139	 7.62876713404407E-02 
1140	 7.60382422183031E-02 
1141	 7.59856271434114E-02 
1142	 7.60082106845221E-02 
1143	 7.61254596848849E-02 
1144	 7.63261187019704E-02 
1145	 7.64240618728418E-02 
1146	 7.65864392536153E-02 
1147	 0.076735396534006 
1148	 7.68391636783115E-02 
1149	 7.68257578164088E-02 
1150	 7.67901889225206E-02 
1151	 7.67842862953335E-02 
1152	 7.66633519966562E-02 
1153	 7.66108121134531E-02 
1154	 7.64517108251696E-02 
1155	 7.66651522096182E-02 
1156	 7.69339817957388E-02 
1157	 7.69454048482421E-02 
1158	 7.70414285912371E-02 
1159	 7.72250707270167E-02 
1160	 7.73023040948463E-02 
1161	 7.72814116388403E-02 
1162	 7.73313906048482E-02 
1163	 0.077437652454976 
1164	 7.74612920619717E-02 
1165	 7.74541483786493E-02 
1166	 7.74329406239436E-02 
1167	 7.73203970945126E-02 
1168	 0.077313559293652 
1169	 7.73442476269918E-02 
1170	 7.73729199158261E-02 
1171	 7.74201738972368E-02 
1172	 7.75726675769642E-02 
1173	 0.077594075766407 
1174	 7.74976732787692E-02 
1175	 7.75521302390257E-02 
1176	 0.077631406722396 
1177	 7.76805449858709E-02 
1178	 7.78677122087897E-02 
1179	 7.78708160830272E-02 
1180	 7.76471938556115E-02 
1181	 7.76537834789316E-02 
1182	 7.77288224595787E-02 
1183	 7.77619185916868E-02 
1184	 7.79262829756887E-02 
1185	 7.79734317528202E-02 
1186	 7.79211248730917E-02 
1187	 7.78817977891246E-02 
1188	 7.77632008564624E-02 
1189	 7.77370559409613E-02 
1190	 7.79162647542463E-02 
1191	 7.79469479671102E-02 
1192	 7.79989249756737E-02 
1193	 7.81498679343922E-02 
1194	 7.81887364114543E-02 
1195	 7.80551654598819E-02 
1196	 7.80655486336276E-02 
1197	 7.81414154083267E-02 
1198	 7.81782618370847E-02 
1199	 7.82693084826394E-02 
1200	 7.83030398013128E-02 
1201	 7.82339060648066E-02 
1202	 7.82756784223099E-02 
1203	 7.83931180429146E-02 
1204	 7.84126234385225E-02 
1205	 7.84243210901543E-02 
1206	 0.078519840455887 
1207	 7.83878959315446E-02 
1208	 7.82642239519147E-02 
1209	 0.078345887993163 
1210	 7.83654275813142E-02 
1211	 7.84548550549922E-02 
1212	 0.078520280952635 
1213	 7.85108031328889E-02 
1214	 7.85621284588975E-02 
1215	 7.85937844572386E-02 
1216	 7.86759711794513E-02 
1217	 7.87221174760042E-02 
1218	 7.87036305535835E-02 
1219	 0.078731035164299 
1220	 7.88252149777207E-02 
1221	 7.88328853465897E-02 
1222	 7.87825894698944E-02 
1223	 7.87810855450378E-02 
1224	 7.87679663972505E-02 
1225	 7.87210491506669E-02 
1226	 7.87861044136873E-02 
1227	 7.89088339164461E-02 
1228	 7.88555543260058E-02 
1229	 7.88696535381005E-02 
1230	 7.89545021681237E-02 
1231	 7.88324499747956E-02 
1232	 7.88549495171371E-02 
1233	 7.90084544143666E-02 
1234	 7.89205897978552E-02 
1235	 7.89010614825467E-02 
1236	 7.89210211343601E-02 
1237	 7.89134249494546E-02 
1238	 7.89434633522769E-02 
1239	 7.91104629763828E-02 
1240	 7.91442393069847E-02 
1241	 7.90681549038869E-02 
1242	 7.90576090333361E-02 
1243	 7.90280824820268E-02 
1244	 7.90639617860325E-02 
1245	 7.89295060021883E-02 
1246	 0.078976888921781 
1247	 7.90224302099863E-02 
1248	 7.89220926279862E-02 
1249	 7.91300795115261E-02 
1250	 7.93234058827679E-02 
1251	 7.92472649911341E-02 
1252	 7.92537436189315E-02 
1253	 7.92940406915921E-02 
1254	 0.079252304113996 
1255	 7.92547403930099E-02 
1256	 7.92860745942496E-02 
1257	 7.93308240102895E-02 
1258	 7.93246576728859E-02 
1259	 7.93718218280604E-02 
1260	 7.95209995807253E-02 
1261	 7.95745900037998E-02 
1262	 7.96102427004255E-02 
1263	 7.95539487586425E-02 
1264	 7.93853063815663E-02 
1265	 7.94310459562823E-02 
1266	 7.94540339502717E-02 
1267	 7.94405518315005E-02 
1268	 7.95673347613447E-02 
1269	 7.96692646594899E-02 
1270	 7.98170436119131E-02 
1271	 7.99012644884144E-02 
1272	 7.98284341804974E-02 
1273	 7.97096154012309E-02 
1274	 7.95891893814608E-02 
1275	 7.95784081855665E-02 
1276	 7.97121283885052E-02 
1277	 7.98288194446235E-02 
1278	 7.98241352926407E-02 
1279	 7.97765069327165E-02 
1280	 7.97562101287535E-02 
1281	 7.97330592613231E-02 
1282	 7.97451715693744E-02 
1283	 7.98142548327381E-02 
1284	 7.97580493261231E-02 
1285	 7.97251192503217E-02 
1286	 7.97287685232942E-02 
1287	 0.079712419813235 
1288	 7.97302395997983E-02 
1289	 7.97378987970854E-02 
1290	 7.96958523127364E-02 
1291	 7.96882311804308E-02 
1292	 7.96886749502107E-02 
1293	 7.97210531577577E-02 
1294	 7.98434274506645E-02 
1295	 7.99050975107913E-02 
1296	 7.99131136254682E-02 
1297	 7.99486854055071E-02 
1298	 7.98462788777412E-02 
1299	 7.98106807011996E-02 
1300	 8.00667037157857E-02 
1301	 8.00866770448181E-02 
1302	 7.99510896191713E-02 
1303	 7.99946613789783E-02 
1304	 0.079965078996062 
1305	 7.99930535607388E-02 
1306	 8.01663431280154E-02 
1307	 8.04640517040495E-02 
1308	 8.03716685054398E-02 
1309	 8.01040259596238E-02 
1310	 7.99857403054415E-02 
1311	 7.98497331126797E-02 
1312	 7.98379855761461E-02 
1313	 8.00520783790606E-02 
1314	 8.01186240354863E-02 
1315	 8.00863385385884E-02 
1316	 8.02351886965733E-02 
1317	 8.02895217946496E-02 
1318	 7.99976443324246E-02 
1319	 0.079898549104857 
1320	 0.080023226930023 
1321	 8.00538055015852E-02 
1322	 8.02696955819132E-02 
1323	 8.04046095962878E-02 
1324	 8.01639271739253E-02 
1325	 8.00792488320852E-02 
1326	 8.02874620658918E-02 
1327	 8.05673526489744E-02 
1328	 8.09560647236529E-02 
1329	 8.09173386450392E-02 
1330	 8.07865216657746E-02 
1331	 8.02657020294378E-02 
1332	 8.00543995179223E-02 
1333	 8.00592951870405E-02 
1334	 8.04778925861636E-02 
1335	 8.08513992914722E-02 
1336	 8.07131272490398E-02 
1337	 8.06957974607347E-02 
1338	 8.06651407648078E-02 
1339	 0.080485695836211 
1340	 8.06140122413476E-02 
1341	 8.07306760340576E-02 
1342	 8.03986602077893E-02 
1343	 8.01067164499335E-02 
1344	 8.04272391077046E-02 
1345	 0.080475366600483 
1346	 7.99426934588646E-02 
1347	 7.99939337574838E-02 
1348	 7.99470841605462E-02 
1349	 7.95578062941099E-02 
1350	 0.080143982850557 
1351	 8.04748327116513E-02 
1352	 8.01701947503674E-02 
1353	 8.00267216721021E-02 
1354	 7.89470340792524E-02 
1355	 7.87151478086189E-02 
1356	 8.01498492650904E-02 
1357	 0.080858149688212 
1358	 8.05745231856687E-02 
1359	 8.09768736767912E-02 
1360	 0.08000697005209 
1361	 0.078916832076395 
1362	 8.02096253368255E-02 
1363	 8.98157957328246E-02 
1364	 0.101281946249519 
1365	 8.73837521213888E-02 
1366	 6.49455913505727E-02 
1367	 7.82624528648692E-02 
1368	 9.15414379255085E-02 
1369	 0.100083102291282 
1370	 0.144680410420517 
1371	 0.132768213044127 
1372	 0.104259856125286 
1373	 0.1304174166687 
1374	 8.21914337685996E-02 
1375	 3.68806312662961E-02 
1376	 0.102047505016445 
1377	 0.108834126137481 
1378	 0.120540070143693 
1379	 0.187871689160658 
1380	 0.149738113789275 
1381	 8.36013213263474E-02 
1382	 7.42662917147804E-02 
1383	 6.67859149728743E-02 
1384	 9.02358584397823E-02 
1385	 0.120100763970217 
1386	 8.29922577719151E-02 
1387	 0.058846832813651 
1388	 7.77942097175742E-02 
1389	 8.04241119363893E-02 
1390	 8.20155450109072E-02 
1391	 0.119547581107441 
1392	 0.146689419746229 
1393	 0.126427533096045 
1394	 0.133677163694771 
1395	 0.134550989603987 
1396	 0.112897738761472 
1397	 0.100777540632537 
1398	 8.23970366840564E-02 
1399	 7.98494142620421E-02 
1400	 7.91312845142898E-02 
1401	 6.58406761813627E-02 
1402	 6.46877085785089E-02 
1403	 7.71992326645975E-02 
1404	 9.57800931671751E-02 
1405	 0.105003399129948 
1406	 9.92223669245595E-02 
1407	 8.83406629386698E-02 
1408	 7.77786234285118E-02 
1409	 7.66592901937725E-02 
1410	 8.30605484524018E-02 
1411	 8.38947363556896E-02 
1412	 8.07054615576614E-02 
1413	 8.22608075767418E-02 
1414	 0.08398325693274 
1415	 8.43269523700565E-02 
1416	 8.67715719279398E-02 
1417	 8.78397661392454E-02 
1418	 8.58644898977378E-02 
1419	 8.35615606281011E-02 
1420	 8.40264609185508E-02 
1421	 8.49846704959136E-02 
1422	 8.39596045216943E-02 
1423	 8.36954976170134E-02 
1424	 8.29778686716004E-02 
1425	 8.09096975426649E-02 
1426	 8.03041311222597E-02 
1427	 8.07996976165419E-02 
1428	 8.11358807327273E-02 
1429	 8.08671113961516E-02 
1430	 8.22263278399873E-02 
1431	 8.29444386825701E-02 
1432	 8.21994533502165E-02 
1433	 8.22961547680444E-02 
1434	 0.083292857259468 
1435	 8.35234261616881E-02 
1436	 8.31150960480509E-02 
1437	 8.35780563458727E-02 
1438	 8.35516892019764E-02 
1439	 8.24062298173624E-02 
1440	 8.32104928027627E-02 
1441	 8.49142732978487E-02 
1442	 8.41368971999313E-02 
1443	 8.28080979166566E-02 
1444	 8.32035344989526E-02 
1445	 8.33777585163313E-02 
1446	 8.25623661360354E-02 
1447	 0.082550997195204 
1448	 8.32475975630936E-02 
1449	 8.29091900300674E-02 
1450	 8.22726286658999E-02 
1451	 8.26404865503406E-02 
1452	 8.29950209302015E-02 
1453	 8.29680380030851E-02 
1454	 8.32878475404104E-02 
1455	 8.33543972853526E-02 
1456	 8.28679431012153E-02 
1457	 8.27665514079183E-02 
1458	 8.28604764069725E-02 
1459	 8.28530815660826E-02 
1460	 8.29926335920181E-02 
1461	 8.29919156439097E-02 
1462	 8.32249575435721E-02 
1463	 8.37618667608185E-02 
1464	 8.36285409134789E-02 
1465	 8.30539614956205E-02 
1466	 8.30640132392124E-02 
1467	 8.32387946494535E-02 
1468	 8.30369454433443E-02 
1469	 8.33507131444953E-02 
1470	 8.35664344805584E-02 
1471	 8.35051681447649E-02 
1472	 8.30311875230941E-02 
1473	 8.35082212060415E-02 
1474	 8.37699150021852E-02 
1475	 8.33578645118622E-02 
1476	 8.33552993563903E-02 
1477	 8.35910421808902E-02 
1478	 8.33495328240127E-02 
1479	 8.33035428008422E-02 
1480	 8.36459299057759E-02 
1481	 8.34053733608941E-02 
1482	 8.32373287350515E-02 
1483	 8.34092766216421E-02 
1484	 8.32407865029102E-02 
1485	 8.33012760266862E-02 
1486	 8.35592726327827E-02 
1487	 0.083493390000839 
1488	 8.36400584214717E-02 
1489	 8.37266548848586E-02 
1490	 8.34477256672961E-02 
1491	 8.36707949428979E-02 
1492	 8.39618168262319E-02 
1493	 8.37323533744325E-02 
1494	 8.37427749118152E-02 
1495	 0.083834731701295 
1496	 8.36635462368249E-02 
1497	 8.37315178889097E-02 
1498	 8.39694700954801E-02 
1499	 8.40086986954543E-02 
1500	 8.37517759562334E-02 
1501	 8.36938429669517E-02 
1502	 8.39959305053048E-02 
1503	 8.41483060756068E-02 
1504	 0.084354890916777 
1505	 8.43591951899788E-02 
1506	 8.39267000927885E-02 
1507	 0.083724607576133 
1508	 8.37561410922388E-02 
1509	 8.38184737510782E-02 
1510	 8.39674549454098E-02 
1511	 8.39973938220029E-02 
1512	 8.39448936805474E-02 
1513	 8.39687609059747E-02 
1514	 8.38612237940076E-02 
1515	 8.38315706980349E-02 
1516	 8.39878044732898E-02 
1517	 8.39159811879488E-02 
1518	 8.38670110849027E-02 
1519	 8.39898261825142E-02 
1520	 8.39205185591402E-02 
1521	 8.39107272896598E-02 
1522	 0.084186712451096 
1523	 8.42389468938241E-02 
1524	 8.40058515605608E-02 
1525	 8.40187269210795E-02 
1526	 8.41517548570046E-02 
1527	 8.40846152615643E-02 
1528	 0.084088591231283 
1529	 8.42539728242855E-02 
1530	 8.42166617776152E-02 
1531	 8.41443681064585E-02 
1532	 8.41534477269894E-02 
1533	 8.41982003982746E-02 
1534	 8.40058344652277E-02 
1535	 8.40497706131818E-02 
1536	 8.44615165582841E-02 
1537	 0.084448611772234 
1538	 8.42029991268879E-02 
1539	 0.084318215601362 
1540	 8.44633093837808E-02 
1541	 8.43658688451373E-02 
1542	 8.45074249818522E-02 
1543	 8.45755317658667E-02 
1544	 8.43086026010988E-02 
1545	 8.42318821812441E-02 
1546	 8.44470470828883E-02 
1547	 8.45153341768724E-02 
1548	 8.45117605776094E-02 
1549	 8.45774238284746E-02 
1550	 8.44017274617459E-02 
1551	 8.42865890618891E-02 
1552	 8.43364831920791E-02 
1553	 8.42935296775101E-02 
1554	 8.44762106661178E-02 
1555	 8.45680860546927E-02 
1556	 8.43519588605152E-02 
1557	 8.42850568320291E-02 
1558	 8.42134334335681E-02 
1559	 8.43347106115753E-02 
1560	 8.47193281479231E-02 
1561	 8.48044599621443E-02 
1562	 8.46599216541649E-02 
1563	 8.44317510060648E-02 
1564	 8.42931728880778E-02 
1565	 8.42818256890253E-02 
1566	 8.42407387997171E-02 
1567	 8.44272453625667E-02 
1568	 8.45038884763984E-02 
1569	 0.084272267596185 
1570	 8.43627045518661E-02 
1571	 8.44177934348063E-02 
1572	 8.41940321000535E-02 
1573	 8.43178495688783E-02 
1574	 8.44358503742478E-02 
1575	 8.43287102923841E-02 
1576	 8.44099341328368E-02 
1577	 8.44322330079843E-02 
1578	 0.084352663886714 
1579	 8.44524586816285E-02 
1580	 8.45173142361887E-02 
1581	 8.44874882742177E-02 
1582	 8.46349729221537E-02 
1583	 8.47037132213873E-02 
1584	 8.44967882403912E-02 
1585	 8.45215282210127E-02 
1586	 8.45697111783361E-02 
1587	 8.44538538411176E-02 
1588	 8.46656128619779E-02 
1589	 8.47112021664355E-02 
1590	 8.44235248191119E-02 
1591	 8.43723073220435E-02 
1592	 8.43286153886583E-02 
1593	 8.42782690558409E-02 
1594	 8.45161069073757E-02 
1595	 8.46775788772022E-02 
1596	 8.46638697561641E-02 
1597	 0.084699621851581 
1598	 8.46174299515917E-02 
1599	 8.44090525773328E-02 
1600	 0.084250867946781 
1601	 8.41880552832844E-02 
1602	 8.43032733527992E-02 
1603	 8.44246962617431E-02 
1604	 8.44632162786471E-02 
1605	 8.45765639875557E-02 
1606	 8.45697607995774E-02 
1607	 8.45130448629536E-02 
1608	 8.45915746868238E-02 
1609	 8.45779097563399E-02 
1610	 8.44012896123554E-02 
1611	 8.43581266257808E-02 
1612	 8.45934807438277E-02 
1613	 8.46577065195035E-02 
1614	 8.45955996146508E-02 
1615	 8.46694567923292E-02 
1616	 8.45302352451004E-02 
1617	 8.44811282496125E-02 
1618	 8.47879237210245E-02 
1619	 0.08486527124136 
1620	 8.46051167378929E-02 
1621	 8.44269990789967E-02 
1622	 8.43761296182538E-02 
1623	 8.42199059529423E-02 
1624	 8.42192564671798E-02 
1625	 8.43398720062851E-02 
1626	 8.42576809833887E-02 
1627	 8.42891868102434E-02 
1628	 8.43984228060931E-02 
1629	 8.45242457080666E-02 
1630	 8.46676421855024E-02 
1631	 8.46167292172112E-02 
1632	 8.45657357010607E-02 
1633	 8.46063352298069E-02 
1634	 0.084585700760391 
1635	 8.46213343263509E-02 
1636	 8.47788431968367E-02 
1637	 8.46379169842849E-02 
1638	 0.084375287763697 
1639	 8.42840756857746E-02 
1640	 8.42562404590515E-02 
1641	 8.44654870676141E-02 
1642	 8.46814972825341E-02 
1643	 8.46738869537062E-02 
1644	 0.084555375827726 
1645	 8.42874982519106E-02 
1646	 8.41738843112294E-02 
1647	 8.44021640863289E-02 
1648	 8.45693173406752E-02 
1649	 8.46644964540387E-02 
1650	 8.47161086422281E-02 
1651	 8.45598866382653E-02 
1652	 8.44227888468476E-02 
1653	 0.084394332629527 
1654	 8.44511845182609E-02 
1655	 0.084563422887347 
1656	 8.46097561296518E-02 
1657	 8.46921420960151E-02 
1658	 8.46458110411749E-02 
1659	 8.44447791058966E-02 
1660	 8.44303830477126E-02 
1661	 8.44704661491692E-02 
1662	 8.45987178086903E-02 
1663	 8.47492842321679E-02 
1664	 8.45457677328803E-02 
1665	 8.44597560605032E-02 
1666	 8.45229171835022E-02 
1667	 8.43808543068427E-02 
1668	 8.44642658810577E-02 
1669	 8.45518303851179E-02 
1670	 0.08429708949777 
1671	 8.42786593371405E-02 
1672	 0.084627353227515 
1673	 8.47264768429027E-02 
1674	 8.46230887406015E-02 
1675	 8.45316572269213E-02 
1676	 8.41787437650132E-02 
1677	 8.41728826923764E-02 
1678	 8.46520460182638E-02 
1679	 8.46744944963821E-02 
1680	 8.45128274112673E-02 
1681	 8.44420856426818E-02 
1682	 8.42287789901034E-02 
1683	 8.43929461012025E-02 
1684	 8.47467698412954E-02 
1685	 8.48017374127122E-02 
1686	 0.084795314209916 
1687	 8.47962325875321E-02 
1688	 8.47912993728212E-02 
1689	 0.084743609665879 
1690	 8.44699708528245E-02 
1691	 8.41522782054828E-02 
1692	 8.40655323804409E-02 
1693	 8.42050768026833E-02 
1694	 8.45206341992886E-02 
1695	 8.48185671380224E-02 
1696	 8.47400108116703E-02 
1697	 8.45503678905993E-02 
1698	 8.45461776398238E-02 
1699	 8.43681845224862E-02 
1700	 8.43493950871359E-02 
1701	 8.44045916057451E-02 
1702	 8.41215268219655E-02 
1703	 8.42276503768014E-02 
1704	 8.48408672831686E-02 
1705	 0.08495385309448 
1706	 8.49274102033069E-02 
1707	 8.49487402801934E-02 
1708	 8.46055076131664E-02 
1709	 8.45198920482023E-02 
1710	 8.47118972697546E-02 
1711	 0.084735117867749 
1712	 8.47129456363229E-02 
1713	 8.47340546451583E-02 
1714	 0.084809766069901 
1715	 8.48334890884601E-02 
1716	 8.47998702666179E-02 
1717	 0.084729822857774 
1718	 8.44952735792994E-02 
1719	 8.44232027811091E-02 
1720	 8.45087474888229E-02 
1721	 8.46118368544212E-02 
1722	 8.48967441972029E-02 
1723	 8.50202105987503E-02 
1724	 8.50236955036815E-02 
1725	 8.49133212339181E-02 
1726	 8.45817671804777E-02 
1727	 8.45547118328109E-02 
1728	 8.46209934516707E-02 
1729	 8.47074477067934E-02 
1730	 8.51342663900382E-02 
1731	 8.51565922145129E-02 
1732	 8.48132960213968E-02 
1733	 8.47747026908626E-02 
1734	 0.084733564666198 
1735	 8.46982389983631E-02 
1736	 8.48623270983795E-02 
1737	 8.48461484884542E-02 
1738	 8.46849711660926E-02 
1739	 8.46092455390027E-02 
1740	 8.45620945042174E-02 
1741	 8.44808938111747E-02 
1742	 8.42740541733626E-02 
1743	 0.084324464707207 
1744	 8.44653819500789E-02 
1745	 0.08464188278607 
1746	 8.51325207476007E-02 
1747	 8.52357799855997E-02 
1748	 8.51804251545515E-02 
1749	 0.085165523598725 
1750	 8.49528205901865E-02 
1751	 8.50197748078973E-02 
1752	 0.084884893874681 
1753	 8.50127548923544E-02 
1754	 8.50442136593948E-02 
1755	 8.47677383494551E-02 
1756	 8.48324982090196E-02 
1757	 8.44293304144198E-02 
1758	 8.41789513487915E-02 
1759	 8.45221588922408E-02 
1760	 8.47266788692056E-02 
1761	 8.53435624989989E-02 
1762	 8.58940128808929E-02 
1763	 8.58612993409591E-02 
1764	 8.57337705885174E-02 
1765	 8.51314741613775E-02 
1766	 8.47192925560502E-02 
1767	 8.49152391661109E-02 
1768	 8.50439875002064E-02 
1769	 8.54894800083544E-02 
1770	 8.58493006225111E-02 
1771	 8.56256397846443E-02 
1772	 0.085457159194465 
1773	 8.46907863066713E-02 
1774	 8.46041141393572E-02 
1775	 8.52285905512563E-02 
1776	 8.53283765851354E-02 
1777	 8.56970360756397E-02 
1778	 8.58320801015906E-02 
1779	 8.52793904195733E-02 
1780	 8.50865212815663E-02 
1781	 0.084996451260349 
1782	 0.085052215829161 
1783	 8.53907980134626E-02 
1784	 8.54281988847581E-02 
1785	 8.54161198896358E-02 
1786	 8.54974432243947E-02 
1787	 8.52730174010207E-02 
1788	 8.54428312420655E-02 
1789	 8.63725080149834E-02 
1790	 8.64560583550231E-02 
1791	 0.086105084858316 
1792	 8.58415423740477E-02 
1793	 8.48401528595873E-02 
1794	 8.45873029714245E-02 
1795	 8.50013511174522E-02 
1796	 8.50790360381224E-02 
1797	 8.52641510540963E-02 
1798	 8.53627794958668E-02 
1799	 8.52782063055809E-02 
1800	 8.53182919211835E-02 
1801	 8.56673321218403E-02 
1802	 8.55527093377159E-02 
1803	 8.52030509752726E-02 
1804	 8.46722202782658E-02 
1805	 8.32107525294463E-02 
1806	 8.29167949675612E-02 
1807	 8.28597067119558E-02 
1808	 8.43325497491224E-02 
1809	 8.81531766279688E-02 
1810	 9.03226521094013E-02 
1811	 9.41532949922139E-02 
1812	 0.093619977110334 
1813	 9.14386327833413E-02 
1814	 9.23184479364041E-02 
1815	 9.17430666688416E-02 
1816	 8.65326535867704E-02 
1817	 9.07971970980714E-02 
1818	 9.70983767390344E-02 
1819	 9.56697795177168E-02 
1820	 9.08869659839512E-02 
1821	 8.73160079199305E-02 
1822	 6.59119462835876E-02 
1823	 5.59751920237875E-02 
1824	 6.68199624045395E-02 
1825	 7.37614684465238E-02 
1826	 9.52079314464501E-02 
1827	 0.103064118400837 
1828	 0.100437429438742 
1829	 9.50478200302807E-02 
1830	 4.23734427631617E-02 
1831	 9.49278336492625E-02 
1832	 9.94081977434523E-02 
1833	 0.116754112152624 
1834	 7.92002147064562E-02 
1835	 0.174678984365566 
1836	 0.589090543508709 
1837	 0.676169156666676 
1838	 0.29867199115431 
1839	-1.70270249183012E-02 
1840	-0.293410611205095 
1841	-8.78072603566854E-02 
1842	-0.124137251849461 
1843	 0.439664841292053 
1844	 0.621330966303931 
1845	 2.3334922875452 
1846	-2.35409184384104 
1847	-0.991605534964261 
1848	-1.59851279990358 
1849	 0.294093356179227 
1850	-0.206092117943844 
1851	-0.329184375948185 
1852	-1.09377800890889 
1853	-0.654550443643416 
1854	-2.20458831060006 
1855	 0.346999362513518 
1856	 1.17043888252063 
1857	 1.26253811957114 
1858	 3.69374461283158 
1859	 9.75764229111251 
1860	 6.0703528730983 
1861	 5.67702526918019 
1862	-2.43881601365196E-02 
1863	 0.12340912804917 
1864	 8.15017654384991E-02 
1865	-0.113642298562414 
1866	-7.10936659407925E-02 
1867	 0.628638688769103 
1868	 0.549953314511814 
1869	 0.133383580805219 
1870	 6.53681627257599E-02 
1871	 0.255291194330373 
1872	 1.28209945192747 
1873	 1.10247277243492 
1874	 0.877122848105594 
1875	 0.844477607454477 
1876	 0.629927506613331 
1877	 0.155666623928633 
1878	 2.45914247433823E-02 
1879	 0.225720279132699 
1880	 0.334933125261754 
1881	 0.460428244667377 
1882	 0.458933698740132 
1883	 0.364136318756949 
1884	 0.347507515770079 
1885	 0.320185879813119 
1886	 0.269221021060247 
1887	 0.253461810059498 
1888	 0.20167130074038 
1889	 0.168563545413284 
1890	 0.2198239982619 
1891	 0.201323921498617 
1892	 0.231069938277993 
1893	 0.238469289961439 
1894	 0.142751566582302 
1895	 9.80370220948617E-02 
1896	 0.126028708898949 
1897	 6.92526078925521E-02 
1898	 0.107476413537311 
1899	 0.256353224668952 
1900	 0.241930187950505 
1901	 0.246030908062638 
1902	 0.279867856638529 
1903	 0.15284148000712 
1904	 8.12023643305184E-02 
1905	 8.57610652334485E-02 
1906	 0.185086985227175 
1907	 0.190485846610271 
1908	-0.112574555537442 
1909	-0.3104355469651 
1910	-0.243115294815259 
1911	-8.32983376145138E-02 
1912	 0.054948802460755 
1913	 7.89272425275756E-02 
1914	 0.028656897943298 
1915	 3.39410501702862E-02 
1916	 3.42441338066219E-03 
1917	 3.56802284076061E-02 
1918	 8.51381545198722E-02 
1919	 0.123104064076637 
1920	 0.13842249333657 
1921	 0.067282251893754 
1922	 4.46382501937631E-02 
1923	 0.083029892498578 
1924	 8.29784607945511E-02 
1925	 0.070991937781806 
1926	 8.71793080219892E-02 
1927	 0.117847664486912 
1928	 0.130245868733915 
1929	 0.150256575802367 
1930	 0.141605078067443 
1931	 0.108833306112166 
1932	 8.36190271126871E-02 
1933	 0.06298417400053 
1934	 6.42398352360739E-02 
1935	 6.81839606814639E-02 
1936	 8.39931957575634E-02 
1937	 8.34075771279643E-02 
1938	 8.20290658622685E-02 
1939	 8.49948527271662E-02 
1940	 8.38164888941431E-02 
1941	 8.19066419710743E-02 
1942	 8.66170277042231E-02 
1943	 9.28561264626815E-02 
1944	 8.98092793076062E-02 
1945	 8.17035894598624E-02 
1946	 8.10640658664549E-02 
1947	 8.05099366099964E-02 
1948	 8.12347194787355E-02 
1949	 8.21110298565307E-02 
1950	 8.52086620133638E-02 
1951	 8.61841726867137E-02 
1952	 8.40401410286193E-02 
1953	 8.65917350930477E-02 
1954	 8.90671871660942E-02 
1955	 8.83714516383607E-02 
1956	 8.85214025268217E-02 
1957	 8.44548496785524E-02 
1958	 8.27866557405529E-02 
1959	 8.21361862468857E-02 
1960	 8.52642693125897E-02 
1961	 8.42479037705356E-02 
1962	 8.42010566156781E-02 
1963	 8.61960378101023E-02 
1964	 8.45090506931565E-02 
1965	 8.34803924132206E-02 
1966	 8.52488255005203E-02 
1967	 8.50828334010017E-02 
1968	 8.49497631035617E-02 
1969	 8.57510428553124E-02 
1970	 8.75218879839062E-02 
1971	 8.71414971799707E-02 
1972	 8.69339596082235E-02 
1973	 8.76299931745589E-02 
1974	 8.64528441327359E-02 
1975	 8.56227286328314E-02 
1976	 8.57906468041721E-02 
1977	 8.54524633242309E-02 
1978	 8.51274981192661E-02 
1979	 8.51025486923148E-02 
1980	 8.58096159390835E-02 
1981	 8.62504992752498E-02 
1982	 8.62734970710052E-02 
1983	 8.61384063324496E-02 
1984	 0.0865938037979 
1985	 8.65298338883385E-02 
1986	 8.62888534645157E-02 
1987	 0.086168474259063 
1988	 8.59138652908325E-02 
1989	 8.59120150964472E-02 
1990	 8.57406795039306E-02 
1991	 8.64664207100616E-02 
1992	 0.087465207612025 
1993	 8.78198377272697E-02 
1994	 8.75728298070023E-02 
1995	 8.74125108638956E-02 
1996	 8.68800708803308E-02 
1997	 8.63073667145287E-02 
1998	 8.60949622216684E-02 
1999	 8.69944405899956E-02 
2000	 8.75927011315788E-02 
2001	 8.71840216227466E-02 
2002	 8.64914835483978E-02 
2003	 8.52053081008382E-02 
2004	 8.56741989968857E-02 
2005	 0.087195244005606 
2006	 8.72080428587224E-02 
2007	 8.58135234054921E-02 
2008	 8.67001446159916E-02 
2009	 8.81790116109635E-02 
2010	 8.78599888132211E-02 
2011	 8.96356833002103E-02 
2012	 9.15005222061299E-02 
2013	 8.88911586542081E-02 
2014	 8.85019932516323E-02 
2015	 8.95869492702745E-02 
2016	 8.93454119633514E-02 
2017	 8.83291679448624E-02 
2018	 8.62626621857087E-02 
2019	 8.59893444448315E-02 
2020	 8.63636422786522E-02 
2021	 8.62884973383793E-02 
2022	 8.65169381706049E-02 
2023	 0.087858866223438 
2024	 8.83323826513842E-02 
2025	 8.69500222130067E-02 
2026	 8.67397188568155E-02 
2027	 8.71959555733346E-02 
2028	 8.71456883271597E-02 
2029	 8.76402985001216E-02 
2030	 8.76357594534495E-02 
2031	 8.70010377841309E-02 
2032	 8.69132866740709E-02 
2033	 8.64301965460145E-02 
2034	 8.66303267396259E-02 
2035	 8.77037323445125E-02 
2036	 8.83781396955113E-02 
2037	 8.78134234798389E-02 
2038	 8.69036010080146E-02 
2039	 8.66516785522744E-02 
2040	 8.68821455455422E-02 
2041	 8.66633607586415E-02 
2042	 8.68423880796714E-02 
2043	 8.75863722342883E-02 
2044	 8.73901883920134E-02 
2045	 8.72923207122526E-02 
2046	 8.81762219052276E-02 
2047	 8.85581222763056E-02 
2048	 8.77990163089718E-02 
2049	 8.75631603332998E-02 
2050	 8.77485080393644E-02 
2051	 8.80562119662955E-02 
2052	 8.80984428663575E-02 
2053	 8.85545201891596E-02 
2054	 8.88279356535376E-02 
2055	 0.088890904826753 
2056	 8.94787428377983E-02 
2057	 8.89771636459262E-02 
2058	 8.81694376107858E-02 
2059	 8.84725542512476E-02 
2060	 8.84267902313283E-02 
2061	 8.76687878890585E-02 
2062	 8.74527953969509E-02 
2063	 8.77580885969504E-02 
2064	 8.78843476931466E-02 
2065	 8.77765922930469E-02 
2066	 8.81854899969448E-02 
2067	 8.84301820853351E-02 
2068	 8.78496278959093E-02 
2069	 8.71963563863087E-02 
2070	 8.65361758364075E-02 
2071	 8.61982315112252E-02 
2072	 8.72455603127732E-02 
2073	 8.77783929878269E-02 
2074	 8.70823156341786E-02 
2075	 8.71777876413094E-02 
2076	 8.75353386745948E-02 
2077	 8.76801343761994E-02 
2078	 8.79696003592691E-02 
2079	 8.82084959462805E-02 
2080	 8.86158582184068E-02 
2081	 0.088194330192866 
2082	 8.72386317452561E-02 
2083	 8.71992575556943E-02 
2084	 0.087981824356415 
2085	 8.78466305807876E-02 
2086	 8.76140412820536E-02 
2087	 8.85681402432217E-02 
2088	 8.89361631086642E-02 
2089	 8.79815402012496E-02 
2090	 8.76810362009184E-02 
2091	 8.79295370414938E-02 
2092	 8.79691400517325E-02 
2093	 8.75368042094567E-02 
2094	 8.76029332809978E-02 
2095	 8.85282093718547E-02 
2096	 0.088232768309465 
2097	 8.67528707497059E-02 
2098	 8.68483139288863E-02 
2099	 8.74991591058652E-02 
2100	 8.72505703765127E-02 
2101	 8.72473844394719E-02 
2102	 8.79309421341026E-02 
2103	 8.80325313817036E-02 
2104	 8.71607657026116E-02 
2105	 0.086852620825101 
2106	 8.69952457851015E-02 
2107	 8.71380668608345E-02 
2108	 8.70220351926506E-02 
2109	 8.73156214679142E-02 
2110	 8.86160889853876E-02 
2111	 8.88673005002233E-02 
2112	 8.83112573278473E-02 
2113	 8.81041503581963E-02 
2114	 8.77228380048864E-02 
2115	 8.72979340578798E-02 
2116	 0.087484352716998 
2117	 0.08797600839174 
2118	 8.80638070565939E-02 
2119	 8.76202673535401E-02 
2120	 8.75016804895586E-02 
2121	 8.79435060935158E-02 
2122	 8.78139232632397E-02 
2123	 8.77198383920721E-02 
2124	 8.78651410427711E-02 
2125	 8.76507681017166E-02 
2126	 8.74208386607858E-02 
2127	 8.76536734021777E-02 
2128	 0.087872290085879 
2129	 8.75405690589439E-02 
2130	 8.71679592089225E-02 
2131	 8.71691491687805E-02 
2132	 8.73274432412904E-02 
2133	 8.71976554298846E-02 
2134	 8.74469496834717E-02 
2135	 8.75091850369098E-02 
2136	 8.74386417997313E-02 
2137	 8.75010906402879E-02 
2138	 8.68529587582078E-02 
2139	 8.69904440873349E-02 
2140	 8.74085318658786E-02 
2141	 8.74191380718834E-02 
2142	 8.85874011921553E-02 
2143	 8.87343428367589E-02 
2144	 8.85335511662309E-02 
2145	 8.85865748309684E-02 
2146	 0.088278032573726 
2147	 8.76978737079513E-02 
2148	 8.68767431365945E-02 
2149	 8.71638060358942E-02 
2150	 8.81628078425244E-02 
2151	 8.79888782093446E-02 
2152	 8.77446232236033E-02 
2153	 8.81677883932858E-02 
2154	 8.82866638144772E-02 
2155	 8.78301403236373E-02 
2156	 8.80551224546956E-02 
2157	 8.85715803927376E-02 
2158	 8.82034422530458E-02 
2159	 8.73495284189962E-02 
2160	 8.79641595101941E-02 
2161	 8.88662648928178E-02 
2162	 0.088263545895293 
2163	 0.087996116096065 
2164	 8.76941845813281E-02 
2165	 8.68023465414204E-02 
2166	 8.65365759008776E-02 
2167	 8.68867806255254E-02 
2168	 8.70061612053384E-02 
2169	 0.087100074362575 
2170	 8.71587834404727E-02 
2171	 0.087376739981048 
2172	 8.73916453160162E-02 
2173	 8.72631968501506E-02 
2174	 8.71852396904036E-02 
2175	 8.70813662066755E-02 
2176	 8.72070279272443E-02 
2177	 8.72756187225848E-02 
2178	 0.087282707636181 
2179	 8.74540303112981E-02 
2180	 8.71630199680152E-02 
2181	 8.58876081411842E-02 
2182	 8.57638222929103E-02 
2183	 8.66379615480037E-02 
2184	 8.62052215877374E-02 
2185	 8.59690951318773E-02 
2186	 8.60531543920802E-02 
2187	 8.61333362568986E-02 
2188	 8.57957097901989E-02 
2189	 8.57025445261871E-02 
2190	 8.58834530847194E-02 
2191	 8.63073661136625E-02 
2192	 8.68219964375899E-02 
2193	 8.68074097202579E-02 
2194	 0.087056156194967 
2195	 8.74724090826436E-02 
2196	 8.77312874462584E-02 
2197	 8.71717462812059E-02 
2198	 0.087096868463469 
2199	 8.69043825386523E-02 
2200	 8.61597467977983E-02 
2201	 8.58731647895001E-02 
2202	 8.62480538645056E-02 
2203	 8.59450709705034E-02 
2204	 8.58986573774736E-02 
2205	 8.63025446963584E-02 
2206	 8.59942881184272E-02 
2207	 8.61424140381362E-02 
2208	 8.57130396168966E-02 
2209	 8.51310587873189E-02 
2210	 8.52205080637793E-02 
2211	 8.66843000445783E-02 
2212	 8.66120224282434E-02 
2213	 8.57494885938006E-02 
2214	 8.55718785744571E-02 
2215	 8.50381461964799E-02 
2216	 8.47268250755415E-02 
2217	 8.46099766658513E-02 
2218	 8.50361351354447E-02 
2219	 8.66404529797117E-02 
2220	 8.66742397869218E-02 
2221	 8.61656787310449E-02 
2222	 8.58284168717734E-02 
2223	 8.53421394014036E-02 
2224	 8.45369102975421E-02 
2225	 8.52979335170706E-02 
2226	 8.62525230689705E-02 
2227	 8.59521844973186E-02 
2228	 0.086214088593343 
2229	 8.78168425058026E-02 
2230	 8.77915569628969E-02 
2231	 8.61314457716488E-02 
2232	 8.63586835432199E-02 
2233	 8.67297970089026E-02 
2234	 8.59970389625506E-02 
2235	 8.68730296702998E-02 
2236	 8.76755408649416E-02 
2237	 0.087351866652437 
2238	 0.084927930814281 
2239	 8.47980743552425E-02 
2240	 8.57361996084077E-02 
2241	 0.085778160840634 
2242	 8.61986785507991E-02 
2243	 8.67101987149061E-02 
2244	 8.67637847655771E-02 
2245	 8.63015009446364E-02 
2246	 8.59446375013976E-02 
2247	 8.59464599480419E-02 
2248	 8.53114873083526E-02 
2249	 8.50246181673234E-02 
2250	 8.53258421837797E-02 
2251	 8.59457498724361E-02 
2252	 8.51339695615629E-02 
2253	 8.48684921697915E-02 
2254	 8.44117474875525E-02 
2255	 8.44717276163143E-02 
2256	 8.53576834607281E-02 
2257	 8.39920858789911E-02 
2258	 8.34769272213874E-02 
2259	 8.38850417397505E-02 
2260	 8.25703130361173E-02 
2261	 8.28782283812895E-02 
2262	 8.49327788700452E-02 
2263	 0.085342251120963 
2264	 0.085288956693148 
2265	 8.60729880497341E-02 
2266	 8.55975624266303E-02 
2267	 8.44479960702898E-02 
2268	 8.45557569011077E-02 
2269	 8.48824082787345E-02 
2270	 8.40397425670108E-02 
2271	 8.32958411391321E-02 
2272	 8.30942494819966E-02 
2273	 8.20331273441925E-02 
2274	 8.20506345393432E-02 
2275	 8.33896515864111E-02 
2276	 0.084118822224502 
2277	 0.085648706916931 
2278	 0.086218804155956 
2279	 8.60396131633738E-02 
2280	 8.65696053070507E-02 
2281	 8.63580861465463E-02 
2282	 8.60479994425516E-02 
2283	 0.086399388396092 
2284	 8.68524972482397E-02 
2285	 8.84674421373967E-02 
2286	 0.087311059860486 
2287	 8.41211884014943E-02 
2288	 8.21273263652229E-02 
2289	 8.20180954483919E-02 
2290	 8.13211238109702E-02 
2291	 8.27915997228527E-02 
2292	 8.55552123144221E-02 
2293	 8.46202307140359E-02 
2294	 8.31606828040805E-02 
2295	 8.31769108671851E-02 
2296	 8.26412605216504E-02 
2297	 8.21167304319627E-02 
2298	 8.17195445874128E-02 
2299	 8.19159785068474E-02 
2300	 8.25853859788521E-02 
2301	 8.24678036995501E-02 
2302	 8.07794149490727E-02 
2303	 7.94929721422603E-02 
2304	 8.07722958744556E-02 
2305	 0.081762089740972 
2306	 8.23447831653011E-02 
2307	 8.50646161330036E-02 
2308	 8.58740558195061E-02 
2309	 8.38510348897364E-02 
2310	 8.35728630799274E-02 
2311	 8.48378423307688E-02 
2312	 8.46516474473943E-02 
2313	 8.39977170605574E-02 
2314	 8.44610988498829E-02 
2315	 8.38902970841853E-02 
2316	 8.33553661742336E-02 
2317	 8.37172126360009E-02 
2318	 8.44000567492727E-02 
2319	 8.49469969269518E-02 
2320	 8.37549494169505E-02 
2321	 8.33676833784443E-02 
2322	 8.47914418276071E-02 
2323	 8.51352036214115E-02 
2324	 8.40138491498384E-02 
2325	 8.35102271032415E-02 
2326	 8.28362292342695E-02 
2327	 8.34623186595676E-02 
2328	 8.59999441962692E-02 
2329	 0.086262545490538 
2330	 8.59881284568661E-02 
2331	 8.57186626508866E-02 
2332	 8.27856498054209E-02 
2333	 8.20602146384884E-02 
2334	 8.47761513393473E-02 
2335	 8.50912200594171E-02 
2336	 8.28883998032799E-02 
2337	 8.33979458848418E-02 
2338	 8.58384903512721E-02 
2339	 0.085440807855049 
2340	 8.46065785885856E-02 
2341	 8.45770799277554E-02 
2342	 8.36957913283464E-02 
2343	 8.23565511513863E-02 
2344	 8.42943107917467E-02 
2345	 8.56750584629841E-02 
2346	 8.31234760432654E-02 
2347	 8.14966719727426E-02 
2348	 7.94530890220188E-02 
2349	 8.09038372257002E-02 
2350	 8.56294647435477E-02 
2351	 8.49989475898601E-02 
2352	 8.34175007399715E-02 
2353	 8.31981450951424E-02 
2354	 8.25797304333187E-02 
2355	 8.29642766015141E-02 
2356	 8.68147620566184E-02 
2357	 8.84036060846716E-02 
2358	 0.083794459865579 
2359	 8.28598621759577E-02 
2360	 8.37460597858732E-02 
2361	 8.22359196207637E-02 
2362	 8.60620350207655E-02 
2363	 9.14602686869993E-02 
2364	 8.94583420135747E-02 
2365	 8.76897987756957E-02 
2366	 8.95577448987008E-02 
2367	 8.66138480336711E-02 
2368	 8.42423376097332E-02 
2369	 8.60718656847344E-02 
2370	 8.44226850087191E-02 
2371	 8.53096378121947E-02 
2372	 8.77255527565044E-02 
2373	 0.081745871057355 
2374	 7.69901085106929E-02 
2375	 7.38707044452316E-02 
2376	 7.04872612111696E-02 
2377	 7.65886245995813E-02 
2378	 8.68670343927019E-02 
2379	 9.13207948039367E-02 
2380	 8.86207821862657E-02 
2381	 8.37556253566669E-02 
2382	 7.76786284062249E-02 
2383	 7.54575991345367E-02 
2384	 8.21098639503999E-02 
2385	 8.44899178964774E-02 
2386	 8.29254290622673E-02 
2387	 8.53716740155699E-02 
2388	 0.083330354930383 
2389	 8.49801830400371E-02 
2390	 9.20392915999305E-02 
2391	 8.56776628046108E-02 
2392	 7.41110419001298E-02 
2393	 7.20554774190999E-02 
2394	 7.64290938288592E-02 
2395	 8.25709485392975E-02 
2396	 8.42961598163998E-02 
2397	 8.21597927667538E-02 
2398	 7.81611908400445E-02 
2399	 7.62029943635649E-02 
2400	 8.33494319735048E-02 
2401	 8.63056681900173E-02 
2402	 8.48733300514269E-02 
2403	 0.089080638281778 
2404	 8.60570453402053E-02 
2405	 8.72789384649673E-02 
2406	 9.55344791271532E-02 
2407	 8.92851940287293E-02 
2408	 8.05471540907282E-02 
2409	 8.29945849832438E-02 
2410	 8.86420015767345E-02 
2411	 9.30852875501158E-02 
2412	 9.97424628431804E-02 
2413	 0.101204921636797 
2414	 9.59335515944215E-02 
2415	 8.41790829888504E-02 
2416	 7.60778230091936E-02 
2417	 8.13733782266867E-02 
2418	 7.91110499091907E-02 
2419	 8.17593795557035E-02 
2420	 8.50640063168422E-02 
2421	 7.41368473656675E-02 
2422	 7.51582984515092E-02 
2423	 8.21715520309071E-02 
2424	 0.087877003804592 
2425	 8.91763296392281E-02 
2426	 8.18006602800881E-02 
2427	 7.52528254159335E-02 
2428	 7.56101267745522E-02 
2429	 8.66815582625296E-02 
2430	 8.46738298449121E-02 
2431	 7.14128677285597E-02 
2432	 6.94101907579704E-02 
2433	 6.52407468288832E-02 
2434	 6.32001077010528E-02 
2435	 0.072110420447845 
2436	 6.51901769430829E-02 
2437	 5.43965413441483E-02 
2438	 7.89154445543604E-02 
2439	 9.55516977219039E-02 
2440	 8.14944002335043E-02 
2441	 8.12440228007391E-02 
2442	 7.30859611833088E-02 
2443	 6.17782396524109E-02 
2444	 8.46216336699894E-02 
2445	 0.101080652979253 
2446	 9.88226105024968E-02 
2447	 9.42747198105503E-02 
2448	 8.66230556007945E-02 
2449	 8.49467866671999E-02 
2450	 8.95070154466549E-02 
2451	 0.110207307654173 
2452	 0.129893679247437 
2453	 0.124417823896834 
2454	 0.113820962919349 
2455	 0.099012195047689 
2456	 9.53991615171372E-02 
2457	 0.102981508067749 
2458	 0.106104593234511 
2459	 0.102289571824668 
2460	 9.05746677843422E-02 
2461	 8.16328594613033E-02 
2462	 0.060433486099884 
2463	 5.46829369066161E-02 
2464	 4.82019193066192E-02 
2465	 3.69721973058092E-02 
2466	 7.58397543027849E-02 
2467	 0.114137978613245 
2468	 0.15904027013587 
2469	 0.16247314219585 
2470	 0.123931098007113 
2471	 0.107927637319987 
2472	 0.044151543422617 
2473	 2.41061476661611E-02 
2474	 7.41371866974104E-02 
2475	 8.29368897458085E-02 
2476	 9.88431410072924E-02 
2477	 9.30542894589864E-02 
2478	 1.88882545459697E-02 
2479	 0.017989889806337 
2480	 9.26731640957043E-02 
2481	 0.151415129147283 
2482	 0.13968305544685 
2483	 0.163409066728445 
2484	 0.137302512949205 
2485	-2.69040782436038E-02 
2486	-9.09846635356187E-02 
2487	-7.24057170674389E-02 
2488	-0.101535122924739 
2489	-8.02960884026357E-02 
2490	-7.69150113241263E-03 
2491	 0.026009382557602 
2492	-2.78340453243494E-02 
2493	 0.167411823659187 
2494	 0.528101684007059 
2495	 0.422787939611038 
2496	 0.240555632149753 
2497	 0.210407432281406 
2498	 7.87342322883332E-03 
2499	 0.117050495407347 
2500	 0.209970057679732 
