Wavelength	09/27/123 at 12:26:06
350	 4.05812796284402E-02 
351	 0.040437000760129 
352	 4.07530677080807E-02 
353	 4.09041268325732E-02 
354	 4.02270107321548E-02 
355	 4.05985642779242E-02 
356	 4.10320646357836E-02 
357	 4.08520608938557E-02 
358	 4.05664798567957E-02 
359	 4.06190096664113E-02 
360	 4.08952154317887E-02 
361	 4.10369285203769E-02 
362	 4.12562209282771E-02 
363	 0.04138527532054 
364	 4.13514342180044E-02 
365	 4.13294373196801E-02 
366	 4.13138294585965E-02 
367	 0.041342738252026 
368	 4.14503110816001E-02 
369	 4.14819301852371E-02 
370	 4.16204192464561E-02 
371	 4.18897882725542E-02 
372	 4.18394081256662E-02 
373	 4.19155717862115E-02 
374	 4.20587608833045E-02 
375	 4.19849249751639E-02 
376	 4.19296097409989E-02 
377	 4.19899371832986E-02 
378	 4.21493147266687E-02 
379	 4.21722175057509E-02 
380	 4.21760721967168E-02 
381	 4.22780180727178E-02 
382	 0.042563716493469 
383	 4.27079184986705E-02 
384	 0.04281985344142 
385	 4.29268331907499E-02 
386	 4.27122076746139E-02 
387	 4.27346582438845E-02 
388	 4.29799901141267E-02 
389	 4.31754077844267E-02 
390	 4.32950840262399E-02 
391	 4.33942074726001E-02 
392	 4.35030687186427E-02 
393	 4.35728509181055E-02 
394	 4.37658577459866E-02 
395	 4.39037128684194E-02 
396	 4.37544577440084E-02 
397	 4.37590966131653E-02 
398	 4.37804070934399E-02 
399	 4.37884514069519E-02 
400	 0.044063818941675 
401	 4.42021144412475E-02 
402	 4.41696980844329E-02 
403	 4.40807505266735E-02 
404	 4.40569273967746E-02 
405	 4.41099554017221E-02 
406	 4.42023901246116E-02 
407	 4.42369726017062E-02 
408	 0.044217787213223 
409	 4.42061016086995E-02 
410	 4.42667818627579E-02 
411	 4.42740838626297E-02 
412	 4.43125112142096E-02 
413	 4.44258698401183E-02 
414	 4.45687675915552E-02 
415	 4.46749803173961E-02 
416	 4.47287062414407E-02 
417	 4.47291570662542E-02 
418	 4.45993499263788E-02 
419	 4.45544035306222E-02 
420	 0.044672490308743 
421	 4.47986312819159E-02 
422	 4.47790791674186E-02 
423	 4.47118828030632E-02 
424	 0.044771092042242 
425	 4.48858776258011E-02 
426	 4.50152856903729E-02 
427	 4.51120588595086E-02 
428	 4.51081540028414E-02 
429	 0.045148382975348 
430	 4.51802549226483E-02 
431	 0.045122631375315 
432	 4.51324857389098E-02 
433	 4.51634130365603E-02 
434	 4.51795143981067E-02 
435	 4.51719228139764E-02 
436	 4.53040454541407E-02 
437	 4.54581930262117E-02 
438	 4.54737432232614E-02 
439	 4.54755842675262E-02 
440	 4.54810113951286E-02 
441	 4.54882148853788E-02 
442	 4.54763276716348E-02 
443	 4.55339443812623E-02 
444	 4.56046867653059E-02 
445	 4.56189289829568E-02 
446	 4.56714370542087E-02 
447	 4.57302613641418E-02 
448	 4.57844466169303E-02 
449	 4.58600138053119E-02 
450	 4.59415972138266E-02 
451	 4.59849741116324E-02 
452	 4.59631808659035E-02 
453	 4.59703486753608E-02 
454	 4.60121289189634E-02 
455	 4.60649225440871E-02 
456	 0.046077228006218 
457	 4.61064681893401E-02 
458	 4.61762410060842E-02 
459	 4.62724986010843E-02 
460	 4.62599016400446E-02 
461	 4.62543677247535E-02 
462	 4.62918799029011E-02 
463	 4.63118852366983E-02 
464	 4.63479815824885E-02 
465	 4.64147450318874E-02 
466	 4.65000808322932E-02 
467	 4.65091468017025E-02 
468	 4.65214415425314E-02 
469	 4.65471992687911E-02 
470	 4.65329612426299E-02 
471	 4.65666222288477E-02 
472	 4.66430002111133E-02 
473	 4.67200474204505E-02 
474	 4.67064055819798E-02 
475	 4.67178894979143E-02 
476	 4.67617820057681E-02 
477	 4.67630785404918E-02 
478	 4.68040966823634E-02 
479	 4.68815033841032E-02 
480	 4.69655342776598E-02 
481	 4.69946153732368E-02 
482	 4.70113306497324E-02 
483	 4.70520490314624E-02 
484	 4.71423574222547E-02 
485	 4.72000055593786E-02 
486	 4.72374769118606E-02 
487	 4.72731805115552E-02 
488	 0.047292614850771 
489	 4.73260100133806E-02 
490	 4.73781282771149E-02 
491	 4.74371775209427E-02 
492	 4.74771004668732E-02 
493	 4.75208034651727E-02 
494	 4.75817800052347E-02 
495	 4.76324302517419E-02 
496	 4.76751141364456E-02 
497	 4.77149768950965E-02 
498	 4.77628315352295E-02 
499	 4.78604546075721E-02 
500	 4.79205648080273E-02 
501	 4.79198902148043E-02 
502	 4.79754611441763E-02 
503	 4.80311903594279E-02 
504	 4.80823362108918E-02 
505	 4.81447782708899E-02 
506	 4.82651404677825E-02 
507	 4.83022012119387E-02 
508	 4.82431916517263E-02 
509	 4.82852369312764E-02 
510	 0.048357930579973 
511	 4.84454023159275E-02 
512	 4.85385048569315E-02 
513	 4.86088019567148E-02 
514	 4.86462826607498E-02 
515	 4.86527524067917E-02 
516	 4.86431087534078E-02 
517	 4.87012515747375E-02 
518	 4.88056304615775E-02 
519	 4.89026030797909E-02 
520	 4.89753429572898E-02 
521	 4.89879485296551E-02 
522	 4.89753888008901E-02 
523	 0.049035750284677 
524	 4.90884443505407E-02 
525	 4.91200397880137E-02 
526	 4.91455849391269E-02 
527	 4.92241058641262E-02 
528	 4.93058947651198E-02 
529	 4.93586044603696E-02 
530	 0.049371651432054 
531	 4.94468691579674E-02 
532	 0.049521647292447 
533	 0.049552240817178 
534	 4.96254354028959E-02 
535	 4.97095468295739E-02 
536	 4.97676271359782E-02 
537	 4.97702451424933E-02 
538	 0.049837788614141 
539	 4.99114275776995E-02 
540	 4.99503078433818E-02 
541	 5.00039113930031E-02 
542	 5.00807081093484E-02 
543	 5.01643893462506E-02 
544	 5.02313659367048E-02 
545	 5.03129705903352E-02 
546	 5.03759728374957E-02 
547	 5.04134336941725E-02 
548	 5.04660308486918E-02 
549	 5.05208951504597E-02 
550	 5.05949336007129E-02 
551	 5.07034020107304E-02 
552	 5.08125316343436E-02 
553	 0.050878150700615 
554	 5.09123324181925E-02 
555	 5.09951771679017E-02 
556	 5.10468586756017E-02 
557	 5.11089544108713E-02 
558	 5.12256792321181E-02 
559	 5.13120319419144E-02 
560	 5.13704562363715E-02 
561	 5.14467701792214E-02 
562	 5.16168726058896E-02 
563	 5.16945697681392E-02 
564	 5.17311361917573E-02 
565	 5.17979695390382E-02 
566	 5.18557875804849E-02 
567	 5.19664166456253E-02 
568	 5.20935399974547E-02 
569	 5.21453225513854E-02 
570	 5.22076461354049E-02 
571	 0.052312122919729 
572	 5.24431109444137E-02 
573	 5.25068827999233E-02 
574	 5.25497389359804E-02 
575	 5.25921116680554E-02 
576	 5.26519292643048E-02 
577	 5.27969898441899E-02 
578	 5.29024540405517E-02 
579	 5.29280937863677E-02 
580	 0.052995660426808 
581	 5.30732885076053E-02 
582	 5.31481425794379E-02 
583	 0.053213081439027 
584	 5.32845838376331E-02 
585	 0.053324228103805 
586	 5.33654983819464E-02 
587	 5.35227036119905E-02 
588	 5.36277674376199E-02 
589	 5.36945307492141E-02 
590	 0.053754099196154 
591	 5.37381436552062E-02 
592	 5.37710542301453E-02 
593	 5.38626249686605E-02 
594	 5.39451127524194E-02 
595	 5.40407564821549E-02 
596	 5.41181105283041E-02 
597	 5.41584717483196E-02 
598	 5.41693658071818E-02 
599	 5.42746076544926E-02 
600	 5.44090294661664E-02 
601	 5.44449876500993E-02 
602	 5.45113621626969E-02 
603	 5.45653627419616E-02 
604	 5.46045398957687E-02 
605	 5.47104196844376E-02 
606	 0.054732785863436 
607	 5.47499544286773E-02 
608	 5.48619751872021E-02 
609	 5.49213384492174E-02 
610	 0.054968721194764 
611	 5.50370571719882E-02 
612	 5.51382444082958E-02 
613	 5.51281346080023E-02 
614	 5.51275611123415E-02 
615	 5.52336743761244E-02 
616	 5.52949344021827E-02 
617	 5.53891524772001E-02 
618	 5.54834329563607E-02 
619	 5.54956855525043E-02 
620	 5.54848316111767E-02 
621	 5.55214745597949E-02 
622	 5.56247693998714E-02 
623	 5.57214365303649E-02 
624	 5.57842231963339E-02 
625	 5.58129452237771E-02 
626	 0.055825820946328 
627	 0.055842363368464 
628	 5.58964082513926E-02 
629	 5.59841277991051E-02 
630	 0.05605711379542 
631	 5.60807568314255E-02 
632	 5.60855390117391E-02 
633	 5.61107843646859E-02 
634	 5.61613524172283E-02 
635	 0.056247997751927 
636	 5.63219453581616E-02 
637	 5.63130342972775E-02 
638	 5.63849257736766E-02 
639	 5.64846789124744E-02 
640	 5.65539759906527E-02 
641	 5.65880642548849E-02 
642	 5.66184004543208E-02 
643	 5.66290696266118E-02 
644	 5.66097358810048E-02 
645	 5.66871913575024E-02 
646	 5.67951632386974E-02 
647	 5.68819512925606E-02 
648	 5.69325620433751E-02 
649	 0.056989649579707 
650	 5.70538569300256E-02 
651	 5.71086343414492E-02 
652	 5.71178896792356E-02 
653	 5.70969378697109E-02 
654	 5.70929089591108E-02 
655	 5.71707242121883E-02 
656	 5.73234622256086E-02 
657	 5.73844022797057E-02 
658	 5.73376559887808E-02 
659	 5.74398591504397E-02 
660	 5.75165926307014E-02 
661	 5.75709075962467E-02 
662	 5.76417786832344E-02 
663	 5.76423328373854E-02 
664	 5.76774822682731E-02 
665	 5.77397592110912E-02 
666	 5.77076392617947E-02 
667	 5.78211653206869E-02 
668	 5.79198167250939E-02 
669	 0.057893446848707 
670	 5.80070441509425E-02 
671	 5.80878613154211E-02 
672	 5.81017702141969E-02 
673	 5.80993446596223E-02 
674	 0.058192685520513 
675	 5.82793272048218E-02 
676	 0.058300770582081 
677	 5.82973233855062E-02 
678	 5.83124026685248E-02 
679	 5.83997011837175E-02 
680	 5.85617973257261E-02 
681	 5.86227581349655E-02 
682	 5.86042010667312E-02 
683	 5.85793139326692E-02 
684	 5.86420464077145E-02 
685	 5.86547822825159E-02 
686	 5.87268250383771E-02 
687	 5.89130586252869E-02 
688	 5.90045930777843E-02 
689	 0.059051901493585 
690	 0.059063559908685 
691	 5.90473363469242E-02 
692	 5.90599861162366E-02 
693	 0.059115149327164 
694	 5.91799495493373E-02 
695	 5.91828350436029E-02 
696	 5.92267539442215E-02 
697	 0.05928669700085 
698	 5.93199867072014E-02 
699	 5.92693688995186E-02 
700	 5.92948150471842E-02 
701	 5.93978673031709E-02 
702	 5.94930531059914E-02 
703	 5.94794718220937E-02 
704	 5.94824115313164E-02 
705	 5.95466277080385E-02 
706	 5.96073131860608E-02 
707	 0.05968522529421 
708	 5.97479010873819E-02 
709	 0.059765917214497 
710	 5.97345614759653E-02 
711	 5.97090406713423E-02 
712	 5.97411883431067E-02 
713	 0.059860730057004 
714	 5.99567567965298E-02 
715	 5.99644305673078E-02 
716	 5.98984399066009E-02 
717	 5.98833159554345E-02 
718	 5.98740443069452E-02 
719	 5.99169475577937E-02 
720	 6.00261370114363E-02 
721	 0.060092506529342 
722	 6.01083309635262E-02 
723	 6.00936678919784E-02 
724	 6.00867205012841E-02 
725	 6.01464833740975E-02 
726	 6.02177277823234E-02 
727	 6.02630956010346E-02 
728	 6.02867149661615E-02 
729	 6.03385482731317E-02 
730	 6.03795049764784E-02 
731	 0.060387999077379 
732	 6.04775345604328E-02 
733	 6.05399358847004E-02 
734	 6.05631214759697E-02 
735	 6.05890177799833E-02 
736	 6.06616997531244E-02 
737	 6.06951030976501E-02 
738	 0.060680767480776 
739	 6.07318483437148E-02 
740	 6.07934471779852E-02 
741	 6.08388305494195E-02 
742	 6.08656661987502E-02 
743	 6.09298359435908E-02 
744	 6.09863681497295E-02 
745	 6.10343226081016E-02 
746	 6.10902772835763E-02 
747	 6.11125775506253E-02 
748	 6.11256834086048E-02 
749	 6.11348787821111E-02 
750	 6.11154459852014E-02 
751	 6.11774900060707E-02 
752	 6.12643164029697E-02 
753	 6.13141505132241E-02 
754	 6.13739612923189E-02 
755	 6.14330950434422E-02 
756	 6.15067151447451E-02 
757	 6.16127312341998E-02 
758	 6.16891083251741E-02 
759	 6.17492774548688E-02 
760	 6.18697320688002E-02 
761	 6.21820402499889E-02 
762	 6.23310483462871E-02 
763	 6.23229082021412E-02 
764	 6.22526551319414E-02 
765	 0.062143846935604 
766	 0.062102446053975 
767	 6.21066196441317E-02 
768	 6.21112008117188E-02 
769	 6.20906898274545E-02 
770	 6.21017473561476E-02 
771	 6.21378552229356E-02 
772	 6.21444022116178E-02 
773	 6.21734476096021E-02 
774	 6.22362249028787E-02 
775	 0.062322235546995 
776	 6.23979652604481E-02 
777	 0.062426682019611 
778	 0.062402304867536 
779	 6.23659019596692E-02 
780	 6.24903787505876E-02 
781	 6.25797526740704E-02 
782	 6.25939630158074E-02 
783	 6.26037446418316E-02 
784	 6.26602225300959E-02 
785	 6.27156372911848E-02 
786	 6.27486460786388E-02 
787	 6.27890837327919E-02 
788	 6.28189933137178E-02 
789	 6.28485607236225E-02 
790	 6.28893806042317E-02 
791	 6.29460255251659E-02 
792	 6.29342445359331E-02 
793	 6.29410960941263E-02 
794	 6.30769789031923E-02 
795	 6.31652782032196E-02 
796	 6.31857191710705E-02 
797	 6.31614993068504E-02 
798	 6.31505602211535E-02 
799	 6.32330593586623E-02 
800	 6.33111638610518E-02 
801	 6.33389326693687E-02 
802	 6.34079897427201E-02 
803	 6.34743208017403E-02 
804	 0.063515978361748 
805	 0.063523302307628 
806	 6.35002273087128E-02 
807	 6.35079924635425E-02 
808	 6.35512612202595E-02 
809	 6.36006182945486E-02 
810	 6.36422261632281E-02 
811	 6.36807535441555E-02 
812	 6.37011205876655E-02 
813	 6.36717125830475E-02 
814	 6.36475063445395E-02 
815	 6.36991206589063E-02 
816	 6.38324734286792E-02 
817	 6.39302659312901E-02 
818	 6.39171369757763E-02 
819	 6.38908631994988E-02 
820	 6.39490597397187E-02 
821	 6.40103179888267E-02 
822	 0.06405142431804 
823	 6.40787581741335E-02 
824	 6.41140239220763E-02 
825	 6.41445550805021E-02 
826	 6.42505745009039E-02 
827	 6.43894593861447E-02 
828	 6.44093756121659E-02 
829	 6.44096200386933E-02 
830	 6.43874120158823E-02 
831	 6.43769852210045E-02 
832	 0.064495604849216 
833	 6.45621810321427E-02 
834	 6.45263635980341E-02 
835	 6.44374168324335E-02 
836	 0.064496031208543 
837	 6.46261661896208E-02 
838	 6.47263460705991E-02 
839	 6.47142376471131E-02 
840	 6.46683701160045E-02 
841	 6.47187232417167E-02 
842	 6.48158997028856E-02 
843	 6.47900645902406E-02 
844	 6.48176679194589E-02 
845	 6.48176817422259E-02 
846	 6.47936070590854E-02 
847	 6.48984995076464E-02 
848	 6.49076791037882E-02 
849	 6.49317360118593E-02 
850	 6.50531173277976E-02 
851	 6.51104365820967E-02 
852	 6.50440056058655E-02 
853	 6.49685707931008E-02 
854	 6.50134290783011E-02 
855	 6.50954967608333E-02 
856	 6.51036763382693E-02 
857	 6.50968101774121E-02 
858	 6.51932759454372E-02 
859	 6.52796002866828E-02 
860	 0.065351142474049 
861	 6.53924949780836E-02 
862	 6.53860515243233E-02 
863	 6.54747120710981E-02 
864	 6.54118615046304E-02 
865	 6.52019933318036E-02 
866	 6.52914826276391E-02 
867	 6.54140099342223E-02 
868	 6.54521639474302E-02 
869	 6.54368638239689E-02 
870	 6.56683985874728E-02 
871	 6.56348182324969E-02 
872	 6.55098862512224E-02 
873	 6.55751223329644E-02 
874	 6.56225836575283E-02 
875	 6.55788921777302E-02 
876	 6.55499542691518E-02 
877	 6.56887770503169E-02 
878	 6.58857234040126E-02 
879	 6.58761027918872E-02 
880	 0.065727256503224 
881	 6.57504214758599E-02 
882	 6.58169822188927E-02 
883	 6.59540122847875E-02 
884	 6.60729015695508E-02 
885	 6.59641791024521E-02 
886	 6.58591172485032E-02 
887	 6.58423752682438E-02 
888	 6.58874679695385E-02 
889	 6.58249650942627E-02 
890	 0.065777216338731 
891	 6.58070210725844E-02 
892	 6.59099589312567E-02 
893	 6.59583680419041E-02 
894	 0.065896352385107 
895	 6.58193345917001E-02 
896	 6.58596662684343E-02 
897	 6.60035747776489E-02 
898	 6.60064251051921E-02 
899	 0.065937170338956 
900	 6.60110544828306E-02 
901	 0.066217846837218 
902	 6.61897486822793E-02 
903	 6.60123406230351E-02 
904	 6.60501598013282E-02 
905	 6.62113058234053E-02 
906	 6.61849719015468E-02 
907	 6.60121065241715E-02 
908	 6.60710577430472E-02 
909	 6.60543738783489E-02 
910	 6.59498658586754E-02 
911	 6.58567568570995E-02 
912	 6.59339918440271E-02 
913	 6.57888604219391E-02 
914	 0.065697897744482 
915	 6.58055445565684E-02 
916	 0.065778442117823 
917	 6.59738547736945E-02 
918	 0.066275802756659 
919	 6.64740773561363E-02 
920	 0.066429423121467 
921	 6.63881670806736E-02 
922	 6.63945947421535E-02 
923	 6.64536401098588E-02 
924	 6.66980651338754E-02 
925	 6.68288163128584E-02 
926	 6.65708455359543E-02 
927	 6.58391809866326E-02 
928	 6.53219235754674E-02 
929	 6.53646363844319E-02 
930	 6.55626815974232E-02 
931	 6.51181603946172E-02 
932	 6.51147881138869E-02 
933	 6.45832128974951E-02 
934	 6.37975771065897E-02 
935	 6.40009411514659E-02 
936	 6.41849323921366E-02 
937	 6.50092599331822E-02 
938	 6.58089020937502E-02 
939	 6.52371465544186E-02 
940	 6.51800144140205E-02 
941	 6.51024283060173E-02 
942	 6.48508394783331E-02 
943	 6.48775086055481E-02 
944	 6.56303750395327E-02 
945	 6.55505933336807E-02 
946	 6.45711233700883E-02 
947	 6.47596387496804E-02 
948	 0.064821475517418 
949	 0.065094571084495 
950	 6.55863592982247E-02 
951	 6.55668164738128E-02 
952	 6.59236776771074E-02 
953	 6.60534324233626E-02 
954	 0.065684056265389 
955	 6.55121142046031E-02 
956	 6.57089039225886E-02 
957	 6.62406546535544E-02 
958	 6.66324431372347E-02 
959	 6.57981728019547E-02 
960	 6.63576320229534E-02 
961	 6.67865670209748E-02 
962	 6.60689426474078E-02 
963	 6.61899099720317E-02 
964	 6.65131298806089E-02 
965	 6.68165606271924E-02 
966	 6.69363987654442E-02 
967	 0.066609310766889 
968	 0.066728265826506 
969	 6.72059812859835E-02 
970	 6.75768341798004E-02 
971	 6.72382965884615E-02 
972	 6.66188153004977E-02 
973	 6.65724011810589E-02 
974	 6.73501313815322E-02 
975	 6.69833263956721E-02 
976	 6.68576953317746E-02 
977	 6.72298630207768E-02 
978	 6.78319364167244E-02 
979	 6.82223651921877E-02 
980	 6.78569703289825E-02 
981	 6.70169354137106E-02 
982	 6.64992141087868E-02 
983	 6.77038584407893E-02 
984	 6.80061190909069E-02 
985	 6.75041158688766E-02 
986	 0.067247326856725 
987	 6.73808275484304E-02 
988	 6.75716892990153E-02 
989	 0.067905109170148 
990	 6.84716178309031E-02 
991	 6.87845357130205E-02 
992	 6.86777281556693E-02 
993	 6.85115875282517E-02 
994	 6.86112733341787E-02 
995	 6.82768384974859E-02 
996	 6.78716080352199E-02 
997	 6.76313119702585E-02 
998	 6.75903147768941E-02 
999	 6.72251330019878E-02 
1000	 6.77114374316655E-02 
1001	 7.01131578894204E-02 
1002	 7.01170376466652E-02 
1003	 7.01954122020592E-02 
1004	 7.02661993960226E-02 
1005	 7.05135220598384E-02 
1006	 7.05407204984313E-02 
1007	 7.03714161348061E-02 
1008	 7.04070594879746E-02 
1009	 7.03982382462661E-02 
1010	 7.04858997528777E-02 
1011	 7.07565323945347E-02 
1012	 7.06679731278247E-02 
1013	 0.070563247543306 
1014	 7.05902560251464E-02 
1015	 7.05271956574062E-02 
1016	 7.05334403865832E-02 
1017	 7.05500257974852E-02 
1018	 7.05836346210376E-02 
1019	 7.05993847824907E-02 
1020	 7.07406972982403E-02 
1021	 7.09232216602965E-02 
1022	 7.11359311543246E-02 
1023	 0.07135042236433 
1024	 7.14349711254172E-02 
1025	 7.13700010753004E-02 
1026	 7.13450483667993E-02 
1027	 7.14128790224444E-02 
1028	 0.071314404455112 
1029	 7.11771195924349E-02 
1030	 7.11098647926562E-02 
1031	 7.10504813460963E-02 
1032	 7.08438547731323E-02 
1033	 7.08792506469151E-02 
1034	 7.11157898405092E-02 
1035	 7.12076550782966E-02 
1036	 7.12528890034288E-02 
1037	 7.12624593787738E-02 
1038	 7.12069167254901E-02 
1039	 7.12513506749304E-02 
1040	 7.13377566548889E-02 
1041	 7.14228457374722E-02 
1042	 7.16276056946262E-02 
1043	 7.17558309370153E-02 
1044	 0.071842980178875 
1045	 7.19281616647443E-02 
1046	 7.20121457373313E-02 
1047	 7.19554958853965E-02 
1048	 7.19937309460294E-02 
1049	 0.072063673354781 
1050	 0.072033828008189 
1051	 0.072031410193396 
1052	 7.20349578472861E-02 
1053	 7.20333411384644E-02 
1054	 7.20737342023243E-02 
1055	 7.21034250270345E-02 
1056	 7.20107552410741E-02 
1057	 0.071985755726226 
1058	 7.19501389816719E-02 
1059	 7.19934341138501E-02 
1060	 7.20697075209139E-02 
1061	 7.21899652307455E-02 
1062	 0.072427648093289 
1063	 7.25185907879493E-02 
1064	 7.26347591167027E-02 
1065	 7.27288509055579E-02 
1066	 7.25966613880325E-02 
1067	 7.25880080814766E-02 
1068	 7.25081510818122E-02 
1069	 7.23665926079231E-02 
1070	 7.23909029268818E-02 
1071	 7.25921747109583E-02 
1072	 7.26174936559507E-02 
1073	 7.26340923731658E-02 
1074	 7.27196642085125E-02 
1075	 7.27888577702183E-02 
1076	 7.28051280696353E-02 
1077	 7.29359872452594E-02 
1078	 7.30273183618734E-02 
1079	 7.29736471104481E-02 
1080	 7.28741406121079E-02 
1081	 7.29101171493347E-02 
1082	 7.29711092428844E-02 
1083	 0.072986566875333 
1084	 0.073058045793846 
1085	 7.30987622633485E-02 
1086	 7.30746617513586E-02 
1087	 7.30518604529887E-02 
1088	 7.30488700211143E-02 
1089	 7.30042449570623E-02 
1090	 7.28642153221044E-02 
1091	 0.072786670407292 
1092	 7.28050907201653E-02 
1093	 7.29691585819187E-02 
1094	 7.32813034794099E-02 
1095	 7.34713817764455E-02 
1096	 7.35679599298925E-02 
1097	 7.36007867977155E-02 
1098	 7.36210528470917E-02 
1099	 7.34985262294952E-02 
1100	 7.34864530737714E-02 
1101	 7.35189741245717E-02 
1102	 7.35482578090653E-02 
1103	 7.35758861475774E-02 
1104	 7.36562061065249E-02 
1105	 7.38393777418888E-02 
1106	 7.39063444209385E-02 
1107	 7.39353296588348E-02 
1108	 0.074013611745649 
1109	 7.38452539499782E-02 
1110	 7.37859490739326E-02 
1111	 7.37348549393856E-02 
1112	 7.36715381485206E-02 
1113	 7.36302807478872E-02 
1114	 7.36648248587699E-02 
1115	 7.36401512718982E-02 
1116	 7.35230074540881E-02 
1117	 7.35563879447514E-02 
1118	 7.37334993689356E-02 
1119	 7.38293135301497E-02 
1120	 7.39402448319161E-02 
1121	 7.41023672055113E-02 
1122	 7.42545589849651E-02 
1123	 7.43787268833593E-02 
1124	 7.45286332293836E-02 
1125	 7.48967193259192E-02 
1126	 0.074935748743462 
1127	 7.47940207981909E-02 
1128	 7.45737191523837E-02 
1129	 7.39158410928836E-02 
1130	 7.38867310656281E-02 
1131	 7.41360767892175E-02 
1132	 7.42170094343286E-02 
1133	 7.46210597324438E-02 
1134	 7.48013261011772E-02 
1135	 7.47792090280338E-02 
1136	 7.47280126695719E-02 
1137	 7.46804760898557E-02 
1138	 7.46147950766135E-02 
1139	 7.43180211271055E-02 
1140	 7.41587600948233E-02 
1141	 7.42351617708955E-02 
1142	 0.074462277543224 
1143	 7.47119629751051E-02 
1144	 7.52565467841688E-02 
1145	 7.54292233529937E-02 
1146	 7.54335950894086E-02 
1147	 0.075544519341992 
1148	 7.55792335997558E-02 
1149	 7.56140509565027E-02 
1150	 7.58183593310182E-02 
1151	 0.075781012162003 
1152	 7.53920663537988E-02 
1153	 7.53254773773028E-02 
1154	 7.53862786617277E-02 
1155	 7.53225558206684E-02 
1156	 7.55207854455864E-02 
1157	 7.58163554484603E-02 
1158	 7.58819821423958E-02 
1159	 7.58625063542311E-02 
1160	 7.58814267800684E-02 
1161	 7.57382614484484E-02 
1162	 0.075840950538198 
1163	 7.61269129321844E-02 
1164	 7.62348448672541E-02 
1165	 0.076410707785049 
1166	 7.64585447633429E-02 
1167	 7.62586141784047E-02 
1168	 7.62750621486018E-02 
1169	 7.64116928856914E-02 
1170	 7.64779455387357E-02 
1171	 7.66445336879646E-02 
1172	 7.67319561208076E-02 
1173	 7.65777968845374E-02 
1174	 7.64811957973058E-02 
1175	 7.64490200267755E-02 
1176	 7.63789154794099E-02 
1177	 7.63746735874682E-02 
1178	 7.64529920133506E-02 
1179	 7.65357208989057E-02 
1180	 7.66853018496369E-02 
1181	 7.67275221466919E-02 
1182	 7.67860979239219E-02 
1183	 7.67955550401249E-02 
1184	 0.076570052039764 
1185	 0.076569783261499 
1186	 7.67858299114504E-02 
1187	 7.68472878004812E-02 
1188	 7.68840783320908E-02 
1189	 7.70166300393199E-02 
1190	 7.70354237967871E-02 
1191	 7.69845413861806E-02 
1192	 7.70204374807141E-02 
1193	 7.70336124320814E-02 
1194	 7.70719858999002E-02 
1195	 7.71245606917177E-02 
1196	 7.71110779683802E-02 
1197	 0.0770955981163 
1198	 7.71093461178943E-02 
1199	 7.70165309816319E-02 
1200	 7.70212923772023E-02 
1201	 7.72026633889108E-02 
1202	 7.72210557710116E-02 
1203	 7.70938244756856E-02 
1204	 7.71424146930342E-02 
1205	 7.72867665352288E-02 
1206	 7.72798006684706E-02 
1207	 7.73111848078622E-02 
1208	 7.73536225694706E-02 
1209	 7.73960413971604E-02 
1210	 7.74650340712945E-02 
1211	 7.74247752863027E-02 
1212	 7.74604761716886E-02 
1213	 7.74106438486565E-02 
1214	 7.72549382528814E-02 
1215	 7.72143950965663E-02 
1216	 7.72308613946535E-02 
1217	 7.73562318647363E-02 
1218	 7.76650443618507E-02 
1219	 7.77337892141423E-02 
1220	 7.78224480810675E-02 
1221	 7.78453642921516E-02 
1222	 7.75754519226214E-02 
1223	 7.75154820475242E-02 
1224	 7.75503315935436E-02 
1225	 7.76400693637298E-02 
1226	 7.77937431661366E-02 
1227	 7.78743950607056E-02 
1228	 7.78673064325781E-02 
1229	 7.79349482766552E-02 
1230	 7.79028001415324E-02 
1231	 7.77124057487415E-02 
1232	 7.76462849615264E-02 
1233	 7.77364545671299E-02 
1234	 7.77956380366481E-02 
1235	 7.78843582539658E-02 
1236	 7.79473251432016E-02 
1237	 7.79514168839838E-02 
1238	 7.79445435275276E-02 
1239	 7.79886712301327E-02 
1240	 7.79852396279716E-02 
1241	 7.78390458379416E-02 
1242	 7.78779057933281E-02 
1243	 7.80031377566511E-02 
1244	 7.81206886299051E-02 
1245	 7.81868398739488E-02 
1246	 7.82258632821863E-02 
1247	 7.82436674352309E-02 
1248	 7.82127676894734E-02 
1249	 7.82060226002767E-02 
1250	 7.83224316784858E-02 
1251	 7.83507794562648E-02 
1252	 7.82180978942332E-02 
1253	 7.82817900960267E-02 
1254	 7.84196060149984E-02 
1255	 7.84142807635369E-02 
1256	 7.84864595705127E-02 
1257	 7.85380425245478E-02 
1258	 7.85008520605632E-02 
1259	 7.85443756387721E-02 
1260	 7.86946182020427E-02 
1261	 7.86832685643037E-02 
1262	 0.078586273363144 
1263	 7.86052239379511E-02 
1264	 7.84320645271042E-02 
1265	 7.84610062781107E-02 
1266	 7.87264670147355E-02 
1267	 7.86435608515874E-02 
1268	 7.85556971640333E-02 
1269	 7.85670195426517E-02 
1270	 7.83580356441523E-02 
1271	 7.83128021514187E-02 
1272	 7.85583530280701E-02 
1273	 7.87509437370693E-02 
1274	 7.88158352493624E-02 
1275	 7.87786593548731E-02 
1276	 7.86555162169415E-02 
1277	 7.85689217347761E-02 
1278	 7.85964781152021E-02 
1279	 7.87857819305622E-02 
1280	 0.078873239112588 
1281	 7.89539350255634E-02 
1282	 0.078898913038967 
1283	 7.87533155896612E-02 
1284	 7.85704189234976E-02 
1285	 7.84885116467048E-02 
1286	 7.86487344018656E-02 
1287	 7.87521837425554E-02 
1288	 7.87660887000553E-02 
1289	 7.86997406733543E-02 
1290	 0.078475638680016 
1291	 7.83799121987498E-02 
1292	 7.84217470788656E-02 
1293	 7.84514321630164E-02 
1294	 7.84767991062247E-02 
1295	 7.84672268749603E-02 
1296	 7.85281869934329E-02 
1297	 7.86038771581033E-02 
1298	 7.85557209819818E-02 
1299	 7.85211222777186E-02 
1300	 7.85787147400685E-02 
1301	 7.86535774055816E-02 
1302	 7.87791608193199E-02 
1303	 7.88499391589381E-02 
1304	 7.88842333431262E-02 
1305	 7.88543032082493E-02 
1306	 7.87180493473679E-02 
1307	 7.88144949463979E-02 
1308	 7.88136365935385E-02 
1309	 7.86756428134912E-02 
1310	 7.86390538955215E-02 
1311	 7.84985506023752E-02 
1312	 7.84359170194726E-02 
1313	 7.86273705052447E-02 
1314	 7.88811756700154E-02 
1315	 7.89389842015288E-02 
1316	 0.078760740382827 
1317	 7.87944389835899E-02 
1318	 0.078934874214639 
1319	 7.89110635744422E-02 
1320	 7.90590028341855E-02 
1321	 7.91192294828711E-02 
1322	 7.87911147047036E-02 
1323	 7.86846080519158E-02 
1324	 7.88291161132723E-02 
1325	 7.89229685758341E-02 
1326	 7.90524332586333E-02 
1327	 7.90705700912942E-02 
1328	 7.90634033312507E-02 
1329	 7.89772160385172E-02 
1330	 7.88703257333939E-02 
1331	 7.87569090457057E-02 
1332	 7.89061931803082E-02 
1333	 0.078946888368103 
1334	 7.89344986424997E-02 
1335	 7.90728997898232E-02 
1336	 7.89280423408729E-02 
1337	 7.87270148469103E-02 
1338	 7.88122421697441E-02 
1339	 7.88917580315682E-02 
1340	 7.92853431039096E-02 
1341	 7.95574799816464E-02 
1342	 7.91091860831647E-02 
1343	 0.078860986619799 
1344	 7.88240515669156E-02 
1345	 7.87848656356438E-02 
1346	 7.89270278472954E-02 
1347	 7.87220811635321E-02 
1348	 0.078541785139408 
1349	 7.84761575095259E-02 
1350	 7.80360363651624E-02 
1351	 7.81646327377175E-02 
1352	 7.88362338279292E-02 
1353	 7.83353095108938E-02 
1354	 7.77132943662888E-02 
1355	 7.83719489363024E-02 
1356	 7.66861587902367E-02 
1357	 7.46139605848472E-02 
1358	 7.89952799410008E-02 
1359	 8.16621843533254E-02 
1360	 8.43220391406807E-02 
1361	 8.41101936015402E-02 
1362	 9.24143806231854E-02 
1363	 8.08392430458515E-02 
1364	 6.46281184068013E-02 
1365	 7.96917736583335E-02 
1366	 7.59801288945963E-02 
1367	 0.110058649747764 
1368	 0.181448071992287 
1369	 0.156655101051513 
1370	 0.132416374710331 
1371	 8.27930604324112E-02 
1372	 3.07594635682395E-02 
1373	 6.68624269640345E-02 
1374	 7.59211644143247E-02 
1375	 7.37001618490999E-02 
1376	 0.100441744932538 
1377	 0.123986970028084 
1378	 0.142578466851818 
1379	 0.161512530761014 
1380	 0.18284297858886 
1381	 0.146967226584139 
1382	 0.100934793665733 
1383	 0.132844896694517 
1384	 0.148429133098093 
1385	 0.104926187979999 
1386	 9.23919318720167E-02 
1387	 8.18109853430739E-02 
1388	 3.58952631603106E-02 
1389	 3.20274143758098E-02 
1390	 6.56630111247841E-02 
1391	 0.118122084478264 
1392	 0.120178475864523 
1393	 0.112754018123339 
1394	 0.111242885251266 
1395	 8.72700750849063E-02 
1396	 7.36349818084984E-02 
1397	 0.088008974628645 
1398	 7.47135290504888E-02 
1399	 6.58445659855169E-02 
1400	 8.53783374856799E-02 
1401	 8.21101654572667E-02 
1402	 7.55691240143033E-02 
1403	 8.02384872082027E-02 
1404	 8.55219856840907E-02 
1405	 0.08829811279077 
1406	 9.11484655452719E-02 
1407	 0.100042309839104 
1408	 9.32744600758763E-02 
1409	 7.96489376244884E-02 
1410	 7.96963349219677E-02 
1411	 7.86436233406296E-02 
1412	 7.68494027218382E-02 
1413	 8.00827368651609E-02 
1414	 7.93967276603067E-02 
1415	 7.80050283397538E-02 
1416	 8.00224757601288E-02 
1417	 8.11679904904021E-02 
1418	 7.88772861606361E-02 
1419	 7.63133316061125E-02 
1420	 7.78105237988977E-02 
1421	 7.92891402219822E-02 
1422	 7.89970494991211E-02 
1423	 8.12127887306625E-02 
1424	 0.082110506584649 
1425	 7.88070592225589E-02 
1426	 7.80940795748913E-02 
1427	 7.89363840807882E-02 
1428	 8.08892000578186E-02 
1429	 8.13310515485151E-02 
1430	 8.25988003912722E-02 
1431	 0.08325070833258 
1432	 8.19577008799817E-02 
1433	 8.05870090264325E-02 
1434	 8.05503679175156E-02 
1435	 8.09964392545808E-02 
1436	 8.13997842329081E-02 
1437	 8.04329085783508E-02 
1438	 7.91617013597251E-02 
1439	 7.93467252569051E-02 
1440	 7.93389312043402E-02 
1441	 8.05276909310145E-02 
1442	 8.18657035427063E-02 
1443	 8.16463608478852E-02 
1444	 0.081401657171956 
1445	 0.081229946225687 
1446	 8.15801991389142E-02 
1447	 8.21991538109125E-02 
1448	 8.23571917321804E-02 
1449	 8.21908719389039E-02 
1450	 8.19584892272736E-02 
1451	 8.12103890094081E-02 
1452	 8.08046664958298E-02 
1453	 8.13784625384961E-02 
1454	 8.15697505303369E-02 
1455	 8.20898180571228E-02 
1456	 8.29941841667123E-02 
1457	 8.26591301395889E-02 
1458	 8.16235080520724E-02 
1459	 8.08937221772951E-02 
1460	 8.08532214781945E-02 
1461	 8.15254583068542E-02 
1462	 8.20641268314378E-02 
1463	 8.21373501206822E-02 
1464	 8.18721449475775E-02 
1465	 8.12365506396438E-02 
1466	 8.10265624986669E-02 
1467	 8.15488182492479E-02 
1468	 8.19970921628215E-02 
1469	 8.20278874576203E-02 
1470	 8.20227489836879E-02 
1471	 8.18394941314403E-02 
1472	 8.19093123678459E-02 
1473	 8.21054001610086E-02 
1474	 8.20362537961504E-02 
1475	 8.21332957046106E-02 
1476	 8.21098368048488E-02 
1477	 8.15255174637707E-02 
1478	 8.16645083118253E-02 
1479	 8.25449081655199E-02 
1480	 8.27747087224216E-02 
1481	 8.24540057496903E-02 
1482	 8.21742681281369E-02 
1483	 8.19706290852007E-02 
1484	 8.19099711418198E-02 
1485	 8.24117307545535E-02 
1486	 8.29198323544281E-02 
1487	 8.26847073941186E-02 
1488	 8.23699562373486E-02 
1489	 8.24251473381287E-02 
1490	 8.24388974671912E-02 
1491	 8.22923329191338E-02 
1492	 0.082305264236307 
1493	 0.082367746206359 
1494	 8.25225360035676E-02 
1495	 8.29507420220134E-02 
1496	 8.30766592473876E-02 
1497	 8.27465240407566E-02 
1498	 8.26338525536948E-02 
1499	 8.27767231255404E-02 
1500	 8.28394556965419E-02 
1501	 8.29186018945295E-02 
1502	 8.30203808063867E-02 
1503	 8.29208820152965E-02 
1504	 8.27487246150894E-02 
1505	 8.29788170361647E-02 
1506	 8.33172691118799E-02 
1507	 8.32170136912074E-02 
1508	 8.30771436652885E-02 
1509	 8.31316977295438E-02 
1510	 8.30411722230133E-02 
1511	 8.30142610013716E-02 
1512	 0.083151495244615 
1513	 8.30448424371216E-02 
1514	 8.28997914161991E-02 
1515	 0.08301004531087 
1516	 8.31995995646508E-02 
1517	 8.32608402002752E-02 
1518	 8.31067870297974E-02 
1519	 8.29502774008754E-02 
1520	 8.29173741256688E-02 
1521	 8.29024837430229E-02 
1522	 0.082996034480123 
1523	 8.31608830898895E-02 
1524	 0.083203924899309 
1525	 8.33129011777495E-02 
1526	 8.35128912743922E-02 
1527	 8.34923368288712E-02 
1528	 8.33589056305819E-02 
1529	 8.32744222588052E-02 
1530	 0.083199978851317 
1531	 8.31492707244721E-02 
1532	 0.083176831766627 
1533	 8.32129315485406E-02 
1534	 8.31991110404071E-02 
1535	 8.32638955963519E-02 
1536	 8.35563244064485E-02 
1537	 8.35086773299658E-02 
1538	 8.32555527481204E-02 
1539	 8.32364242501453E-02 
1540	 8.32704615105527E-02 
1541	 8.32570813904915E-02 
1542	 8.34969630037685E-02 
1543	 8.35879204813258E-02 
1544	 0.083394286921456 
1545	 8.33303868421551E-02 
1546	 8.34388916951013E-02 
1547	 8.34707218927183E-02 
1548	 8.35489063483899E-02 
1549	 8.36809645768409E-02 
1550	 8.35563819087226E-02 
1551	 0.083542790113801 
1552	 8.36822262879654E-02 
1553	 8.35002888713732E-02 
1554	 0.083399328520206 
1555	 8.35107823768103E-02 
1556	 8.34140012068069E-02 
1557	 8.34164436052255E-02 
1558	 8.35876076780804E-02 
1559	 8.35189336890825E-02 
1560	 8.34903922019978E-02 
1561	 8.35772671128533E-02 
1562	 8.35808906946263E-02 
1563	 8.37327397487401E-02 
1564	 8.37331279968267E-02 
1565	 8.35191449512319E-02 
1566	 8.35512095814488E-02 
1567	 8.35404276147782E-02 
1568	 8.35080608340514E-02 
1569	 8.37712985004513E-02 
1570	 0.083825506306249 
1571	 8.36036644164679E-02 
1572	 0.083588219848947 
1573	 8.36220926702282E-02 
1574	 8.34957403500707E-02 
1575	 8.34861328564931E-02 
1576	 8.35766869554769E-02 
1577	 8.35437479789292E-02 
1578	 0.083601815018646 
1579	 8.37651342995562E-02 
1580	 8.37861442295479E-02 
1581	 8.36729944744262E-02 
1582	 8.35211955541019E-02 
1583	 8.35443048839291E-02 
1584	 8.36381597280792E-02 
1585	 0.083681644847313 
1586	 8.38893840431506E-02 
1587	 8.40201687921371E-02 
1588	 8.39520507878699E-02 
1589	 8.38881948515846E-02 
1590	 8.37275105403208E-02 
1591	 8.35514344299674E-02 
1592	 8.35971392029028E-02 
1593	 8.36848999045395E-02 
1594	 8.37991695662728E-02 
1595	 8.39257145443125E-02 
1596	 8.37099086585212E-02 
1597	 8.36626922785182E-02 
1598	 8.39712621090328E-02 
1599	 8.39039570665874E-02 
1600	 8.38214832851695E-02 
1601	 8.38290207296372E-02 
1602	 8.36034864619951E-02 
1603	 8.36323802823292E-02 
1604	 8.38260691256709E-02 
1605	 8.39503429232912E-02 
1606	 8.39585202480574E-02 
1607	 8.38147474499892E-02 
1608	 0.083847609557883 
1609	 8.39630425921495E-02 
1610	 8.38907143473649E-02 
1611	 8.37699652601996E-02 
1612	 8.37040219259374E-02 
1613	 8.36707882314854E-02 
1614	 8.37242660938614E-02 
1615	 0.083744492310901 
1616	 8.36078067054971E-02 
1617	 8.34974695381886E-02 
1618	 8.35352154090912E-02 
1619	 8.36144391456663E-02 
1620	 8.37438447919286E-02 
1621	 8.37901157791584E-02 
1622	 8.37233990995756E-02 
1623	 8.37819960131111E-02 
1624	 0.083777210585169 
1625	 8.37173130019171E-02 
1626	 8.38894882699192E-02 
1627	 8.39658900099689E-02 
1628	 8.38267369610645E-02 
1629	 8.37910034133693E-02 
1630	 8.36881868181607E-02 
1631	 0.083576701370858 
1632	 8.36684474191177E-02 
1633	 8.37992487126702E-02 
1634	 8.38516877498456E-02 
1635	 8.38314697492811E-02 
1636	 8.38855235288674E-02 
1637	 8.39293932836243E-02 
1638	 8.38845888861603E-02 
1639	 8.37753594212347E-02 
1640	 8.35198448847235E-02 
1641	 0.083411432371982 
1642	 8.35053112315286E-02 
1643	 8.35363574344638E-02 
1644	 8.37944850201022E-02 
1645	 0.084075901448048 
1646	 8.39500214165557E-02 
1647	 8.38026658757938E-02 
1648	 8.37038292374895E-02 
1649	 8.36018998884705E-02 
1650	 8.36356474228372E-02 
1651	 8.36128593556981E-02 
1652	 8.36156288621279E-02 
1653	 8.35503291651452E-02 
1654	 8.34317770014112E-02 
1655	 8.36248290017553E-02 
1656	 8.36896102945241E-02 
1657	 8.36173884915912E-02 
1658	 8.38152333893259E-02 
1659	 8.38816925852232E-02 
1660	 8.37680765836984E-02 
1661	 8.37945700201911E-02 
1662	 8.36220498218992E-02 
1663	 8.33763584675692E-02 
1664	 0.083567456154695 
1665	 8.37882123321416E-02 
1666	 8.38323956542563E-02 
1667	 8.38848980606469E-02 
1668	 8.38554296770749E-02 
1669	 8.37834240951637E-02 
1670	 8.37526927168135E-02 
1671	 8.37749879849201E-02 
1672	 0.083643993639992 
1673	 0.083416830644101 
1674	 8.33821895416939E-02 
1675	 8.34920781949623E-02 
1676	 8.38375731009025E-02 
1677	 8.40797423478899E-02 
1678	 8.38569791471829E-02 
1679	 8.36154174914052E-02 
1680	 8.34692427524976E-02 
1681	 8.34624099859291E-02 
1682	 8.37631833033897E-02 
1683	 0.084112740559728 
1684	 8.41137464144012E-02 
1685	 8.38706201517586E-02 
1686	 8.38168273430843E-02 
1687	 8.37870586487478E-02 
1688	 8.38028619205842E-02 
1689	 0.083978517432336 
1690	 8.38616499840218E-02 
1691	 8.37320054678955E-02 
1692	 8.37418240174164E-02 
1693	 8.35556157770155E-02 
1694	 8.38497302192853E-02 
1695	 8.42637677445144E-02 
1696	 8.42524284349241E-02 
1697	 8.43587353385515E-02 
1698	 8.39658648226202E-02 
1699	 8.34369625780097E-02 
1700	 8.34889617936119E-02 
1701	 8.35768749080132E-02 
1702	 8.42365724500706E-02 
1703	 8.44021948659612E-02 
1704	 8.42556044122415E-02 
1705	 8.41711186092059E-02 
1706	 8.36013049567964E-02 
1707	 8.35050880435811E-02 
1708	 8.39339026516553E-02 
1709	 8.39826383176849E-02 
1710	 8.41062511622521E-02 
1711	 8.41245784499844E-02 
1712	 8.37465540496831E-02 
1713	 8.35882705446639E-02 
1714	 8.35332268447131E-02 
1715	 8.34894453279879E-02 
1716	 8.34739731326949E-02 
1717	 0.083492276520361 
1718	 8.36149513935784E-02 
1719	 0.083759303972412 
1720	 8.40511906595164E-02 
1721	 8.41346176007869E-02 
1722	 8.40489533939562E-02 
1723	 8.40627372951528E-02 
1724	 8.39024009290233E-02 
1725	 0.083860377750422 
1726	 8.41550445399074E-02 
1727	 8.41428366709712E-02 
1728	 8.38566162721371E-02 
1729	 8.38743557451422E-02 
1730	 8.39009042004101E-02 
1731	 0.083879440983348 
1732	 8.40669225367085E-02 
1733	 8.41709599052101E-02 
1734	 8.41261732147356E-02 
1735	 8.41225121947627E-02 
1736	 8.41699038135973E-02 
1737	 8.42102017091612E-02 
1738	 8.41408556760578E-02 
1739	 8.42818578686505E-02 
1740	 8.47211421762043E-02 
1741	 8.47289858486256E-02 
1742	 8.46651255585552E-02 
1743	 8.44769696511933E-02 
1744	 8.38461207945583E-02 
1745	 8.36558361294495E-02 
1746	 8.35642127118984E-02 
1747	 8.36119874674275E-02 
1748	 0.083938381847487 
1749	 8.41061437410227E-02 
1750	 8.44346437492949E-02 
1751	 8.44079254998816E-02 
1752	 8.41310276257438E-02 
1753	 8.37741974580924E-02 
1754	 8.33706734857979E-02 
1755	 8.35570386409335E-02 
1756	 0.083798120752683 
1757	 0.084037419750184 
1758	 8.44627472452608E-02 
1759	 8.38469999794742E-02 
1760	 0.083422475169082 
1761	 8.37426708542082E-02 
1762	 8.35875241355601E-02 
1763	 8.40710228920494E-02 
1764	 8.45362812340489E-02 
1765	 8.40132491407358E-02 
1766	 8.39714740723171E-02 
1767	 8.39777802121232E-02 
1768	 8.37945619849304E-02 
1769	 8.40868301744148E-02 
1770	 8.37012961756928E-02 
1771	 8.32790727701125E-02 
1772	 0.083229751526173 
1773	 8.34654189324128E-02 
1774	 8.36768400022381E-02 
1775	 8.40687614204115E-02 
1776	 8.43550786888699E-02 
1777	 8.46567380234327E-02 
1778	 8.47387491036995E-02 
1779	 0.084691742827486 
1780	 8.47308263153106E-02 
1781	 8.47066469817222E-02 
1782	 8.44746997884808E-02 
1783	 8.41104789442126E-02 
1784	 8.38550164359497E-02 
1785	 8.31530548453794E-02 
1786	 8.30190079039655E-02 
1787	 8.35119777630634E-02 
1788	 8.37491905649686E-02 
1789	 8.45633979679067E-02 
1790	 8.44440992500543E-02 
1791	 8.33001000894435E-02 
1792	 8.29557932731384E-02 
1793	 8.21879415864746E-02 
1794	 8.19941802567637E-02 
1795	 0.083039304753369 
1796	 8.33383315152519E-02 
1797	 8.35069945824126E-02 
1798	 8.34134832674178E-02 
1799	 8.24977510739699E-02 
1800	 0.082938136397283 
1801	 8.42607843641137E-02 
1802	 8.44822978275635E-02 
1803	 8.57970139058479E-02 
1804	 8.53557992377483E-02 
1805	 8.18733990704602E-02 
1806	 8.05007665211899E-02 
1807	 7.93766194870704E-02 
1808	 7.79951797307275E-02 
1809	 7.67823632160278E-02 
1810	 0.076492248015193 
1811	 7.80145701761561E-02 
1812	 7.75747657324307E-02 
1813	 8.09131430987316E-02 
1814	 8.18909366751815E-02 
1815	 0.083514632847251 
1816	 0.090202016300762 
1817	 8.97963593670519E-02 
1818	 8.91554917119906E-02 
1819	 8.76294253338775E-02 
1820	 0.08216358549685 
1821	 7.74132589606098E-02 
1822	 6.87884619869612E-02 
1823	 6.13876306532252E-02 
1824	 5.60131533167138E-02 
1825	 5.17300539847737E-02 
1826	 4.96801625718196E-02 
1827	 5.21299261512924E-02 
1828	 6.88203470104804E-02 
1829	 7.77715345746634E-02 
1830	 9.89378817599704E-02 
1831	 8.23371482086722E-02 
1832	 9.86537897923799E-02 
1833	 0.132585737568148 
1834	 0.480506937945532 
1835	 0.778147975335471 
1836	 0.254852282726287 
1837	 0.150797494104395 
1838	-0.326510046749622 
1839	-0.151660241674696 
1840	 4.75907055935068E-03 
1841	-2.86186049779785E-02 
1842	 0.28157601133217 
1843	 0.700530752614857 
1844	 0.783847031273775 
1845	 6.19360843517298 
1846	-24.7140022557437 
1847	-0.112076809802823 
1848	-3.80010380892493 
1849	-2.37053658187893 
1850	-0.716337528286452 
1851	-0.50197147529818 
1852	 1.23658766652571 
1853	 1.48979712019321 
1854	 4.47230091530246 
1855	 3.04944073094409 
1856	-0.187462859553093 
1857	-0.457413841842806 
1858	-1.48127120594522 
1859	-4.55566554936752 
1860	-2.93624970902619 
1861	-4.22808712832211 
1862	-1.44481668991778 
1863	-0.485484909582989 
1864	-0.249534341916248 
1865	 0.357790262255692 
1866	 0.647575781037715 
1867	 1.22123310822326 
1868	 2.20752995836718 
1869	 0.951434492101574 
1870	 5.99748992317936E-02 
1871	-0.125005633344228 
1872	-0.245416689638824 
1873	-0.237910998246872 
1874	 0.475312543685314 
1875	 0.435666503123405 
1876	 4.41086351186282E-02 
1877	 1.92261416140726E-03 
1878	-0.271764133042726 
1879	-0.693627597225244 
1880	-0.657394816825846 
1881	-0.414286532654888 
1882	-0.362971614301425 
1883	-8.14595719620133E-02 
1884	 2.90172635241933E-02 
1885	 4.27400079984654E-02 
1886	 7.99378481130691E-02 
1887	 0.114479090725447 
1888	 0.137867216961775 
1889	 0.252229858591767 
1890	 0.256817345316496 
1891	 0.24689256514284 
1892	 0.224582911570813 
1893	 0.206606447920953 
1894	 0.125500796957632 
1895	 5.26062374046155E-02 
1896	-7.75848995538494E-03 
1897	-0.149013657237838 
1898	-0.284947059655567 
1899	-0.254129110088592 
1900	-0.160103341479456 
1901	-5.32015048523781E-02 
1902	 0.031533712310764 
1903	 0.133428019270373 
1904	-1.75943353972239E-02 
1905	-0.30768513149089 
1906	-0.469109676982613 
1907	-0.584336132181523 
1908	-0.503374009649003 
1909	-0.267466182444208 
1910	 7.04473592924548E-02 
1911	 8.27935257829149E-02 
1912	-7.54269976047266E-02 
1913	-6.78422609466411E-02 
1914	-8.61333026123266E-02 
1915	-3.89129311280533E-02 
1916	 5.96896655000779E-02 
1917	 0.1663290895471 
1918	 0.136302576611483 
1919	 0.105918108154426 
1920	 0.111905591171337 
1921	 0.075592304066325 
1922	 0.080520111203091 
1923	 0.111782765598686 
1924	 9.93996092403502E-02 
1925	 3.40433905789825E-02 
1926	 1.24696032645692E-02 
1927	 6.44933517076682E-02 
1928	 8.78237208500484E-02 
1929	 0.103421215382693 
1930	 0.116454305111841 
1931	 7.90140185575313E-02 
1932	 4.66522380270316E-02 
1933	 5.42551828125621E-02 
1934	 6.43005968884002E-02 
1935	 0.066865089900477 
1936	 7.67025415820384E-02 
1937	 8.42755512999533E-02 
1938	 8.46624061701132E-02 
1939	 8.45406135336214E-02 
1940	 8.96085040630272E-02 
1941	 9.16548629199022E-02 
1942	 8.52979743376094E-02 
1943	 8.04166370339125E-02 
1944	 0.080670449906408 
1945	 7.96568947407138E-02 
1946	 7.90593724577122E-02 
1947	 7.86028245492758E-02 
1948	 8.03216083511409E-02 
1949	 8.18162353370399E-02 
1950	 8.67630584454606E-02 
1951	 9.12533774441945E-02 
1952	 9.01760524677762E-02 
1953	 8.88785986997796E-02 
1954	 8.52442690824589E-02 
1955	 7.97910138633681E-02 
1956	 8.00030206683118E-02 
1957	 8.16797612059082E-02 
1958	 8.18644186872211E-02 
1959	 8.21340139708033E-02 
1960	 8.44756724653112E-02 
1961	 8.30822084995945E-02 
1962	 7.99852043360875E-02 
1963	 0.081118065361005 
1964	 8.32893653592949E-02 
1965	 0.084069815538634 
1966	 0.084928677346381 
1967	 8.44385886693827E-02 
1968	 8.19312311032177E-02 
1969	 8.16268817711201E-02 
1970	 0.082314477438665 
1971	 8.37318453467516E-02 
1972	 8.31401627963793E-02 
1973	 8.31602222174691E-02 
1974	 0.083363406329358 
1975	 8.33144963272466E-02 
1976	 8.43462930537703E-02 
1977	 8.53049606749797E-02 
1978	 8.49304057623944E-02 
1979	 8.39913769910516E-02 
1980	 8.35687326258646E-02 
1981	 8.34265868476239E-02 
1982	 8.34322146141638E-02 
1983	 0.083757566902258 
1984	 8.43012414897826E-02 
1985	 8.50565228811437E-02 
1986	 8.57973153058026E-02 
1987	 8.59152616404827E-02 
1988	 8.53272014539715E-02 
1989	 8.44914772733329E-02 
1990	 8.43061144613609E-02 
1991	 8.41054327932631E-02 
1992	 0.084254533240069 
1993	 0.084588225072172 
1994	 8.47205151062996E-02 
1995	 8.46319035758765E-02 
1996	 8.44531721862557E-02 
1997	 8.61413024721639E-02 
1998	 8.62313775624253E-02 
1999	 8.52630958674716E-02 
2000	 8.54153771667646E-02 
2001	 8.47070700019948E-02 
2002	 8.36835904219483E-02 
2003	 8.50926425312158E-02 
2004	 8.59049589905355E-02 
2005	 8.58278436388404E-02 
2006	 8.62624393041913E-02 
2007	 8.71042528797773E-02 
2008	 8.65379989097136E-02 
2009	 8.48623330256078E-02 
2010	 8.52093735596677E-02 
2011	 8.47051778219557E-02 
2012	 8.45819505701311E-02 
2013	 8.60365063421705E-02 
2014	 0.085724750506475 
2015	 8.57114711318708E-02 
2016	 8.69758189986458E-02 
2017	 8.77892818798258E-02 
2018	 8.85372971108874E-02 
2019	 8.82903885563391E-02 
2020	 8.65093714782791E-02 
2021	 8.57475080312438E-02 
2022	 8.50299863931079E-02 
2023	 8.42040672009466E-02 
2024	 8.50550981212624E-02 
2025	 8.60194101852049E-02 
2026	 8.51506198868641E-02 
2027	 8.53705454178174E-02 
2028	 8.64217634821827E-02 
2029	 8.58761857075407E-02 
2030	 8.52771310222607E-02 
2031	 8.59369385455959E-02 
2032	 8.61440205053507E-02 
2033	 8.53242269147041E-02 
2034	 8.50637380721565E-02 
2035	 8.55955007409093E-02 
2036	 8.56211687167184E-02 
2037	 8.52028408687044E-02 
2038	 8.51604362589402E-02 
2039	 8.57118930615086E-02 
2040	 8.62576695101677E-02 
2041	 8.61695652111662E-02 
2042	 0.086087361672608 
2043	 8.63323340729402E-02 
2044	 8.62454146750983E-02 
2045	 8.62888051729221E-02 
2046	 8.65918803384441E-02 
2047	 8.67148869619664E-02 
2048	 0.086681142804504 
2049	 8.67439972817476E-02 
2050	 8.66669929748527E-02 
2051	 8.70151015273431E-02 
2052	 8.74982569200322E-02 
2053	 8.71836255135921E-02 
2054	 8.71894209710666E-02 
2055	 8.71890862694247E-02 
2056	 8.61892519837291E-02 
2057	 8.59804271627791E-02 
2058	 8.67792517696329E-02 
2059	 8.71533975987395E-02 
2060	 0.086977258900812 
2061	 8.65647717448111E-02 
2062	 8.66430523356381E-02 
2063	 8.61104842784402E-02 
2064	 8.60779091992888E-02 
2065	 8.70019788559345E-02 
2066	 8.75938645383846E-02 
2067	 8.69435477046958E-02 
2068	 8.69234443564735E-02 
2069	 8.74149473226359E-02 
2070	 8.69273329432759E-02 
2071	 0.086442133314877 
2072	 8.68144971515053E-02 
2073	 8.67018510973757E-02 
2074	 8.66016823737812E-02 
2075	 8.61484414155235E-02 
2076	 8.50137207701932E-02 
2077	 8.51908926615957E-02 
2078	 8.62060463076438E-02 
2079	 8.62425363121124E-02 
2080	 8.68732451027175E-02 
2081	 8.69753030583931E-02 
2082	 8.64229268070138E-02 
2083	 8.59826482464721E-02 
2084	 8.60432096201149E-02 
2085	 8.69978290127321E-02 
2086	 8.71291315375914E-02 
2087	 8.59905710273485E-02 
2088	 8.61268046078864E-02 
2089	 8.69507370498151E-02 
2090	 8.67811856844812E-02 
2091	 8.58831717494693E-02 
2092	 8.60088927550041E-02 
2093	 8.63554608796061E-02 
2094	 8.61114575254357E-02 
2095	 8.61348460351998E-02 
2096	 0.086396665145509 
2097	 8.66062467803666E-02 
2098	 8.59565168670346E-02 
2099	 8.55508501647616E-02 
2100	 8.57122492923186E-02 
2101	 0.085564045169295 
2102	 8.52415137906482E-02 
2103	 8.54796206167888E-02 
2104	 8.61642202379747E-02 
2105	 8.66218118161229E-02 
2106	 8.68863175507005E-02 
2107	 8.66302284294185E-02 
2108	 8.56112548818278E-02 
2109	 8.56414247037685E-02 
2110	 0.086035710963082 
2111	 8.57723541476868E-02 
2112	 8.58046531518841E-02 
2113	 8.62027276264315E-02 
2114	 8.65415499508051E-02 
2115	 8.56937086585831E-02 
2116	 8.56712389264365E-02 
2117	 8.61855490265868E-02 
2118	 8.60763230832281E-02 
2119	 8.59675350143992E-02 
2120	 8.66104140626445E-02 
2121	 8.71978725809482E-02 
2122	 8.67328086543616E-02 
2123	 0.086420196319164 
2124	 8.64598614426808E-02 
2125	 0.086778272067184 
2126	 8.67279968409474E-02 
2127	 8.66503579027733E-02 
2128	 8.69228294539906E-02 
2129	 0.087436670056212 
2130	 8.72501136445943E-02 
2131	 8.66689933296251E-02 
2132	 8.67622599269177E-02 
2133	 8.68329508202518E-02 
2134	 8.66897395170563E-02 
2135	 8.67399347867956E-02 
2136	 8.68541393957693E-02 
2137	 8.63002764985345E-02 
2138	 8.61954434593939E-02 
2139	 0.086791259952131 
2140	 8.68889835297702E-02 
2141	 8.68132859254369E-02 
2142	 8.63991988557269E-02 
2143	 0.08602721961373 
2144	 8.54209483558818E-02 
2145	 8.56342021650711E-02 
2146	 0.086302710812264 
2147	 8.64487417090826E-02 
2148	 8.68049672537133E-02 
2149	 8.71919583987738E-02 
2150	 8.74962576578409E-02 
2151	 8.72368158037863E-02 
2152	 8.65928809840812E-02 
2153	 8.68364961499349E-02 
2154	 0.086573421629878 
2155	 8.58280441218117E-02 
2156	 8.58386513338543E-02 
2157	 8.63343377030519E-02 
2158	 8.64244850923434E-02 
2159	 8.55093141011419E-02 
2160	 8.57058014658886E-02 
2161	 8.61207647874168E-02 
2162	 8.51342120852516E-02 
2163	 0.085885514769907 
2164	 8.57783301863854E-02 
2165	 8.47822493678047E-02 
2166	 8.43376919316268E-02 
2167	 8.40499305246625E-02 
2168	 8.38308206476767E-02 
2169	 8.42231844601327E-02 
2170	 8.42956944986976E-02 
2171	 8.38909864833697E-02 
2172	 8.39554543428806E-02 
2173	 8.43510194314501E-02 
2174	 8.44032403569271E-02 
2175	 8.45739704212603E-02 
2176	 8.49853964276513E-02 
2177	 8.37985962010832E-02 
2178	 0.083074331391254 
2179	 8.43313396406992E-02 
2180	 8.50845916978507E-02 
2181	 8.42306366715086E-02 
2182	 8.41670460518554E-02 
2183	 8.49497295685366E-02 
2184	 8.44932332207971E-02 
2185	 8.42511457426585E-02 
2186	 8.58179521514112E-02 
2187	 8.61879300815232E-02 
2188	 8.43838327708468E-02 
2189	 8.41539363569652E-02 
2190	 8.55617037714184E-02 
2191	 8.58074738497813E-02 
2192	 8.56573291343648E-02 
2193	 8.56365938072933E-02 
2194	 8.52249725266982E-02 
2195	 8.48025499087233E-02 
2196	 8.39356825646857E-02 
2197	 8.38568333385471E-02 
2198	 8.44363285318582E-02 
2199	 8.43339855710253E-02 
2200	 8.54301892760389E-02 
2201	 8.67549492282254E-02 
2202	 8.55721027052966E-02 
2203	 8.53651914853146E-02 
2204	 8.58935951840296E-02 
2205	 0.08431262505765 
2206	 8.37334730807146E-02 
2207	 8.52260399490352E-02 
2208	 0.085371318442741 
2209	 8.43612973540432E-02 
2210	 8.47491786794718E-02 
2211	 8.65972281458315E-02 
2212	 8.61196973493162E-02 
2213	 8.48922107033913E-02 
2214	 8.47323154119654E-02 
2215	 8.27221150817306E-02 
2216	 8.25544430848389E-02 
2217	 8.52915652698539E-02 
2218	 8.60580225442539E-02 
2219	 8.66069753580683E-02 
2220	 8.62973462812777E-02 
2221	 8.43328912622314E-02 
2222	 0.083482751640145 
2223	 8.43432657855657E-02 
2224	 8.45931696900819E-02 
2225	 8.44940820076743E-02 
2226	 8.45766864997892E-02 
2227	 0.083977398779261 
2228	 8.32698947355023E-02 
2229	 8.36773496389231E-02 
2230	 8.40465792781059E-02 
2231	 8.34764832821929E-02 
2232	 8.28531159510488E-02 
2233	 8.38304408029526E-02 
2234	 8.50375125149165E-02 
2235	 8.47519473753136E-02 
2236	 8.44115583946606E-02 
2237	 8.41790845117718E-02 
2238	 8.31498579862368E-02 
2239	 8.30973863400337E-02 
2240	 8.39554899101412E-02 
2241	 8.44951915831244E-02 
2242	 0.085222517819194 
2243	 8.53275995743197E-02 
2244	 8.54161278611102E-02 
2245	 8.51877748953165E-02 
2246	 8.35908497730809E-02 
2247	 8.37273019423693E-02 
2248	 8.58704768154697E-02 
2249	 8.53606158359183E-02 
2250	 8.34768107080767E-02 
2251	 8.34441967718426E-02 
2252	 8.36995261272026E-02 
2253	 8.26401794227489E-02 
2254	 8.15174352037113E-02 
2255	 8.11873637421035E-02 
2256	 0.081281119062639 
2257	 8.14274093201717E-02 
2258	 8.38541671345528E-02 
2259	 8.71317663494542E-02 
2260	 8.69249318302182E-02 
2261	 8.52307443275043E-02 
2262	 8.45768187478606E-02 
2263	 8.55952443062938E-02 
2264	 8.71289239937515E-02 
2265	 8.61174467342587E-02 
2266	 8.40300451199057E-02 
2267	 8.26816152750509E-02 
2268	 8.16970375023375E-02 
2269	 8.21381750554831E-02 
2270	 0.083881847135788 
2271	 8.38133502119874E-02 
2272	 8.36933982796929E-02 
2273	 8.25957081779666E-02 
2274	 8.25581669575045E-02 
2275	 8.25537167927887E-02 
2276	 8.24953321572281E-02 
2277	 8.27897940022415E-02 
2278	 8.25812414185871E-02 
2279	 8.18450436284884E-02 
2280	 8.21746507101931E-02 
2281	 8.30810606449336E-02 
2282	 8.34201654447683E-02 
2283	 8.43032761461303E-02 
2284	 8.43778031255239E-02 
2285	 8.36017964236651E-02 
2286	 0.083010050697613 
2287	 8.15950982888984E-02 
2288	 8.18022512412454E-02 
2289	 8.19746361015126E-02 
2290	 8.03636795992702E-02 
2291	 8.08259610922781E-02 
2292	 8.12626511110536E-02 
2293	 8.06070405309666E-02 
2294	 0.081089967647186 
2295	 7.99059940306329E-02 
2296	 7.92603878991679E-02 
2297	 7.97568103865074E-02 
2298	 8.08130227562538E-02 
2299	 0.081757594820605 
2300	 8.00144392443743E-02 
2301	 7.95425583437442E-02 
2302	 8.05072802631615E-02 
2303	 8.12417495694676E-02 
2304	 8.15407160717099E-02 
2305	 8.10429414169588E-02 
2306	 8.06899147550275E-02 
2307	 0.079753164186045 
2308	 8.00121125443736E-02 
2309	 8.17392142748301E-02 
2310	 8.41662850236249E-02 
2311	 8.47664511275407E-02 
2312	 8.25292178762146E-02 
2313	 8.03939143994182E-02 
2314	 7.87065908316125E-02 
2315	 8.06964655735735E-02 
2316	 0.084231891242776 
2317	 8.56022818720363E-02 
2318	 8.57469174934468E-02 
2319	 8.54209931872568E-02 
2320	 8.19305972458641E-02 
2321	 8.12643357601083E-02 
2322	 8.21647417414769E-02 
2323	 0.082809089307933 
2324	 8.38452406484751E-02 
2325	 8.42093467664585E-02 
2326	 8.55273873236017E-02 
2327	 8.46438139076852E-02 
2328	 8.00440143937827E-02 
2329	 8.00383701113846E-02 
2330	 8.42107050680367E-02 
2331	 8.38844339597248E-02 
2332	 8.18317277246608E-02 
2333	 8.18356939137016E-02 
2334	 7.86301552202192E-02 
2335	 7.81751239960178E-02 
2336	 8.40210916674674E-02 
2337	 8.62516258301025E-02 
2338	 8.63885743071899E-02 
2339	 8.63320113681951E-02 
2340	 0.08552961388057 
2341	 8.25555713511832E-02 
2342	 8.35516289432764E-02 
2343	 8.47344460224472E-02 
2344	 8.17198116522243E-02 
2345	 8.30351554429826E-02 
2346	 8.10329791523828E-02 
2347	 7.59180965731929E-02 
2348	 7.82624131081765E-02 
2349	 8.22819900232913E-02 
2350	 8.16816944530018E-02 
2351	 8.02600548042873E-02 
2352	 7.59548871550967E-02 
2353	 7.00989869049209E-02 
2354	 7.51778022593993E-02 
2355	 8.51411717868876E-02 
2356	 8.82352545664156E-02 
2357	 8.44035389656684E-02 
2358	 8.05354375796029E-02 
2359	 8.03209185422541E-02 
2360	 8.02920313024598E-02 
2361	 8.25166166362335E-02 
2362	 8.25414990040559E-02 
2363	 7.69497894033725E-02 
2364	 7.43702267654285E-02 
2365	 8.01966372462005E-02 
2366	 8.58186320923015E-02 
2367	 0.082227188391735 
2368	 0.080574839336073 
2369	 8.56813358083176E-02 
2370	 8.59005600704475E-02 
2371	 8.08723986593072E-02 
2372	 8.25307035703123E-02 
2373	 8.45197715461034E-02 
2374	 7.94561624854412E-02 
2375	 8.12872147905724E-02 
2376	 8.36457725417688E-02 
2377	 7.72644591957942E-02 
2378	 7.46574384058084E-02 
2379	 7.88650384155928E-02 
2380	 0.07930824742303 
2381	 7.44556425324016E-02 
2382	 7.57456242939055E-02 
2383	 7.82301164302331E-02 
2384	 7.73187649413621E-02 
2385	 0.080399371829745 
2386	 7.85597835442192E-02 
2387	 7.49925652889984E-02 
2388	 7.60966731289158E-02 
2389	 7.14070789138979E-02 
2390	 0.070109802464665 
2391	 7.12673061493885E-02 
2392	 6.22720376924529E-02 
2393	 5.99219617553264E-02 
2394	 6.95201424538531E-02 
2395	 7.64212237293843E-02 
2396	 0.081308058921642 
2397	 8.15226908420988E-02 
2398	 7.22826505049117E-02 
2399	 7.03284198664492E-02 
2400	 7.64415486433918E-02 
2401	 8.19998781118083E-02 
2402	 8.51982776648836E-02 
2403	 7.91358753318096E-02 
2404	 0.072378226104978 
2405	 7.27329690893817E-02 
2406	 7.68645060638004E-02 
2407	 7.99098753971237E-02 
2408	 7.60990301671488E-02 
2409	 7.19188193224516E-02 
2410	 7.26098960598852E-02 
2411	 7.54380522073182E-02 
2412	 8.16372978461793E-02 
2413	 0.085545989054814 
2414	 7.88727758455219E-02 
2415	 6.61073181082664E-02 
2416	 6.25088207489192E-02 
2417	 7.30679784391265E-02 
2418	 8.31094210697036E-02 
2419	 8.50104187423481E-02 
2420	 8.74491075377869E-02 
2421	 8.60142504111749E-02 
2422	 0.078152842576919 
2423	 8.20699187363968E-02 
2424	 8.40481593576272E-02 
2425	 7.28793884916819E-02 
2426	 7.68222265675758E-02 
2427	 8.58170959249997E-02 
2428	 8.08701297698814E-02 
2429	 7.08119422335742E-02 
2430	 7.17854422530754E-02 
2431	 7.36870833929596E-02 
2432	 7.19334906004712E-02 
2433	 8.15624449730082E-02 
2434	 6.63566448263216E-02 
2435	 5.03185078577185E-02 
2436	 6.50298524171959E-02 
2437	 6.59303001481637E-02 
2438	 6.14853155252171E-02 
2439	 6.19299653007704E-02 
2440	 6.03042570275743E-02 
2441	 6.30552224400829E-02 
2442	 8.23655507884083E-02 
2443	 0.112843311464769 
2444	 0.103297058225134 
2445	 8.87661343031891E-02 
2446	 9.64162199882509E-02 
2447	 8.13751346784507E-02 
2448	 7.47263063212759E-02 
2449	 9.03657259738878E-02 
2450	 8.96300038002304E-02 
2451	 6.88610049410553E-02 
2452	 4.28020093407425E-02 
2453	 1.92416525315986E-02 
2454	 2.79532127829529E-02 
2455	 5.33182072821383E-02 
2456	 8.07009483639765E-02 
2457	 0.107604616083645 
2458	 0.091664566646208 
2459	 6.90159349095528E-02 
2460	 5.39429547911689E-02 
2461	 4.31503686212225E-02 
2462	 4.39294075101711E-02 
2463	 4.70201309495049E-02 
2464	 6.57052345985948E-02 
2465	 7.57808324702784E-02 
2466	 7.62927904108565E-02 
2467	 7.20630745406136E-02 
2468	 0.024395267511135 
2469	 1.43083158207542E-03 
2470	-1.71803739009784E-02 
2471	-0.012097824944746 
2472	 3.31116428367942E-02 
2473	 4.87557036056435E-02 
2474	 7.61513019197609E-02 
2475	 6.95017737753783E-02 
2476	-4.50310026200726E-03 
2477	-4.2590693453409E-03 
2478	 2.55918390642377E-02 
2479	 0.10719377355961 
2480	 0.171744706314747 
2481	 0.146508259907453 
2482	 0.12804491135386 
2483	 0.084751854565557 
2484	 2.78412506457639E-02 
2485	 8.18855217947552E-03 
2486	-2.65425417147991E-02 
2487	 5.03791282313364E-03 
2488	 0.15505203077526 
2489	 0.292432575274164 
2490	 0.358903734346681 
2491	 0.409800340352383 
2492	 5.94487020846503E-02 
2493	-0.225683224611328 
2494	 0.160089110613128 
2495	 0.342825790789702 
2496	 0.474293367288857 
2497	 0.60895690850109 
2498	 0.147722013419307 
2499	-0.265647399176799 
2500	-0.187430687885637 
