Wavelength	09/27/123 at 12:25:22
350	 6.29006089524736E-02 
351	 6.33793662307088E-02 
352	 6.39312886283019E-02 
353	 6.43869629897318E-02 
354	 6.47616996260737E-02 
355	 6.56265021544145E-02 
356	 0.06638961802084 
357	 6.67986260502952E-02 
358	 6.74941154796671E-02 
359	 6.84775835183565E-02 
360	 6.95333346222977E-02 
361	 7.03717845096677E-02 
362	 0.071289101749163 
363	 7.21472389813037E-02 
364	 7.29379172806413E-02 
365	 7.40092862804711E-02 
366	 7.51878939355438E-02 
367	 7.63597778680279E-02 
368	 0.077494690104539 
369	 7.92023391791007E-02 
370	 8.09703967989255E-02 
371	 0.08253020805688 
372	 8.44186009577278E-02 
373	 0.086592307011782 
374	 0.088879414016861 
375	 9.10744361186322E-02 
376	 9.36042763968968E-02 
377	 0.096431408139929 
378	 9.94437022993146E-02 
379	 0.102463039771526 
380	 0.105792635900611 
381	 0.109568740317962 
382	 0.113834323541549 
383	 0.118536383025243 
384	 0.123572717984 
385	 0.128704001132642 
386	 0.133475017641437 
387	 0.138635213407288 
388	 0.144334068782155 
389	 0.150435279845218 
390	 0.156633023659117 
391	 0.163156109255289 
392	 0.169997740547205 
393	 0.176705315120336 
394	 0.183455149570897 
395	 0.190103397111685 
396	 0.196366391223937 
397	 0.202111190331945 
398	 0.207405973655109 
399	 0.21240422374511 
400	 0.217432910707681 
401	 0.222117012991566 
402	 0.226572333712571 
403	 0.231084105432689 
404	 0.23569651551184 
405	 0.240178879367423 
406	 0.244295022814952 
407	 0.24785802316578 
408	 0.251167363547441 
409	 0.254229394184314 
410	 0.256958201581352 
411	 0.25944044929776 
412	 0.26153215717471 
413	 0.263293118528355 
414	 0.265140642930123 
415	 0.266894691618368 
416	 0.268539647919291 
417	 0.270107512429064 
418	 0.271659069701943 
419	 0.273178611089533 
420	 0.274733138530732 
421	 0.276563356005085 
422	 0.278441760925729 
423	 0.280292860284524 
424	 0.282098664293419 
425	 0.283922650104308 
426	 0.285698023958389 
427	 0.287416556009211 
428	 0.289172823976351 
429	 0.291033501697508 
430	 0.292933982220674 
431	 0.29481734564918 
432	 0.296941077788474 
433	 0.299206970599236 
434	 0.301554432343917 
435	 0.30402302903404 
436	 0.306669532758931 
437	 0.309354488792619 
438	 0.311912859047413 
439	 0.314436179890047 
440	 0.316934462463393 
441	 0.319330012721161 
442	 0.321427768193502 
443	 0.323487671969177 
444	 0.325426258482077 
445	 0.327122639311389 
446	 0.328767128781476 
447	 0.330317201509608 
448	 0.331733110862702 
449	 0.333025947794037 
450	 0.334193937878381 
451	 0.335262898920953 
452	 0.336259457323823 
453	 0.337212224539383 
454	 0.338097022788449 
455	 0.338902176272392 
456	 0.33964192691995 
457	 0.340336481439821 
458	 0.340985046783484 
459	 0.341584110734551 
460	 0.342112116577706 
461	 0.342636025719398 
462	 0.343194143477094 
463	 0.343757371506704 
464	 0.344227668061124 
465	 0.344634915895687 
466	 0.34503447315897 
467	 0.345457301536967 
468	 0.34579867913793 
469	 0.346049829262812 
470	 0.346295283930428 
471	 0.346474147028107 
472	 0.34661549735595 
473	 0.346734408636248 
474	 0.346743744967426 
475	 0.346792773844146 
476	 0.346851993167455 
477	 0.346760979307211 
478	 0.346734320570293 
479	 0.346715180850444 
480	 0.346632709352005 
481	 0.346506725426825 
482	 0.346352539265528 
483	 0.346196298000654 
484	 0.346062083988542 
485	 0.345841252290622 
486	 0.345628372537277 
487	 0.345465128529583 
488	 0.34518061698955 
489	 0.344834481970173 
490	 0.344464094977491 
491	 0.344090261995496 
492	 0.343667887488846 
493	 0.343192034123691 
494	 0.34268820219282 
495	 0.342176540722722 
496	 0.341636205502449 
497	 0.341032765717668 
498	 0.340339251536472 
499	 0.339655949175025 
500	 0.33888404489254 
501	 0.337984165416449 
502	 0.337038581089566 
503	 0.336017904448217 
504	 0.334945960781468 
505	 0.333856381420513 
506	 0.332755842094087 
507	 0.331559208069525 
508	 0.330221508218993 
509	 0.328790458975117 
510	 0.327280730874213 
511	 0.325745998120383 
512	 0.324200177808564 
513	 0.322478578960743 
514	 0.320674978633458 
515	 0.318828736325329 
516	 0.316906945937185 
517	 0.314854581378502 
518	 0.312746643801153 
519	 0.310672571423018 
520	 0.308566530484634 
521	 0.306397227670506 
522	 0.304188853477571 
523	 0.302053471784691 
524	 0.299794894427038 
525	 0.29746946935963 
526	 0.29514185914175 
527	 0.292693269727053 
528	 0.290252135989786 
529	 0.287880930091109 
530	 0.285519642789846 
531	 0.283112337577817 
532	 0.280659416097315 
533	 0.278188771274674 
534	 0.275656270870169 
535	 0.273178591196899 
536	 0.270707906035871 
537	 0.268109355578309 
538	 0.265517840133229 
539	 0.262914198099089 
540	 0.260269131979492 
541	 0.257557247767708 
542	 0.254912968214037 
543	 0.252301128624348 
544	 0.249594467243116 
545	 0.246878526852194 
546	 0.244166216405397 
547	 0.241460427293822 
548	 0.238749644085657 
549	 0.236099517982464 
550	 0.233491952740052 
551	 0.230866928419168 
552	 0.228238161238864 
553	 0.225626417426144 
554	 0.223055556349444 
555	 0.220538012521013 
556	 0.218050957711643 
557	 0.215596766708616 
558	 0.213196929649979 
559	 0.21080770319017 
560	 0.208493228136572 
561	 0.206302570198163 
562	 0.204241647627321 
563	 0.202166124392336 
564	 0.200148577636826 
565	 0.198257715278753 
566	 0.196380945788546 
567	 0.194648761413404 
568	 0.193050935069425 
569	 0.191481191828232 
570	 0.190018076122209 
571	 0.188630245372381 
572	 0.18728558923307 
573	 0.185974220748929 
574	 0.184733514083572 
575	 0.183534390107686 
576	 0.182358648759216 
577	 0.181358550424928 
578	 0.180403123565229 
579	 0.179437504343155 
580	 0.178557322442497 
581	 0.177717519560493 
582	 0.176903196300233 
583	 0.176107237264526 
584	 0.175311929600255 
585	 0.174527457974156 
586	 0.173786092318923 
587	 0.173131393836979 
588	 0.172454364901865 
589	 0.171742997992099 
590	 0.171032209236882 
591	 0.170278019918112 
592	 0.169503576720799 
593	 0.168732621027015 
594	 0.168022942552765 
595	 0.167332568642876 
596	 0.16662077275591 
597	 0.165869409890164 
598	 0.165108332951971 
599	 0.164376310948494 
600	 0.163662031151257 
601	 0.162937216989692 
602	 0.162213651017672 
603	 0.161509239383779 
604	 0.16083794742011 
605	 0.160211063868575 
606	 0.159562325405572 
607	 0.15895906410085 
608	 0.158476535756013 
609	 0.158082671565534 
610	 0.157585257950888 
611	 0.157023479258479 
612	 0.15664750472387 
613	 0.156260093073108 
614	 0.155890006134451 
615	 0.155577329525504 
616	 0.155270888554293 
617	 0.154970514667224 
618	 0.154674806736787 
619	 0.154376258562765 
620	 0.154117830992842 
621	 0.153904487422024 
622	 0.153722084728588 
623	 0.153547137206001 
624	 0.153338121582078 
625	 0.15312506980392 
626	 0.152949090988872 
627	 0.152713146441147 
628	 0.152518689752141 
629	 0.152377038105713 
630	 0.152175375081483 
631	 0.151964130375786 
632	 0.151742103022133 
633	 0.151524233153153 
634	 0.151426039218575 
635	 0.15131675315572 
636	 0.151170085366173 
637	 0.15103863770331 
638	 0.150939881526507 
639	 0.15092151409824 
640	 0.150974352494392 
641	 0.150961842760305 
642	 0.15097119384525 
643	 0.151010025776867 
644	 0.151066189761603 
645	 0.151169279198001 
646	 0.15130645566358 
647	 0.151468399124375 
648	 0.151654079837523 
649	 0.151862571611593 
650	 0.152077692054316 
651	 0.15229396044781 
652	 0.152546097773323 
653	 0.152795077063886 
654	 0.15303678572505 
655	 0.153308588747462 
656	 0.153785839748269 
657	 0.154170028745744 
658	 0.154348111280053 
659	 0.154644200540299 
660	 0.154946313167999 
661	 0.155230534395226 
662	 0.155491203943739 
663	 0.155672835328322 
664	 0.155831026614401 
665	 0.155962545531601 
666	 0.156000184103338 
667	 0.156033581598852 
668	 0.15604471128855 
669	 0.156013222938463 
670	 0.155985818161519 
671	 0.155876964966478 
672	 0.155679046601759 
673	 0.155438554838807 
674	 0.155276817795893 
675	 0.155047322138738 
676	 0.154725164845303 
677	 0.154503986031074 
678	 0.154186613181565 
679	 0.153857044273026 
680	 0.153602777157679 
681	 0.153204779485364 
682	 0.152766883484119 
683	 0.152373610988295 
684	 0.152077182864625 
685	 0.151730389522901 
686	 0.151421325121141 
687	 0.15115508803902 
688	 0.150654285477392 
689	 0.15013903903235 
690	 0.14957636659246 
691	 0.14890564295749 
692	 0.148175096963622 
693	 0.147551317603574 
694	 0.147013285379184 
695	 0.146363942772372 
696	 0.145677396727896 
697	 0.145023241273624 
698	 0.144424535130332 
699	 0.143834690600741 
700	 0.143199590103013 
701	 0.142540217120821 
702	 0.141913277393781 
703	 0.141322329102382 
704	 0.140800180000506 
705	 0.140289156129835 
706	 0.139655554175567 
707	 0.139286022743179 
708	 0.139031092123346 
709	 0.138713652928326 
710	 0.138429649729105 
711	 0.138217177257095 
712	 0.138114568644011 
713	 0.138148419103629 
714	 0.138228338385579 
715	 0.138309490091975 
716	 0.138417382310969 
717	 0.138666476991658 
718	 0.138990225235351 
719	 0.139412202426402 
720	 0.139895686573745 
721	 0.140244806751198 
722	 0.140680995923517 
723	 0.141237162769621 
724	 0.141796820561057 
725	 0.142473941334574 
726	 0.143267908740348 
727	 0.144141551029932 
728	 0.144983868914898 
729	 0.145800981101591 
730	 0.146724137082659 
731	 0.147837798374227 
732	 0.149027477281042 
733	 0.150158244184573 
734	 0.151328236394202 
735	 0.152727425799037 
736	 0.15425874863445 
737	 0.155904551306825 
738	 0.157663710406996 
739	 0.159533778686318 
740	 0.161571263716862 
741	 0.163795326579725 
742	 0.166213724128849 
743	 0.168844056460803 
744	 0.171683950361873 
745	 0.174764016365536 
746	 0.178095370568085 
747	 0.181633572780475 
748	 0.185468039089236 
749	 0.189636331354274 
750	 0.194075009560573 
751	 0.198847718936379 
752	 0.203937847148648 
753	 0.209304016095247 
754	 0.214895626641688 
755	 0.220765359297839 
756	 0.226656027609069 
757	 0.232325196305285 
758	 0.237450156425074 
759	 0.24355552218267 
760	 0.252462604951817 
761	 0.26240588646076 
762	 0.270231736335865 
763	 0.276820581379226 
764	 0.283826342372148 
765	 0.290267095819819 
766	 0.296437751941674 
767	 0.30247629729745 
768	 0.308486069041587 
769	 0.314590256364083 
770	 0.320738838017514 
771	 0.326805998803393 
772	 0.332706957026758 
773	 0.338499790596249 
774	 0.344117983716576 
775	 0.349510382202813 
776	 0.354689813058461 
777	 0.359676804128241 
778	 0.364484039702287 
779	 0.369110032900174 
780	 0.373609366794623 
781	 0.377856375879556 
782	 0.381876118129765 
783	 0.385775391393575 
784	 0.38953997147018 
785	 0.393081677224567 
786	 0.396402864998854 
787	 0.399628900960065 
788	 0.40278762572063 
789	 0.40582179920242 
790	 0.40867774903564 
791	 0.411376123730241 
792	 0.413955065025527 
793	 0.416437886385308 
794	 0.418824243256328 
795	 0.421048582255657 
796	 0.423124927120017 
797	 0.425096034300511 
798	 0.427013602835213 
799	 0.428779334722179 
800	 0.430486670988871 
801	 0.432183267912949 
802	 0.433801462050354 
803	 0.435374247380653 
804	 0.436919491409377 
805	 0.438423847222699 
806	 0.439782922313314 
807	 0.441083776406109 
808	 0.442430055493958 
809	 0.443865752333171 
810	 0.445129681970873 
811	 0.446341083094676 
812	 0.447541150872996 
813	 0.448674245918168 
814	 0.449954903450449 
815	 0.451344656840228 
816	 0.452755007047821 
817	 0.454155108838636 
818	 0.455412672833316 
819	 0.456564147237056 
820	 0.457708995173401 
821	 0.458871402757596 
822	 0.459973036375074 
823	 0.461038115642283 
824	 0.462119641090855 
825	 0.463151508611439 
826	 0.464076877060287 
827	 0.464916988121993 
828	 0.465730108047349 
829	 0.466574827926959 
830	 0.467388854592747 
831	 0.468158046961311 
832	 0.468986464693339 
833	 0.469745966558221 
834	 0.470394477639462 
835	 0.470970410305985 
836	 0.471601511690397 
837	 0.47227990114154 
838	 0.472932625029371 
839	 0.473481004110222 
840	 0.474022513028762 
841	 0.474485448371069 
842	 0.474923887293817 
843	 0.47546003783497 
844	 0.47591915702705 
845	 0.476277955843907 
846	 0.476583019732212 
847	 0.476948470056638 
848	 0.477250527445476 
849	 0.477514369215469 
850	 0.47778344862089 
851	 0.478062187694347 
852	 0.478216794510296 
853	 0.478359671004815 
854	 0.478632112737921 
855	 0.478898567118355 
856	 0.479085594452503 
857	 0.479183205887697 
858	 0.479229370409864 
859	 0.479335494918087 
860	 0.479499218900788 
861	 0.479710622075479 
862	 0.479954974469586 
863	 0.480097601376173 
864	 0.480117726481976 
865	 0.480154096441956 
866	 0.480557152538463 
867	 0.480783445788398 
868	 0.480904068433865 
869	 0.481099509742857 
870	 0.481457227674863 
871	 0.481544573933958 
872	 0.481568994297618 
873	 0.481818883430135 
874	 0.481969426788433 
875	 0.482085571499132 
876	 0.482227047716737 
877	 0.482396164354812 
878	 0.482401312078538 
879	 0.482363041432932 
880	 0.482376653382637 
881	 0.482492992233498 
882	 0.48238837628568 
883	 0.482206932901176 
884	 0.482081575006913 
885	 0.482050208080962 
886	 0.481959684970654 
887	 0.481820587702254 
888	 0.481668274240318 
889	 0.48147037820464 
890	 0.481327857573159 
891	 0.481104329428095 
892	 0.480744016494759 
893	 0.480669431364982 
894	 0.480334225601156 
895	 0.479822377118359 
896	 0.479431431958168 
897	 0.479181197917718 
898	 0.478795175939679 
899	 0.478385510781268 
900	 0.478198851454958 
901	 0.478049680652284 
902	 0.477721053190051 
903	 0.477290914022824 
904	 0.476988551039886 
905	 0.476755442685879 
906	 0.476493771869757 
907	 0.476145330923581 
908	 0.475688817319047 
909	 0.475155478720372 
910	 0.474873852072754 
911	 0.474911659226842 
912	 0.474909847513363 
913	 0.474748123441962 
914	 0.474811523791509 
915	 0.475249890699711 
916	 0.475578043092423 
917	 0.476037504771908 
918	 0.476544080381706 
919	 0.476984364769273 
920	 0.477379278157658 
921	 0.477804314038457 
922	 0.478091664397996 
923	 0.47817639076698 
924	 0.478598048913656 
925	 0.479030191011954 
926	 0.479074054159664 
927	 0.478563716216204 
928	 0.478648228782516 
929	 0.478958251815616 
930	 0.478980304706392 
931	 0.478313026042624 
932	 0.478289047245004 
933	 0.477825523112772 
934	 0.477295938184162 
935	 0.478186224046945 
936	 0.479250301029574 
937	 0.480250255394911 
938	 0.481040705163496 
939	 0.481535389059399 
940	 0.482059759165206 
941	 0.48196889070754 
942	 0.48141548032 
943	 0.481345099440752 
944	 0.481448097716064 
945	 0.481480604411293 
946	 0.481422597825066 
947	 0.481530033193749 
948	 0.48171497605514 
949	 0.482196405844181 
950	 0.482763628268471 
951	 0.482701904027033 
952	 0.483364093292211 
953	 0.483851633585657 
954	 0.483747915471866 
955	 0.484030362828235 
956	 0.484643924133628 
957	 0.484907917349717 
958	 0.484978024517373 
959	 0.486667856664474 
960	 0.486806356559993 
961	 0.486585340095005 
962	 0.487238616062943 
963	 0.487885206463249 
964	 0.488090781681079 
965	 0.488062040522142 
966	 0.488148945083936 
967	 0.488599066153661 
968	 0.488733842079343 
969	 0.488917660383464 
970	 0.489449145857177 
971	 0.489662973418335 
972	 0.489370699852803 
973	 0.489255799856222 
974	 0.489715118312091 
975	 0.489424165400288 
976	 0.489236204630451 
977	 0.489116930936807 
978	 0.488900246754593 
979	 0.489025571108616 
980	 0.489052494350373 
981	 0.48865692963011 
982	 0.487967566723893 
983	 0.488359310755925 
984	 0.488840858351318 
985	 0.48865283743722 
986	 0.487871532782723 
987	 0.489090762844145 
988	 0.489178788413035 
989	 0.488512046245475 
990	 0.488418633664621 
991	 0.48788224377603 
992	 0.487669278430381 
993	 0.487783845922729 
994	 0.487827108034273 
995	 0.48721665764685 
996	 0.487060236660236 
997	 0.486722813901051 
998	 0.485499698560538 
999	 0.48531748843929 
1000	 0.485133344991151 
1001	 0.490863838007485 
1002	 0.490735781078161 
1003	 0.490531243804244 
1004	 0.490300596266803 
1005	 0.489945390241012 
1006	 0.489618906008333 
1007	 0.489185713139798 
1008	 0.489062447694288 
1009	 0.488825600741563 
1010	 0.488633610841265 
1011	 0.488499181169631 
1012	 0.488063297619403 
1013	 0.487672160993395 
1014	 0.487570766597897 
1015	 0.487386621125376 
1016	 0.487325434699177 
1017	 0.487347407305802 
1018	 0.487512300108916 
1019	 0.487441677562252 
1020	 0.487490889394939 
1021	 0.487429284640153 
1022	 0.487121280035543 
1023	 0.487111933930987 
1024	 0.487074910044698 
1025	 0.487008490473699 
1026	 0.487172994081257 
1027	 0.48721144061111 
1028	 0.487162352096254 
1029	 0.487220840678549 
1030	 0.48740563247821 
1031	 0.487499428508785 
1032	 0.487562044277125 
1033	 0.487592951298665 
1034	 0.487716687205501 
1035	 0.487744156026901 
1036	 0.487796630369064 
1037	 0.487895695996624 
1038	 0.488033014432995 
1039	 0.488266953346841 
1040	 0.488267481301815 
1041	 0.488321612202273 
1042	 0.488348562285027 
1043	 0.488046780468999 
1044	 0.487865304451148 
1045	 0.48769436107905 
1046	 0.487549001866504 
1047	 0.487411591309906 
1048	 0.487289980140792 
1049	 0.487088365007018 
1050	 0.486838494915646 
1051	 0.486397090439743 
1052	 0.485953195653064 
1053	 0.485505995160737 
1054	 0.485030633940107 
1055	 0.484684965017423 
1056	 0.484339264898994 
1057	 0.483832077202322 
1058	 0.483219096548301 
1059	 0.482601192872824 
1060	 0.481890532258195 
1061	 0.481124663066368 
1062	 0.480450214933087 
1063	 0.479678229432087 
1064	 0.478681432454424 
1065	 0.477625341711345 
1066	 0.476565454973959 
1067	 0.475404853761513 
1068	 0.474248250773699 
1069	 0.473025982975926 
1070	 0.471643322064653 
1071	 0.470051836626318 
1072	 0.468551524968331 
1073	 0.466903522807482 
1074	 0.465398186657628 
1075	 0.464069262842507 
1076	 0.462538203407981 
1077	 0.461026609509311 
1078	 0.45948955248778 
1079	 0.457764793895065 
1080	 0.456246214202969 
1081	 0.454859071133559 
1082	 0.453702891749398 
1083	 0.452643422898792 
1084	 0.451777702000779 
1085	 0.450848617017625 
1086	 0.449912068389929 
1087	 0.449167001473134 
1088	 0.44834707986473 
1089	 0.447971601263634 
1090	 0.448019006407817 
1091	 0.447902959351094 
1092	 0.4479062418779 
1093	 0.448045139301403 
1094	 0.448227428174165 
1095	 0.448710073630252 
1096	 0.449262301767444 
1097	 0.450183487894255 
1098	 0.450910091866589 
1099	 0.451631949080374 
1100	 0.452368258722324 
1101	 0.453110731187606 
1102	 0.453956014574856 
1103	 0.454894308584277 
1104	 0.455826448376 
1105	 0.4569641034579 
1106	 0.457972216061795 
1107	 0.458991044327209 
1108	 0.459929532023312 
1109	 0.460783323264847 
1110	 0.461634101893347 
1111	 0.462375307019065 
1112	 0.462907537965112 
1113	 0.463619393623292 
1114	 0.464158900652867 
1115	 0.465139164373354 
1116	 0.466671986542951 
1117	 0.467858579321468 
1118	 0.469192823326348 
1119	 0.47048501563477 
1120	 0.471506335218359 
1121	 0.472562929783523 
1122	 0.473445500081577 
1123	 0.474650246566124 
1124	 0.475923886766105 
1125	 0.477063892282527 
1126	 0.478344308927488 
1127	 0.480007160775554 
1128	 0.48116957519571 
1129	 0.48183328646895 
1130	 0.48266918135663 
1131	 0.483333847427814 
1132	 0.484018727560181 
1133	 0.484830798470138 
1134	 0.485263115605217 
1135	 0.485332802596582 
1136	 0.485634685600775 
1137	 0.485745034377276 
1138	 0.486016104114924 
1139	 0.486408669276737 
1140	 0.487076661150535 
1141	 0.487454349631302 
1142	 0.487980909134851 
1143	 0.487914994844294 
1144	 0.487281740175784 
1145	 0.487334693398971 
1146	 0.487310045048421 
1147	 0.487395302109856 
1148	 0.488053560212526 
1149	 0.488261290250313 
1150	 0.488094950227483 
1151	 0.488140907376057 
1152	 0.4883520699598 
1153	 0.488336872076306 
1154	 0.488189127478356 
1155	 0.488050473691136 
1156	 0.48792820579776 
1157	 0.487986352565948 
1158	 0.488122020986135 
1159	 0.48859434036644 
1160	 0.488592239410563 
1161	 0.488382302034169 
1162	 0.488360840786549 
1163	 0.488317458745566 
1164	 0.488174540212931 
1165	 0.488033625149883 
1166	 0.487926454406329 
1167	 0.487644112213059 
1168	 0.487489997162268 
1169	 0.487532396434802 
1170	 0.487478106923679 
1171	 0.487385672180417 
1172	 0.487262122617122 
1173	 0.487212047752216 
1174	 0.487101921657331 
1175	 0.486884186758772 
1176	 0.486535722664653 
1177	 0.486385487068622 
1178	 0.486222041475137 
1179	 0.486119626502389 
1180	 0.486204266971481 
1181	 0.486089036011053 
1182	 0.485785568716062 
1183	 0.485630081978502 
1184	 0.485591265728714 
1185	 0.485461602617477 
1186	 0.48524431736672 
1187	 0.48514945101899 
1188	 0.485206577148026 
1189	 0.484929046539068 
1190	 0.484801566578733 
1191	 0.485095706882813 
1192	 0.485032789701917 
1193	 0.485007507179472 
1194	 0.48506803878048 
1195	 0.485136008380076 
1196	 0.485162290577756 
1197	 0.485307088595156 
1198	 0.485299148232529 
1199	 0.485121784313899 
1200	 0.485167410706914 
1201	 0.485291580484764 
1202	 0.485353770051305 
1203	 0.485501657546063 
1204	 0.485584290608141 
1205	 0.485524361574723 
1206	 0.485631345911162 
1207	 0.485722007027804 
1208	 0.485865722098777 
1209	 0.486097095986516 
1210	 0.486130507205247 
1211	 0.486250888402256 
1212	 0.486421284492937 
1213	 0.486330569531087 
1214	 0.486417152010575 
1215	 0.486529090638401 
1216	 0.486606644023931 
1217	 0.486743525932173 
1218	 0.487054352156708 
1219	 0.487208820876011 
1220	 0.487400103535444 
1221	 0.487430107092119 
1222	 0.487217440676717 
1223	 0.487186596436573 
1224	 0.48714675326286 
1225	 0.487023019551894 
1226	 0.487194371957773 
1227	 0.487501706901424 
1228	 0.487503685433807 
1229	 0.48765642390612 
1230	 0.487756885450016 
1231	 0.487608778443598 
1232	 0.487631420891099 
1233	 0.487559774678707 
1234	 0.487315409200872 
1235	 0.487229626310984 
1236	 0.487241865125468 
1237	 0.48741945946274 
1238	 0.487408543643159 
1239	 0.487426541286439 
1240	 0.487351139759522 
1241	 0.487040651252933 
1242	 0.486903915972403 
1243	 0.486798892072881 
1244	 0.486888895299655 
1245	 0.486887623787246 
1246	 0.486735387754859 
1247	 0.486729608293998 
1248	 0.486627088911404 
1249	 0.486532836998216 
1250	 0.486626924258546 
1251	 0.486534233915353 
1252	 0.486456855039729 
1253	 0.486572083272106 
1254	 0.486487006941867 
1255	 0.486475884199739 
1256	 0.486514985848858 
1257	 0.486455893940402 
1258	 0.486288055757211 
1259	 0.486281947087592 
1260	 0.486350537499175 
1261	 0.486342989174542 
1262	 0.486420814107232 
1263	 0.486342948207025 
1264	 0.486175174427853 
1265	 0.485965593531882 
1266	 0.485899587278175 
1267	 0.486025717031925 
1268	 0.485952814920121 
1269	 0.485749939621315 
1270	 0.485592937051671 
1271	 0.485267679725577 
1272	 0.485024789011965 
1273	 0.485162708010719 
1274	 0.485149620996863 
1275	 0.484910250395836 
1276	 0.484796401566656 
1277	 0.484494922124399 
1278	 0.484168487196557 
1279	 0.484143827461125 
1280	 0.483973267871675 
1281	 0.483764868219972 
1282	 0.483515775140931 
1283	 0.483225961466556 
1284	 0.48286329551639 
1285	 0.482560826637895 
1286	 0.482404696032888 
1287	 0.48233921475371 
1288	 0.482249851705122 
1289	 0.482001214974224 
1290	 0.481779460113535 
1291	 0.481605007440182 
1292	 0.481449101084802 
1293	 0.481434360471984 
1294	 0.481332150904875 
1295	 0.481042939318598 
1296	 0.480739648021419 
1297	 0.480635266415546 
1298	 0.480642251461524 
1299	 0.48055388982202 
1300	 0.480557157333234 
1301	 0.480330048822086 
1302	 0.479848324550166 
1303	 0.479678122690089 
1304	 0.479791544367658 
1305	 0.479671273233325 
1306	 0.479528451088517 
1307	 0.479677754679574 
1308	 0.47940488333943 
1309	 0.478895090806093 
1310	 0.478689381188676 
1311	 0.478437157394571 
1312	 0.478237579902751 
1313	 0.478370208423978 
1314	 0.478383970926952 
1315	 0.478188575172991 
1316	 0.478216964411321 
1317	 0.478147579632428 
1318	 0.477885233680762 
1319	 0.477715487657938 
1320	 0.477453174264379 
1321	 0.47725482607038 
1322	 0.477401417160264 
1323	 0.477439504327879 
1324	 0.477093138452859 
1325	 0.47685476630005 
1326	 0.476590052063884 
1327	 0.476018336367452 
1328	 0.475818264430907 
1329	 0.47586560510138 
1330	 0.475681179536377 
1331	 0.475355452987127 
1332	 0.475173174155903 
1333	 0.474803809097202 
1334	 0.474119899811432 
1335	 0.473791106042883 
1336	 0.473823336409293 
1337	 0.473922073135609 
1338	 0.473950759610515 
1339	 0.47370964390211 
1340	 0.473245982754588 
1341	 0.472641911680498 
1342	 0.47220426738469 
1343	 0.472002179965377 
1344	 0.471832251755395 
1345	 0.47179851638477 
1346	 0.472082431457873 
1347	 0.472198913749411 
1348	 0.471447923687543 
1349	 0.470493048038194 
1350	 0.469920394137457 
1351	 0.469222551733461 
1352	 0.468645973723186 
1353	 0.468304048488236 
1354	 0.46719658551434 
1355	 0.466291622786888 
1356	 0.466232349038864 
1357	 0.465606476306273 
1358	 0.46559307425572 
1359	 0.465600340146343 
1360	 0.463687402372433 
1361	 0.458197363265863 
1362	 0.461577420147617 
1363	 0.467026165367215 
1364	 0.456059057851374 
1365	 0.450847619681827 
1366	 0.439318830013684 
1367	 0.408715127641817 
1368	 0.416936933830687 
1369	 0.421079765799471 
1370	 0.42755583662832 
1371	 0.455704713976609 
1372	 0.429658510518022 
1373	 0.426522479710628 
1374	 0.451585673601411 
1375	 0.46384486057473 
1376	 0.432920403578493 
1377	 0.42874691823184 
1378	 0.483379817974431 
1379	 0.466209972801289 
1380	 0.367450263580573 
1381	 0.310109873119656 
1382	 0.322978402330972 
1383	 0.309172168920404 
1384	 0.362956272515913 
1385	 0.448166240720713 
1386	 0.410561057169575 
1387	 0.380373647389236 
1388	 0.43226123130986 
1389	 0.449570440817508 
1390	 0.46426781674196 
1391	 0.453038424191037 
1392	 0.456951778228727 
1393	 0.42234608603549 
1394	 0.398053696689931 
1395	 0.409459250594812 
1396	 0.413604081621503 
1397	 0.4223673355054 
1398	 0.427812424951316 
1399	 0.437513215414894 
1400	 0.443917267913932 
1401	 0.430479263818101 
1402	 0.431825195803487 
1403	 0.439031281179287 
1404	 0.443674662069916 
1405	 0.457637281911211 
1406	 0.46187091344841 
1407	 0.452996587221395 
1408	 0.447616321747039 
1409	 0.44456980564349 
1410	 0.443293936879091 
1411	 0.448054134299337 
1412	 0.449375519632111 
1413	 0.448236519667383 
1414	 0.45131511575833 
1415	 0.453011882517821 
1416	 0.454673367864951 
1417	 0.456331654426343 
1418	 0.454713033887434 
1419	 0.454187677116127 
1420	 0.453951899714819 
1421	 0.452931281551198 
1422	 0.454256528152715 
1423	 0.456282288115351 
1424	 0.457304235671755 
1425	 0.457641918017349 
1426	 0.457685635868009 
1427	 0.457267670334436 
1428	 0.456223512866117 
1429	 0.456136632416785 
1430	 0.457667659997287 
1431	 0.457575192214644 
1432	 0.456757795064545 
1433	 0.456908035653837 
1434	 0.455480411864691 
1435	 0.454981848551505 
1436	 0.456112999148021 
1437	 0.456059030511985 
1438	 0.456585689208315 
1439	 0.457705684897883 
1440	 0.458100623645472 
1441	 0.45835319844817 
1442	 0.458360474787709 
1443	 0.458196832439238 
1444	 0.45829899089649 
1445	 0.458551011230096 
1446	 0.458000907012115 
1447	 0.457188911024989 
1448	 0.457377355358355 
1449	 0.457422542532094 
1450	 0.457521453301436 
1451	 0.458030300536958 
1452	 0.458042464327978 
1453	 0.457964874266516 
1454	 0.45813292668368 
1455	 0.45865521895547 
1456	 0.458922685992381 
1457	 0.458583607188879 
1458	 0.458465679709968 
1459	 0.458276182380231 
1460	 0.457983982790601 
1461	 0.458244384841058 
1462	 0.458606366745982 
1463	 0.458445300663784 
1464	 0.458060227826569 
1465	 0.457932329860387 
1466	 0.457759493752096 
1467	 0.457711508076042 
1468	 0.457981086214067 
1469	 0.458152002257083 
1470	 0.458170030883053 
1471	 0.457979688530645 
1472	 0.457697364223065 
1473	 0.45784154924891 
1474	 0.45795991283398 
1475	 0.457718607403222 
1476	 0.457742304902846 
1477	 0.4574165582299 
1478	 0.456886764850689 
1479	 0.457060375089459 
1480	 0.457446763020138 
1481	 0.457851047661564 
1482	 0.458059699068634 
1483	 0.457688554456847 
1484	 0.45729062009797 
1485	 0.457181633142927 
1486	 0.457183564068997 
1487	 0.457329264755098 
1488	 0.457481777392381 
1489	 0.457267923581144 
1490	 0.456891191877729 
1491	 0.456892092285006 
1492	 0.456958143509056 
1493	 0.456849331885697 
1494	 0.456921044445959 
1495	 0.457151296587334 
1496	 0.457144365068059 
1497	 0.45697139771776 
1498	 0.457146167778687 
1499	 0.457014032105864 
1500	 0.456565806714763 
1501	 0.456826987369485 
1502	 0.456964385523291 
1503	 0.45654329999221 
1504	 0.456563427564176 
1505	 0.456594664149576 
1506	 0.456241487672943 
1507	 0.456141445510993 
1508	 0.456100905041006 
1509	 0.455920789631308 
1510	 0.455998690950067 
1511	 0.456135610682333 
1512	 0.456043518126402 
1513	 0.456032779306958 
1514	 0.455944567251648 
1515	 0.45572670616492 
1516	 0.455633190980398 
1517	 0.455383724195941 
1518	 0.455089710461104 
1519	 0.455059756788106 
1520	 0.455138308280776 
1521	 0.454999192513973 
1522	 0.454696332188455 
1523	 0.454433354750107 
1524	 0.45433285083689 
1525	 0.454489930675786 
1526	 0.454569310116505 
1527	 0.454407655765042 
1528	 0.45423922052344 
1529	 0.454083773240277 
1530	 0.453943693574338 
1531	 0.453800650059969 
1532	 0.453717688965198 
1533	 0.453578801091106 
1534	 0.453426938489958 
1535	 0.453249207155673 
1536	 0.453106804947312 
1537	 0.452945429693044 
1538	 0.452669725314363 
1539	 0.452449250204672 
1540	 0.452460774975645 
1541	 0.452341579567952 
1542	 0.452269548791632 
1543	 0.452260426016834 
1544	 0.452082181334364 
1545	 0.451931680780996 
1546	 0.451749857334185 
1547	 0.451425097392432 
1548	 0.451251735500385 
1549	 0.45123314764911 
1550	 0.451174253733865 
1551	 0.451073395487543 
1552	 0.450904651055618 
1553	 0.450723309910159 
1554	 0.450430147763288 
1555	 0.45021593548001 
1556	 0.450158649343359 
1557	 0.449924617280318 
1558	 0.449799345985575 
1559	 0.449771844203833 
1560	 0.449535142782169 
1561	 0.449374485219831 
1562	 0.449367928345932 
1563	 0.449232933502516 
1564	 0.448958985451011 
1565	 0.448792509348797 
1566	 0.448673727090313 
1567	 0.448516669359865 
1568	 0.448365873642673 
1569	 0.448153074324419 
1570	 0.447751407254658 
1571	 0.447311099678357 
1572	 0.447215974360216 
1573	 0.447155881949539 
1574	 0.447006854163144 
1575	 0.446912608006607 
1576	 0.446533898516792 
1577	 0.446156766845368 
1578	 0.446064991750074 
1579	 0.446050455819045 
1580	 0.446114440252304 
1581	 0.445972291644533 
1582	 0.445484067673774 
1583	 0.445057790897318 
1584	 0.444864769408218 
1585	 0.44475887455345 
1586	 0.444560303860153 
1587	 0.444342945176088 
1588	 0.444199005686535 
1589	 0.443873562577468 
1590	 0.443523867854979 
1591	 0.443490920029533 
1592	 0.443387466533554 
1593	 0.443023036312757 
1594	 0.442850480062184 
1595	 0.442789565896868 
1596	 0.442625242155339 
1597	 0.442628076582034 
1598	 0.442593383015794 
1599	 0.442222066406837 
1600	 0.441742346448588 
1601	 0.441464521628404 
1602	 0.441475194059193 
1603	 0.441457105584522 
1604	 0.441373129960608 
1605	 0.441221504600162 
1606	 0.440835922086324 
1607	 0.440538772365094 
1608	 0.440281539557916 
1609	 0.439957536241428 
1610	 0.439824433803924 
1611	 0.439589586969704 
1612	 0.43925253808146 
1613	 0.439074119769747 
1614	 0.438826135477255 
1615	 0.438481134636521 
1616	 0.438143815034604 
1617	 0.437939890443756 
1618	 0.437776222901456 
1619	 0.437512919637749 
1620	 0.437270651189623 
1621	 0.436862965894624 
1622	 0.436505781870207 
1623	 0.436268463377478 
1624	 0.435880629658092 
1625	 0.435622194035075 
1626	 0.435283806319642 
1627	 0.434787856492868 
1628	 0.434610561164024 
1629	 0.434582001426285 
1630	 0.434437415058237 
1631	 0.43421684677516 
1632	 0.434050931021788 
1633	 0.433792166740093 
1634	 0.433514619708487 
1635	 0.433440937007349 
1636	 0.433097633520145 
1637	 0.432613920999913 
1638	 0.432203205663771 
1639	 0.431775252151609 
1640	 0.431563374772272 
1641	 0.431369458021405 
1642	 0.430976661378766 
1643	 0.430324672585451 
1644	 0.42982609054301 
1645	 0.429505964881651 
1646	 0.428963280075765 
1647	 0.428595665764478 
1648	 0.428309518720043 
1649	 0.427634806284357 
1650	 0.427122373996246 
1651	 0.42678160179764 
1652	 0.426011812404593 
1653	 0.425282593737449 
1654	 0.424507029175246 
1655	 0.423627668002972 
1656	 0.423153234445797 
1657	 0.422442687767587 
1658	 0.42157504644822 
1659	 0.420897451800556 
1660	 0.419737268963759 
1661	 0.418611646793203 
1662	 0.417752505424538 
1663	 0.416713534353157 
1664	 0.415896663948707 
1665	 0.415136360168949 
1666	 0.414160344720121 
1667	 0.413221699626899 
1668	 0.412071619679713 
1669	 0.410914961292011 
1670	 0.410069072186174 
1671	 0.409120713161411 
1672	 0.408143759728222 
1673	 0.407166053191351 
1674	 0.406064847049285 
1675	 0.405152420679406 
1676	 0.404513601939709 
1677	 0.403676807173371 
1678	 0.402449458813172 
1679	 0.401381016273516 
1680	 0.400439923019877 
1681	 0.399700331402341 
1682	 0.399399860159044 
1683	 0.39893106362717 
1684	 0.39823432246782 
1685	 0.397564150898886 
1686	 0.396708642921591 
1687	 0.395898880606607 
1688	 0.395178293138146 
1689	 0.39446941414596 
1690	 0.393893375107084 
1691	 0.393282712894254 
1692	 0.392784396633814 
1693	 0.392386460476601 
1694	 0.392030131784481 
1695	 0.391672204679683 
1696	 0.391025358256033 
1697	 0.39030855280775 
1698	 0.389743983894151 
1699	 0.389369424126148 
1700	 0.38926555154269 
1701	 0.389002420152416 
1702	 0.388315092872302 
1703	 0.388010359101372 
1704	 0.387782368933217 
1705	 0.387545734115734 
1706	 0.387588870002847 
1707	 0.387505644194599 
1708	 0.38740197215421 
1709	 0.387278687194068 
1710	 0.387003014197173 
1711	 0.386922864245562 
1712	 0.386946371729508 
1713	 0.386779136541665 
1714	 0.386683374140072 
1715	 0.386700194358297 
1716	 0.38659804521584 
1717	 0.38659139067043 
1718	 0.386797940294666 
1719	 0.386855047093157 
1720	 0.38688685837118 
1721	 0.386782969532841 
1722	 0.386555906625749 
1723	 0.386496376635275 
1724	 0.386215718124611 
1725	 0.386217825699773 
1726	 0.386721428491632 
1727	 0.386814594255332 
1728	 0.386776393932425 
1729	 0.386867000120276 
1730	 0.386785312549739 
1731	 0.386746776039319 
1732	 0.386845761600466 
1733	 0.386860541078026 
1734	 0.386740187202935 
1735	 0.386826631989969 
1736	 0.387044535271763 
1737	 0.387307724707939 
1738	 0.387769057827143 
1739	 0.387834248715019 
1740	 0.387695087980288 
1741	 0.387653069383458 
1742	 0.387402462787798 
1743	 0.387360610801098 
1744	 0.387639226244166 
1745	 0.387637756912178 
1746	 0.387373162985669 
1747	 0.387384735093609 
1748	 0.387394926619063 
1749	 0.387601214539283 
1750	 0.388097087298743 
1751	 0.388411831520994 
1752	 0.388689644400486 
1753	 0.38855105220469 
1754	 0.388339530668384 
1755	 0.388421843731792 
1756	 0.388253934113599 
1757	 0.388282443400566 
1758	 0.388790944897351 
1759	 0.389014913337519 
1760	 0.389413195684512 
1761	 0.390150747186393 
1762	 0.390527652588703 
1763	 0.390875984498611 
1764	 0.391217775176948 
1765	 0.391034740136552 
1766	 0.390801710769698 
1767	 0.391009552756227 
1768	 0.391043006999583 
1769	 0.391142951246002 
1770	 0.391953412008557 
1771	 0.392360137829121 
1772	 0.392721055108919 
1773	 0.393390528271961 
1774	 0.393543987767392 
1775	 0.393057803120473 
1776	 0.393048586552628 
1777	 0.392900750849363 
1778	 0.392902189762682 
1779	 0.393469866273391 
1780	 0.39367568246281 
1781	 0.393798275081808 
1782	 0.393741736767497 
1783	 0.393300543961332 
1784	 0.39321304498624 
1785	 0.392998107704858 
1786	 0.393091575796679 
1787	 0.393828809383353 
1788	 0.3938836786554 
1789	 0.39395855129163 
1790	 0.393376231396074 
1791	 0.391422104631366 
1792	 0.39102107632893 
1793	 0.390862123102681 
1794	 0.391073955602795 
1795	 0.393489127978603 
1796	 0.39374038407382 
1797	 0.392561133179403 
1798	 0.392071178104497 
1799	 0.390268604434385 
1800	 0.389727631445106 
1801	 0.390732322914085 
1802	 0.390412258132628 
1803	 0.389801341999655 
1804	 0.389350652406403 
1805	 0.387716347215473 
1806	 0.387855981699138 
1807	 0.389919267924883 
1808	 0.391077071387804 
1809	 0.393517135893611 
1810	 0.395112217607409 
1811	 0.393048375906269 
1812	 0.391846897478143 
1813	 0.391085375271695 
1814	 0.3880753315357 
1815	 0.389095900364504 
1816	 0.395348146522697 
1817	 0.397437633884685 
1818	 0.401999142941904 
1819	 0.404968281454557 
1820	 0.40097209384384 
1821	 0.396402233562923 
1822	 0.386319447495225 
1823	 0.3800746933543 
1824	 0.374391428568314 
1825	 0.367559706828741 
1826	 0.36913079682192 
1827	 0.369524083569408 
1828	 0.364267153602193 
1829	 0.364577967810943 
1830	 0.379287604915653 
1831	 0.449158587281842 
1832	 0.358102667005952 
1833	 0.322600016710778 
1834	 0.343306827760234 
1835	 0.351887504164977 
1836	 0.56475051227502 
1837	 0.63762786123268 
1838	 0.712983280037402 
1839	 0.321654768814043 
1840	-0.126255724322816 
1841	-0.426360991197675 
1842	-0.651629140099854 
1843	 1.07868452036814E-03 
1844	-1.51504452932207E-02 
1845	-2.12917498021994 
1846	 14.7578743110758 
1847	-1.82451703257672 
1848	-5.13668970045213 
1849	-3.79790284605832 
1850	-0.293897168496155 
1851	-3.77656727263677E-02 
1852	 0.194026190064398 
1853	 0.679668574206471 
1854	 5.17969618436338 
1855	 4.97371377924781 
1856	 0.682233202774333 
1857	 0.734405990382773 
1858	 1.64212385789746 
1859	 4.04520490791967 
1860	 2.49129620498464 
1861	 2.9823534319561 
1862	 0.651800280058513 
1863	 0.303315584383624 
1864	 0.284059701144046 
1865	 0.325551312134171 
1866	 0.481879078069497 
1867	 1.01330351208377 
1868	 0.842184349096457 
1869	 0.832994246035755 
1870	 1.31690165615219 
1871	 1.41360140341896 
1872	 2.33523809088771 
1873	 1.39461408653139 
1874	 4.34862977081799E-02 
1875	-2.45962364398914E-02 
1876	 0.3179595074603 
1877	 0.325072999580879 
1878	 0.397399297587584 
1879	 0.5044166921659 
1880	 0.422936545526743 
1881	 0.125455637280401 
1882	 0.210842086750302 
1883	 0.497057802145929 
1884	 0.474226556340897 
1885	 0.507742056594586 
1886	 0.380774699303775 
1887	 6.10324242069213E-02 
1888	 0.112504268041541 
1889	 0.22833326323965 
1890	 0.182837370875085 
1891	 0.237288578472513 
1892	 0.402035771849345 
1893	 0.407515163969811 
1894	 0.385872643584308 
1895	 0.372462970697862 
1896	 0.239263315539731 
1897	-4.32651960521288E-02 
1898	 5.10929054280515E-02 
1899	 0.372689109291674 
1900	 0.357526576715739 
1901	 0.465361532582809 
1902	 0.620175228024884 
1903	 0.4702228431112 
1904	 0.267259832152012 
1905	 0.151653624457891 
1906	 0.294775721405093 
1907	 6.89718794404111E-02 
1908	-0.165209335023657 
1909	-3.49476445116202E-02 
1910	 7.28864818850126E-02 
1911	 6.99464717007513E-02 
1912	 0.14879454412381 
1913	 0.202961980074129 
1914	 0.216424004132865 
1915	 0.238348456404793 
1916	 0.259304908222159 
1917	 0.319691774680267 
1918	 0.361826240972862 
1919	 0.336996378929242 
1920	 0.304915995857547 
1921	 0.299238130505935 
1922	 0.291504186810563 
1923	 0.296920427553613 
1924	 0.303411621667892 
1925	 0.32472716164606 
1926	 0.336338719817613 
1927	 0.334487068381737 
1928	 0.308750886722007 
1929	 0.302869081312659 
1930	 0.313732233890993 
1931	 0.317664693825415 
1932	 0.330965495981645 
1933	 0.348017666680408 
1934	 0.356821811346625 
1935	 0.359975393854677 
1936	 0.357539977143705 
1937	 0.361475070614749 
1938	 0.360957535854145 
1939	 0.35629872276185 
1940	 0.360032820530472 
1941	 0.355921993399716 
1942	 0.351502852471359 
1943	 0.356836301124609 
1944	 0.351935565465245 
1945	 0.346868673756483 
1946	 0.349055958433256 
1947	 0.357507720826717 
1948	 0.357273550218239 
1949	 0.358010788926382 
1950	 0.36561591878659 
1951	 0.370039033236276 
1952	 0.369961468234351 
1953	 0.367666329420901 
1954	 0.365991334402946 
1955	 0.363091486312355 
1956	 0.361481517296214 
1957	 0.363732520818379 
1958	 0.364867105544352 
1959	 0.366490961743084 
1960	 0.367659276915758 
1961	 0.367658641711312 
1962	 0.366045490052213 
1963	 0.366650203107238 
1964	 0.367051293759203 
1965	 0.366018328441031 
1966	 0.366428230906753 
1967	 0.366492244137881 
1968	 0.364878955174206 
1969	 0.364562318838523 
1970	 0.364887944827522 
1971	 0.365778161327195 
1972	 0.36532110579706 
1973	 0.36527151548801 
1974	 0.366096226370807 
1975	 0.366167900295899 
1976	 0.365607424352033 
1977	 0.366163820001448 
1978	 0.367145028533472 
1979	 0.366337822572128 
1980	 0.365602888198729 
1981	 0.365740692823087 
1982	 0.365681418622511 
1983	 0.364824227445256 
1984	 0.364969008924689 
1985	 0.365848124782406 
1986	 0.365731041222135 
1987	 0.364956129273385 
1988	 0.364942837160574 
1989	 0.365318746159756 
1990	 0.365186976477891 
1991	 0.365695505451394 
1992	 0.366021102414087 
1993	 0.365952475739117 
1994	 0.365346790840321 
1995	 0.365391215677843 
1996	 0.365475793127292 
1997	 0.365347517760367 
1998	 0.366388702691372 
1999	 0.366762234331408 
2000	 0.366279805198121 
2001	 0.366214046017894 
2002	 0.365779584212141 
2003	 0.366019896491673 
2004	 0.366627692708769 
2005	 0.366848777664582 
2006	 0.367569149333339 
2007	 0.368193659406111 
2008	 0.368789001082709 
2009	 0.369941948896901 
2010	 0.371234593642262 
2011	 0.371068074971406 
2012	 0.370203511884202 
2013	 0.369242201356207 
2014	 0.368494037205961 
2015	 0.370308921145719 
2016	 0.371589586272692 
2017	 0.370682007448571 
2018	 0.370466334726273 
2019	 0.370213793901208 
2020	 0.36850973980576 
2021	 0.367771073252007 
2022	 0.36821855369366 
2023	 0.368057930211217 
2024	 0.366639254333631 
2025	 0.365285338885288 
2026	 0.364977761299924 
2027	 0.365171495930124 
2028	 0.364612247676253 
2029	 0.364706515288417 
2030	 0.365039654696226 
2031	 0.364340932182734 
2032	 0.364164594209808 
2033	 0.365037804803904 
2034	 0.364718868098822 
2035	 0.363602542625075 
2036	 0.362984848920218 
2037	 0.362682532197472 
2038	 0.362020088130049 
2039	 0.361971057486385 
2040	 0.36267451605385 
2041	 0.362737666713005 
2042	 0.362807219239325 
2043	 0.363112456904184 
2044	 0.36248664627027 
2045	 0.362219054872322 
2046	 0.361939798677148 
2047	 0.361902878954784 
2048	 0.362144371185608 
2049	 0.362271540617166 
2050	 0.362801838684322 
2051	 0.362308253823022 
2052	 0.361517705884243 
2053	 0.361764924203899 
2054	 0.361783464496836 
2055	 0.361956955178919 
2056	 0.362868377140393 
2057	 0.362878676290621 
2058	 0.36210403032934 
2059	 0.362495875838058 
2060	 0.362625205408583 
2061	 0.362380323747735 
2062	 0.362161565459324 
2063	 0.362545490215256 
2064	 0.362219905419646 
2065	 0.361063846625689 
2066	 0.36087112175615 
2067	 0.36079399918381 
2068	 0.35975351984997 
2069	 0.35929880900949 
2070	 0.360002850517011 
2071	 0.360127653669165 
2072	 0.359711127974541 
2073	 0.359561859948222 
2074	 0.358839640264126 
2075	 0.357958007495277 
2076	 0.356379263364871 
2077	 0.356245162337499 
2078	 0.356819995679405 
2079	 0.356589118321186 
2080	 0.356656443600658 
2081	 0.357007239445633 
2082	 0.356556384358862 
2083	 0.355387418300625 
2084	 0.35470264763851 
2085	 0.354750005766768 
2086	 0.354348064569798 
2087	 0.354389471130357 
2088	 0.354791317673072 
2089	 0.354121939519855 
2090	 0.353668299673123 
2091	 0.352733934733605 
2092	 0.352571870821615 
2093	 0.353148228830546 
2094	 0.352769929717249 
2095	 0.351919810454001 
2096	 0.351197806703312 
2097	 0.349714798852261 
2098	 0.349349679286955 
2099	 0.348945647766299 
2100	 0.348669943643185 
2101	 0.348578651106041 
2102	 0.347954901290477 
2103	 0.347724216527593 
2104	 0.347821048765599 
2105	 0.347654588338604 
2106	 0.347755494012823 
2107	 0.347503199260603 
2108	 0.347152622678486 
2109	 0.346626287563325 
2110	 0.345509495449462 
2111	 0.345018345301574 
2112	 0.345020667799573 
2113	 0.344336589760584 
2114	 0.343458159316298 
2115	 0.342930564485135 
2116	 0.34225235387296 
2117	 0.341797139510536 
2118	 0.341570412884553 
2119	 0.34136604188324 
2120	 0.34040576308403 
2121	 0.339732243803506 
2122	 0.339969596879671 
2123	 0.339358952345569 
2124	 0.338931411292544 
2125	 0.338529324610658 
2126	 0.338060668803489 
2127	 0.33752240280029 
2128	 0.337022037423287 
2129	 0.336394721871985 
2130	 0.335870581929301 
2131	 0.335549182449166 
2132	 0.335059040772515 
2133	 0.334579276752382 
2134	 0.333756471895947 
2135	 0.33369717989213 
2136	 0.33312628440628 
2137	 0.332474106918132 
2138	 0.332824426609672 
2139	 0.332386511871253 
2140	 0.331368484328184 
2141	 0.331848787238503 
2142	 0.332462811822747 
2143	 0.331974840052727 
2144	 0.330821639485816 
2145	 0.330574600565235 
2146	 0.329671055143004 
2147	 0.32932551238023 
2148	 0.33021585121647 
2149	 0.330551623632299 
2150	 0.330573944569642 
2151	 0.330387331069612 
2152	 0.329873363655428 
2153	 0.330066846749192 
2154	 0.330162921466457 
2155	 0.330165493859674 
2156	 0.329937405609602 
2157	 0.329419474784223 
2158	 0.329642710549846 
2159	 0.329300812816156 
2160	 0.328821414136261 
2161	 0.329146122763467 
2162	 0.329048573103496 
2163	 0.328398996557012 
2164	 0.328099110687106 
2165	 0.328442751799166 
2166	 0.328700379619175 
2167	 0.328864824471307 
2168	 0.328694598573798 
2169	 0.328661049697785 
2170	 0.32834052738364 
2171	 0.326939382257272 
2172	 0.326527854065759 
2173	 0.326698179621769 
2174	 0.327133779633062 
2175	 0.327456822373188 
2176	 0.327787255608388 
2177	 0.327957067826861 
2178	 0.327630779261985 
2179	 0.326665638714173 
2180	 0.326189435745617 
2181	 0.3256367074591 
2182	 0.325529039241355 
2183	 0.32594770132147 
2184	 0.325789062200533 
2185	 0.325097163536614 
2186	 0.323327104662495 
2187	 0.322599113545636 
2188	 0.322266874457719 
2189	 0.321672248470651 
2190	 0.321378771455853 
2191	 0.321071197956494 
2192	 0.320638209921789 
2193	 0.319697663866552 
2194	 0.318476730399021 
2195	 0.318103975854128 
2196	 0.318029960910386 
2197	 0.316855087008161 
2198	 0.316448049994677 
2199	 0.316783246101274 
2200	 0.31632947924629 
2201	 0.314943056044631 
2202	 0.314425653170357 
2203	 0.314503133543967 
2204	 0.313092783838592 
2205	 0.311617343213457 
2206	 0.310931951409957 
2207	 0.309686357298459 
2208	 0.308103756418205 
2209	 0.307900268260025 
2210	 0.307579769226479 
2211	 0.307436571072095 
2212	 0.305801999999136 
2213	 0.304177302595372 
2214	 0.302454900920588 
2215	 0.298505579254434 
2216	 0.29685278881523 
2217	 0.297305476722629 
2218	 0.296650532098854 
2219	 0.296698955098147 
2220	 0.295448720079039 
2221	 0.293464794127031 
2222	 0.290513852612523 
2223	 0.2887865827309 
2224	 0.287106476318234 
2225	 0.284940627264777 
2226	 0.283710208841599 
2227	 0.281642059682441 
2228	 0.279572057557357 
2229	 0.278528793471696 
2230	 0.27672199619515 
2231	 0.274498770716678 
2232	 0.272249869928524 
2233	 0.270215014579758 
2234	 0.268579130130937 
2235	 0.26645919794714 
2236	 0.264339594915068 
2237	 0.262266948263687 
2238	 0.260581032479009 
2239	 0.258092515083885 
2240	 0.254454161029613 
2241	 0.252772009170727 
2242	 0.252237152015873 
2243	 0.250209798175524 
2244	 0.248557428162965 
2245	 0.246842541889753 
2246	 0.243368809074584 
2247	 0.241099424468983 
2248	 0.240877938101307 
2249	 0.239880447701304 
2250	 0.238434436661781 
2251	 0.236455113570836 
2252	 0.235989098624454 
2253	 0.234048482490725 
2254	 0.231718449001564 
2255	 0.231589327617798 
2256	 0.232044804518187 
2257	 0.230308642951247 
2258	 0.228517143924481 
2259	 0.228273977929854 
2260	 0.227778146170384 
2261	 0.226997943029422 
2262	 0.226433111893346 
2263	 0.227654076100369 
2264	 0.228556863192985 
2265	 0.227261445819499 
2266	 0.227717933137852 
2267	 0.229199341389587 
2268	 0.227472861854264 
2269	 0.225825895773788 
2270	 0.226652191418745 
2271	 0.225793504222073 
2272	 0.224619247334191 
2273	 0.224339316214531 
2274	 0.224172861937137 
2275	 0.222559501124753 
2276	 0.221245904110067 
2277	 0.220928495671755 
2278	 0.220309748826096 
2279	 0.218859190638113 
2280	 0.21857491754888 
2281	 0.219376456777812 
2282	 0.218985113747721 
2283	 0.218803827254845 
2284	 0.218016081689813 
2285	 0.215137870923691 
2286	 0.214709400710899 
2287	 0.216364611199169 
2288	 0.215646576155842 
2289	 0.214680807671028 
2290	 0.21633930800432 
2291	 0.217482937426172 
2292	 0.217891106881034 
2293	 0.217482499805507 
2294	 0.216866574871127 
2295	 0.216904958353637 
2296	 0.215910241320411 
2297	 0.21521450873933 
2298	 0.215256660813418 
2299	 0.213111037968709 
2300	 0.211653407068305 
2301	 0.213349782420099 
2302	 0.215810366680515 
2303	 0.217138454698004 
2304	 0.216191004151275 
2305	 0.216660413958881 
2306	 0.21894547000095 
2307	 0.219255878151745 
2308	 0.22013888522006 
2309	 0.222802486460776 
2310	 0.223481539737384 
2311	 0.222939059233103 
2312	 0.225070228925779 
2313	 0.225834566910823 
2314	 0.225780593553419 
2315	 0.228913038355914 
2316	 0.22991789932617 
2317	 0.228567529891623 
2318	 0.227974377406994 
2319	 0.229022628153046 
2320	 0.232734121197666 
2321	 0.233050022415204 
2322	 0.232338362180519 
2323	 0.233015909964558 
2324	 0.23209622975617 
2325	 0.231392670953334 
2326	 0.231895727387641 
2327	 0.233966172316132 
2328	 0.236934218979709 
2329	 0.236363090093194 
2330	 0.235647695465671 
2331	 0.235822247443448 
2332	 0.232043399347722 
2333	 0.231109218869886 
2334	 0.236894534965996 
2335	 0.237126195097264 
2336	 0.230353803517579 
2337	 0.229793817182521 
2338	 0.233731770548375 
2339	 0.232614948483803 
2340	 0.231176358854247 
2341	 0.230335030968867 
2342	 0.228319597156461 
2343	 0.226390528258229 
2344	 0.228378365255476 
2345	 0.231946958258473 
2346	 0.231658442769493 
2347	 0.226489863940447 
2348	 0.224710211029906 
2349	 0.228020558956156 
2350	 0.229529712546524 
2351	 0.229123904673239 
2352	 0.229629143246145 
2353	 0.229043120695803 
2354	 0.227481467978687 
2355	 0.229344468491497 
2356	 0.232458863804676 
2357	 0.23242776918458 
2358	 0.22995941133986 
2359	 0.23153277332179 
2360	 0.232509682984067 
2361	 0.227726213984164 
2362	 0.229286910246562 
2363	 0.231826931139377 
2364	 0.231285049158888 
2365	 0.237768224716767 
2366	 0.241601641551047 
2367	 0.237069952399423 
2368	 0.236095327144137 
2369	 0.234668180203347 
2370	 0.230568574605094 
2371	 0.233407295727585 
2372	 0.236454128991726 
2373	 0.234659304265618 
2374	 0.233226243904892 
2375	 0.233203153016194 
2376	 0.231222961510002 
2377	 0.230081407523174 
2378	 0.23399073695173 
2379	 0.23459277708133 
2380	 0.226115497207566 
2381	 0.217551951981316 
2382	 0.216359717933736 
2383	 0.21544928257296 
2384	 0.219397985208295 
2385	 0.231297617478244 
2386	 0.230411098263015 
2387	 0.221025258735383 
2388	 0.218680512070886 
2389	 0.217328686867725 
2390	 0.21536328975507 
2391	 0.219478161991396 
2392	 0.225654121457037 
2393	 0.223334705253402 
2394	 0.221561273101845 
2395	 0.229643367063815 
2396	 0.237655748900962 
2397	 0.237387389920353 
2398	 0.231363823025358 
2399	 0.229753469022172 
2400	 0.229999781964998 
2401	 0.224987779479426 
2402	 0.228142837171579 
2403	 0.234667845394673 
2404	 0.226496867020803 
2405	 0.224590765028228 
2406	 0.236238650020121 
2407	 0.234048682873216 
2408	 0.226492491487332 
2409	 0.230497433285817 
2410	 0.2303247220796 
2411	 0.22403256645896 
2412	 0.227085817055142 
2413	 0.230355834535539 
2414	 0.229656665946364 
2415	 0.240009850451981 
2416	 0.247866876304791 
2417	 0.236682885387482 
2418	 0.2199885036526 
2419	 0.211948150781268 
2420	 0.213024242169895 
2421	 0.218588009442281 
2422	 0.226724519997817 
2423	 0.230900858586632 
2424	 0.212516208325356 
2425	 0.204335207855756 
2426	 0.226077785405054 
2427	 0.239983158999865 
2428	 0.249549532449012 
2429	 0.239268895222492 
2430	 0.215198097997089 
2431	 0.208651009854671 
2432	 0.201481133215449 
2433	 0.211258459019843 
2434	 0.230052389008818 
2435	 0.221746331928109 
2436	 0.218967646045252 
2437	 0.227124436357944 
2438	 0.227773315128564 
2439	 0.226962722713488 
2440	 0.225629222762118 
2441	 0.227948485899721 
2442	 0.231590957390362 
2443	 0.226160063655923 
2444	 0.223007717247176 
2445	 0.233355337186232 
2446	 0.231577657368595 
2447	 0.220985533009875 
2448	 0.229202453553118 
2449	 0.230005314109461 
2450	 0.211823742130386 
2451	 0.219355381970084 
2452	 0.241711281691249 
2453	 0.239091090932737 
2454	 0.229521550265648 
2455	 0.217819844505245 
2456	 0.212942793700953 
2457	 0.221561698311568 
2458	 0.221976638993841 
2459	 0.229888707011542 
2460	 0.223444970776626 
2461	 0.190894391676688 
2462	 0.207313311048694 
2463	 0.260882704335129 
2464	 0.269643446881203 
2465	 0.244976503841057 
2466	 0.243767155513241 
2467	 0.238141408005013 
2468	 0.235228207210922 
2469	 0.245260775855767 
2470	 0.236911357332678 
2471	 0.238721019554224 
2472	 0.294176524792569 
2473	 0.306883097893668 
2474	 0.287607865205518 
2475	 0.299847352806113 
2476	 0.273825270056834 
2477	 0.257906923272545 
2478	 0.297736805602133 
2479	 0.25619712435304 
2480	 0.226913934241111 
2481	 0.172087723236974 
2482	 0.127713098554754 
2483	 0.201646842447075 
2484	 0.215256435635831 
2485	 0.200191420849139 
2486	 0.256979108760992 
2487	 0.284897544641832 
2488	 0.283010916003795 
2489	 0.238398389602322 
2490	 0.27255127418036 
2491	 0.226134519664862 
2492	 3.15478956065349E-02 
2493	 0.405264130353211 
2494	 0.571379704565285 
2495	 0.337566527027947 
2496	 0.369591660373048 
2497	 0.338878716878627 
2498	 0.118549806559518 
2499	 2.30370659485092E-02 
2500	 0.219618956790044 
