Wavelength	09/27/123 at 12:25:13
350	 6.26200322558313E-02 
351	 6.31011983010597E-02 
352	 6.35440274752496E-02 
353	 6.38728524614639E-02 
354	 6.41979517605761E-02 
355	 6.52282577397804E-02 
356	 6.62986767102658E-02 
357	 6.70696666885963E-02 
358	 6.81999129291288E-02 
359	 6.89970795904362E-02 
360	 6.94442559332503E-02 
361	 6.98810456303044E-02 
362	 7.09573917039869E-02 
363	 7.20198949143211E-02 
364	 0.072757072927569 
365	 0.073841086727089 
366	 7.49268380898821E-02 
367	 7.60770719323399E-02 
368	 7.75102707441079E-02 
369	 7.91161438028938E-02 
370	 8.07557490088358E-02 
371	 8.24279149170995E-02 
372	 8.44401529688769E-02 
373	 8.64848452284565E-02 
374	 8.86176990973735E-02 
375	 9.10539976423059E-02 
376	 9.36063386324161E-02 
377	 9.62747574905123E-02 
378	 9.91024896276373E-02 
379	 0.102112341905862 
380	 0.105606252372986 
381	 0.109550652935467 
382	 0.113765247093834 
383	 0.118536461494189 
384	 0.123516024943473 
385	 0.128442913866989 
386	 0.133540822308918 
387	 0.138706053864419 
388	 0.144096805985389 
389	 0.149995597621701 
390	 0.156429226345425 
391	 0.163158121340202 
392	 0.16998895057079 
393	 0.17698513521014 
394	 0.183810349624849 
395	 0.190444225714193 
396	 0.196926628393374 
397	 0.202992633199606 
398	 0.20855905896207 
399	 0.213699116673951 
400	 0.218738555288914 
401	 0.223512681083986 
402	 0.228197556907478 
403	 0.233027835879966 
404	 0.237632552764711 
405	 0.242114301891175 
406	 0.246425679135985 
407	 0.250198341643845 
408	 0.253744096586561 
409	 0.256984847021825 
410	 0.25974803289351 
411	 0.262226733698477 
412	 0.26442612894139 
413	 0.266402232810681 
414	 0.268318041168623 
415	 0.27009142265415 
416	 0.271752412338792 
417	 0.273364140051454 
418	 0.274985975044116 
419	 0.276647882111834 
420	 0.278401200066156 
421	 0.280376545787816 
422	 0.282272260248694 
423	 0.284134723726729 
424	 0.286099479443984 
425	 0.288030677565412 
426	 0.289864988518581 
427	 0.291630387992977 
428	 0.293480550888285 
429	 0.295442631295338 
430	 0.297503664651309 
431	 0.29964822499733 
432	 0.301962243528676 
433	 0.304360245438379 
434	 0.306821351833112 
435	 0.309439194575918 
436	 0.312262121653618 
437	 0.315120632815409 
438	 0.317832174580107 
439	 0.320591857956853 
440	 0.323306201780103 
441	 0.325876072875461 
442	 0.328211341726216 
443	 0.330368240451624 
444	 0.332335034779768 
445	 0.33412840194539 
446	 0.335966079924793 
447	 0.337675783823687 
448	 0.339156807288877 
449	 0.340451600546276 
450	 0.341698842618623 
451	 0.342844493193259 
452	 0.343818905259673 
453	 0.344819629388553 
454	 0.345785884840352 
455	 0.346664558116945 
456	 0.347434258199838 
457	 0.348146258644345 
458	 0.348820287387938 
459	 0.349468334713137 
460	 0.350079187064487 
461	 0.350673448025097 
462	 0.351236761407521 
463	 0.351685843926929 
464	 0.352157595995348 
465	 0.352607360441653 
466	 0.352984171307845 
467	 0.353433259907326 
468	 0.353783346675459 
469	 0.354009011321515 
470	 0.354229249499274 
471	 0.354453586480489 
472	 0.354604896035982 
473	 0.354641619881838 
474	 0.354728638974981 
475	 0.354785203912355 
476	 0.354786439318478 
477	 0.354750851476672 
478	 0.354670184675377 
479	 0.354582372854674 
480	 0.354502641796769 
481	 0.354325888411052 
482	 0.354153507441885 
483	 0.353966214108888 
484	 0.353666837692186 
485	 0.353364666698628 
486	 0.353094653409863 
487	 0.352846638911337 
488	 0.352555494759427 
489	 0.352200373836036 
490	 0.351787360758031 
491	 0.351340465541707 
492	 0.350894183008965 
493	 0.350386792801963 
494	 0.349804987324864 
495	 0.349204217876135 
496	 0.348579627313075 
497	 0.347881038970166 
498	 0.347057910812741 
499	 0.346268118517917 
500	 0.345410203478781 
501	 0.344441738622713 
502	 0.343459024370234 
503	 0.342378695598499 
504	 0.34121154369111 
505	 0.339995490359963 
506	 0.338734146394389 
507	 0.33735717200756 
508	 0.335858058032536 
509	 0.33436282186754 
510	 0.332775715177496 
511	 0.331096541128017 
512	 0.329337977858775 
513	 0.327502211083181 
514	 0.32558749561192 
515	 0.323569575872912 
516	 0.321411903922151 
517	 0.319206566688011 
518	 0.316997115759292 
519	 0.314796608118136 
520	 0.312502969339261 
521	 0.310220361448488 
522	 0.307933832412472 
523	 0.305562442661346 
524	 0.303125535042956 
525	 0.300583073976153 
526	 0.29794624998719 
527	 0.295416249014692 
528	 0.292928717951844 
529	 0.290461338016622 
530	 0.287953853439654 
531	 0.285343859735436 
532	 0.282681766968627 
533	 0.28005254068587 
534	 0.277472485558041 
535	 0.274866109607159 
536	 0.272212186691564 
537	 0.269513966223596 
538	 0.266779499334824 
539	 0.264024051323498 
540	 0.261254493602728 
541	 0.258444489219324 
542	 0.255668629120411 
543	 0.252922009357185 
544	 0.250133455210824 
545	 0.247337110469218 
546	 0.244505744290832 
547	 0.241647740499546 
548	 0.238825569917555 
549	 0.236094853698019 
550	 0.23342083384867 
551	 0.230728112068094 
552	 0.228056747562381 
553	 0.225399266829191 
554	 0.222767102637453 
555	 0.220182641621098 
556	 0.217598211974721 
557	 0.215050977482246 
558	 0.212603958131202 
559	 0.210208785192532 
560	 0.207877047805175 
561	 0.205640319852981 
562	 0.203521465680022 
563	 0.201397139877375 
564	 0.199328020580261 
565	 0.197381442300161 
566	 0.195502682148462 
567	 0.193765880770425 
568	 0.192135175935091 
569	 0.190502001099195 
570	 0.188959573043544 
571	 0.187530967650502 
572	 0.186194194588832 
573	 0.184839131118758 
574	 0.183572599651557 
575	 0.182394918358841 
576	 0.181286619155294 
577	 0.180299419836299 
578	 0.179338317199816 
579	 0.178383261724733 
580	 0.177542669814296 
581	 0.176675228351645 
582	 0.175816115588075 
583	 0.175035971451518 
584	 0.174268407333414 
585	 0.173507561054689 
586	 0.172761289053525 
587	 0.17204085764664 
588	 0.171320925090625 
589	 0.170603945594402 
590	 0.169907204849465 
591	 0.16912475251959 
592	 0.168361477447228 
593	 0.167635321293268 
594	 0.166941501050819 
595	 0.166285827979266 
596	 0.165615076505939 
597	 0.16490796584607 
598	 0.164242049720577 
599	 0.16356365340584 
600	 0.162847076534916 
601	 0.162094956825464 
602	 0.161382391634927 
603	 0.16067210194695 
604	 0.159959886904679 
605	 0.159307696320009 
606	 0.158688069699652 
607	 0.158113759812495 
608	 0.157589953003963 
609	 0.157081148765921 
610	 0.156594470315213 
611	 0.156141344193023 
612	 0.155723748749924 
613	 0.155309848868912 
614	 0.15494295580709 
615	 0.154641106755378 
616	 0.154312743005924 
617	 0.154009701362994 
618	 0.153718300263482 
619	 0.153389308141173 
620	 0.15314001027432 
621	 0.15292956608244 
622	 0.152713577580514 
623	 0.152489711913658 
624	 0.152312284470143 
625	 0.152149798495428 
626	 0.151947616439822 
627	 0.151716577730543 
628	 0.151503504363552 
629	 0.151321193594615 
630	 0.151133477130747 
631	 0.150975112516002 
632	 0.150782647892896 
633	 0.150527730887681 
634	 0.150376152831571 
635	 0.150252071238777 
636	 0.15013699740607 
637	 0.150046761452838 
638	 0.149884154654369 
639	 0.149776125763637 
640	 0.149790911200702 
641	 0.149809065874595 
642	 0.149859583372145 
643	 0.149896405030238 
644	 0.149887497060543 
645	 0.150019473152786 
646	 0.150151611734978 
647	 0.150250456936474 
648	 0.150436904383845 
649	 0.150661869198814 
650	 0.150871523918572 
651	 0.151049045637962 
652	 0.151291721646835 
653	 0.151552358184606 
654	 0.151800561193752 
655	 0.152038356897926 
656	 0.152476948697847 
657	 0.152878627507141 
658	 0.15311687939188 
659	 0.153393729486277 
660	 0.153635529097405 
661	 0.153895140816972 
662	 0.154223722548972 
663	 0.154441687341667 
664	 0.154602759182692 
665	 0.154718670151177 
666	 0.154747849567113 
667	 0.154796453230536 
668	 0.154809646399902 
669	 0.154741768986344 
670	 0.154666586271549 
671	 0.154583628599972 
672	 0.154445886020245 
673	 0.154205591867905 
674	 0.154045552724387 
675	 0.153823279494849 
676	 0.153499862625894 
677	 0.153235063583136 
678	 0.15295514885261 
679	 0.152654762597454 
680	 0.152337472767691 
681	 0.151959602485128 
682	 0.151592064084919 
683	 0.151247554914095 
684	 0.150893020772377 
685	 0.150488143357838 
686	 0.150135745154522 
687	 0.149866498212306 
688	 0.149486859034005 
689	 0.148997894244968 
690	 0.148394261769507 
691	 0.147714854551024 
692	 0.147038382329784 
693	 0.146429928208685 
694	 0.145871514310107 
695	 0.145270389387914 
696	 0.144651094240689 
697	 0.144013631463207 
698	 0.143352538792483 
699	 0.142683879943997 
700	 0.142054033249685 
701	 0.141454825017174 
702	 0.140852817907403 
703	 0.140238143672411 
704	 0.139689276657826 
705	 0.139210297849096 
706	 0.138734511755263 
707	 0.138326269152561 
708	 0.138001152188067 
709	 0.137738281050196 
710	 0.137424034930658 
711	 0.137198281891496 
712	 0.137107453176544 
713	 0.137137087595505 
714	 0.137169123547432 
715	 0.137211687547008 
716	 0.137300867881658 
717	 0.137488449136893 
718	 0.137824855387319 
719	 0.13825882117366 
720	 0.138696877351935 
721	 0.13914544147884 
722	 0.139559687167226 
723	 0.140022931671559 
724	 0.140617166748336 
725	 0.141299955221429 
726	 0.142008866453345 
727	 0.142750804413871 
728	 0.143582290461981 
729	 0.144485209169893 
730	 0.145476996987341 
731	 0.146562438273141 
732	 0.147720059095746 
733	 0.148891894872863 
734	 0.150103018588313 
735	 0.151421446811441 
736	 0.152948263995005 
737	 0.154594035338423 
738	 0.156329827609793 
739	 0.158224580188986 
740	 0.160284841460143 
741	 0.162522486177406 
742	 0.164943002857338 
743	 0.167532455031493 
744	 0.170402585893532 
745	 0.173556420741646 
746	 0.17691416518919 
747	 0.18051872639262 
748	 0.184388983902032 
749	 0.188577984765028 
750	 0.193161376644572 
751	 0.198096832971418 
752	 0.203301988547934 
753	 0.208729376928707 
754	 0.214443441048649 
755	 0.220567392222786 
756	 0.226760017643674 
757	 0.232635637524088 
758	 0.237868475835594 
759	 0.243935715961685 
760	 0.252848581608922 
761	 0.263545389253619 
762	 0.271734438971533 
763	 0.278522331236503 
764	 0.28590408012579 
765	 0.292800198621911 
766	 0.299227594044954 
767	 0.305516341007642 
768	 0.311942953639621 
769	 0.318256451901241 
770	 0.324633969618108 
771	 0.331023043903464 
772	 0.337269963582257 
773	 0.34340533001238 
774	 0.349321060063769 
775	 0.354963673011759 
776	 0.360413279340539 
777	 0.365641246796986 
778	 0.370704285076556 
779	 0.37563602224906 
780	 0.380389395058601 
781	 0.384898661417957 
782	 0.38915840486982 
783	 0.393214159665961 
784	 0.397239751515146 
785	 0.401088403210978 
786	 0.404687365601506 
787	 0.408106361247762 
788	 0.411406367477871 
789	 0.414595704163174 
790	 0.41766538983912 
791	 0.42060800567368 
792	 0.423427133878826 
793	 0.426093520400379 
794	 0.428583480574809 
795	 0.430975674233734 
796	 0.433242253562614 
797	 0.435374167670799 
798	 0.437385558998273 
799	 0.439305968903129 
800	 0.441158699729776 
801	 0.442957886882343 
802	 0.444717287765462 
803	 0.446408874620981 
804	 0.448037186779919 
805	 0.449612620085617 
806	 0.451125904917408 
807	 0.452594977556357 
808	 0.454078996142419 
809	 0.455601542162265 
810	 0.456957938226714 
811	 0.458197150934862 
812	 0.459411838461084 
813	 0.46071482350446 
814	 0.461971947330056 
815	 0.463326638438027 
816	 0.464859106131558 
817	 0.466450229586277 
818	 0.467927381418891 
819	 0.469277141707551 
820	 0.470541974569355 
821	 0.471609803918428 
822	 0.472760111506513 
823	 0.474089674124265 
824	 0.475513971845684 
825	 0.476688456308389 
826	 0.477658654577663 
827	 0.478532445241406 
828	 0.479402953933306 
829	 0.480307070444895 
830	 0.481164815526341 
831	 0.481980120477603 
832	 0.482930610313153 
833	 0.483871124708022 
834	 0.484656854781271 
835	 0.485286459234414 
836	 0.486108305953487 
837	 0.486839144102544 
838	 0.487495512638964 
839	 0.488187200562095 
840	 0.4888133829166 
841	 0.489344399197819 
842	 0.4898351707703 
843	 0.490382477768632 
844	 0.490950996879616 
845	 0.49137132266255 
846	 0.491668997592652 
847	 0.492145087285344 
848	 0.492326064393636 
849	 0.492555005804464 
850	 0.493031322890656 
851	 0.49315616992014 
852	 0.493279923730101 
853	 0.493465828236435 
854	 0.49370752195718 
855	 0.494087654329547 
856	 0.494426043444996 
857	 0.494552244098831 
858	 0.494422330590852 
859	 0.494626169752353 
860	 0.494870297662656 
861	 0.495056531930791 
862	 0.495310455166302 
863	 0.495424225729457 
864	 0.495389855163042 
865	 0.495354079006199 
866	 0.495656048993918 
867	 0.496058411382037 
868	 0.496380474448868 
869	 0.496574590826109 
870	 0.49684826856096 
871	 0.497050434465865 
872	 0.497238110047643 
873	 0.497482811403944 
874	 0.497581958406984 
875	 0.497692638349454 
876	 0.49779310481461 
877	 0.497793742650765 
878	 0.497893089743807 
879	 0.497910196511935 
880	 0.497838135826999 
881	 0.497842247218883 
882	 0.497803544002997 
883	 0.497668217042584 
884	 0.49747940223047 
885	 0.497372689959079 
886	 0.497161310768876 
887	 0.4970205754822 
888	 0.497021941084065 
889	 0.496897592854399 
890	 0.496570950237409 
891	 0.496150252454342 
892	 0.495749197218431 
893	 0.49540203671477 
894	 0.494852007946113 
895	 0.494243522728004 
896	 0.493809155868745 
897	 0.493346957790534 
898	 0.493062788890279 
899	 0.492867349226028 
900	 0.492538221276212 
901	 0.492158442831786 
902	 0.491784825980637 
903	 0.491427732063399 
904	 0.491059642547195 
905	 0.490891836856897 
906	 0.490490398665274 
907	 0.489815801127586 
908	 0.489273994811018 
909	 0.489062724863721 
910	 0.488956878008841 
911	 0.488753553291563 
912	 0.488422236447094 
913	 0.48834051178702 
914	 0.488598034532176 
915	 0.489095002508347 
916	 0.489502138606735 
917	 0.489971266803812 
918	 0.490503435585073 
919	 0.49105472949363 
920	 0.491590001226731 
921	 0.492033229921896 
922	 0.492406071555692 
923	 0.492771781135582 
924	 0.493223337401162 
925	 0.493510719942624 
926	 0.49345588026983 
927	 0.493032183096741 
928	 0.492684638030259 
929	 0.492483236975626 
930	 0.492097354786056 
931	 0.491074450874034 
932	 0.490520671940034 
933	 0.490267048318574 
934	 0.490574375228688 
935	 0.491857822091422 
936	 0.492794571359771 
937	 0.49361187422531 
938	 0.494425452442613 
939	 0.495098511666615 
940	 0.495462356058992 
941	 0.495248812220875 
942	 0.494746258044399 
943	 0.494741397663524 
944	 0.495192141507074 
945	 0.495483936210293 
946	 0.495510216787602 
947	 0.495891106191101 
948	 0.496101946526236 
949	 0.496110134962337 
950	 0.496322101644289 
951	 0.497540761788607 
952	 0.498108198506157 
953	 0.498049782595833 
954	 0.498026690382379 
955	 0.4989634369666 
956	 0.499575239472255 
957	 0.500018420810766 
958	 0.500660588251026 
959	 0.501592787793053 
960	 0.501569210291438 
961	 0.501513371307506 
962	 0.502165706404962 
963	 0.502791481558958 
964	 0.503745562385686 
965	 0.504581812524111 
966	 0.504893225980757 
967	 0.504757367889199 
968	 0.504928804984999 
969	 0.505326070975755 
970	 0.505613345556435 
971	 0.505536387556829 
972	 0.505506628854032 
973	 0.505503199652912 
974	 0.505370158509678 
975	 0.50511632332276 
976	 0.504795999351463 
977	 0.504756912952166 
978	 0.505178258445794 
979	 0.505380679210644 
980	 0.505551614181551 
981	 0.505540851840716 
982	 0.505241726308959 
983	 0.505046024169433 
984	 0.504901110159208 
985	 0.504788128340436 
986	 0.504758681376642 
987	 0.505184764536327 
988	 0.504843477594767 
989	 0.504395787652061 
990	 0.504729416691032 
991	 0.504569927468706 
992	 0.504365141214509 
993	 0.504229398137825 
994	 0.504128681268442 
995	 0.504031954897114 
996	 0.503672389696884 
997	 0.502908173423412 
998	 0.501913921404016 
999	 0.501675234038044 
1000	 0.501228343565793 
1001	 0.511995825165797 
1002	 0.511608359740162 
1003	 0.511340085075052 
1004	 0.511032723383534 
1005	 0.510555498048508 
1006	 0.510285862572053 
1007	 0.510186757495867 
1008	 0.509996050260268 
1009	 0.509706701521564 
1010	 0.509431893608908 
1011	 0.50898221098025 
1012	 0.508457059980614 
1013	 0.507991393934965 
1014	 0.507758260086449 
1015	 0.507587522040907 
1016	 0.507405432702163 
1017	 0.507446949795964 
1018	 0.507768050891429 
1019	 0.507866675017777 
1020	 0.507711131854941 
1021	 0.507639436851501 
1022	 0.507419815527542 
1023	 0.507157248599033 
1024	 0.507220718874941 
1025	 0.507589569367635 
1026	 0.507824147629705 
1027	 0.508067115307916 
1028	 0.508336917989116 
1029	 0.508464405179383 
1030	 0.508554189817007 
1031	 0.508691641787542 
1032	 0.50883489246128 
1033	 0.509106500193148 
1034	 0.509294140262628 
1035	 0.509545548412136 
1036	 0.509763431065747 
1037	 0.509609615063633 
1038	 0.509525370213046 
1039	 0.509422128450397 
1040	 0.509177219015383 
1041	 0.509165942709967 
1042	 0.509217854453144 
1043	 0.509167201145432 
1044	 0.509104329389974 
1045	 0.5090893634283 
1046	 0.508980142415599 
1047	 0.508606011112203 
1048	 0.50821558430157 
1049	 0.507865205551172 
1050	 0.507535027706832 
1051	 0.507437896775326 
1052	 0.507357729850408 
1053	 0.5071004789334 
1054	 0.506783012067778 
1055	 0.506183580505174 
1056	 0.505403406184974 
1057	 0.50461726746863 
1058	 0.503601923238253 
1059	 0.502719638574918 
1060	 0.501911913901214 
1061	 0.501034221807751 
1062	 0.500060071400087 
1063	 0.499240559320234 
1064	 0.498238313574684 
1065	 0.497228886873363 
1066	 0.496336011238803 
1067	 0.495122786944631 
1068	 0.493650179179482 
1069	 0.49213559707392 
1070	 0.490515369165011 
1071	 0.48869581444148 
1072	 0.486883434192243 
1073	 0.484989804454434 
1074	 0.48311572663938 
1075	 0.481218666553565 
1076	 0.479254184547893 
1077	 0.477279198151025 
1078	 0.475505403186928 
1079	 0.473658313084532 
1080	 0.471945707060512 
1081	 0.470599311100278 
1082	 0.469082630597538 
1083	 0.467723402777502 
1084	 0.466395127701737 
1085	 0.465315357750398 
1086	 0.464275308471063 
1087	 0.463523757079341 
1088	 0.463002813932264 
1089	 0.462653901683164 
1090	 0.462553457042357 
1091	 0.462457820730723 
1092	 0.462383531831141 
1093	 0.462441109571664 
1094	 0.462666533637681 
1095	 0.463163117621909 
1096	 0.463704834206471 
1097	 0.464591431830797 
1098	 0.465359593515685 
1099	 0.466083240070494 
1100	 0.466933494204016 
1101	 0.467955306662473 
1102	 0.468972389870722 
1103	 0.470183481383457 
1104	 0.471220655736671 
1105	 0.472200667462806 
1106	 0.473233400768394 
1107	 0.474319396041727 
1108	 0.475272696458031 
1109	 0.4761918801332 
1110	 0.477435300677815 
1111	 0.478368694935669 
1112	 0.478951212327789 
1113	 0.479952669596921 
1114	 0.481069283850904 
1115	 0.482262475419319 
1116	 0.483910604680397 
1117	 0.485299633038146 
1118	 0.486597597682175 
1119	 0.48789270069801 
1120	 0.489004152411612 
1121	 0.490227241206702 
1122	 0.491295948187029 
1123	 0.492510450549921 
1124	 0.493767321817623 
1125	 0.494926805683822 
1126	 0.496558272297792 
1127	 0.49847790937872 
1128	 0.50005838238227 
1129	 0.501886700643991 
1130	 0.503006077448663 
1131	 0.503279148641463 
1132	 0.503976805868002 
1133	 0.504364592500526 
1134	 0.505071758418604 
1135	 0.506278493165153 
1136	 0.506939477119315 
1137	 0.50754054241322 
1138	 0.507940645447626 
1139	 0.508017292056757 
1140	 0.50789400412915 
1141	 0.508084214592544 
1142	 0.508310748444445 
1143	 0.508579437499617 
1144	 0.509021826321182 
1145	 0.509288426924592 
1146	 0.509455250268588 
1147	 0.509713808367386 
1148	 0.509877554677397 
1149	 0.510185041785386 
1150	 0.510785351484146 
1151	 0.511011901619108 
1152	 0.511201935965539 
1153	 0.511247698584607 
1154	 0.510913546498432 
1155	 0.510730198756848 
1156	 0.510891202308162 
1157	 0.510903976470237 
1158	 0.511136347849222 
1159	 0.511728916513691 
1160	 0.511818849606427 
1161	 0.511745409285084 
1162	 0.511757360950993 
1163	 0.511586232790918 
1164	 0.511550434864293 
1165	 0.511633391653312 
1166	 0.51160680088305 
1167	 0.511517839206417 
1168	 0.51143941669892 
1169	 0.511335602911995 
1170	 0.511256673769138 
1171	 0.511187704250286 
1172	 0.511110351794534 
1173	 0.51099110161854 
1174	 0.511011585366658 
1175	 0.51087394334175 
1176	 0.510639153725156 
1177	 0.510489321949308 
1178	 0.510270999229462 
1179	 0.510139109030217 
1180	 0.510181778132442 
1181	 0.510033408142488 
1182	 0.50973028458795 
1183	 0.509586088055479 
1184	 0.50935762502847 
1185	 0.509252083824673 
1186	 0.509431990550031 
1187	 0.509420697246296 
1188	 0.509395607286953 
1189	 0.509240247703179 
1190	 0.509266793475307 
1191	 0.509276056674206 
1192	 0.509188356174848 
1193	 0.509242344911278 
1194	 0.509248313076161 
1195	 0.509029981008028 
1196	 0.509130952435291 
1197	 0.509615431797565 
1198	 0.509703627331285 
1199	 0.509660894788141 
1200	 0.509695033870041 
1201	 0.509434048395521 
1202	 0.509506451970008 
1203	 0.510003285461894 
1204	 0.510236143280108 
1205	 0.510530739978571 
1206	 0.510625904138671 
1207	 0.510421789003266 
1208	 0.510320047536354 
1209	 0.510507760281757 
1210	 0.510802982540951 
1211	 0.511183486092797 
1212	 0.511421305292294 
1213	 0.511538202086943 
1214	 0.51154707100223 
1215	 0.511690296095072 
1216	 0.511976829566636 
1217	 0.512220018635373 
1218	 0.512528929352513 
1219	 0.51270465201172 
1220	 0.512812412840086 
1221	 0.512868094475925 
1222	 0.512748900380953 
1223	 0.512798533736321 
1224	 0.51288123122579 
1225	 0.513000182514188 
1226	 0.513301168952244 
1227	 0.513561404845696 
1228	 0.513656734526645 
1229	 0.513795980459543 
1230	 0.513805112642286 
1231	 0.513811063341663 
1232	 0.513927860081997 
1233	 0.513938982132314 
1234	 0.513844872050338 
1235	 0.513829153810327 
1236	 0.513816017366883 
1237	 0.513729878659977 
1238	 0.513732316703101 
1239	 0.513889441512814 
1240	 0.513892272924632 
1241	 0.513825781610465 
1242	 0.51380863229373 
1243	 0.513759965712842 
1244	 0.513720735113713 
1245	 0.513674489602455 
1246	 0.513599022662051 
1247	 0.513661018406556 
1248	 0.513621853093249 
1249	 0.51349362894381 
1250	 0.51355455267809 
1251	 0.513564268671329 
1252	 0.51346345824943 
1253	 0.513276818945647 
1254	 0.513116045466594 
1255	 0.513178351475608 
1256	 0.513191304492344 
1257	 0.513218145376911 
1258	 0.513569270450869 
1259	 0.513663644856203 
1260	 0.513490583189789 
1261	 0.5134276463486 
1262	 0.513420965553328 
1263	 0.51324708619213 
1264	 0.513195734351456 
1265	 0.513297521225202 
1266	 0.513296827237517 
1267	 0.513383378208128 
1268	 0.513269592705358 
1269	 0.512957914474587 
1270	 0.51279221666465 
1271	 0.512641057155603 
1272	 0.512582210106648 
1273	 0.512519629505264 
1274	 0.51237275750982 
1275	 0.512299908158796 
1276	 0.51204550994116 
1277	 0.51178236921948 
1278	 0.51172043024881 
1279	 0.511504692961441 
1280	 0.511259796932342 
1281	 0.511025573012313 
1282	 0.51084648114369 
1283	 0.51061605051751 
1284	 0.510324913516253 
1285	 0.510266399721301 
1286	 0.510104205063157 
1287	 0.509720518916181 
1288	 0.509490185317515 
1289	 0.509400705953846 
1290	 0.509349610735373 
1291	 0.509292786026508 
1292	 0.509114495275914 
1293	 0.508867312940626 
1294	 0.508674532707093 
1295	 0.508519169085159 
1296	 0.50846731636155 
1297	 0.508417811212018 
1298	 0.50812401187 
1299	 0.507882405827691 
1300	 0.507832184479306 
1301	 0.507479680756092 
1302	 0.507076609656144 
1303	 0.506888911340407 
1304	 0.5067673408886 
1305	 0.506526521438474 
1306	 0.506400172384277 
1307	 0.506436691369926 
1308	 0.505936268230934 
1309	 0.505466576754077 
1310	 0.505532495366543 
1311	 0.505376299102847 
1312	 0.505170912376851 
1313	 0.505128872557417 
1314	 0.504731741316793 
1315	 0.504425265484772 
1316	 0.504432700416402 
1317	 0.504288360059875 
1318	 0.50398843446804 
1319	 0.503563313609889 
1320	 0.503052702564955 
1321	 0.502971356874196 
1322	 0.503284989738728 
1323	 0.503217536653768 
1324	 0.50286039792115 
1325	 0.502526414229073 
1326	 0.501843931682481 
1327	 0.501293548424732 
1328	 0.501427411962185 
1329	 0.501480318425444 
1330	 0.50120179372638 
1331	 0.500821857317214 
1332	 0.500433780221143 
1333	 0.499763115370849 
1334	 0.499196814293909 
1335	 0.499164266328152 
1336	 0.499220481385952 
1337	 0.49898207955652 
1338	 0.498332418793577 
1339	 0.497677943583272 
1340	 0.497371545466649 
1341	 0.496837122959569 
1342	 0.496660315771612 
1343	 0.49688933347793 
1344	 0.496334626811808 
1345	 0.495924444968425 
1346	 0.496056423217184 
1347	 0.495577267673308 
1348	 0.494716947185204 
1349	 0.494295705284242 
1350	 0.49398208199868 
1351	 0.492872953033218 
1352	 0.492496672737101 
1353	 0.492710411229149 
1354	 0.491650052640533 
1355	 0.490906822473346 
1356	 0.49005429001384 
1357	 0.491427613033803 
1358	 0.494277054547488 
1359	 0.494254188436555 
1360	 0.491143398535895 
1361	 0.48780289777805 
1362	 0.477401158082613 
1363	 0.468937748978424 
1364	 0.486948633223993 
1365	 0.514462630253167 
1366	 0.514814504847584 
1367	 0.486889297183277 
1368	 0.460017323542242 
1369	 0.443535420176766 
1370	 0.446385006715664 
1371	 0.448386018695044 
1372	 0.483669895412061 
1373	 0.540102586424304 
1374	 0.506627201012966 
1375	 0.50401498122272 
1376	 0.546996063767392 
1377	 0.496864555181857 
1378	 0.541655529879151 
1379	 0.641955187808895 
1380	 0.558211265284542 
1381	 0.489362136264107 
1382	 0.48588722415342 
1383	 0.429973363714264 
1384	 0.431939200430072 
1385	 0.504036108664396 
1386	 0.514616535210976 
1387	 0.479098804086114 
1388	 0.502755100461319 
1389	 0.510278592880791 
1390	 0.503272260967185 
1391	 0.465980637285809 
1392	 0.492665850225504 
1393	 0.484154926064866 
1394	 0.435262035176092 
1395	 0.457575544109002 
1396	 0.474013706596177 
1397	 0.474306958082717 
1398	 0.490657983808106 
1399	 0.471244385191824 
1400	 0.461932632992403 
1401	 0.459712891965782 
1402	 0.456200802599397 
1403	 0.477641016920573 
1404	 0.477179600854615 
1405	 0.468773017163732 
1406	 0.477149578801105 
1407	 0.474674810455853 
1408	 0.471136535624328 
1409	 0.471999940939948 
1410	 0.46536077239566 
1411	 0.463147783732176 
1412	 0.466618960784854 
1413	 0.466480417871717 
1414	 0.471012947373631 
1415	 0.475864177765972 
1416	 0.474371993003658 
1417	 0.4762068037036 
1418	 0.475491565960753 
1419	 0.469902055264286 
1420	 0.470403325160279 
1421	 0.4743622925316 
1422	 0.475374557515721 
1423	 0.477092139445811 
1424	 0.478200146668183 
1425	 0.475786173935764 
1426	 0.475363365713099 
1427	 0.475510603872578 
1428	 0.477144696642579 
1429	 0.478297986998853 
1430	 0.47918040288875 
1431	 0.479373041905705 
1432	 0.479461238739566 
1433	 0.478450932581895 
1434	 0.478187890163496 
1435	 0.478124441265599 
1436	 0.476450276738047 
1437	 0.476475465400803 
1438	 0.477730495481675 
1439	 0.478068233411584 
1440	 0.479017896123344 
1441	 0.479760591718025 
1442	 0.478394039964763 
1443	 0.47748536685135 
1444	 0.478613885259015 
1445	 0.479966534365752 
1446	 0.480987091975165 
1447	 0.481703066253092 
1448	 0.481390914479644 
1449	 0.480591965033031 
1450	 0.481101187938867 
1451	 0.482339323457624 
1452	 0.482709029242309 
1453	 0.482590864512285 
1454	 0.48229574550719 
1455	 0.481716674092906 
1456	 0.48171109547961 
1457	 0.482101136184759 
1458	 0.482272840683026 
1459	 0.482354676278141 
1460	 0.482283337849346 
1461	 0.482373621616184 
1462	 0.482352490466136 
1463	 0.482321191855781 
1464	 0.482598556023922 
1465	 0.482488755423596 
1466	 0.482436024020499 
1467	 0.482672081635062 
1468	 0.482407455032512 
1469	 0.482156807133364 
1470	 0.482120739991311 
1471	 0.48226536738872 
1472	 0.481873382581349 
1473	 0.481936715520783 
1474	 0.48242816457224 
1475	 0.482136665263355 
1476	 0.482205328113428 
1477	 0.482477502468148 
1478	 0.482125256364523 
1479	 0.48241789219704 
1480	 0.482870846795214 
1481	 0.482705457791555 
1482	 0.4824892500517 
1483	 0.482549734453167 
1484	 0.482736521973385 
1485	 0.482983044985533 
1486	 0.483339714885275 
1487	 0.483517644674139 
1488	 0.483671845090985 
1489	 0.483769557317175 
1490	 0.483717952882906 
1491	 0.483933944243066 
1492	 0.48400311968856 
1493	 0.483795684031883 
1494	 0.484001457449964 
1495	 0.484153231640439 
1496	 0.483916025643966 
1497	 0.483850327275879 
1498	 0.484082375119485 
1499	 0.48417657472545 
1500	 0.483915735727543 
1501	 0.483910159822507 
1502	 0.484124870881854 
1503	 0.484042017122681 
1504	 0.484238968830603 
1505	 0.484452363308997 
1506	 0.484123055631076 
1507	 0.484105079885412 
1508	 0.484233694579685 
1509	 0.483989827300803 
1510	 0.484007776231058 
1511	 0.484148687456862 
1512	 0.483914511447368 
1513	 0.483817122687938 
1514	 0.483927440378567 
1515	 0.483692518419746 
1516	 0.483515361813054 
1517	 0.483571299822295 
1518	 0.483486494430268 
1519	 0.483493889891549 
1520	 0.483532846715374 
1521	 0.483421374796052 
1522	 0.483268793540074 
1523	 0.483039132408058 
1524	 0.482885445241678 
1525	 0.48280362711533 
1526	 0.482784031890891 
1527	 0.482828565234317 
1528	 0.482630147748207 
1529	 0.482441155612991 
1530	 0.482355768133011 
1531	 0.482214072825612 
1532	 0.482033540650596 
1533	 0.48201217356007 
1534	 0.481975005158252 
1535	 0.481844045951053 
1536	 0.48185445902414 
1537	 0.481797728379076 
1538	 0.481583330544758 
1539	 0.48161065192522 
1540	 0.481582614367251 
1541	 0.481047332451182 
1542	 0.480751991214614 
1543	 0.480797519298234 
1544	 0.480682594522087 
1545	 0.480741244590347 
1546	 0.480734123642304 
1547	 0.480343802200459 
1548	 0.480254398056646 
1549	 0.480306698882867 
1550	 0.480049797260621 
1551	 0.479890610195458 
1552	 0.479846729485075 
1553	 0.479617292327689 
1554	 0.479326568201109 
1555	 0.479156117200748 
1556	 0.478992735530574 
1557	 0.478805136756694 
1558	 0.478723168397752 
1559	 0.478629543488839 
1560	 0.478436279930609 
1561	 0.478233898320883 
1562	 0.478202476015021 
1563	 0.478207582333102 
1564	 0.477990879000434 
1565	 0.477757075565203 
1566	 0.477576813788521 
1567	 0.477372945217074 
1568	 0.477260089283299 
1569	 0.477175519808444 
1570	 0.476969227669844 
1571	 0.476828863468924 
1572	 0.476819141462477 
1573	 0.476759405034985 
1574	 0.47662581594751 
1575	 0.476427643002655 
1576	 0.476175577904633 
1577	 0.475872617887066 
1578	 0.475604155277958 
1579	 0.47544320974605 
1580	 0.475166007725308 
1581	 0.474772556665307 
1582	 0.474532768841002 
1583	 0.47432270393501 
1584	 0.474072201536575 
1585	 0.473995976683426 
1586	 0.473800894266267 
1587	 0.4734838549694 
1588	 0.473507442984303 
1589	 0.473465056925021 
1590	 0.473259055361834 
1591	 0.473208119560851 
1592	 0.472939709900621 
1593	 0.472577124703244 
1594	 0.472513977044758 
1595	 0.472411451663989 
1596	 0.472228700236865 
1597	 0.472041005673936 
1598	 0.471697261348138 
1599	 0.471616025225382 
1600	 0.471777755704257 
1601	 0.471657977883479 
1602	 0.471287803434316 
1603	 0.471054968582098 
1604	 0.470896578967731 
1605	 0.470537072637988 
1606	 0.470508972604964 
1607	 0.470658993448693 
1608	 0.470271236211119 
1609	 0.469930687787043 
1610	 0.469731943014328 
1611	 0.469207940443777 
1612	 0.468852384098817 
1613	 0.468735130425954 
1614	 0.468573713548383 
1615	 0.468311307729319 
1616	 0.467963758568544 
1617	 0.46773984001769 
1618	 0.467377396038703 
1619	 0.467001787551058 
1620	 0.46672661731483 
1621	 0.46618913244652 
1622	 0.465877057782907 
1623	 0.465679519566351 
1624	 0.465351290930475 
1625	 0.46535390191483 
1626	 0.465231072441581 
1627	 0.464763662059817 
1628	 0.464503662429264 
1629	 0.464103691564174 
1630	 0.463430895773209 
1631	 0.463230817270253 
1632	 0.463218863490818 
1633	 0.462966927360866 
1634	 0.462873171010587 
1635	 0.462575079495611 
1636	 0.461827065896672 
1637	 0.461464349911366 
1638	 0.461438214439366 
1639	 0.461322742637275 
1640	 0.461310398183906 
1641	 0.460858493942689 
1642	 0.460060827985628 
1643	 0.459729998492053 
1644	 0.459520423262538 
1645	 0.459112325629709 
1646	 0.458632734904254 
1647	 0.457949784909138 
1648	 0.457259458604752 
1649	 0.456743401315787 
1650	 0.456240299128816 
1651	 0.455561017203069 
1652	 0.454738831782713 
1653	 0.453831621071009 
1654	 0.452818356328857 
1655	 0.452000265240114 
1656	 0.451134759026667 
1657	 0.450067699233883 
1658	 0.449191060358716 
1659	 0.448344053218727 
1660	 0.447170928023769 
1661	 0.446082613898256 
1662	 0.445103033637499 
1663	 0.4439450223498 
1664	 0.443039214393262 
1665	 0.44205645398627 
1666	 0.44081695181414 
1667	 0.439693811200762 
1668	 0.43848854306264 
1669	 0.437321845792035 
1670	 0.436207328829114 
1671	 0.435026109981479 
1672	 0.433858665169681 
1673	 0.432446866372662 
1674	 0.431163356644185 
1675	 0.430266277431373 
1676	 0.429176612165089 
1677	 0.428259391934409 
1678	 0.427550477930076 
1679	 0.42634970474765 
1680	 0.425185591152643 
1681	 0.424475981843086 
1682	 0.423588218961 
1683	 0.422717851818322 
1684	 0.422201607016921 
1685	 0.421443213139269 
1686	 0.420530354334687 
1687	 0.419833040352815 
1688	 0.418974419477575 
1689	 0.418231786723508 
1690	 0.417781320487767 
1691	 0.417152311844369 
1692	 0.416624537696276 
1693	 0.416201104597614 
1694	 0.415575694290186 
1695	 0.415139563772047 
1696	 0.414645259728097 
1697	 0.413615060296548 
1698	 0.412709959128818 
1699	 0.412280895886645 
1700	 0.411961337947139 
1701	 0.411907094078298 
1702	 0.412142553693824 
1703	 0.411795103380402 
1704	 0.410887834609603 
1705	 0.410509373748726 
1706	 0.409978429435161 
1707	 0.409671632312221 
1708	 0.410114465583196 
1709	 0.410025347628749 
1710	 0.409475362019934 
1711	 0.409365766995248 
1712	 0.40923501098358 
1713	 0.409249847701476 
1714	 0.409791271265803 
1715	 0.409962161166693 
1716	 0.410099024823273 
1717	 0.409981064896846 
1718	 0.409328496273254 
1719	 0.409195993284926 
1720	 0.409169884030226 
1721	 0.409160763970912 
1722	 0.409577095858401 
1723	 0.409710350869751 
1724	 0.40966746328152 
1725	 0.409667879452293 
1726	 0.409586565470428 
1727	 0.409604427905464 
1728	 0.409545426691506 
1729	 0.409606739656274 
1730	 0.409826529244454 
1731	 0.410077927991979 
1732	 0.410579734970882 
1733	 0.410668395428561 
1734	 0.410424240201138 
1735	 0.410622971210952 
1736	 0.410749149960846 
1737	 0.410971480691299 
1738	 0.411891319345531 
1739	 0.411947553858485 
1740	 0.411265604931205 
1741	 0.411147218703262 
1742	 0.41077518765844 
1743	 0.410968212298059 
1744	 0.411915688053516 
1745	 0.412107950280382 
1746	 0.412263153688554 
1747	 0.412222754844441 
1748	 0.411516614359496 
1749	 0.411743062207659 
1750	 0.412471739502302 
1751	 0.41287574121031 
1752	 0.413109425099737 
1753	 0.41295254093751 
1754	 0.412615686646481 
1755	 0.412594739281947 
1756	 0.412926892874707 
1757	 0.41324009486629 
1758	 0.413865933384588 
1759	 0.414507291709806 
1760	 0.415083966846537 
1761	 0.415652272178867 
1762	 0.41558310170812 
1763	 0.415279340571457 
1764	 0.415351921308012 
1765	 0.415554234013252 
1766	 0.416050688692603 
1767	 0.416806047467959 
1768	 0.417229261436579 
1769	 0.417305023468826 
1770	 0.417413604788844 
1771	 0.417714784742697 
1772	 0.41808249959993 
1773	 0.418919898366172 
1774	 0.419468837458019 
1775	 0.420000261812772 
1776	 0.420185653909241 
1777	 0.41974258495627 
1778	 0.41970068190853 
1779	 0.419611406919693 
1780	 0.419594875043714 
1781	 0.420069991693138 
1782	 0.420106758543901 
1783	 0.419585507363245 
1784	 0.419549009546144 
1785	 0.419790310714906 
1786	 0.419745906746216 
1787	 0.419777606052244 
1788	 0.419742098546274 
1789	 0.419272346702713 
1790	 0.419161245034916 
1791	 0.419497980664112 
1792	 0.419720269541533 
1793	 0.420146698324498 
1794	 0.420006669511475 
1795	 0.419451678770577 
1796	 0.418975516487884 
1797	 0.417940674460809 
1798	 0.417174986307153 
1799	 0.416484350394748 
1800	 0.416481149923946 
1801	 0.417136034003592 
1802	 0.41708218754517 
1803	 0.417338051625977 
1804	 0.417476368244122 
1805	 0.416704725608192 
1806	 0.416065581413316 
1807	 0.416681747099097 
1808	 0.415944744281203 
1809	 0.412729125033279 
1810	 0.412104797278689 
1811	 0.412302145016788 
1812	 0.415428549138889 
1813	 0.41750356319458 
1814	 0.41943506900067 
1815	 0.420818984601003 
1816	 0.419500966635233 
1817	 0.417615007429934 
1818	 0.415513515416555 
1819	 0.413152118101876 
1820	 0.407584467737298 
1821	 0.405792252033228 
1822	 0.407447532902636 
1823	 0.409517240242893 
1824	 0.423854563194726 
1825	 0.427018432971944 
1826	 0.417991681048875 
1827	 0.412402567749042 
1828	 0.385291258627727 
1829	 0.380768747122017 
1830	 0.413370239126456 
1831	 0.308395111807471 
1832	 0.417473923166418 
1833	 0.472114705977339 
1834	 0.54567804615163 
1835	 0.569562111628806 
1836	 0.34711003036036 
1837	 0.248333346107103 
1838	-2.72105788555711E-02 
1839	-0.12531730111481 
1840	-7.01935303562744E-02 
1841	-2.25032419042749E-02 
1842	-3.58339897291937E-02 
1843	 0.148091180801153 
1844	 2.58515595869126E-02 
1845	-4.09282125359542 
1846	 27.03171081239 
1847	-2.37984915810777 
1848	-7.19014955258562 
1849	-1.35883941631238 
1850	 0.231852834271129 
1851	 0.507956379411047 
1852	 2.6755659487178 
1853	 2.89881040482308 
1854	 3.74563693650912 
1855	 1.8866609855195 
1856	 8.99205651962796E-02 
1857	 0.243492895427138 
1858	 0.246644337014538 
1859	-0.199574012361202 
1860	-4.58126083895705E-02 
1861	-2.84975947883423 
1862	-3.39041260022403E-02 
1863	 0.802565972436284 
1864	 0.696452660208252 
1865	 0.396114247537701 
1866	 0.350459149881112 
1867	 0.113797887628041 
1868	-0.61729324924256 
1869	 0.110976827096875 
1870	 0.405743856179514 
1871	 0.608640753026667 
1872	 1.96054022890261 
1873	 1.2334260137049 
1874	-9.62870809324376E-02 
1875	-7.38341277784351E-02 
1876	 0.254224724400358 
1877	 7.45199800458085E-02 
1878	 0.128007524258692 
1879	 0.414548900297641 
1880	 0.531818501771542 
1881	 0.364337272858691 
1882	 0.342780564800094 
1883	 0.469817428811394 
1884	 0.485406169432967 
1885	 0.380223887685564 
1886	 0.343705149926179 
1887	 0.429727457789851 
1888	 0.34701079363352 
1889	 0.294514928174803 
1890	 0.271701347120717 
1891	 0.256920684427396 
1892	 0.252922818811684 
1893	 0.243252342402872 
1894	 0.260869899180673 
1895	 0.272599125496357 
1896	 0.285824252491963 
1897	 0.245766238862128 
1898	 0.280879590540521 
1899	 0.248479705084491 
1900	 0.330168616055158 
1901	 0.357465913571716 
1902	 0.311501144758229 
1903	 0.179024760186164 
1904	 0.126149475316464 
1905	 1.66282103179671E-02 
1906	 1.85862441024749E-02 
1907	 0.206761292914613 
1908	 0.117782732732169 
1909	 8.35212579973517E-02 
1910	 0.233007578350378 
1911	 0.188770831043873 
1912	 0.145055726852713 
1913	 0.172403471857842 
1914	 0.19985857238698 
1915	 0.239885295014045 
1916	 0.300256924423278 
1917	 0.346657074578689 
1918	 0.412126790949896 
1919	 0.407517165874187 
1920	 0.414331079144809 
1921	 0.447107735277443 
1922	 0.423211664758317 
1923	 0.408094027300561 
1924	 0.385430047361278 
1925	 0.339049616602923 
1926	 0.327507593230572 
1927	 0.350058441760509 
1928	 0.331682479072602 
1929	 0.341511471920947 
1930	 0.362927372288552 
1931	 0.34658137553114 
1932	 0.34830897112125 
1933	 0.370818171601384 
1934	 0.375213591688279 
1935	 0.374351209707955 
1936	 0.372074668348465 
1937	 0.377837489469117 
1938	 0.376922803522663 
1939	 0.373374548073489 
1940	 0.37571334973089 
1941	 0.374319581055242 
1942	 0.372227983258335 
1943	 0.377434789159798 
1944	 0.383491533691964 
1945	 0.385142462872388 
1946	 0.38563590974821 
1947	 0.384762447945454 
1948	 0.381549281692812 
1949	 0.378381610914973 
1950	 0.38294970316657 
1951	 0.390667648573821 
1952	 0.390376082392029 
1953	 0.388756391603617 
1954	 0.391052555475912 
1955	 0.392189190843727 
1956	 0.392029075885291 
1957	 0.394799581000777 
1958	 0.395639811294763 
1959	 0.394971880822916 
1960	 0.391641787669338 
1961	 0.392170596695871 
1962	 0.393879752041556 
1963	 0.393549852124308 
1964	 0.393662048127225 
1965	 0.393604654814004 
1966	 0.392696626933692 
1967	 0.393582091893553 
1968	 0.394367736685799 
1969	 0.394292725771332 
1970	 0.394168577618957 
1971	 0.394001556341137 
1972	 0.392525621496515 
1973	 0.392121466972787 
1974	 0.393175026788819 
1975	 0.39332395448251 
1976	 0.392949914935286 
1977	 0.392565582447163 
1978	 0.393021259495212 
1979	 0.393555266663447 
1980	 0.393532421883417 
1981	 0.393345030740372 
1982	 0.393106286983655 
1983	 0.391943129471571 
1984	 0.39102989956758 
1985	 0.39118416733935 
1986	 0.391991183441961 
1987	 0.39241176035753 
1988	 0.392238969113062 
1989	 0.392089664724062 
1990	 0.391747233764682 
1991	 0.391668340411038 
1992	 0.392372998268138 
1993	 0.392794353765942 
1994	 0.393585231896547 
1995	 0.394000720875033 
1996	 0.394562270428882 
1997	 0.393798315171732 
1998	 0.392884124075096 
1999	 0.392063030077422 
2000	 0.391294006126504 
2001	 0.392337717929806 
2002	 0.39346793934578 
2003	 0.395219461018278 
2004	 0.396322567116854 
2005	 0.395913142870745 
2006	 0.396717703968544 
2007	 0.3988476243215 
2008	 0.39895887194654 
2009	 0.398069863217704 
2010	 0.398028577681789 
2011	 0.398906073459398 
2012	 0.398395382967257 
2013	 0.397637922327876 
2014	 0.397609429312775 
2015	 0.396455580964951 
2016	 0.396109832089669 
2017	 0.397543653608628 
2018	 0.397940618019972 
2019	 0.397413516809724 
2020	 0.394938314533149 
2021	 0.394605171141536 
2022	 0.394912294974516 
2023	 0.394831576200486 
2024	 0.394175935371362 
2025	 0.394132758125321 
2026	 0.39396276821422 
2027	 0.392432139912513 
2028	 0.392156893147984 
2029	 0.393276519994432 
2030	 0.393071311058201 
2031	 0.392827854219027 
2032	 0.392753206888157 
2033	 0.39279281856548 
2034	 0.392425633253389 
2035	 0.391604751930566 
2036	 0.391716206283665 
2037	 0.391697904170831 
2038	 0.391432344261685 
2039	 0.390833662135648 
2040	 0.390010830774579 
2041	 0.389883975448212 
2042	 0.389812582721913 
2043	 0.38986885152363 
2044	 0.390757490249056 
2045	 0.390815282079985 
2046	 0.390082227731299 
2047	 0.389900246348208 
2048	 0.389495177431467 
2049	 0.389624689731328 
2050	 0.39063261987041 
2051	 0.391062657216458 
2052	 0.39039577881591 
2053	 0.389784426136244 
2054	 0.389208707369587 
2055	 0.38976616615043 
2056	 0.390580521827187 
2057	 0.390560625749266 
2058	 0.390690372529436 
2059	 0.391116905589489 
2060	 0.391091354818649 
2061	 0.391596455847179 
2062	 0.391260395059989 
2063	 0.389405240988714 
2064	 0.388612347948916 
2065	 0.387549575743512 
2066	 0.388488568597947 
2067	 0.388933417872657 
2068	 0.388159729196774 
2069	 0.388056178112016 
2070	 0.387388436760898 
2071	 0.386292919382684 
2072	 0.386436911205155 
2073	 0.386795016689429 
2074	 0.386623737070963 
2075	 0.386228916827371 
2076	 0.385803128599059 
2077	 0.385763745163911 
2078	 0.385795161081916 
2079	 0.385395449928656 
2080	 0.385375616819052 
2081	 0.384654581133322 
2082	 0.383898978005694 
2083	 0.383098157195002 
2084	 0.382524924673098 
2085	 0.382993568555283 
2086	 0.383001800268385 
2087	 0.382439381902101 
2088	 0.38240846414554 
2089	 0.381733043218364 
2090	 0.381177721049705 
2091	 0.380511024270527 
2092	 0.380162347148383 
2093	 0.379960933593531 
2094	 0.379299206857624 
2095	 0.378342363540566 
2096	 0.377770802355995 
2097	 0.376962129620267 
2098	 0.376610419928888 
2099	 0.376285205337648 
2100	 0.376070221840264 
2101	 0.3762170750255 
2102	 0.375988299130686 
2103	 0.375618277482176 
2104	 0.375103247205272 
2105	 0.374392883323162 
2106	 0.374029335893052 
2107	 0.373243254307919 
2108	 0.372722518478123 
2109	 0.372245418453135 
2110	 0.371189577747512 
2111	 0.370497365306624 
2112	 0.37059845026181 
2113	 0.370008700781598 
2114	 0.368606145432306 
2115	 0.367817959463252 
2116	 0.368035213989071 
2117	 0.36848915677728 
2118	 0.368060324601153 
2119	 0.367060734553729 
2120	 0.366146865653539 
2121	 0.365078474194575 
2122	 0.364781946536467 
2123	 0.365416349538822 
2124	 0.364989176873898 
2125	 0.363418717305705 
2126	 0.362485899332206 
2127	 0.361618650736674 
2128	 0.360932245722648 
2129	 0.360462476662052 
2130	 0.360062668816087 
2131	 0.359816951128117 
2132	 0.359313993693234 
2133	 0.358612002831629 
2134	 0.358182619348923 
2135	 0.35774448999739 
2136	 0.357352259903539 
2137	 0.357257027042203 
2138	 0.356926554978605 
2139	 0.355922643379191 
2140	 0.355532068278835 
2141	 0.355441485464664 
2142	 0.355395295402804 
2143	 0.355081044540752 
2144	 0.35482660287885 
2145	 0.354780437049204 
2146	 0.3547098888126 
2147	 0.354398516400171 
2148	 0.354124821775388 
2149	 0.354178057964802 
2150	 0.353999832362439 
2151	 0.353847043240005 
2152	 0.353846217413734 
2153	 0.354816168372372 
2154	 0.355271442207334 
2155	 0.354840101078493 
2156	 0.354045224556636 
2157	 0.353425026500956 
2158	 0.353543133763279 
2159	 0.353309278403871 
2160	 0.353048790457164 
2161	 0.352835101140435 
2162	 0.352502354195589 
2163	 0.352474592459094 
2164	 0.352511724804142 
2165	 0.35391576199937 
2166	 0.354074053676441 
2167	 0.352748185827046 
2168	 0.352519342436082 
2169	 0.352705738516674 
2170	 0.35241612173221 
2171	 0.35219859482116 
2172	 0.352574130712141 
2173	 0.353376472236404 
2174	 0.353340214992764 
2175	 0.352570565583412 
2176	 0.35148560344738 
2177	 0.350657781158088 
2178	 0.349737561650132 
2179	 0.348921600710053 
2180	 0.349013441619378 
2181	 0.348813775190226 
2182	 0.348360653758356 
2183	 0.349377842158974 
2184	 0.350117528663852 
2185	 0.350004551362776 
2186	 0.348878742207219 
2187	 0.348151845624489 
2188	 0.346970776121807 
2189	 0.346303230948751 
2190	 0.345881589316596 
2191	 0.344875320242148 
2192	 0.343485407572918 
2193	 0.34285415501659 
2194	 0.342418164517669 
2195	 0.341987144927292 
2196	 0.342464221145706 
2197	 0.342218940157711 
2198	 0.340140512474421 
2199	 0.338703846652255 
2200	 0.338684767712782 
2201	 0.337956388906819 
2202	 0.337291654286288 
2203	 0.336451243047418 
2204	 0.335522146528218 
2205	 0.335179443367577 
2206	 0.334249661495792 
2207	 0.333171072392195 
2208	 0.331685674805684 
2209	 0.329855264140709 
2210	 0.328245041839449 
2211	 0.327823510939012 
2212	 0.32640212658344 
2213	 0.323679203541382 
2214	 0.322115531428346 
2215	 0.321126122890451 
2216	 0.320188756865836 
2217	 0.320122011156356 
2218	 0.319034988577451 
2219	 0.317351777880669 
2220	 0.315793804970266 
2221	 0.313950587014652 
2222	 0.312200364267515 
2223	 0.3095066570581 
2224	 0.30579999444925 
2225	 0.303260214523833 
2226	 0.301182592048646 
2227	 0.298310059547933 
2228	 0.297617164075444 
2229	 0.298065108475543 
2230	 0.294999142598891 
2231	 0.290969827237748 
2232	 0.288883245706493 
2233	 0.286058582021117 
2234	 0.283223091016018 
2235	 0.281254856546246 
2236	 0.278058570632724 
2237	 0.275681418363913 
2238	 0.271761794860914 
2239	 0.269965766818553 
2240	 0.271726713656878 
2241	 0.270200038416114 
2242	 0.266644025016699 
2243	 0.264082904554813 
2244	 0.260099691736658 
2245	 0.257729058324886 
2246	 0.25758008508376 
2247	 0.255995024008767 
2248	 0.253714452580516 
2249	 0.251941455198775 
2250	 0.249523846534484 
2251	 0.248621428060113 
2252	 0.247361715680277 
2253	 0.244605330901501 
2254	 0.243945265079311 
2255	 0.244208273412866 
2256	 0.242156905765495 
2257	 0.24161078285533 
2258	 0.242543230935375 
2259	 0.240525748766761 
2260	 0.23915019098547 
2261	 0.240670517085977 
2262	 0.24002903899877 
2263	 0.237554052858688 
2264	 0.238130800301222 
2265	 0.239923843591823 
2266	 0.237954009513951 
2267	 0.235790358164292 
2268	 0.236510860758387 
2269	 0.234542820660215 
2270	 0.232630671139781 
2271	 0.234282363348668 
2272	 0.234154393848919 
2273	 0.231632610563391 
2274	 0.231305386929963 
2275	 0.233409417349892 
2276	 0.233193675731194 
2277	 0.231132877664932 
2278	 0.230952099301479 
2279	 0.231861427020267 
2280	 0.230889826529984 
2281	 0.230535443410212 
2282	 0.229796342163193 
2283	 0.225302487061984 
2284	 0.224117948603919 
2285	 0.226593446821889 
2286	 0.22635382534463 
2287	 0.225968172961497 
2288	 0.225653334790612 
2289	 0.224776924240959 
2290	 0.223528024043014 
2291	 0.223968980946739 
2292	 0.225556212218852 
2293	 0.224151380630017 
2294	 0.222789831166634 
2295	 0.224711645977762 
2296	 0.225464909786568 
2297	 0.227132439363527 
2298	 0.230099976154769 
2299	 0.230156537899866 
2300	 0.230244856985697 
2301	 0.230343570194281 
2302	 0.230214471424289 
2303	 0.229505824752409 
2304	 0.22869946464074 
2305	 0.230424230555305 
2306	 0.230261559958862 
2307	 0.230025348233875 
2308	 0.232321801158861 
2309	 0.234746902425696 
2310	 0.234990970211418 
2311	 0.233014766204449 
2312	 0.233868768102943 
2313	 0.234162888370166 
2314	 0.232696932439225 
2315	 0.235435398462293 
2316	 0.238347373326886 
2317	 0.237664075708668 
2318	 0.238235691395023 
2319	 0.239169022746289 
2320	 0.239762962151117 
2321	 0.239719354710904 
2322	 0.240398748292429 
2323	 0.241539977683438 
2324	 0.241344220309723 
2325	 0.242279048467148 
2326	 0.245711202671598 
2327	 0.246651626376623 
2328	 0.246306417230345 
2329	 0.246724976057903 
2330	 0.246981428985553 
2331	 0.246097111506461 
2332	 0.242280308089049 
2333	 0.243278049562201 
2334	 0.248999192129832 
2335	 0.248919566432065 
2336	 0.249374729785129 
2337	 0.250079739092931 
2338	 0.244711649145517 
2339	 0.241461272284586 
2340	 0.24013849157732 
2341	 0.240396037365879 
2342	 0.241383500038098 
2343	 0.241844946431202 
2344	 0.241272517331758 
2345	 0.242834564312816 
2346	 0.241640556915709 
2347	 0.237704096791657 
2348	 0.2397938278141 
2349	 0.240883708938351 
2350	 0.23893855533809 
2351	 0.242196335475916 
2352	 0.244401200158066 
2353	 0.241495497112857 
2354	 0.238209901898861 
2355	 0.238363605003954 
2356	 0.239106648029981 
2357	 0.240891782070502 
2358	 0.244636285103867 
2359	 0.243717251565141 
2360	 0.243114660121031 
2361	 0.244143699257094 
2362	 0.24234436969196 
2363	 0.24241118715093 
2364	 0.243414949037118 
2365	 0.244900268280929 
2366	 0.246521332694553 
2367	 0.246156929669303 
2368	 0.241202112073105 
2369	 0.234641362792063 
2370	 0.234433568857543 
2371	 0.234220233393361 
2372	 0.2348160299919 
2373	 0.237750080076962 
2374	 0.240975123419702 
2375	 0.240828065014549 
2376	 0.235109138482462 
2377	 0.236345738964671 
2378	 0.237312306926735 
2379	 0.232754602711369 
2380	 0.234759308143546 
2381	 0.236636123826106 
2382	 0.22804300333077 
2383	 0.225462202733652 
2384	 0.231228965038805 
2385	 0.226731666047593 
2386	 0.225806369745497 
2387	 0.234090498853425 
2388	 0.234590754380281 
2389	 0.232090594589637 
2390	 0.231527659944857 
2391	 0.230752873181738 
2392	 0.23193888804457 
2393	 0.23464381722862 
2394	 0.236672924370969 
2395	 0.239155686936403 
2396	 0.242189566661793 
2397	 0.240285950146208 
2398	 0.237750737522916 
2399	 0.232963404855331 
2400	 0.225753722479202 
2401	 0.229760261377958 
2402	 0.238029226654627 
2403	 0.23819074771561 
2404	 0.236287323677913 
2405	 0.240151673423971 
2406	 0.240486742691718 
2407	 0.237913856655387 
2408	 0.24382570007497 
2409	 0.239493392860059 
2410	 0.228047131920628 
2411	 0.231740769476406 
2412	 0.23235863943014 
2413	 0.22675202807966 
2414	 0.230879740660553 
2415	 0.2311590275227 
2416	 0.221386521261314 
2417	 0.222175758271038 
2418	 0.227344048501597 
2419	 0.224632154589968 
2420	 0.22810058267444 
2421	 0.229972345135359 
2422	 0.223192234344562 
2423	 0.222269517187505 
2424	 0.226725633794996 
2425	 0.226185278737984 
2426	 0.223617615023206 
2427	 0.213367400496228 
2428	 0.204648592917244 
2429	 0.215911291756495 
2430	 0.21822343603622 
2431	 0.226840026331653 
2432	 0.252182602561023 
2433	 0.234982809534865 
2434	 0.211073406493672 
2435	 0.218120097881361 
2436	 0.198866129958974 
2437	 0.201388966269353 
2438	 0.237906282870589 
2439	 0.226492488423069 
2440	 0.214884845773765 
2441	 0.207735681982277 
2442	 0.183179056765585 
2443	 0.192370428635004 
2444	 0.204134113201813 
2445	 0.208761250844527 
2446	 0.218102513394592 
2447	 0.197996395267145 
2448	 0.183386426814858 
2449	 0.193922153296872 
2450	 0.195720843554264 
2451	 0.202332068095578 
2452	 0.218923946701514 
2453	 0.22299993741597 
2454	 0.221698002311984 
2455	 0.226720452377299 
2456	 0.23246548673923 
2457	 0.221393613781968 
2458	 0.20970503044437 
2459	 0.214851200721204 
2460	 0.215362636354384 
2461	 0.224573070450629 
2462	 0.243409700042163 
2463	 0.251037719380521 
2464	 0.24590125104897 
2465	 0.233519589256418 
2466	 0.221677185814078 
2467	 0.211315351873084 
2468	 0.197251156493364 
2469	 0.200746698326945 
2470	 0.207906697519101 
2471	 0.212968989221657 
2472	 0.262054688325463 
2473	 0.267405149660814 
2474	 0.240897080896398 
2475	 0.214945178672313 
2476	 0.129211600969771 
2477	 0.125082875814832 
2478	 0.158323335733559 
2479	 0.162436271466317 
2480	 0.217657876940383 
2481	 0.109872561283514 
2482	 7.82292040989605E-02 
2483	 0.161619644208014 
2484	 0.111489434690358 
2485	 0.181957375895455 
2486	 0.293547974092672 
2487	 0.123084849557079 
2488	 5.12925531462049E-02 
2489	 0.145396467163297 
2490	-2.22936405408874E-02 
2491	-0.181713305851356 
2492	-0.105838232441605 
2493	-0.144190998007982 
2494	-0.254899190911012 
2495	 1.92163906889411E-02 
2496	 0.126774154101218 
2497	-6.10385212957129E-02 
2498	 0.130791340004234 
2499	 0.189612603251276 
2500	 5.46418075397846E-02 
