Wavelength	09/27/123 at 12:25:14
350	 6.51252835916392E-02 
351	 6.51802860894742E-02 
352	 6.54713364556914E-02 
353	 6.59910791948081E-02 
354	 0.066481150293919 
355	 6.72216342670196E-02 
356	 6.80080883886075E-02 
357	 6.87198759064589E-02 
358	 6.94935812622011E-02 
359	 0.070382897936409 
360	 7.12784150188265E-02 
361	 7.20269976379219E-02 
362	 7.28846635152274E-02 
363	 7.37946440496658E-02 
364	 7.46904605678826E-02 
365	 0.075550348496891 
366	 0.076367482401355 
367	 7.73795357840495E-02 
368	 7.88987337945617E-02 
369	 8.07282361886925E-02 
370	 8.24412430631888E-02 
371	 8.38748507916493E-02 
372	 8.54124596944673E-02 
373	 8.73510028443678E-02 
374	 0.089631293006022 
375	 9.19891597412895E-02 
376	 9.44123596585526E-02 
377	 9.70189091456589E-02 
378	 9.98502204731448E-02 
379	 0.102666155191323 
380	 0.105934035657497 
381	 0.109732077138596 
382	 0.113930077765938 
383	 0.118416527425448 
384	 0.1231737330136 
385	 0.12804751762875 
386	 0.132618485971828 
387	 0.137578233049471 
388	 0.143016298205017 
389	 0.148779643354611 
390	 0.15492958428192 
391	 0.161306384599159 
392	 0.167763282767717 
393	 0.174302448378585 
394	 0.180859318608537 
395	 0.187296595483296 
396	 0.193408622574653 
397	 0.198978369961269 
398	 0.204074987066459 
399	 0.208870113866861 
400	 0.213707788201652 
401	 0.218318867582023 
402	 0.222745048164722 
403	 0.22713663784996 
404	 0.231507825602132 
405	 0.235734689559374 
406	 0.239714461435884 
407	 0.243473370289611 
408	 0.246721511816453 
409	 0.249547646948037 
410	 0.252177435341012 
411	 0.254559297835149 
412	 0.256702969966043 
413	 0.258632078514995 
414	 0.260364960575885 
415	 0.262006802662352 
416	 0.26359539880073 
417	 0.265137857394205 
418	 0.266679140132768 
419	 0.268322626977686 
420	 0.270083830053266 
421	 0.27185150686884 
422	 0.273623993035511 
423	 0.275409262190825 
424	 0.277209684940238 
425	 0.278987125680349 
426	 0.280766270033208 
427	 0.282557315335697 
428	 0.284339900642143 
429	 0.286205069457522 
430	 0.288120598676102 
431	 0.290043147189564 
432	 0.292091735083504 
433	 0.294325619701083 
434	 0.296728385333255 
435	 0.299214347699504 
436	 0.301840871403776 
437	 0.304499165838468 
438	 0.307065367316455 
439	 0.309656593973529 
440	 0.312195285636751 
441	 0.314577914744187 
442	 0.316670294934245 
443	 0.318707557905927 
444	 0.320638652306929 
445	 0.322376838286722 
446	 0.324084556432473 
447	 0.325657904935103 
448	 0.327054929104351 
449	 0.328357752841215 
450	 0.32954891646922 
451	 0.330645889065593 
452	 0.331668340187077 
453	 0.332640169302127 
454	 0.333583210356308 
455	 0.334454015935022 
456	 0.335142686810202 
457	 0.335837992209952 
458	 0.336535499615855 
459	 0.337183152506809 
460	 0.337736852899777 
461	 0.338295929620742 
462	 0.338882106245049 
463	 0.339398910648856 
464	 0.339874349010936 
465	 0.340336041037926 
466	 0.340793999734156 
467	 0.341207384997397 
468	 0.341549410653979 
469	 0.341819096586516 
470	 0.342045140505865 
471	 0.342300805371911 
472	 0.342510216358377 
473	 0.342606484658508 
474	 0.342680884232289 
475	 0.342753377449485 
476	 0.342803575819711 
477	 0.342782253438221 
478	 0.342773921328444 
479	 0.342746312899323 
480	 0.342676407775446 
481	 0.342618554711157 
482	 0.342498874215842 
483	 0.342327004765988 
484	 0.342168915140852 
485	 0.341994322370333 
486	 0.341825693926284 
487	 0.341653759513082 
488	 0.341381157903189 
489	 0.341090383316962 
490	 0.340778091035019 
491	 0.340403175427888 
492	 0.340054747843824 
493	 0.339647642450973 
494	 0.339154355245911 
495	 0.338661540500357 
496	 0.338134805999001 
497	 0.337554771249488 
498	 0.336911936560594 
499	 0.336241991534569 
500	 0.335480292237619 
501	 0.334624032119404 
502	 0.333785856598864 
503	 0.332803374461006 
504	 0.331731632282857 
505	 0.330684126845617 
506	 0.329602053827989 
507	 0.328423683408278 
508	 0.327123693943093 
509	 0.325755313069955 
510	 0.324318275920146 
511	 0.322808499033671 
512	 0.321213735601653 
513	 0.319581097918986 
514	 0.317874837834711 
515	 0.31605584218011 
516	 0.314101771359465 
517	 0.31207519549415 
518	 0.310041547472073 
519	 0.30804036250721 
520	 0.3059704820116 
521	 0.303851378420022 
522	 0.30168947169308 
523	 0.299517621586443 
524	 0.297286503193692 
525	 0.294976735733123 
526	 0.292603728805457 
527	 0.290260949500706 
528	 0.287929559104527 
529	 0.285624687219739 
530	 0.283315262817411 
531	 0.280885360138276 
532	 0.27839047931524 
533	 0.275919806286819 
534	 0.273458777141432 
535	 0.271037208548894 
536	 0.268598394773537 
537	 0.26604122426596 
538	 0.263468771138072 
539	 0.260892697739085 
540	 0.258302091097901 
541	 0.255652894373275 
542	 0.253023880461152 
543	 0.250416038024596 
544	 0.247765343749466 
545	 0.245087049764406 
546	 0.242429623253747 
547	 0.239795047399184 
548	 0.237095816256397 
549	 0.234451893626058 
550	 0.231880711757831 
551	 0.229334670540314 
552	 0.226747356694339 
553	 0.224193032205099 
554	 0.221687317954748 
555	 0.219150551204289 
556	 0.216678747530762 
557	 0.214269094360843 
558	 0.211913413394949 
559	 0.209596794373506 
560	 0.207324790319775 
561	 0.205149416924269 
562	 0.203137044452775 
563	 0.201157468515285 
564	 0.199194336876505 
565	 0.197275516771487 
566	 0.195462892967892 
567	 0.193802307712028 
568	 0.192239868359292 
569	 0.190658107648414 
570	 0.189190649992922 
571	 0.187823480783201 
572	 0.186516709884085 
573	 0.185211033581901 
574	 0.183995582233725 
575	 0.182853544635543 
576	 0.181750285720767 
577	 0.180757298072081 
578	 0.179794937501993 
579	 0.178846758043202 
580	 0.178005480042416 
581	 0.177176834069882 
582	 0.17635991289025 
583	 0.175577191977408 
584	 0.174794937789813 
585	 0.174065381572842 
586	 0.17339332603094 
587	 0.172718447812953 
588	 0.171997035845806 
589	 0.171229873703506 
590	 0.170471529634354 
591	 0.169743805618375 
592	 0.169026040451435 
593	 0.168313048340646 
594	 0.16764384926428 
595	 0.166979495361764 
596	 0.16629749523976 
597	 0.165590184170954 
598	 0.164873852988472 
599	 0.164197648382702 
600	 0.163525122255488 
601	 0.162798446383773 
602	 0.162097106796341 
603	 0.161395328574578 
604	 0.160706692238431 
605	 0.160121286311156 
606	 0.159512719895612 
607	 0.158941258090798 
608	 0.158474676509832 
609	 0.157976576025899 
610	 0.157498436709732 
611	 0.157062678376322 
612	 0.156646115113143 
613	 0.156275804828707 
614	 0.15592302937752 
615	 0.155570522138737 
616	 0.15529107672899 
617	 0.155003147109507 
618	 0.154703171386608 
619	 0.154423841138835 
620	 0.15417097737611 
621	 0.153973368827519 
622	 0.153806692925828 
623	 0.153544272092324 
624	 0.153360308541536 
625	 0.15321782050466 
626	 0.153018663011973 
627	 0.152804718422599 
628	 0.152590577912468 
629	 0.152398375032672 
630	 0.152252096566333 
631	 0.152100240452879 
632	 0.15189484554384 
633	 0.151639324118315 
634	 0.151495958001165 
635	 0.151391852402519 
636	 0.151279110506808 
637	 0.15113925331591 
638	 0.151047174125525 
639	 0.151009346471462 
640	 0.151015414612444 
641	 0.151043091753109 
642	 0.151092097510809 
643	 0.151142135326437 
644	 0.15118059919388 
645	 0.151259196455459 
646	 0.151372718895257 
647	 0.151516075772729 
648	 0.151689276197326 
649	 0.151905979666949 
650	 0.152146817323564 
651	 0.152386195980139 
652	 0.152598928800237 
653	 0.152815303298817 
654	 0.153074322654459 
655	 0.153427042910669 
656	 0.15388597048781 
657	 0.154260813108607 
658	 0.154483515507411 
659	 0.154739350004763 
660	 0.155042898346742 
661	 0.155330354854359 
662	 0.155535319034038 
663	 0.155727269360088 
664	 0.15592103274435 
665	 0.156069874088176 
666	 0.156075044261962 
667	 0.15612383428277 
668	 0.15615931938125 
669	 0.156123596620676 
670	 0.156108899953429 
671	 0.156037189595825 
672	 0.155883965760689 
673	 0.155662481707239 
674	 0.155450628881627 
675	 0.155207785947741 
676	 0.154921954965155 
677	 0.154644151571322 
678	 0.154335673882968 
679	 0.154044998154649 
680	 0.1537993631728 
681	 0.153446988644802 
682	 0.153053567679666 
683	 0.152667885627223 
684	 0.152322449522549 
685	 0.15200674217118 
686	 0.151760590232993 
687	 0.151540148118775 
688	 0.151092172952084 
689	 0.150544012964113 
690	 0.149918864550913 
691	 0.149245155288912 
692	 0.148592342839189 
693	 0.147981737120463 
694	 0.147384500531535 
695	 0.146735339719371 
696	 0.14614685434485 
697	 0.145554704840454 
698	 0.144904342533795 
699	 0.144269115538712 
700	 0.143650812935652 
701	 0.143048022875907 
702	 0.142451774081048 
703	 0.141821519919366 
704	 0.141303432267633 
705	 0.140878731094239 
706	 0.140354099861569 
707	 0.139950473136827 
708	 0.139628708478155 
709	 0.139326090367819 
710	 0.139073628173965 
711	 0.138848352227576 
712	 0.138717250445834 
713	 0.138770687898421 
714	 0.138834641050278 
715	 0.138915376394865 
716	 0.139043527512673 
717	 0.139249702454844 
718	 0.139560963514098 
719	 0.139961570091089 
720	 0.140397802064423 
721	 0.140854791220984 
722	 0.141304369187994 
723	 0.141788935222409 
724	 0.142325956396093 
725	 0.14296202777238 
726	 0.143682506531941 
727	 0.14448499007026 
728	 0.145352728965082 
729	 0.146262928649546 
730	 0.147223996073032 
731	 0.14825189322639 
732	 0.149380669060612 
733	 0.150559211091241 
734	 0.151792342929133 
735	 0.153115246840422 
736	 0.154624402896791 
737	 0.156241355988485 
738	 0.157948389443565 
739	 0.159822157641092 
740	 0.16189195786296 
741	 0.164141448268192 
742	 0.166546213719374 
743	 0.169107462696375 
744	 0.171875644556994 
745	 0.17491066960241 
746	 0.178235720920642 
747	 0.181809528965701 
748	 0.185632265958312 
749	 0.189724734038358 
750	 0.194109414919554 
751	 0.198844283679395 
752	 0.20386878799753 
753	 0.209126511122947 
754	 0.214651552862493 
755	 0.220557705876029 
756	 0.226518153293418 
757	 0.232174592022942 
758	 0.237281148859455 
759	 0.243228263065921 
760	 0.251840090626309 
761	 0.261869135373068 
762	 0.269504988346326 
763	 0.275914850485501 
764	 0.282933461225909 
765	 0.28933859754707 
766	 0.29535289783943 
767	 0.301228859263554 
768	 0.307169053295076 
769	 0.31315747446253 
770	 0.319186529609467 
771	 0.325159959633848 
772	 0.331000054484266 
773	 0.336706093646857 
774	 0.342219759494253 
775	 0.347511229165844 
776	 0.352618279254199 
777	 0.357504925837204 
778	 0.36221284297097 
779	 0.366780346189221 
780	 0.371231271247553 
781	 0.375463286574801 
782	 0.379457603251983 
783	 0.383255325828973 
784	 0.386954280893122 
785	 0.390510869507313 
786	 0.393887245298128 
787	 0.397075026382965 
788	 0.400192082036772 
789	 0.403203266079224 
790	 0.406068344109421 
791	 0.40884624646323 
792	 0.41149292479364 
793	 0.413950818697018 
794	 0.416206220953703 
795	 0.418491643972127 
796	 0.420663564071812 
797	 0.422663016711866 
798	 0.424530940284469 
799	 0.426367207196823 
800	 0.428127325811252 
801	 0.429786665491436 
802	 0.431405224860957 
803	 0.432989736308065 
804	 0.434540425686481 
805	 0.436054754842032 
806	 0.43753875690417 
807	 0.438924285035067 
808	 0.440306520197445 
809	 0.441787255733686 
810	 0.443040575878307 
811	 0.444248537338615 
812	 0.445468323269472 
813	 0.446600835511007 
814	 0.447882294246606 
815	 0.449243550023264 
816	 0.450618503268752 
817	 0.452114701945615 
818	 0.453492384465662 
819	 0.454734485306891 
820	 0.455914103740296 
821	 0.45704512432188 
822	 0.458098505760042 
823	 0.459230095871428 
824	 0.460573520819445 
825	 0.461618755369885 
826	 0.462578290484379 
827	 0.463531997474402 
828	 0.464361317466492 
829	 0.465200365386 
830	 0.466032397560762 
831	 0.466856497145618 
832	 0.467742006035225 
833	 0.468595765894548 
834	 0.469351869024385 
835	 0.470014525950518 
836	 0.470695340347925 
837	 0.471410802118589 
838	 0.472081986619941 
839	 0.47262323177728 
840	 0.473180794010493 
841	 0.473749121196908 
842	 0.474308912788425 
843	 0.474826951993328 
844	 0.475293831350225 
845	 0.475732588588929 
846	 0.476153524909274 
847	 0.476548556622818 
848	 0.476762642672406 
849	 0.47701005425214 
850	 0.477396649360422 
851	 0.477549491086136 
852	 0.477785163930622 
853	 0.478053897105748 
854	 0.478242512758254 
855	 0.478467689974834 
856	 0.478694528479006 
857	 0.478897834823505 
858	 0.479053951530314 
859	 0.479146454558107 
860	 0.479315529581148 
861	 0.479542346971529 
862	 0.479670711174261 
863	 0.47977575335721 
864	 0.47977448233715 
865	 0.479781552466418 
866	 0.480236809318285 
867	 0.480460357404557 
868	 0.480601875364669 
869	 0.480888026107879 
870	 0.481260547470837 
871	 0.481484387691547 
872	 0.48160835363628 
873	 0.481755941894186 
874	 0.481850962922845 
875	 0.481931341445697 
876	 0.482031042962388 
877	 0.482162610248222 
878	 0.482371988655018 
879	 0.482343535238006 
880	 0.482178770283785 
881	 0.482289098266759 
882	 0.482264130468435 
883	 0.482133302075797 
884	 0.481983339103636 
885	 0.481896839960575 
886	 0.48169998151826 
887	 0.481505690150254 
888	 0.481408230918094 
889	 0.481325087612324 
890	 0.481048215410128 
891	 0.480715822506257 
892	 0.480444515542394 
893	 0.480066261953753 
894	 0.479643169557689 
895	 0.479201364318002 
896	 0.478749873693605 
897	 0.478212596129767 
898	 0.477892358191595 
899	 0.477695252876694 
900	 0.477352206224975 
901	 0.477011799409596 
902	 0.47685905294892 
903	 0.476730437978813 
904	 0.476273928574121 
905	 0.475813270254128 
906	 0.47540842136275 
907	 0.475068800531298 
908	 0.474752595633094 
909	 0.474416826652554 
910	 0.474104684257566 
911	 0.473921606237337 
912	 0.473989427848489 
913	 0.473687652816662 
914	 0.473576483716848 
915	 0.47400558764093 
916	 0.474484220428646 
917	 0.474962880985699 
918	 0.475489856009228 
919	 0.476074236105144 
920	 0.476573168647436 
921	 0.477006115870356 
922	 0.477357841361031 
923	 0.477664688319072 
924	 0.478163570443877 
925	 0.478570873393042 
926	 0.478641510320717 
927	 0.478278349937723 
928	 0.477948914455942 
929	 0.477855917636711 
930	 0.477524858803827 
931	 0.476316785840371 
932	 0.476436838767731 
933	 0.476604938884356 
934	 0.476448047076544 
935	 0.476695915555138 
936	 0.477350920281006 
937	 0.47822504778149 
938	 0.479186891479869 
939	 0.480120499506945 
940	 0.480612986929892 
941	 0.480372495919597 
942	 0.480036180078014 
943	 0.480870051701276 
944	 0.480967321056061 
945	 0.480704610592247 
946	 0.480748777212157 
947	 0.481522623343824 
948	 0.481442474280343 
949	 0.481202708817714 
950	 0.481522476330817 
951	 0.48252443956269 
952	 0.482898625999446 
953	 0.483052696584271 
954	 0.483444827590703 
955	 0.483934229751759 
956	 0.484466427680305 
957	 0.484949591513129 
958	 0.4853458005731 
959	 0.485666633895996 
960	 0.486586213084871 
961	 0.487360304298173 
962	 0.487521042372993 
963	 0.487779004882056 
964	 0.488470454267922 
965	 0.489045749847068 
966	 0.489107801675688 
967	 0.489132911362853 
968	 0.489461697723351 
969	 0.490042368471026 
970	 0.490591915547886 
971	 0.490663246542643 
972	 0.490122076241242 
973	 0.489831211157287 
974	 0.490287171012128 
975	 0.489899256110467 
976	 0.489929896357344 
977	 0.490154225799982 
978	 0.490076675772985 
979	 0.490119928546207 
980	 0.490123521869117 
981	 0.489916077616689 
982	 0.489555819529048 
983	 0.489867777780065 
984	 0.490005005893049 
985	 0.489820141901737 
986	 0.489544287871316 
987	 0.489706140545413 
988	 0.489213475494781 
989	 0.488805845960787 
990	 0.489288436769078 
991	 0.488846747278468 
992	 0.488679851285987 
993	 0.488932897401315 
994	 0.489129177733436 
995	 0.488286017607472 
996	 0.488097700068238 
997	 0.488002060697826 
998	 0.487059823343695 
999	 0.486804174594309 
1000	 0.486537172513593 
1001	 0.491308824096374 
1002	 0.491010001721496 
1003	 0.490862513831734 
1004	 0.490654524709483 
1005	 0.490356877722124 
1006	 0.490146249090173 
1007	 0.489997147322733 
1008	 0.489827435251579 
1009	 0.48980281988191 
1010	 0.489454633050269 
1011	 0.489136889692387 
1012	 0.488905009816862 
1013	 0.488350019846624 
1014	 0.488063132794274 
1015	 0.487958874149477 
1016	 0.487737879169374 
1017	 0.487617984721255 
1018	 0.487664588745324 
1019	 0.487605095352499 
1020	 0.487321769849829 
1021	 0.487265118185223 
1022	 0.487219818222876 
1023	 0.487193606255736 
1024	 0.487371425945293 
1025	 0.487513000106904 
1026	 0.48765171415929 
1027	 0.487920225365202 
1028	 0.488126717006705 
1029	 0.488071489120378 
1030	 0.488074435547325 
1031	 0.488203045495681 
1032	 0.488369525631247 
1033	 0.488493240807461 
1034	 0.488730764009832 
1035	 0.488843613323831 
1036	 0.488713847590946 
1037	 0.488721253700959 
1038	 0.488915955635393 
1039	 0.489271048768288 
1040	 0.489569977245244 
1041	 0.489702794491636 
1042	 0.489716575565348 
1043	 0.489463774541176 
1044	 0.489300291830567 
1045	 0.4890608984725 
1046	 0.48891730289749 
1047	 0.488685381568 
1048	 0.488595694903564 
1049	 0.488460743069847 
1050	 0.488235342685292 
1051	 0.488014688395865 
1052	 0.487674973001312 
1053	 0.487275055502979 
1054	 0.486702141325071 
1055	 0.486087394457615 
1056	 0.48545911824434 
1057	 0.484760260046447 
1058	 0.483864112812416 
1059	 0.483170446691813 
1060	 0.482545557719402 
1061	 0.481920542693799 
1062	 0.481309926120156 
1063	 0.480787223342086 
1064	 0.480027817836727 
1065	 0.478881835104547 
1066	 0.477699137982355 
1067	 0.476305653986109 
1068	 0.474697694546674 
1069	 0.473279484252238 
1070	 0.471871356980424 
1071	 0.470552770421149 
1072	 0.469047488876335 
1073	 0.467579833466643 
1074	 0.465944714004174 
1075	 0.464072169012352 
1076	 0.462259312511669 
1077	 0.460602594592008 
1078	 0.459115387824303 
1079	 0.457712284535473 
1080	 0.456400526539065 
1081	 0.455188870482918 
1082	 0.453931513032531 
1083	 0.452798500196176 
1084	 0.451754923530858 
1085	 0.450755000434801 
1086	 0.449715196075962 
1087	 0.448936044826892 
1088	 0.448214194515407 
1089	 0.447753120858886 
1090	 0.447481411698016 
1091	 0.447375088760273 
1092	 0.44744432261709 
1093	 0.447641567996451 
1094	 0.448047685019799 
1095	 0.448380991701644 
1096	 0.448905534578902 
1097	 0.449631398342114 
1098	 0.450283570585597 
1099	 0.451011841614321 
1100	 0.451821718601501 
1101	 0.45268679427483 
1102	 0.453557961934131 
1103	 0.454595597599812 
1104	 0.455534901072465 
1105	 0.456483024174865 
1106	 0.457407576687835 
1107	 0.458355124428983 
1108	 0.459286384514218 
1109	 0.460275734812343 
1110	 0.461145477260166 
1111	 0.4621351126018 
1112	 0.463292788152939 
1113	 0.464215977196971 
1114	 0.465034740733654 
1115	 0.465925684576765 
1116	 0.466581876248566 
1117	 0.467475384703886 
1118	 0.46848485593197 
1119	 0.469684983446307 
1120	 0.471243961382738 
1121	 0.472591495972987 
1122	 0.473987260195788 
1123	 0.475376072693076 
1124	 0.476635283339025 
1125	 0.477393492758998 
1126	 0.47872120048684 
1127	 0.480317797460848 
1128	 0.481480859233756 
1129	 0.482532910946962 
1130	 0.483430734345391 
1131	 0.483680795712905 
1132	 0.484462099219504 
1133	 0.485683606857232 
1134	 0.486332546486161 
1135	 0.486883527924107 
1136	 0.487318525817368 
1137	 0.487317135393282 
1138	 0.487458816670913 
1139	 0.487545961711639 
1140	 0.48784941046598 
1141	 0.488171469280365 
1142	 0.48853160513994 
1143	 0.488868488168786 
1144	 0.489316842492688 
1145	 0.489641206745513 
1146	 0.489882490566962 
1147	 0.490136639885968 
1148	 0.49044263647598 
1149	 0.490599864926271 
1150	 0.490671415084034 
1151	 0.49070287073361 
1152	 0.490553469237992 
1153	 0.490577430866989 
1154	 0.4905952128456 
1155	 0.490753459731678 
1156	 0.490889120755137 
1157	 0.490951635824369 
1158	 0.491002191265448 
1159	 0.490986626058871 
1160	 0.491026885464852 
1161	 0.491048246517014 
1162	 0.491167054773994 
1163	 0.491392876857725 
1164	 0.4914931028236 
1165	 0.491610762954299 
1166	 0.491601934366259 
1167	 0.491493621925897 
1168	 0.491344189985638 
1169	 0.491016008072698 
1170	 0.490918804787565 
1171	 0.490959939707325 
1172	 0.490864425515352 
1173	 0.490876075902654 
1174	 0.490887414154503 
1175	 0.490739592597801 
1176	 0.490329830537693 
1177	 0.490243528826807 
1178	 0.490312707757694 
1179	 0.49017853835121 
1180	 0.490124532463721 
1181	 0.489944175008581 
1182	 0.489356386202972 
1183	 0.489213173352513 
1184	 0.489361133802868 
1185	 0.489344486202086 
1186	 0.489604645457882 
1187	 0.489560441455011 
1188	 0.489262870650111 
1189	 0.488925985288949 
1190	 0.488753685723883 
1191	 0.488684398369482 
1192	 0.48870601002074 
1193	 0.48894490905243 
1194	 0.489089934124595 
1195	 0.489179201788351 
1196	 0.489277217703062 
1197	 0.489494664030144 
1198	 0.489514697535966 
1199	 0.489349387869298 
1200	 0.489431641713851 
1201	 0.489521763587361 
1202	 0.48966357871478 
1203	 0.490090184362935 
1204	 0.490235617598868 
1205	 0.490208178601349 
1206	 0.490187016558237 
1207	 0.49024086241211 
1208	 0.49048941813856 
1209	 0.490866694922247 
1210	 0.491110271484637 
1211	 0.491214989933994 
1212	 0.491190209153044 
1213	 0.491303283428129 
1214	 0.491569504849929 
1215	 0.491750895129112 
1216	 0.492077941644553 
1217	 0.492224273881424 
1218	 0.492177088840745 
1219	 0.492257205604396 
1220	 0.492292088969175 
1221	 0.492387959449816 
1222	 0.492595353449486 
1223	 0.492754042368501 
1224	 0.492881008701926 
1225	 0.493089240368057 
1226	 0.493322629658178 
1227	 0.493389258287484 
1228	 0.493317359025224 
1229	 0.493388182341192 
1230	 0.493486087977512 
1231	 0.49341187280685 
1232	 0.49342127185152 
1233	 0.493531444514515 
1234	 0.49344187820402 
1235	 0.493363509359946 
1236	 0.49338721786582 
1237	 0.493481903637151 
1238	 0.493505003643024 
1239	 0.49363395095355 
1240	 0.493674712616334 
1241	 0.49363438360834 
1242	 0.493570114660974 
1243	 0.493417219044705 
1244	 0.493369519378742 
1245	 0.493270040250303 
1246	 0.493186384410034 
1247	 0.493279982026239 
1248	 0.493271737615685 
1249	 0.493212768881663 
1250	 0.493182595052333 
1251	 0.493178331569384 
1252	 0.493237241783348 
1253	 0.493108296064902 
1254	 0.493015668235682 
1255	 0.493148492488506 
1256	 0.493059135720674 
1257	 0.493004288636246 
1258	 0.49315495623306 
1259	 0.493222438587886 
1260	 0.493108212582712 
1261	 0.493099461743198 
1262	 0.493243031576064 
1263	 0.493199073271054 
1264	 0.492982455707614 
1265	 0.492830719825863 
1266	 0.49281530425101 
1267	 0.492859469732997 
1268	 0.493004019089165 
1269	 0.493103400827735 
1270	 0.492843863672779 
1271	 0.492579726512456 
1272	 0.49243176069624 
1273	 0.492254273262475 
1274	 0.492289328353151 
1275	 0.49230801361439 
1276	 0.491988543406821 
1277	 0.491699028687625 
1278	 0.491594259634509 
1279	 0.491351120511648 
1280	 0.491138220432238 
1281	 0.49112198195914 
1282	 0.490977447268046 
1283	 0.490656968629888 
1284	 0.490441298050188 
1285	 0.490399917590715 
1286	 0.490122603672973 
1287	 0.489962377126729 
1288	 0.489865467362994 
1289	 0.489554609945755 
1290	 0.489527046596269 
1291	 0.489578108882163 
1292	 0.489414415157892 
1293	 0.489426280538685 
1294	 0.489274025287132 
1295	 0.488832716496366 
1296	 0.488732289051431 
1297	 0.488686223048248 
1298	 0.488416944586891 
1299	 0.488327966530341 
1300	 0.488162578598629 
1301	 0.487902181070608 
1302	 0.487847522215682 
1303	 0.487741141201699 
1304	 0.487654486931145 
1305	 0.487585857591904 
1306	 0.487528607822834 
1307	 0.487449114758807 
1308	 0.487445742305966 
1309	 0.487261089165948 
1310	 0.486910814548514 
1311	 0.48671704010488 
1312	 0.486450369256314 
1313	 0.486142138451222 
1314	 0.486156551491048 
1315	 0.486123616580934 
1316	 0.485978612651876 
1317	 0.486124775885053 
1318	 0.486108162876566 
1319	 0.485637044404551 
1320	 0.485457362644018 
1321	 0.485490075998393 
1322	 0.485203709306533 
1323	 0.484880436634043 
1324	 0.484591246368086 
1325	 0.484293838478819 
1326	 0.484058448265501 
1327	 0.483979849899518 
1328	 0.483965590421685 
1329	 0.483520787444962 
1330	 0.483114312059342 
1331	 0.482586652886136 
1332	 0.482385739138685 
1333	 0.48202805560124 
1334	 0.481664615326313 
1335	 0.481635032446692 
1336	 0.481418891619982 
1337	 0.480972482197463 
1338	 0.480919118433029 
1339	 0.480806901703892 
1340	 0.480151886923927 
1341	 0.479524193486821 
1342	 0.479310676633379 
1343	 0.479000982600812 
1344	 0.478785262140365 
1345	 0.47911671768071 
1346	 0.478788309764659 
1347	 0.477345381021047 
1348	 0.476284433906981 
1349	 0.475964736929724 
1350	 0.475711320088534 
1351	 0.476398343197385 
1352	 0.477380744362818 
1353	 0.475467287119924 
1354	 0.472877102041239 
1355	 0.472486573843364 
1356	 0.470916018726734 
1357	 0.471618762449165 
1358	 0.473673414709537 
1359	 0.473885137732936 
1360	 0.465600921131576 
1361	 0.460826270288346 
1362	 0.468281215111457 
1363	 0.47994528345172 
1364	 0.492494242556238 
1365	 0.508919481571672 
1366	 0.497314406889045 
1367	 0.480214869920396 
1368	 0.523994958047885 
1369	 0.531381678269522 
1370	 0.479659980438029 
1371	 0.470802342068517 
1372	 0.449391370633359 
1373	 0.408341224318767 
1374	 0.440753875227382 
1375	 0.532082043572263 
1376	 0.52782191465143 
1377	 0.452266161978653 
1378	 0.456554299248782 
1379	 0.46484353089735 
1380	 0.424212817491969 
1381	 0.502039376416024 
1382	 0.537861506005124 
1383	 0.416643360867128 
1384	 0.427459207083075 
1385	 0.485135749852324 
1386	 0.432522246259146 
1387	 0.435665845152425 
1388	 0.489075629526395 
1389	 0.489233209031562 
1390	 0.453694868413271 
1391	 0.427807742068552 
1392	 0.437966162040537 
1393	 0.423445273960555 
1394	 0.405177698614848 
1395	 0.446835589361808 
1396	 0.459512939701855 
1397	 0.438158312994898 
1398	 0.450528781901778 
1399	 0.463134850584196 
1400	 0.457285123418057 
1401	 0.450222580127491 
1402	 0.452668221546512 
1403	 0.44555869556345 
1404	 0.444897998724836 
1405	 0.464927574060809 
1406	 0.459020984224413 
1407	 0.44080398019708 
1408	 0.447188316165588 
1409	 0.448248223447611 
1410	 0.44167308355095 
1411	 0.450917239406315 
1412	 0.459337098735295 
1413	 0.456474668892749 
1414	 0.457293028685485 
1415	 0.462658837225284 
1416	 0.460324418452667 
1417	 0.456774348377423 
1418	 0.458384515185074 
1419	 0.457761429577637 
1420	 0.457274018109466 
1421	 0.458968122891778 
1422	 0.46013875249979 
1423	 0.461205252770354 
1424	 0.460504470871217 
1425	 0.460133499121664 
1426	 0.461048555718085 
1427	 0.462722710240309 
1428	 0.462770954814831 
1429	 0.463764865648868 
1430	 0.465334269926993 
1431	 0.464443549151073 
1432	 0.463383176146281 
1433	 0.462999752848228 
1434	 0.462380026112985 
1435	 0.463069953542907 
1436	 0.46382412552176 
1437	 0.463291994753256 
1438	 0.463299027657896 
1439	 0.463513268579791 
1440	 0.463568918104415 
1441	 0.463896132436137 
1442	 0.464398231770927 
1443	 0.464537423697864 
1444	 0.46403586587658 
1445	 0.464289013980166 
1446	 0.465414186482137 
1447	 0.466139849935274 
1448	 0.466255893259135 
1449	 0.466412294122008 
1450	 0.466525633713185 
1451	 0.466004814324412 
1452	 0.46595867094548 
1453	 0.466533882158935 
1454	 0.466501938833508 
1455	 0.466747110493269 
1456	 0.467224061568275 
1457	 0.4672116311522 
1458	 0.467535825679102 
1459	 0.467566045424147 
1460	 0.46706648705058 
1461	 0.46692523402291 
1462	 0.46686423181555 
1463	 0.466778839653232 
1464	 0.466735786597064 
1465	 0.466697470307475 
1466	 0.466976474198755 
1467	 0.467332324509441 
1468	 0.467336959989795 
1469	 0.467363563768883 
1470	 0.467351079255402 
1471	 0.46696508541332 
1472	 0.466426170549863 
1473	 0.466651009165471 
1474	 0.466912452042328 
1475	 0.466967947457245 
1476	 0.467122287382895 
1477	 0.467079002868513 
1478	 0.466724163586929 
1479	 0.466716722807143 
1480	 0.466856838957489 
1481	 0.466620506856598 
1482	 0.467005796455326 
1483	 0.467771879977487 
1484	 0.46809110974037 
1485	 0.468204853011773 
1486	 0.468198646478784 
1487	 0.468111192111432 
1488	 0.468030377645308 
1489	 0.468073483546785 
1490	 0.468163034099739 
1491	 0.468068376222058 
1492	 0.46797380656932 
1493	 0.468321139435367 
1494	 0.468753722345031 
1495	 0.468771523224914 
1496	 0.468699309668058 
1497	 0.468591909500047 
1498	 0.468497683310557 
1499	 0.468600416601303 
1500	 0.46867534836151 
1501	 0.468618268624813 
1502	 0.468632821275432 
1503	 0.468637095458052 
1504	 0.468631571658418 
1505	 0.468747367123042 
1506	 0.468708295378471 
1507	 0.468589630761571 
1508	 0.468636792383948 
1509	 0.468571166946156 
1510	 0.468415723395911 
1511	 0.468368700722689 
1512	 0.468323255917346 
1513	 0.468372748641234 
1514	 0.468339042490824 
1515	 0.468181847936176 
1516	 0.468222642485933 
1517	 0.468225251014234 
1518	 0.468131984426271 
1519	 0.468085413511912 
1520	 0.4680349490577 
1521	 0.467845547867277 
1522	 0.467633779681088 
1523	 0.467697653697047 
1524	 0.467683088527728 
1525	 0.467393471910213 
1526	 0.46717618548301 
1527	 0.467034330783332 
1528	 0.46701066629605 
1529	 0.467146590729838 
1530	 0.467173301699028 
1531	 0.46717714804636 
1532	 0.46713529056962 
1533	 0.466997435660781 
1534	 0.466737836256087 
1535	 0.466661605352115 
1536	 0.4665445903596 
1537	 0.466452864837237 
1538	 0.466420077873348 
1539	 0.466580886968122 
1540	 0.46660013950156 
1541	 0.466373819812541 
1542	 0.466115020065136 
1543	 0.465936056530127 
1544	 0.465715823625988 
1545	 0.465704166991041 
1546	 0.465731850788415 
1547	 0.465483081569808 
1548	 0.465258328768438 
1549	 0.465198294898613 
1550	 0.465165803640793 
1551	 0.465080265640598 
1552	 0.464911897160055 
1553	 0.464600432336771 
1554	 0.464309967594344 
1555	 0.464269159094982 
1556	 0.464250988237589 
1557	 0.464069075076158 
1558	 0.463804768577375 
1559	 0.463655220663217 
1560	 0.463617449426218 
1561	 0.463419964333493 
1562	 0.463256452254454 
1563	 0.463208866781487 
1564	 0.4630956135728 
1565	 0.463108407187156 
1566	 0.463209744297656 
1567	 0.463130388024743 
1568	 0.462780260323687 
1569	 0.462523139262393 
1570	 0.462430839091941 
1571	 0.462226338512347 
1572	 0.462134686186495 
1573	 0.46206368183779 
1574	 0.461896640043982 
1575	 0.461639155578183 
1576	 0.461280674671464 
1577	 0.461120080446981 
1578	 0.46105801179059 
1579	 0.460974434251778 
1580	 0.46084604478095 
1581	 0.460460407444614 
1582	 0.460194078692191 
1583	 0.460126987032959 
1584	 0.459893295890652 
1585	 0.459834825668313 
1586	 0.459703648622178 
1587	 0.459349694385359 
1588	 0.459458914096023 
1589	 0.459412096455445 
1590	 0.458817476235369 
1591	 0.458528951729793 
1592	 0.458494025154244 
1593	 0.45830886463811 
1594	 0.458239244629642 
1595	 0.458211672465057 
1596	 0.457950555813798 
1597	 0.457825652561678 
1598	 0.457806348724055 
1599	 0.457630781385899 
1600	 0.457399780414896 
1601	 0.457009289827149 
1602	 0.456657295920068 
1603	 0.456635959115251 
1604	 0.456658093809466 
1605	 0.456388977456712 
1606	 0.45634208186086 
1607	 0.456460687005731 
1608	 0.455964970971308 
1609	 0.455692440284234 
1610	 0.455871230544961 
1611	 0.455511142478672 
1612	 0.455220809643089 
1613	 0.455152297725746 
1614	 0.454680014126038 
1615	 0.454281459259716 
1616	 0.454184287881108 
1617	 0.45412738105149 
1618	 0.453851572523262 
1619	 0.453318899717613 
1620	 0.452943040789382 
1621	 0.452586175967363 
1622	 0.45222083142014 
1623	 0.452146942607777 
1624	 0.451826118270098 
1625	 0.451361413238477 
1626	 0.451353634603166 
1627	 0.451177517569165 
1628	 0.450800946227358 
1629	 0.450761499113903 
1630	 0.450407503602661 
1631	 0.449799444065103 
1632	 0.449623692723621 
1633	 0.449396381552961 
1634	 0.449147539030451 
1635	 0.449125809735788 
1636	 0.448819191961994 
1637	 0.448334232217263 
1638	 0.447944571891953 
1639	 0.447595137172022 
1640	 0.447353333959954 
1641	 0.447275306594745 
1642	 0.447092803231333 
1643	 0.44664463769168 
1644	 0.446333207356668 
1645	 0.445949584813658 
1646	 0.445326978118056 
1647	 0.444916317154855 
1648	 0.444371070340877 
1649	 0.443648433719104 
1650	 0.44323200690645 
1651	 0.44252350672475 
1652	 0.441673715450171 
1653	 0.441105167373377 
1654	 0.440076517144878 
1655	 0.438991284298308 
1656	 0.43825209496784 
1657	 0.437464456340843 
1658	 0.43682714741262 
1659	 0.436289379277796 
1660	 0.435406215228183 
1661	 0.434295909109332 
1662	 0.433073856502022 
1663	 0.43187380987213 
1664	 0.430882329267027 
1665	 0.429871097634441 
1666	 0.428908898757993 
1667	 0.427983089324737 
1668	 0.426834024972646 
1669	 0.425583175277642 
1670	 0.424461109869839 
1671	 0.423320643830043 
1672	 0.422154430837582 
1673	 0.421133452159026 
1674	 0.419917282043531 
1675	 0.418714095475089 
1676	 0.417677133152859 
1677	 0.416625018642344 
1678	 0.415906184165792 
1679	 0.41532920192002 
1680	 0.414570047283741 
1681	 0.413833830080028 
1682	 0.412924172176707 
1683	 0.411950940018125 
1684	 0.411371533320515 
1685	 0.410774698266078 
1686	 0.409989688964829 
1687	 0.409269788222012 
1688	 0.408357164998073 
1689	 0.40761876927939 
1690	 0.407357990360411 
1691	 0.406869316424996 
1692	 0.406163680404182 
1693	 0.405616241514708 
1694	 0.404815436828427 
1695	 0.404115933542141 
1696	 0.403806986956762 
1697	 0.403143695081396 
1698	 0.402486377336344 
1699	 0.402221041719348 
1700	 0.402076926998814 
1701	 0.402025862812142 
1702	 0.40146178966248 
1703	 0.401092215020162 
1704	 0.400339678804441 
1705	 0.399984036299709 
1706	 0.4004134061424 
1707	 0.400329741808524 
1708	 0.399992900900429 
1709	 0.399717026742029 
1710	 0.398903341655395 
1711	 0.398808352588726 
1712	 0.399404852590696 
1713	 0.399599442399541 
1714	 0.400250280601728 
1715	 0.400216347327716 
1716	 0.399290872551393 
1717	 0.39906326308689 
1718	 0.398828413660339 
1719	 0.398819320903352 
1720	 0.399403954949808 
1721	 0.399545305359218 
1722	 0.399555331424258 
1723	 0.399588484643249 
1724	 0.399376300971243 
1725	 0.39942234156722 
1726	 0.399628768166712 
1727	 0.399840345681383 
1728	 0.400228298681213 
1729	 0.400420154437926 
1730	 0.400610571610677 
1731	 0.400568751291929 
1732	 0.400160372457441 
1733	 0.400230585830734 
1734	 0.400365597126121 
1735	 0.400612707384816 
1736	 0.401360974955123 
1737	 0.401515035241265 
1738	 0.401458869097526 
1739	 0.401263774280639 
1740	 0.400517374610997 
1741	 0.400480310721161 
1742	 0.400684982980262 
1743	 0.400856320251237 
1744	 0.40145661613797 
1745	 0.401785348190549 
1746	 0.401952317344 
1747	 0.401919822949209 
1748	 0.401760795733244 
1749	 0.401851060168076 
1750	 0.401795711493315 
1751	 0.401859264192049 
1752	 0.402207154029441 
1753	 0.402508417519591 
1754	 0.402785593673476 
1755	 0.403495697952781 
1756	 0.403802901455772 
1757	 0.403522690996168 
1758	 0.403867579970242 
1759	 0.404167052538363 
1760	 0.404238122758408 
1761	 0.404987011503121 
1762	 0.405324511299729 
1763	 0.405504450555399 
1764	 0.406148252563234 
1765	 0.406232769572789 
1766	 0.406311619627376 
1767	 0.406475117305878 
1768	 0.406497220684634 
1769	 0.406894573079059 
1770	 0.407327734976897 
1771	 0.408366032746012 
1772	 0.408683920792879 
1773	 0.408420415207832 
1774	 0.408418016962975 
1775	 0.407641188039225 
1776	 0.407567167084443 
1777	 0.408453350968045 
1778	 0.408865027149181 
1779	 0.409616189620664 
1780	 0.409831695297377 
1781	 0.409431044517746 
1782	 0.409063246532173 
1783	 0.407811569920319 
1784	 0.407669646890242 
1785	 0.408419231870444 
1786	 0.408667291620371 
1787	 0.409633873080855 
1788	 0.409820430248318 
1789	 0.40914031508088 
1790	 0.408604241362009 
1791	 0.407723436192605 
1792	 0.407252481148144 
1793	 0.406462635643421 
1794	 0.406306188150897 
1795	 0.407086017254194 
1796	 0.407389488286648 
1797	 0.408234534537703 
1798	 0.408170395700971 
1799	 0.407464362017506 
1800	 0.406536480773977 
1801	 0.40428825212722 
1802	 0.403089578237291 
1803	 0.40202517186998 
1804	 0.40171427462599 
1805	 0.402357056706863 
1806	 0.403191501108561 
1807	 0.405674998918684 
1808	 0.405366939086199 
1809	 0.403321430485585 
1810	 0.402136470418303 
1811	 0.404685254972561 
1812	 0.408666523930277 
1813	 0.412431451582051 
1814	 0.41190492738037 
1815	 0.406356793156373 
1816	 0.402200436206596 
1817	 0.395498847052156 
1818	 0.388103392902934 
1819	 0.383955818906236 
1820	 0.385450938043615 
1821	 0.385969381249823 
1822	 0.390824027699424 
1823	 0.396262675223047 
1824	 0.403401558249435 
1825	 0.407642977267194 
1826	 0.418477789437562 
1827	 0.418996273226471 
1828	 0.391958927035353 
1829	 0.381098292167069 
1830	 0.368514283013309 
1831	 0.302959636280639 
1832	 0.376734848756086 
1833	 0.431244186372402 
1834	 0.838599098305263 
1835	 1.49023800776508 
1836	 1.25015827919876 
1837	 1.29485904147383 
1838	 0.741851615294003 
1839	 0.83459252639266 
1840	 0.604915958338613 
1841	-0.518370735656412 
1842	-0.833125438925691 
1843	 0.406168859700203 
1844	 0.573127500872515 
1845	 5.05010737440449 
1846	-26.8425432377433 
1847	 1.64694312451102 
1848	 9.61987515195732E-02 
1849	-0.946908382155183 
1850	-0.250228882459923 
1851	-0.323097350914089 
1852	-1.41425900059669 
1853	-1.00736017219741 
1854	 1.93951666637647 
1855	 2.12993607548561 
1856	 0.513548768132973 
1857	 6.49947419553192E-02 
1858	 0.31026994521058 
1859	 3.76601918574377 
1860	 3.59683125920968 
1861	 25.6751154089055 
1862	 10.9882409310917 
1863	 0.798702992932766 
1864	 0.464768450474135 
1865	 1.30609910737958E-02 
1866	-5.96834126415876E-02 
1867	 0.382275760032187 
1868	 0.796048410248202 
1869	 0.850799116220424 
1870	 0.495697293306352 
1871	 0.405326344355764 
1872	-0.804201600210345 
1873	-0.485330608159552 
1874	 0.450068773964388 
1875	 0.562360522541408 
1876	 0.823864900408369 
1877	 0.328893160702479 
1878	 0.152362945527105 
1879	 0.612492808673045 
1880	 0.60637906469873 
1881	 0.519203732570873 
1882	 0.491038447949424 
1883	 0.277542217417165 
1884	 0.166169954275677 
1885	 3.63580197216106E-02 
1886	 0.193326307638047 
1887	 0.201478525177394 
1888	 0.120033748311096 
1889	 0.15265311725263 
1890	 0.180271113025117 
1891	 0.224546970978445 
1892	 0.342809390332836 
1893	 0.400231214921402 
1894	 0.46006704001184 
1895	 0.459468416761112 
1896	 0.315143935127027 
1897	 0.376499236340053 
1898	 0.404730841518802 
1899	 0.301328711341064 
1900	 0.306486413093529 
1901	 0.196756247536716 
1902	 0.127871575000481 
1903	 6.52409333740161E-02 
1904	 0.130374442766525 
1905	 0.347223119765656 
1906	 0.297312961817183 
1907	 0.345403092854183 
1908	 0.485206552268998 
1909	 0.434489301784545 
1910	 0.339017026070252 
1911	 0.24764178295666 
1912	 0.205187005010886 
1913	 0.205808698982235 
1914	 0.268477959366506 
1915	 0.294091604832665 
1916	 0.335239989052683 
1917	 0.311235255078279 
1918	 0.291129013085302 
1919	 0.343658311171929 
1920	 0.402044258533547 
1921	 0.386822847172717 
1922	 0.389646298731794 
1923	 0.384655086898787 
1924	 0.376005569817041 
1925	 0.345259238188795 
1926	 0.377343959028454 
1927	 0.394666697111209 
1928	 0.362704918634859 
1929	 0.370091393728741 
1930	 0.383450576016188 
1931	 0.370250362798881 
1932	 0.381275141134142 
1933	 0.388060957659074 
1934	 0.382691257761973 
1935	 0.379028233621746 
1936	 0.3780865420521 
1937	 0.374602292078872 
1938	 0.371609566350426 
1939	 0.366523923737077 
1940	 0.366472509901454 
1941	 0.37592575759398 
1942	 0.377156228752868 
1943	 0.372351261596356 
1944	 0.372344088541588 
1945	 0.370857155411615 
1946	 0.373111487719694 
1947	 0.378012013417097 
1948	 0.388711795097634 
1949	 0.389603104545433 
1950	 0.386359253298153 
1951	 0.387497941206296 
1952	 0.383457008839086 
1953	 0.379132661260027 
1954	 0.381463520806578 
1955	 0.381135407328895 
1956	 0.379614201852072 
1957	 0.382129223829244 
1958	 0.382348895591221 
1959	 0.381659075706276 
1960	 0.379572936329328 
1961	 0.380167425196729 
1962	 0.379751106192701 
1963	 0.379935888002323 
1964	 0.381513625757286 
1965	 0.381327101053456 
1966	 0.381047032117283 
1967	 0.381522236119983 
1968	 0.380990353281462 
1969	 0.381186290486594 
1970	 0.381625352570186 
1971	 0.382476481822798 
1972	 0.382303416741826 
1973	 0.382447082519936 
1974	 0.382419021425647 
1975	 0.382437833621892 
1976	 0.382719690278442 
1977	 0.3827880941923 
1978	 0.382922946959031 
1979	 0.382573645419577 
1980	 0.382448678299233 
1981	 0.38280554383643 
1982	 0.38275173361248 
1983	 0.382531703153366 
1984	 0.382220187331464 
1985	 0.381999776568442 
1986	 0.381516413969795 
1987	 0.38132609516461 
1988	 0.381699730164908 
1989	 0.381677603018807 
1990	 0.381269230649063 
1991	 0.38158593473355 
1992	 0.382006541148235 
1993	 0.382267545377771 
1994	 0.383165044713469 
1995	 0.38359910990135 
1996	 0.383742879987117 
1997	 0.383250684975224 
1998	 0.382621296556502 
1999	 0.382156698397608 
2000	 0.382800013246149 
2001	 0.383309561465261 
2002	 0.38330660672159 
2003	 0.383846677666195 
2004	 0.384877679924159 
2005	 0.385193129896833 
2006	 0.385311443847404 
2007	 0.385771338844856 
2008	 0.38623263709749 
2009	 0.385139694477621 
2010	 0.386501129175712 
2011	 0.388809766076022 
2012	 0.390557688315042 
2013	 0.389010967062025 
2014	 0.385294829994606 
2015	 0.384825606353555 
2016	 0.385819687285603 
2017	 0.386096713731446 
2018	 0.385712683676576 
2019	 0.385585043952205 
2020	 0.383518440881345 
2021	 0.382827307558308 
2022	 0.382920009787368 
2023	 0.384302660985805 
2024	 0.383854525428932 
2025	 0.383100740830668 
2026	 0.38365778490735 
2027	 0.383460051020775 
2028	 0.38337823949227 
2029	 0.384020090538786 
2030	 0.383246892078571 
2031	 0.382062751266188 
2032	 0.381692263191703 
2033	 0.381658518976769 
2034	 0.381370704024311 
2035	 0.381180233712254 
2036	 0.381519957275901 
2037	 0.381563757719046 
2038	 0.381032880429432 
2039	 0.380907365923562 
2040	 0.381015629169079 
2041	 0.380519442874836 
2042	 0.380041189476668 
2043	 0.380247736977859 
2044	 0.380556191862817 
2045	 0.380754430821466 
2046	 0.381846142739305 
2047	 0.381835209576375 
2048	 0.38054501228591 
2049	 0.380301848803751 
2050	 0.380201079370828 
2051	 0.380006577891095 
2052	 0.380865947762138 
2053	 0.381151161628615 
2054	 0.379461505846114 
2055	 0.378705033541834 
2056	 0.379225625119115 
2057	 0.37939659976925 
2058	 0.379344343318561 
2059	 0.380460999798424 
2060	 0.381091776980679 
2061	 0.380372662465483 
2062	 0.379989370444913 
2063	 0.380469602987073 
2064	 0.380484605842075 
2065	 0.379493885992935 
2066	 0.379415169822759 
2067	 0.379815051202205 
2068	 0.378961614674801 
2069	 0.377955986794322 
2070	 0.37813401346113 
2071	 0.378311266025805 
2072	 0.377898312745149 
2073	 0.377365519124079 
2074	 0.376907612370186 
2075	 0.376327750731187 
2076	 0.375392294983762 
2077	 0.375419176822364 
2078	 0.376280671999785 
2079	 0.376114143120451 
2080	 0.375931932805978 
2081	 0.375740625001245 
2082	 0.375035483316694 
2083	 0.37375299408527 
2084	 0.373092417789608 
2085	 0.373141522852568 
2086	 0.373072589616114 
2087	 0.372803046819669 
2088	 0.372385736460121 
2089	 0.371641516843898 
2090	 0.371253152977839 
2091	 0.370995825872408 
2092	 0.370627689327212 
2093	 0.370409911647615 
2094	 0.369916194483674 
2095	 0.368842219485301 
2096	 0.36836151637648 
2097	 0.367943842983608 
2098	 0.368383204380468 
2099	 0.368088227241019 
2100	 0.367170641181108 
2101	 0.366732955344542 
2102	 0.366103604887033 
2103	 0.365752217608601 
2104	 0.365492800972571 
2105	 0.365079163123736 
2106	 0.364739777976395 
2107	 0.364110418306855 
2108	 0.363371233245054 
2109	 0.363077732421379 
2110	 0.362905404203128 
2111	 0.362394494509819 
2112	 0.362159554817967 
2113	 0.361684443790299 
2114	 0.360726410301933 
2115	 0.359697957889469 
2116	 0.358960708834473 
2117	 0.358512858062469 
2118	 0.358619187072589 
2119	 0.359048374609565 
2120	 0.358534365882456 
2121	 0.357821416398831 
2122	 0.356931308009258 
2123	 0.355161535549316 
2124	 0.354584855664046 
2125	 0.355287604707204 
2126	 0.35502965791335 
2127	 0.354539697689075 
2128	 0.354274976488562 
2129	 0.353714363455656 
2130	 0.353318260091055 
2131	 0.353683238859818 
2132	 0.353482066010505 
2133	 0.353029739922602 
2134	 0.351829981206573 
2135	 0.350777786917122 
2136	 0.350318315256298 
2137	 0.350238507919271 
2138	 0.349929334777155 
2139	 0.349230845490255 
2140	 0.348726415363467 
2141	 0.348069878857933 
2142	 0.347847342548367 
2143	 0.347791328056235 
2144	 0.348281605870952 
2145	 0.348515160136498 
2146	 0.349204113578371 
2147	 0.349059652871693 
2148	 0.348367340438367 
2149	 0.348032618673237 
2150	 0.347152034598001 
2151	 0.346535781556631 
2152	 0.346045478273211 
2153	 0.346169207391737 
2154	 0.346922430574563 
2155	 0.346824251041062 
2156	 0.346338495396842 
2157	 0.346890357686688 
2158	 0.346943737724556 
2159	 0.346601759265406 
2160	 0.347136089636646 
2161	 0.347337367029278 
2162	 0.346798241229617 
2163	 0.346480044601048 
2164	 0.346037133816782 
2165	 0.345182193256693 
2166	 0.344935527899733 
2167	 0.34518938387051 
2168	 0.345115712448046 
2169	 0.344865727105263 
2170	 0.344759497447437 
2171	 0.344813820818614 
2172	 0.344642290632823 
2173	 0.344348511947232 
2174	 0.344620786108848 
2175	 0.344324338964637 
2176	 0.343243326443804 
2177	 0.343188655556006 
2178	 0.343841084389241 
2179	 0.343396356361755 
2180	 0.343108360503336 
2181	 0.342598088558704 
2182	 0.34100688445967 
2183	 0.340948782882179 
2184	 0.341709435435664 
2185	 0.341528645497974 
2186	 0.340862721666578 
2187	 0.340488688699275 
2188	 0.339708748749805 
2189	 0.339420324746609 
2190	 0.339653320962416 
2191	 0.339664294795174 
2192	 0.340079744729082 
2193	 0.339563658662879 
2194	 0.338235502247809 
2195	 0.337436253431212 
2196	 0.336369994684461 
2197	 0.335575965555487 
2198	 0.335049633060581 
2199	 0.333989148564278 
2200	 0.333855253080307 
2201	 0.333206746462405 
2202	 0.331804595883868 
2203	 0.33079563785342 
2204	 0.32912765605495 
2205	 0.327259379423885 
2206	 0.325979349373669 
2207	 0.325549310619875 
2208	 0.325149959687775 
2209	 0.3245057612772 
2210	 0.323500911514865 
2211	 0.322257820461118 
2212	 0.321142722283424 
2213	 0.320182988480524 
2214	 0.318694387837427 
2215	 0.316128339133773 
2216	 0.315000921171007 
2217	 0.314995274436468 
2218	 0.313508731024686 
2219	 0.312523058959758 
2220	 0.311334338712635 
2221	 0.309395702206451 
2222	 0.305742832455211 
2223	 0.303459187631391 
2224	 0.302252649889556 
2225	 0.300940558134427 
2226	 0.298698831759017 
2227	 0.296077290259468 
2228	 0.294493622156873 
2229	 0.292987306152154 
2230	 0.290363859827163 
2231	 0.287249165302049 
2232	 0.28421778417267 
2233	 0.282029640051781 
2234	 0.28110693650683 
2235	 0.280085691889871 
2236	 0.27807116420582 
2237	 0.276235289721527 
2238	 0.273078266208593 
2239	 0.270487285991561 
2240	 0.268430473235631 
2241	 0.266816610112172 
2242	 0.265325360532611 
2243	 0.262842106515587 
2244	 0.260018358049944 
2245	 0.25837430353265 
2246	 0.256686316070991 
2247	 0.254530035294382 
2248	 0.253577764538178 
2249	 0.252190648337002 
2250	 0.249636316556436 
2251	 0.247053194362423 
2252	 0.246600544889212 
2253	 0.246572924939363 
2254	 0.24646655116711 
2255	 0.245745070460566 
2256	 0.243095168130989 
2257	 0.240923638473058 
2258	 0.241334532918733 
2259	 0.241667716666513 
2260	 0.240101401208989 
2261	 0.239342093713233 
2262	 0.238203697094738 
2263	 0.236348631639559 
2264	 0.237696347667941 
2265	 0.238869591369618 
2266	 0.237397555573404 
2267	 0.235603112523024 
2268	 0.235452644136349 
2269	 0.236222450828221 
2270	 0.236070834860183 
2271	 0.236134714722747 
2272	 0.235475588239713 
2273	 0.232715830346814 
2274	 0.231985002394288 
2275	 0.232179733229224 
2276	 0.231961034920474 
2277	 0.233572614812288 
2278	 0.233159832705297 
2279	 0.230288276596271 
2280	 0.229625952512651 
2281	 0.229433068176308 
2282	 0.228177307707953 
2283	 0.228004551383367 
2284	 0.227921631289407 
2285	 0.226015658619496 
2286	 0.225043687379786 
2287	 0.225047158684673 
2288	 0.225784593748961 
2289	 0.225405744322488 
2290	 0.225809777318913 
2291	 0.227338003524993 
2292	 0.228282168504613 
2293	 0.227079963751211 
2294	 0.226076454742069 
2295	 0.227048072287155 
2296	 0.225975246588593 
2297	 0.225575387767482 
2298	 0.229376050145568 
2299	 0.230691223223405 
2300	 0.228528160461113 
2301	 0.227759894747954 
2302	 0.227163842629833 
2303	 0.225568373297095 
2304	 0.226870170382099 
2305	 0.231261462055702 
2306	 0.232676778189381 
2307	 0.230995725943979 
2308	 0.23033465400714 
2309	 0.230479857230719 
2310	 0.23077561912945 
2311	 0.232584589503007 
2312	 0.235125611459849 
2313	 0.235585410666036 
2314	 0.235072328552488 
2315	 0.236205546071666 
2316	 0.237373966206614 
2317	 0.237821257539482 
2318	 0.240344240825851 
2319	 0.241936837224713 
2320	 0.243846479804399 
2321	 0.244155212411616 
2322	 0.242738117711339 
2323	 0.243044064296189 
2324	 0.243538559267591 
2325	 0.243699681928319 
2326	 0.245041172238774 
2327	 0.245987356547077 
2328	 0.246155214699031 
2329	 0.24636683114364 
2330	 0.246545372302618 
2331	 0.246781497076033 
2332	 0.246834989300836 
2333	 0.246429112347694 
2334	 0.248000963753217 
2335	 0.247104251913191 
2336	 0.240324704114047 
2337	 0.238996638603379 
2338	 0.241698837046411 
2339	 0.241570882171151 
2340	 0.242065175610558 
2341	 0.24441476442495 
2342	 0.24502355795811 
2343	 0.24223446665874 
2344	 0.241633803087865 
2345	 0.244604153734782 
2346	 0.244695119145857 
2347	 0.244561104953124 
2348	 0.246206965714371 
2349	 0.247523895127435 
2350	 0.245099396908563 
2351	 0.240110177726236 
2352	 0.238889773058884 
2353	 0.233793132580012 
2354	 0.230976935063427 
2355	 0.237253850249341 
2356	 0.240360403817307 
2357	 0.241390927192324 
2358	 0.245055009845658 
2359	 0.247694429965441 
2360	 0.24533503137221 
2361	 0.243563866504901 
2362	 0.244714670074077 
2363	 0.24037904362208 
2364	 0.238544358569834 
2365	 0.244949850153558 
2366	 0.246477488081688 
2367	 0.243054333347816 
2368	 0.244083955782379 
2369	 0.245267219388808 
2370	 0.246225956701423 
2371	 0.2484968424515 
2372	 0.24665251033869 
2373	 0.243562673663587 
2374	 0.243615060926054 
2375	 0.24732555739803 
2376	 0.249409887612632 
2377	 0.245960122836439 
2378	 0.244691623339074 
2379	 0.246506664452338 
2380	 0.242679636052463 
2381	 0.237831611398531 
2382	 0.237532905773798 
2383	 0.237331934348914 
2384	 0.239564420062198 
2385	 0.244758748387704 
2386	 0.241840456017881 
2387	 0.23268722812289 
2388	 0.23142304016862 
2389	 0.235081473126178 
2390	 0.238647215309355 
2391	 0.243106703605073 
2392	 0.242207667750314 
2393	 0.237577246781067 
2394	 0.239138678523088 
2395	 0.241793798248795 
2396	 0.236990243188955 
2397	 0.232681420214831 
2398	 0.233808352806026 
2399	 0.235919415584745 
2400	 0.238765055739318 
2401	 0.247448720708665 
2402	 0.25433661434479 
2403	 0.249414699217337 
2404	 0.244275643022956 
2405	 0.241952387541182 
2406	 0.231814403833671 
2407	 0.224513830843276 
2408	 0.226920206584031 
2409	 0.228011542751018 
2410	 0.230577127751804 
2411	 0.235268952837047 
2412	 0.2390433025747 
2413	 0.243451420079601 
2414	 0.246108675576419 
2415	 0.242258319991968 
2416	 0.232637080017749 
2417	 0.23149635193744 
2418	 0.239404955155315 
2419	 0.243945665449505 
2420	 0.2418356846565 
2421	 0.235584578554792 
2422	 0.220519377495139 
2423	 0.216162920333477 
2424	 0.229087082665111 
2425	 0.222984472986463 
2426	 0.215830872196182 
2427	 0.220247322538877 
2428	 0.207405614149669 
2429	 0.210981185730213 
2430	 0.238801307784495 
2431	 0.23691443610635 
2432	 0.231478512660027 
2433	 0.251493466488723 
2434	 0.236283114837277 
2435	 0.213012905762686 
2436	 0.232787614573671 
2437	 0.239697994546913 
2438	 0.23257136519641 
2439	 0.242063442684776 
2440	 0.22764928279825 
2441	 0.190434561895489 
2442	 0.197737412665487 
2443	 0.229636724042843 
2444	 0.237552982758444 
2445	 0.253565855429554 
2446	 0.257818608349816 
2447	 0.254659073677758 
2448	 0.267601325491375 
2449	 0.263780431216239 
2450	 0.260205768682927 
2451	 0.243790864358199 
2452	 0.217986597230797 
2453	 0.230455330933598 
2454	 0.242255490033454 
2455	 0.240486830146923 
2456	 0.256954636806408 
2457	 0.251393310582946 
2458	 0.224192756603886 
2459	 0.213402528742381 
2460	 0.212081718725477 
2461	 0.223609473734571 
2462	 0.235264332964221 
2463	 0.245184410465393 
2464	 0.260122091435841 
2465	 0.220244615275348 
2466	 0.185762990894557 
2467	 0.204293066055857 
2468	 0.182154303876051 
2469	 0.19837510874438 
2470	 0.263702645349006 
2471	 0.264120943485299 
2472	 0.241365055043717 
2473	 0.220053204644635 
2474	 0.141624525965296 
2475	 0.134684161634222 
2476	 0.201398650615415 
2477	 0.185312550870929 
2478	 0.153152295925365 
2479	 0.12192173601258 
2480	 7.41791220167577E-02 
2481	 0.209405778560069 
2482	 0.267789210331813 
2483	 0.219360452902821 
2484	 0.231990456879108 
2485	 0.17827786377975 
2486	 0.184711156307045 
2487	 0.285472088191538 
2488	 0.34880247930344 
2489	 0.336255377481058 
2490	 0.119539400846901 
2491	 3.89536053050917E-02 
2492	 0.213253937382708 
2493	 0.210790537490725 
2494	 0.152007748389205 
2495	 0.302007213289551 
2496	 5.67792228880907E-02 
2497	-0.197029979462487 
2498	 8.85845173688399E-02 
2499	 0.184377124118135 
2500	 8.04792635564443E-02 
