Wavelength	09/27/123 at 12:25:29
350	 0.067132040748214 
351	 6.73504536187086E-02 
352	 0.067999087399491 
353	 6.86450023044815E-02 
354	 6.87516430974559E-02 
355	 0.06951251074215 
356	 7.03961099227218E-02 
357	 7.10664589677839E-02 
358	 7.19840039183673E-02 
359	 7.28938175904142E-02 
360	 7.36508794660778E-02 
361	 7.42020887919255E-02 
362	 7.49213971064149E-02 
363	 7.58375222187593E-02 
364	 7.68859849735102E-02 
365	 7.79151215060476E-02 
366	 7.89475861093032E-02 
367	 8.00592440531488E-02 
368	 8.13498131488594E-02 
369	 8.27860357777621E-02 
370	 8.43244005900434E-02 
371	 8.59429383727126E-02 
372	 8.76307944269693E-02 
373	 0.089558707645449 
374	 9.17089851524666E-02 
375	 9.39696230981922E-02 
376	 9.63842968717915E-02 
377	 9.89629102191947E-02 
378	 0.101707545121419 
379	 0.104548728209158 
380	 0.107812392343329 
381	 0.111626191636916 
382	 0.115942241969838 
383	 0.120077608270348 
384	 0.124546598065446 
385	 0.129500071693928 
386	 0.134029788772412 
387	 0.138959765165106 
388	 0.144233786559024 
389	 0.149525636290759 
390	 0.155377102415329 
391	 0.161699733338695 
392	 0.168211609937768 
393	 0.174480223022732 
394	 0.180812362157009 
395	 0.187050233764891 
396	 0.192846312941427 
397	 0.1980593406103 
398	 0.202984581376726 
399	 0.207768916471686 
400	 0.212307227931113 
401	 0.216558910636859 
402	 0.220735486115626 
403	 0.225089073627637 
404	 0.229298999441762 
405	 0.233336879787511 
406	 0.237163423804116 
407	 0.240719103104102 
408	 0.243887732980616 
409	 0.246675601781494 
410	 0.249154186378078 
411	 0.251372876726016 
412	 0.253415647100374 
413	 0.255305404674563 
414	 0.256935769907008 
415	 0.258547622070803 
416	 0.260164664575596 
417	 0.261709559410345 
418	 0.263076091804751 
419	 0.26447153171637 
420	 0.266021883401431 
421	 0.267715377512757 
422	 0.269344506805369 
423	 0.270937015610584 
424	 0.272598930079239 
425	 0.274350027974227 
426	 0.276059520835761 
427	 0.277696245308843 
428	 0.279407016220054 
429	 0.281074211680697 
430	 0.282734112671457 
431	 0.284478520915997 
432	 0.286369513629038 
433	 0.288353101398539 
434	 0.29040482095956 
435	 0.292562436775585 
436	 0.294930882760417 
437	 0.297377230917479 
438	 0.299710817274769 
439	 0.301911129355529 
440	 0.304065873620746 
441	 0.306171892527725 
442	 0.308094418188537 
443	 0.309947913240594 
444	 0.311649417601679 
445	 0.31313056475986 
446	 0.314657324138174 
447	 0.316085853505783 
448	 0.31734795565506 
449	 0.318523444976416 
450	 0.319637755209904 
451	 0.320671310404762 
452	 0.321604627591039 
453	 0.322538483702976 
454	 0.323410152118921 
455	 0.324186210345535 
456	 0.324884027342563 
457	 0.325546242267302 
458	 0.326194738097022 
459	 0.326835727647947 
460	 0.327418681611508 
461	 0.327956941662569 
462	 0.328469282970737 
463	 0.328947454350428 
464	 0.329465971993054 
465	 0.32998122724943 
466	 0.330443875724501 
467	 0.330950826663111 
468	 0.331297685496249 
469	 0.331495611580825 
470	 0.331760922860215 
471	 0.33205376950714 
472	 0.332329159674406 
473	 0.332537796361001 
474	 0.332649032050028 
475	 0.332746841514827 
476	 0.332842516902464 
477	 0.332890452659026 
478	 0.332948407125525 
479	 0.332990579863649 
480	 0.333004135053643 
481	 0.333038952617364 
482	 0.333067084714915 
483	 0.333092455085382 
484	 0.333128905764333 
485	 0.333036907882183 
486	 0.332878584221779 
487	 0.332722982015975 
488	 0.332569461662579 
489	 0.332405085689458 
490	 0.332244135465108 
491	 0.33210145593902 
492	 0.33184846889623 
493	 0.331528548923772 
494	 0.331206266206863 
495	 0.330884364216565 
496	 0.330550970113505 
497	 0.33015400983267 
498	 0.329644882621928 
499	 0.329187164685021 
500	 0.32866004181724 
501	 0.328012988622283 
502	 0.32736026135335 
503	 0.326628742049298 
504	 0.3258412989793 
505	 0.325038514382115 
506	 0.324166349125211 
507	 0.323169574010638 
508	 0.322055693683857 
509	 0.32094959660712 
510	 0.319764236909479 
511	 0.31853207107402 
512	 0.317290780613285 
513	 0.315981085326483 
514	 0.314594424882836 
515	 0.3130982611476 
516	 0.311439024526497 
517	 0.309751189010143 
518	 0.308047648319182 
519	 0.306309983265956 
520	 0.304505906097589 
521	 0.302714333576704 
522	 0.300923883759342 
523	 0.299077645090537 
524	 0.297142047283388 
525	 0.29515274115748 
526	 0.293144793651995 
527	 0.291079177131692 
528	 0.289027055976253 
529	 0.287001863611599 
530	 0.284920647064025 
531	 0.282848082537541 
532	 0.280732614470047 
533	 0.278561232257324 
534	 0.276380700093121 
535	 0.274220542660255 
536	 0.272051499703111 
537	 0.269806657596081 
538	 0.267525677050474 
539	 0.265226446019958 
540	 0.262905797910888 
541	 0.260504833069981 
542	 0.258146717652748 
543	 0.255820572164881 
544	 0.253429468181324 
545	 0.250980287691128 
546	 0.248510497243451 
547	 0.246053238190914 
548	 0.243622164668919 
549	 0.241234870861102 
550	 0.238869204881571 
551	 0.236473718396369 
552	 0.234037332906564 
553	 0.231619377171542 
554	 0.229256936496776 
555	 0.226942356424275 
556	 0.224660293407891 
557	 0.22239478598544 
558	 0.22015652680625 
559	 0.217961609139092 
560	 0.215802887220004 
561	 0.213726285351423 
562	 0.21180088599775 
563	 0.209898446894725 
564	 0.20802254998215 
565	 0.206210750083554 
566	 0.204497275472269 
567	 0.202899692679287 
568	 0.201392987665676 
569	 0.199920177569513 
570	 0.19855272135379 
571	 0.197244497786242 
572	 0.195961618652041 
573	 0.194725491327842 
574	 0.193564788366646 
575	 0.192455863065627 
576	 0.191382311671247 
577	 0.190441758990137 
578	 0.189545107921016 
579	 0.188653041749824 
580	 0.187818555860526 
581	 0.187023686594891 
582	 0.186255469404559 
583	 0.185497209308113 
584	 0.184703322003576 
585	 0.183939143102366 
586	 0.183247049034292 
587	 0.18262776291945 
588	 0.181998134310374 
589	 0.181328627105716 
590	 0.180640009697653 
591	 0.179928283933547 
592	 0.179206977397752 
593	 0.17849804096533 
594	 0.17786023406377 
595	 0.177243471689057 
596	 0.176584430129579 
597	 0.175860999086334 
598	 0.175142861395472 
599	 0.174451991496611 
600	 0.173772224166196 
601	 0.173079579615695 
602	 0.172419417398891 
603	 0.171766129241014 
604	 0.171107690669784 
605	 0.170461073989847 
606	 0.169836822423938 
607	 0.169294815453651 
608	 0.168858371358538 
609	 0.168369028224329 
610	 0.167888695935039 
611	 0.16746292186127 
612	 0.167097685842557 
613	 0.166711574492252 
614	 0.166356337869041 
615	 0.166071188388597 
616	 0.165784139011943 
617	 0.165511241168745 
618	 0.165243409531972 
619	 0.164956437123915 
620	 0.16472195503831 
621	 0.164548202747086 
622	 0.164407123192309 
623	 0.164231322722909 
624	 0.164043798027217 
625	 0.163868444017327 
626	 0.163720481937175 
627	 0.163537932378921 
628	 0.163367322041327 
629	 0.163221531372416 
630	 0.16306049040736 
631	 0.162869585571757 
632	 0.162674506282507 
633	 0.162510112099028 
634	 0.162414757781454 
635	 0.16231122245211 
636	 0.162183575701746 
637	 0.162065860810735 
638	 0.161991568824543 
639	 0.161967550620603 
640	 0.161993002743182 
641	 0.162066695983071 
642	 0.16212518674205 
643	 0.162177824507175 
644	 0.162265495704446 
645	 0.162399437889295 
646	 0.162564432406754 
647	 0.162756124153337 
648	 0.162986292112566 
649	 0.163244645782743 
650	 0.163475024141407 
651	 0.163657808276116 
652	 0.163905266204813 
653	 0.164191549890858 
654	 0.164494612368916 
655	 0.164810027317223 
656	 0.16525163277097 
657	 0.165661372609812 
658	 0.165951824532819 
659	 0.166247763490362 
660	 0.166531321198813 
661	 0.16680309783745 
662	 0.167063782781161 
663	 0.167268101889762 
664	 0.167449975622541 
665	 0.167601826665225 
666	 0.167670197453494 
667	 0.167713100089416 
668	 0.167725433932655 
669	 0.167696545121672 
670	 0.167638756682153 
671	 0.167554218163857 
672	 0.167423543379088 
673	 0.167231561117205 
674	 0.167117219058738 
675	 0.166912785584242 
676	 0.166579258856413 
677	 0.166309954015435 
678	 0.165995218713876 
679	 0.165679103427235 
680	 0.165404150190875 
681	 0.165041368187462 
682	 0.164635915143979 
683	 0.164246520092622 
684	 0.163931163913552 
685	 0.163594289146689 
686	 0.163316387269186 
687	 0.163089756390092 
688	 0.16263411506512 
689	 0.162077133036564 
690	 0.161464160741324 
691	 0.160834757525073 
692	 0.160182771381342 
693	 0.159549265045884 
694	 0.158925126340706 
695	 0.158259966859201 
696	 0.157655276544481 
697	 0.157036954240467 
698	 0.156348212931113 
699	 0.155676803271864 
700	 0.155029476660724 
701	 0.154406519946138 
702	 0.153798363010126 
703	 0.153169154745487 
704	 0.152642261477154 
705	 0.152181517854504 
706	 0.15158686328298 
707	 0.151203463728132 
708	 0.150910581917375 
709	 0.150577302267946 
710	 0.150348610291258 
711	 0.150132429103603 
712	 0.149993302876247 
713	 0.150052243602648 
714	 0.150127816856469 
715	 0.150239795473484 
716	 0.15042787001398 
717	 0.150720673187324 
718	 0.151135483340714 
719	 0.15159794194898 
720	 0.152026948962928 
721	 0.15249811799547 
722	 0.152941308046121 
723	 0.153447713943718 
724	 0.154111246460158 
725	 0.154810028333035 
726	 0.155559503063546 
727	 0.156407499362026 
728	 0.157376120404899 
729	 0.158266682375832 
730	 0.159201240538222 
731	 0.160303805592668 
732	 0.161460928618531 
733	 0.16262189402198 
734	 0.163875771064556 
735	 0.165351739493619 
736	 0.16691802036836 
737	 0.168561269638005 
738	 0.170301429689724 
739	 0.172169494493866 
740	 0.17425362402136 
741	 0.176529884817762 
742	 0.178961137217489 
743	 0.18158398059636 
744	 0.184373598576227 
745	 0.187391200109939 
746	 0.190696548663578 
747	 0.194197983146819 
748	 0.197947188777481 
749	 0.201972296411417 
750	 0.206236923105207 
751	 0.21089247809541 
752	 0.215779946156271 
753	 0.220765974664549 
754	 0.225993860671691 
755	 0.23155659061499 
756	 0.237149835115513 
757	 0.242445488815913 
758	 0.247221844694011 
759	 0.252791193819019 
760	 0.26081910161937 
761	 0.270014011219637 
762	 0.277030695834534 
763	 0.282843803421993 
764	 0.289110381809655 
765	 0.29488627783287 
766	 0.300206924834292 
767	 0.305364089077812 
768	 0.310621933018445 
769	 0.315920777802941 
770	 0.321230423828266 
771	 0.32645179669633 
772	 0.331514390168636 
773	 0.336449087632705 
774	 0.34122186814471 
775	 0.345814232548753 
776	 0.350258893605097 
777	 0.354465329813332 
778	 0.358462671976282 
779	 0.362311975650541 
780	 0.366120063632328 
781	 0.369695421510084 
782	 0.373045909420221 
783	 0.376293622445578 
784	 0.379397844846015 
785	 0.382342321566937 
786	 0.385149237692743 
787	 0.387883698542329 
788	 0.390482281533646 
789	 0.392950099660337 
790	 0.395312426845765 
791	 0.397610029211544 
792	 0.399752724136138 
793	 0.401763080100646 
794	 0.403700396836882 
795	 0.405530269491264 
796	 0.407279229198982 
797	 0.408930686547853 
798	 0.410443558985908 
799	 0.411960248547879 
800	 0.413427030265339 
801	 0.414802522009363 
802	 0.416129604196014 
803	 0.417405715778486 
804	 0.418655663370917 
805	 0.419888804183593 
806	 0.421048316953409 
807	 0.42211262540128 
808	 0.423194382280568 
809	 0.42440711116242 
810	 0.425489624507657 
811	 0.426541112084297 
812	 0.427584529170286 
813	 0.428551484877957 
814	 0.429666218343037 
815	 0.430790202507301 
816	 0.431840270085372 
817	 0.433024789313011 
818	 0.434126307557234 
819	 0.435096606023579 
820	 0.435978603431275 
821	 0.436830218485921 
822	 0.437753537110742 
823	 0.438722322636469 
824	 0.439624228849831 
825	 0.440362571241787 
826	 0.441083196241531 
827	 0.441815358887807 
828	 0.442447933049046 
829	 0.443111693360917 
830	 0.443777739715296 
831	 0.44441214270064 
832	 0.445020075240667 
833	 0.445627391665805 
834	 0.446178212420185 
835	 0.446663423110867 
836	 0.447213939323749 
837	 0.447804305780227 
838	 0.448320548134936 
839	 0.448670549460334 
840	 0.44910760107504 
841	 0.449558677534194 
842	 0.44996419023554 
843	 0.450292605091957 
844	 0.450629500304264 
845	 0.450947522312752 
846	 0.451251874569989 
847	 0.451614821106775 
848	 0.451876322973405 
849	 0.452073018728863 
850	 0.452259788674575 
851	 0.45240704889661 
852	 0.452612976969236 
853	 0.452838388934461 
854	 0.453022449611405 
855	 0.453199663028925 
856	 0.453308897893361 
857	 0.453412963777556 
858	 0.453598189858792 
859	 0.453738897889444 
860	 0.45384573855842 
861	 0.453948258755623 
862	 0.454087878560294 
863	 0.454259799198432 
864	 0.454424254809286 
865	 0.454555151524218 
866	 0.45469160521956 
867	 0.454808621199327 
868	 0.454906391362419 
869	 0.455029321610042 
870	 0.455303961702478 
871	 0.455513519765104 
872	 0.455585340135108 
873	 0.455580380391414 
874	 0.455760287629163 
875	 0.455950613756068 
876	 0.456083533285502 
877	 0.456154047362342 
878	 0.456262181743018 
879	 0.456237334384506 
880	 0.456126322478277 
881	 0.456159417596066 
882	 0.456149016901299 
883	 0.456073525362321 
884	 0.455976450162375 
885	 0.455947047152819 
886	 0.455837718767502 
887	 0.455753222599868 
888	 0.455743055222314 
889	 0.455635126182605 
890	 0.455443080296422 
891	 0.455245881505448 
892	 0.455080602510744 
893	 0.454861603880872 
894	 0.454607355803112 
895	 0.45439064658923 
896	 0.454273756410806 
897	 0.454152952434846 
898	 0.453937247292345 
899	 0.453687747530592 
900	 0.453482185537258 
901	 0.453041835321953 
902	 0.452805842739598 
903	 0.452673828652469 
904	 0.45221294274135 
905	 0.451786997588992 
906	 0.451730159629723 
907	 0.451867119567805 
908	 0.451560871330768 
909	 0.451337326988841 
910	 0.451244209701417 
911	 0.451199012243629 
912	 0.451051348697835 
913	 0.451025730775812 
914	 0.450998913049282 
915	 0.450983933670631 
916	 0.451303747207624 
917	 0.451598617547003 
918	 0.451928102579313 
919	 0.452352006599445 
920	 0.452725194059278 
921	 0.452769463539549 
922	 0.452836167033579 
923	 0.453231763662826 
924	 0.453371554415708 
925	 0.453734689747957 
926	 0.45411548628921 
927	 0.454128045725823 
928	 0.454179086068918 
929	 0.454561458421174 
930	 0.454777957179989 
931	 0.454063707928633 
932	 0.454573256484808 
933	 0.454396233015963 
934	 0.453795575598195 
935	 0.454719324060936 
936	 0.454507932475311 
937	 0.454861017455156 
938	 0.455736844465635 
939	 0.455718110137994 
940	 0.456244277653667 
941	 0.456134596321542 
942	 0.455571667242083 
943	 0.45611717640542 
944	 0.45674152598413 
945	 0.456702781078883 
946	 0.456275547265085 
947	 0.456803036364265 
948	 0.456394383347635 
949	 0.456209438466399 
950	 0.456989139730691 
951	 0.45815108290876 
952	 0.458351208367234 
953	 0.457691354729898 
954	 0.457105847885607 
955	 0.458094105436124 
956	 0.458588871371332 
957	 0.458614360672862 
958	 0.458638496951727 
959	 0.458944044290984 
960	 0.459576605965133 
961	 0.460139283412479 
962	 0.460473556714201 
963	 0.461086942796388 
964	 0.461377843385976 
965	 0.461304291633573 
966	 0.460976389259499 
967	 0.460413145265309 
968	 0.460877006574038 
969	 0.461599135735338 
970	 0.461803816043535 
971	 0.462552217834013 
972	 0.461683126602242 
973	 0.460964909107199 
974	 0.46209417107182 
975	 0.462611021404596 
976	 0.462247016026191 
977	 0.461816805576916 
978	 0.462075687933191 
979	 0.461995207178918 
980	 0.461793712371603 
981	 0.461534888619389 
982	 0.461323032517023 
983	 0.461583891377422 
984	 0.461416697873795 
985	 0.460937323952167 
986	 0.460699757014486 
987	 0.461294749310576 
988	 0.461319144849583 
989	 0.460875485156901 
990	 0.460623332474946 
991	 0.460735929654605 
992	 0.46054355480681 
993	 0.460301613955012 
994	 0.460403522298134 
995	 0.460122518789867 
996	 0.460153203381403 
997	 0.460140729205539 
998	 0.459454588142815 
999	 0.458055278319676 
1000	 0.458104454498195 
1001	 0.459539021858174 
1002	 0.45913670243933 
1003	 0.45872028357734 
1004	 0.458387417740854 
1005	 0.457915927202666 
1006	 0.457669786463655 
1007	 0.457579081786438 
1008	 0.457551927709978 
1009	 0.457553452178529 
1010	 0.457392121827988 
1011	 0.457195725231498 
1012	 0.456928604422366 
1013	 0.456614528587697 
1014	 0.456595612775703 
1015	 0.456597547276478 
1016	 0.456571151739129 
1017	 0.456654389532274 
1018	 0.456897577039542 
1019	 0.456921791283408 
1020	 0.456810155411954 
1021	 0.456921036994458 
1022	 0.456894600102601 
1023	 0.456779094897754 
1024	 0.4568467970169 
1025	 0.45685089149914 
1026	 0.456806679572153 
1027	 0.456829757797771 
1028	 0.456811397481281 
1029	 0.45682228756074 
1030	 0.456801633125746 
1031	 0.456727646975171 
1032	 0.456563270158666 
1033	 0.456599065143381 
1034	 0.456668351422439 
1035	 0.456665674250423 
1036	 0.456970712473666 
1037	 0.457062136752803 
1038	 0.457024173763863 
1039	 0.457158562534388 
1040	 0.456940804569214 
1041	 0.456942268507775 
1042	 0.456964510845056 
1043	 0.456837771367501 
1044	 0.456829938651154 
1045	 0.456990663058802 
1046	 0.456879562768887 
1047	 0.456846905712925 
1048	 0.456874324859724 
1049	 0.456643979608159 
1050	 0.456465923830669 
1051	 0.456190116591072 
1052	 0.45582939246635 
1053	 0.455472202922722 
1054	 0.455030743234078 
1055	 0.454685136482684 
1056	 0.454346827953 
1057	 0.453943753222938 
1058	 0.453585241368784 
1059	 0.453165643433506 
1060	 0.452758536174857 
1061	 0.452067772595458 
1062	 0.45139453312122 
1063	 0.450781190479596 
1064	 0.449970197305033 
1065	 0.449264775989845 
1066	 0.448675442598962 
1067	 0.447760011536934 
1068	 0.446894853322336 
1069	 0.446203282664619 
1070	 0.445296356480228 
1071	 0.444345821582094 
1072	 0.443298592758938 
1073	 0.442063692219434 
1074	 0.440789925797672 
1075	 0.439454736484871 
1076	 0.438129297918339 
1077	 0.436542802293899 
1078	 0.435244161225815 
1079	 0.43406970936305 
1080	 0.432946477583311 
1081	 0.432285380798248 
1082	 0.431684370471857 
1083	 0.430913001383999 
1084	 0.430026566312124 
1085	 0.429340933262077 
1086	 0.428544527720021 
1087	 0.427975440287608 
1088	 0.427611861098334 
1089	 0.427358632412768 
1090	 0.427156054667605 
1091	 0.427101438641799 
1092	 0.427100372114851 
1093	 0.427262707661984 
1094	 0.427552950427564 
1095	 0.427745931248466 
1096	 0.428148703349308 
1097	 0.428782279212891 
1098	 0.429290469921111 
1099	 0.429840349596673 
1100	 0.430471284016837 
1101	 0.431133802698917 
1102	 0.431837832566481 
1103	 0.432764999027703 
1104	 0.433486389329432 
1105	 0.434132781344181 
1106	 0.434799580348149 
1107	 0.435450756362342 
1108	 0.436004863947701 
1109	 0.436582260763782 
1110	 0.437309398381401 
1111	 0.43807588624263 
1112	 0.438926496053873 
1113	 0.439717966282778 
1114	 0.440640772034893 
1115	 0.441463955405059 
1116	 0.442169894139099 
1117	 0.442943894908518 
1118	 0.443666858812648 
1119	 0.444525032709201 
1120	 0.445609852361501 
1121	 0.446423787045606 
1122	 0.446718256361901 
1123	 0.447612712876042 
1124	 0.448679090533257 
1125	 0.449795727917262 
1126	 0.450708054866047 
1127	 0.452019121869627 
1128	 0.452946992616932 
1129	 0.453109778341773 
1130	 0.453699168909386 
1131	 0.454683328527977 
1132	 0.455173324614224 
1133	 0.455218952806299 
1134	 0.455533181542259 
1135	 0.455809509673281 
1136	 0.456086206803677 
1137	 0.456503511937521 
1138	 0.456829666391546 
1139	 0.457183949292931 
1140	 0.457348858608096 
1141	 0.457456641429021 
1142	 0.457532049564831 
1143	 0.45752109604741 
1144	 0.457269923898407 
1145	 0.457283085209018 
1146	 0.457258128185079 
1147	 0.45748669810505 
1148	 0.45805887643033 
1149	 0.458282301574024 
1150	 0.458639352805025 
1151	 0.458693298014286 
1152	 0.458313712606827 
1153	 0.458185034194164 
1154	 0.458129661840515 
1155	 0.45791035548536 
1156	 0.45792536638666 
1157	 0.458054193773987 
1158	 0.457988233448476 
1159	 0.4578903632813 
1160	 0.457806729171666 
1161	 0.457522420066935 
1162	 0.457576958359089 
1163	 0.457903961441444 
1164	 0.457966197268141 
1165	 0.45813268958866 
1166	 0.458063802911632 
1167	 0.457665203759953 
1168	 0.457449078384702 
1169	 0.457226766019953 
1170	 0.457044828207298 
1171	 0.456903454548236 
1172	 0.456789609899006 
1173	 0.456771212377461 
1174	 0.456736683160426 
1175	 0.456585709191521 
1176	 0.456396604823935 
1177	 0.456270737282706 
1178	 0.456059552542724 
1179	 0.455924885734412 
1180	 0.455851331018805 
1181	 0.455799613619136 
1182	 0.455719660389328 
1183	 0.455652303564906 
1184	 0.455800169061741 
1185	 0.455719944511626 
1186	 0.455412476076388 
1187	 0.455271338921665 
1188	 0.455175463253617 
1189	 0.454879123360976 
1190	 0.45502156563924 
1191	 0.455200245691675 
1192	 0.455231110696201 
1193	 0.455376373443202 
1194	 0.455388617246899 
1195	 0.455198340983515 
1196	 0.455171267832088 
1197	 0.455200099725724 
1198	 0.455253018858296 
1199	 0.455368979859176 
1200	 0.455463961463325 
1201	 0.455570229549794 
1202	 0.455624424063948 
1203	 0.45570299626508 
1204	 0.455741319284318 
1205	 0.455647249038876 
1206	 0.455744422514284 
1207	 0.455981162364262 
1208	 0.455983305172452 
1209	 0.456069144340948 
1210	 0.456257991146124 
1211	 0.456237593202306 
1212	 0.456142583145974 
1213	 0.45631575548574 
1214	 0.456588072824419 
1215	 0.456699517416553 
1216	 0.456834413290794 
1217	 0.456989018681937 
1218	 0.457040039410563 
1219	 0.457046153890821 
1220	 0.457118609505446 
1221	 0.457160539700167 
1222	 0.457024411313589 
1223	 0.45701790107412 
1224	 0.457091566528376 
1225	 0.457201816605061 
1226	 0.457272312474785 
1227	 0.45740906855544 
1228	 0.457453181316814 
1229	 0.457380748100153 
1230	 0.457434825828944 
1231	 0.457477087347672 
1232	 0.457403373766668 
1233	 0.457422573300206 
1234	 0.457349518661531 
1235	 0.4571900115504 
1236	 0.45716332900894 
1237	 0.457314952515161 
1238	 0.457268796356887 
1239	 0.457183927640023 
1240	 0.457117653672102 
1241	 0.456931709965011 
1242	 0.456829498284063 
1243	 0.456773991182655 
1244	 0.45674264212085 
1245	 0.456767272613112 
1246	 0.456795209719916 
1247	 0.45685400259296 
1248	 0.456967847470903 
1249	 0.456845828859985 
1250	 0.456618320346986 
1251	 0.456669433165435 
1252	 0.456635984250783 
1253	 0.456488867830475 
1254	 0.456601555741243 
1255	 0.456591980278935 
1256	 0.456276212339436 
1257	 0.456222162235518 
1258	 0.456466534589423 
1259	 0.456496702988462 
1260	 0.456505549420082 
1261	 0.456506899492005 
1262	 0.456444476807278 
1263	 0.456328583018776 
1264	 0.456282307988832 
1265	 0.456404514708438 
1266	 0.456593499423709 
1267	 0.456496216471787 
1268	 0.456288230318669 
1269	 0.456152761011687 
1270	 0.456044512961554 
1271	 0.455927291419962 
1272	 0.455834409570792 
1273	 0.455867188377878 
1274	 0.455772992985823 
1275	 0.455598783205231 
1276	 0.455412523584657 
1277	 0.455051825303202 
1278	 0.454875733489771 
1279	 0.454842809700232 
1280	 0.454705227571363 
1281	 0.454701034774885 
1282	 0.454559629863372 
1283	 0.454311118595161 
1284	 0.453865492776941 
1285	 0.453555903308897 
1286	 0.453499468587492 
1287	 0.453455400484573 
1288	 0.453498962170478 
1289	 0.453570224153365 
1290	 0.453367536305941 
1291	 0.453037308346125 
1292	 0.452765753420603 
1293	 0.452593903585485 
1294	 0.452558998174546 
1295	 0.452593925122712 
1296	 0.452619983201557 
1297	 0.452554177182876 
1298	 0.452378482885154 
1299	 0.452243992439036 
1300	 0.452201870559804 
1301	 0.452181675929238 
1302	 0.452197389237677 
1303	 0.452142667744355 
1304	 0.451953102356696 
1305	 0.451852208699758 
1306	 0.451765784176125 
1307	 0.451785697572234 
1308	 0.451694066841403 
1309	 0.451544014325901 
1310	 0.451397711584576 
1311	 0.451294266342255 
1312	 0.451328939287989 
1313	 0.45144467861112 
1314	 0.451442373235134 
1315	 0.451257340893456 
1316	 0.45104777693797 
1317	 0.450902101881024 
1318	 0.45092869509284 
1319	 0.450844475266398 
1320	 0.450515866709361 
1321	 0.450413765122281 
1322	 0.450455103299011 
1323	 0.450370582514092 
1324	 0.450216566115323 
1325	 0.450104200170898 
1326	 0.449906538923048 
1327	 0.449635254027995 
1328	 0.449767424421573 
1329	 0.449934336587 
1330	 0.449767781023241 
1331	 0.449363812557045 
1332	 0.449026102596585 
1333	 0.448693822596037 
1334	 0.448247680838222 
1335	 0.448118678301798 
1336	 0.448089766200377 
1337	 0.447734826877803 
1338	 0.447746670436889 
1339	 0.448069114345801 
1340	 0.447818393633353 
1341	 0.447354725956486 
1342	 0.446875343501582 
1343	 0.446119001387517 
1344	 0.44632552538938 
1345	 0.447137778577008 
1346	 0.446746419293808 
1347	 0.4462136954996 
1348	 0.445697427522703 
1349	 0.444608257026345 
1350	 0.444563387000429 
1351	 0.444418913536463 
1352	 0.443159579672953 
1353	 0.442277728138806 
1354	 0.441503949936591 
1355	 0.441588901236528 
1356	 0.441563704424689 
1357	 0.438444609587188 
1358	 0.436067806751629 
1359	 0.43398176081733 
1360	 0.430012996678672 
1361	 0.426028479700848 
1362	 0.44106528794731 
1363	 0.445422879649154 
1364	 0.419234377006434 
1365	 0.407337809850969 
1366	 0.375775823595744 
1367	 0.341444750767933 
1368	 0.408535831360399 
1369	 0.44278515278447 
1370	 0.370333498842419 
1371	 0.389244569859834 
1372	 0.41866311194429 
1373	 0.351482853365921 
1374	 0.377617092281522 
1375	 0.457803485459876 
1376	 0.383893061348794 
1377	 0.332144569135794 
1378	 0.344446537471201 
1379	 0.313521409095568 
1380	 0.340516866092832 
1381	 0.409715982689811 
1382	 0.437269003053059 
1383	 0.436704173066777 
1384	 0.423733274010178 
1385	 0.450537643613591 
1386	 0.480329704175204 
1387	 0.431117967243655 
1388	 0.41467056661082 
1389	 0.406085739661451 
1390	 0.390284779947707 
1391	 0.346721270345337 
1392	 0.3851847898489 
1393	 0.422340266140363 
1394	 0.416043275008999 
1395	 0.442146114876785 
1396	 0.437080514908224 
1397	 0.409716902788937 
1398	 0.405712160212465 
1399	 0.410125222429079 
1400	 0.419352979477549 
1401	 0.424007101679991 
1402	 0.423211786636803 
1403	 0.419409882341518 
1404	 0.425601443729515 
1405	 0.437250719669215 
1406	 0.43592261997173 
1407	 0.428401805327965 
1408	 0.42743484908089 
1409	 0.429391292563278 
1410	 0.432717447346957 
1411	 0.439699597170405 
1412	 0.438918322302119 
1413	 0.433735571269283 
1414	 0.435603316331551 
1415	 0.437387453508855 
1416	 0.436647702358777 
1417	 0.438284391788305 
1418	 0.437369500586207 
1419	 0.433497391469697 
1420	 0.433716903724889 
1421	 0.43634592928834 
1422	 0.437207845586047 
1423	 0.437457445990012 
1424	 0.437250356808425 
1425	 0.435981807856836 
1426	 0.435736613091147 
1427	 0.435437108508806 
1428	 0.436237370821679 
1429	 0.43797474473079 
1430	 0.439857349323461 
1431	 0.439625938773013 
1432	 0.439387076037426 
1433	 0.438895010301402 
1434	 0.43725887177702 
1435	 0.436834457348132 
1436	 0.437304437238012 
1437	 0.437922016958879 
1438	 0.438258565049139 
1439	 0.438439346330524 
1440	 0.438850377249936 
1441	 0.438823538304482 
1442	 0.438690684992115 
1443	 0.438533825290385 
1444	 0.438334746911647 
1445	 0.438757802557833 
1446	 0.439030091050266 
1447	 0.438692027468721 
1448	 0.438343227112402 
1449	 0.43782705966169 
1450	 0.437859809624101 
1451	 0.438642995150773 
1452	 0.439029958705905 
1453	 0.439032229385132 
1454	 0.439099698947677 
1455	 0.439042116799096 
1456	 0.439034030753812 
1457	 0.439255202558067 
1458	 0.439286161460948 
1459	 0.439261619899174 
1460	 0.439334959570379 
1461	 0.439100728066795 
1462	 0.438763949776505 
1463	 0.438523813037659 
1464	 0.438570566066245 
1465	 0.43860665877056 
1466	 0.438552351260428 
1467	 0.439095584279458 
1468	 0.43902622342413 
1469	 0.438422979874751 
1470	 0.438332272540048 
1471	 0.438628136302331 
1472	 0.438281091019692 
1473	 0.437888111729518 
1474	 0.438481114084822 
1475	 0.438959187227371 
1476	 0.438834734917641 
1477	 0.438854395896935 
1478	 0.438618090066329 
1479	 0.438301542366884 
1480	 0.43840232105779 
1481	 0.43866674081194 
1482	 0.438972633615222 
1483	 0.438838220914081 
1484	 0.438329022302083 
1485	 0.43799605062026 
1486	 0.437777069953103 
1487	 0.437707300018305 
1488	 0.437934790998673 
1489	 0.437961380261389 
1490	 0.437766041058233 
1491	 0.43780969349433 
1492	 0.437732688477492 
1493	 0.437640352036383 
1494	 0.437932931134193 
1495	 0.437979427441968 
1496	 0.437579849276681 
1497	 0.437475423230894 
1498	 0.437690280104514 
1499	 0.437628231449736 
1500	 0.437595334532696 
1501	 0.437612260286824 
1502	 0.437337432159261 
1503	 0.437357190773798 
1504	 0.437705196937188 
1505	 0.437735752818476 
1506	 0.43747693203295 
1507	 0.437328446743979 
1508	 0.437145151122928 
1509	 0.436999533931135 
1510	 0.437311687037672 
1511	 0.437387185597174 
1512	 0.436972012391009 
1513	 0.436876774582189 
1514	 0.436871078147732 
1515	 0.436585888733466 
1516	 0.4365305802822 
1517	 0.436656527503885 
1518	 0.436476446674866 
1519	 0.436253356200645 
1520	 0.436357208221779 
1521	 0.436492452718486 
1522	 0.436427242439061 
1523	 0.436352632291406 
1524	 0.436281364256403 
1525	 0.435996352229334 
1526	 0.435765871191119 
1527	 0.435752172661689 
1528	 0.43567293834984 
1529	 0.435639459014636 
1530	 0.43563488526672 
1531	 0.435515091431642 
1532	 0.435199975014473 
1533	 0.435157531953401 
1534	 0.435292512046465 
1535	 0.435192844592848 
1536	 0.435149750700525 
1537	 0.435102750715859 
1538	 0.434896330697175 
1539	 0.434587053001089 
1540	 0.434571295709785 
1541	 0.434561129972523 
1542	 0.434439982061171 
1543	 0.434322830680362 
1544	 0.434128057154889 
1545	 0.434154250126142 
1546	 0.434242470075828 
1547	 0.434067020667007 
1548	 0.434077090928038 
1549	 0.433883050071481 
1550	 0.433325465432526 
1551	 0.433240943622015 
1552	 0.433224863470796 
1553	 0.432930831776038 
1554	 0.432832349895855 
1555	 0.432690288212795 
1556	 0.432357672372811 
1557	 0.432312934432199 
1558	 0.432446862700303 
1559	 0.432209036860476 
1560	 0.431996132007767 
1561	 0.432032968502195 
1562	 0.431885070212555 
1563	 0.431859719458948 
1564	 0.431976683680161 
1565	 0.431889890745369 
1566	 0.431690976571829 
1567	 0.431576218367709 
1568	 0.431553851705101 
1569	 0.431435429575644 
1570	 0.431185984077405 
1571	 0.431040390380434 
1572	 0.431032916466315 
1573	 0.430907579153684 
1574	 0.430909927374781 
1575	 0.430802328281774 
1576	 0.430358237723192 
1577	 0.430151968366804 
1578	 0.430083879574498 
1579	 0.430077017523045 
1580	 0.430029273942807 
1581	 0.429784717594284 
1582	 0.429747423546267 
1583	 0.429612518584967 
1584	 0.429200394971219 
1585	 0.429152491715002 
1586	 0.429006641788329 
1587	 0.428584593310399 
1588	 0.42872824136944 
1589	 0.428723321316571 
1590	 0.428159620629928 
1591	 0.428007505643431 
1592	 0.428016987209206 
1593	 0.427736806637585 
1594	 0.427719092990589 
1595	 0.427657692065691 
1596	 0.427352891505424 
1597	 0.427309190630753 
1598	 0.427168533651201 
1599	 0.426962588994797 
1600	 0.426803395350874 
1601	 0.426510987828949 
1602	 0.42652617118872 
1603	 0.426601469036189 
1604	 0.426365840848341 
1605	 0.426035695115863 
1606	 0.4257052066982 
1607	 0.425563847604395 
1608	 0.425646894405988 
1609	 0.425728034092393 
1610	 0.425457276099988 
1611	 0.425012307969471 
1612	 0.424726434896231 
1613	 0.42447862795086 
1614	 0.424444532096468 
1615	 0.424363796399607 
1616	 0.42392824374182 
1617	 0.423540519757253 
1618	 0.423358973172709 
1619	 0.423257536483504 
1620	 0.423195910293575 
1621	 0.422912907892017 
1622	 0.422529528201049 
1623	 0.422357998538418 
1624	 0.422197560864146 
1625	 0.422143967754792 
1626	 0.422038975669883 
1627	 0.421518904109029 
1628	 0.421081237218931 
1629	 0.420884331627505 
1630	 0.420713891583565 
1631	 0.420684948198637 
1632	 0.42060483900647 
1633	 0.420396180017002 
1634	 0.42033153314676 
1635	 0.420182074801144 
1636	 0.419809451582252 
1637	 0.419647736688894 
1638	 0.41942627537831 
1639	 0.418989613097062 
1640	 0.418742574391739 
1641	 0.418385063390744 
1642	 0.417924972414269 
1643	 0.417682697488025 
1644	 0.417512742168229 
1645	 0.417264741355741 
1646	 0.416926617468009 
1647	 0.416547749707465 
1648	 0.416067300444286 
1649	 0.415509902718189 
1650	 0.415152064388727 
1651	 0.414757769982445 
1652	 0.414228625833488 
1653	 0.413761831551669 
1654	 0.413033907707939 
1655	 0.412378358605132 
1656	 0.412118313632598 
1657	 0.411575055553178 
1658	 0.410824589219204 
1659	 0.410171991620044 
1660	 0.40894024966739 
1661	 0.407763502130435 
1662	 0.40722117195381 
1663	 0.406530452766779 
1664	 0.406005719585232 
1665	 0.405686015988046 
1666	 0.404917533794785 
1667	 0.404096310710484 
1668	 0.403268809230628 
1669	 0.402293611182397 
1670	 0.401470599088417 
1671	 0.400464011736685 
1672	 0.399423715705227 
1673	 0.398522877517888 
1674	 0.397467876507571 
1675	 0.396862753076364 
1676	 0.396512814595391 
1677	 0.395777021612554 
1678	 0.395184199287155 
1679	 0.394388269679172 
1680	 0.393061223871202 
1681	 0.392321811849528 
1682	 0.39199179880652 
1683	 0.391349278896541 
1684	 0.390878373869068 
1685	 0.390362426862675 
1686	 0.389475598492644 
1687	 0.388957818802098 
1688	 0.388653408475874 
1689	 0.388298414816368 
1690	 0.388018918692815 
1691	 0.387490973379487 
1692	 0.387061777236732 
1693	 0.386780977248464 
1694	 0.386207522855979 
1695	 0.385772927194278 
1696	 0.385379447985409 
1697	 0.384611330401599 
1698	 0.384106459353803 
1699	 0.383686052149097 
1700	 0.38319304745655 
1701	 0.383292936819177 
1702	 0.383320933420172 
1703	 0.383194660759433 
1704	 0.382893931116596 
1705	 0.38277339786157 
1706	 0.382922850653039 
1707	 0.382805254800128 
1708	 0.382467896855073 
1709	 0.382311052530015 
1710	 0.382045376545068 
1711	 0.381876792561116 
1712	 0.382065010483434 
1713	 0.382144360487984 
1714	 0.382089201341996 
1715	 0.382043671066316 
1716	 0.382010151872612 
1717	 0.381942068936536 
1718	 0.381723153398286 
1719	 0.381762155636391 
1720	 0.382169307751271 
1721	 0.382221004119577 
1722	 0.382147087111808 
1723	 0.382113435277515 
1724	 0.381773029434897 
1725	 0.381708968175162 
1726	 0.381993215169104 
1727	 0.382085477829487 
1728	 0.382060019770769 
1729	 0.382166417065322 
1730	 0.382270279932979 
1731	 0.382412588355367 
1732	 0.382818727471228 
1733	 0.38286430833673 
1734	 0.382593064126909 
1735	 0.382741866456994 
1736	 0.382971559881719 
1737	 0.382988905422269 
1738	 0.383283142542243 
1739	 0.383167410882489 
1740	 0.38237206928038 
1741	 0.382426550772359 
1742	 0.382874365842239 
1743	 0.382985200568302 
1744	 0.383486123475339 
1745	 0.383511786913589 
1746	 0.382940808019536 
1747	 0.382919495320991 
1748	 0.382978475686985 
1749	 0.383019434151437 
1750	 0.383359125838061 
1751	 0.383176664615393 
1752	 0.383320778646184 
1753	 0.383456043218847 
1754	 0.383242920984448 
1755	 0.383821261899602 
1756	 0.384294669747766 
1757	 0.384395047368563 
1758	 0.384891517183719 
1759	 0.385067946314952 
1760	 0.38486340502416 
1761	 0.385062713678521 
1762	 0.385359793909741 
1763	 0.385733970931717 
1764	 0.386500531565045 
1765	 0.386911227534469 
1766	 0.38698020540489 
1767	 0.386922425252364 
1768	 0.386626260582129 
1769	 0.386914626404503 
1770	 0.387547939650423 
1771	 0.387889198549708 
1772	 0.388291256715212 
1773	 0.388647490792588 
1774	 0.388857046934243 
1775	 0.38922260855233 
1776	 0.389328133342903 
1777	 0.388984296235003 
1778	 0.388804143847809 
1779	 0.388346768622955 
1780	 0.388329380478147 
1781	 0.388720095485582 
1782	 0.388840567047876 
1783	 0.389253763241836 
1784	 0.389409008632556 
1785	 0.389288315978799 
1786	 0.389120040009927 
1787	 0.388778564336106 
1788	 0.388616930868147 
1789	 0.388206885218706 
1790	 0.388116240865632 
1791	 0.388564590065118 
1792	 0.388543889737235 
1793	 0.38836435875296 
1794	 0.388132539351142 
1795	 0.387356972618547 
1796	 0.387284451481438 
1797	 0.387802012449943 
1798	 0.388175317933825 
1799	 0.389369816135149 
1800	 0.389360045074549 
1801	 0.388128293317945 
1802	 0.387707353406772 
1803	 0.386715634385846 
1804	 0.386718106369499 
1805	 0.388542808763802 
1806	 0.388307779107528 
1807	 0.387161377203316 
1808	 0.38600187970077 
1809	 0.382926473536857 
1810	 0.380470820922601 
1811	 0.379899876020697 
1812	 0.378566808953978 
1813	 0.378807955769829 
1814	 0.382083765582689 
1815	 0.386987650481199 
1816	 0.388745812252696 
1817	 0.388676422265438 
1818	 0.384129814423468 
1819	 0.379363553513858 
1820	 0.374172343957257 
1821	 0.369689468065352 
1822	 0.361162319583144 
1823	 0.356009404279567 
1824	 0.357848249648659 
1825	 0.358201704977495 
1826	 0.360722346000025 
1827	 0.370938571845326 
1828	 0.398064755390503 
1829	 0.410090218860591 
1830	 0.418964586578096 
1831	 0.336385870790591 
1832	 0.36312528669407 
1833	 0.443584249889432 
1834	 1.15262773467232 
1835	 1.77988238078661 
1836	 0.82903393417724 
1837	 0.788092132226434 
1838	 0.324156053308137 
1839	 0.256006629671996 
1840	 0.757419965840265 
1841	 0.768192447344792 
1842	 0.910277359489743 
1843	 0.352313526573801 
1844	 0.381804714830618 
1845	 4.85996360541217 
1846	-25.4923491411682 
1847	 2.27671742274638 
1848	 3.84187065382258 
1849	 1.56937880983092 
1850	 0.353015307229866 
1851	 0.329310209051479 
1852	 1.19257979014216 
1853	 1.22229123239951 
1854	 2.7131180480144 
1855	 2.22130670052005 
1856	 0.392618186242847 
1857	 0.420936336890322 
1858	 1.46961213311835 
1859	 4.5046784115189 
1860	 2.76392289226781 
1861	 3.22724675388856 
1862	 0.583146751512693 
1863	 1.54356839226207E-02 
1864	 4.41182569938591E-03 
1865	 0.276929291934752 
1866	 0.406771601536484 
1867	 0.768721688033379 
1868	 0.263840083892917 
1869	 1.25595166422929E-02 
1870	-0.107414621395156 
1871	-2.49055777260621E-02 
1872	 1.14285711317803 
1873	 0.975529802154928 
1874	 0.446056859329571 
1875	 0.389418917345969 
1876	 0.112464437368861 
1877	 4.92120933952694E-02 
1878	 0.120139270502569 
1879	 0.124823646556802 
1880	 0.222366491107052 
1881	 0.260683014545236 
1882	 0.404876206143853 
1883	 0.879617983968265 
1884	 0.820866862280668 
1885	 0.628987046779211 
1886	 0.32731445266122 
1887	 0.177848897321734 
1888	 0.202707679985257 
1889	 0.342709027093365 
1890	 0.446202342009877 
1891	 0.439768959714407 
1892	 0.169583113971107 
1893	 0.137162179795854 
1894	 0.265141050182759 
1895	 0.322242787099927 
1896	 0.506261681348029 
1897	 0.485403276118933 
1898	 0.374898608788914 
1899	 0.397581319821975 
1900	 0.485679349533729 
1901	 0.541543570835524 
1902	 0.600150437162871 
1903	 0.608439339417714 
1904	 0.516900263438451 
1905	 0.110542426272774 
1906	 0.582882121200212 
1907	 0.792948866278692 
1908	 0.506612570904027 
1909	 0.677062493512938 
1910	 0.727995691535371 
1911	 0.468187801268162 
1912	 0.379383313237948 
1913	 0.387278076472836 
1914	 0.378899104880181 
1915	 0.352377327331435 
1916	 0.371169626488036 
1917	 0.415697388157975 
1918	 0.442524909182197 
1919	 0.455378641648876 
1920	 0.432424194929031 
1921	 0.448051799609056 
1922	 0.460746269514677 
1923	 0.426519622350487 
1924	 0.395481755479089 
1925	 0.362941981832349 
1926	 0.357252254313199 
1927	 0.348013751060634 
1928	 0.323003795004017 
1929	 0.329974782899392 
1930	 0.373201832204786 
1931	 0.389442613805527 
1932	 0.37472405621213 
1933	 0.363158844385876 
1934	 0.361705633351843 
1935	 0.360820948426974 
1936	 0.356862476339993 
1937	 0.369416494491835 
1938	 0.376763317889233 
1939	 0.363253484447821 
1940	 0.361054870950211 
1941	 0.36902883918266 
1942	 0.373508061729364 
1943	 0.372828918704866 
1944	 0.369752004818105 
1945	 0.366686498225234 
1946	 0.366228304077541 
1947	 0.366492614772311 
1948	 0.374795511018486 
1949	 0.375715984260111 
1950	 0.372333153743513 
1951	 0.376050884678956 
1952	 0.376697799829649 
1953	 0.37528695566726 
1954	 0.375626027222877 
1955	 0.37523490673723 
1956	 0.375200137952821 
1957	 0.374138392059213 
1958	 0.372994551905141 
1959	 0.372146244648341 
1960	 0.371342988167963 
1961	 0.37048679401394 
1962	 0.371885282642844 
1963	 0.373464318832756 
1964	 0.372928593128054 
1965	 0.372752041562461 
1966	 0.373094964310622 
1967	 0.373130151235778 
1968	 0.372548868063534 
1969	 0.372143351355279 
1970	 0.371129282592301 
1971	 0.370126881372586 
1972	 0.370320776763932 
1973	 0.371422326796294 
1974	 0.371914209080806 
1975	 0.372296539097824 
1976	 0.371968114667704 
1977	 0.370965093538805 
1978	 0.371121379096352 
1979	 0.371855630302305 
1980	 0.372058801248596 
1981	 0.372031294721524 
1982	 0.372052207216075 
1983	 0.37162611716819 
1984	 0.371080764717913 
1985	 0.371351395705663 
1986	 0.371628245379771 
1987	 0.371049280859035 
1988	 0.37022868988021 
1989	 0.369775438342249 
1990	 0.369906750467287 
1991	 0.370597032510123 
1992	 0.372153131621101 
1993	 0.372782797850129 
1994	 0.372114792074156 
1995	 0.372109436393252 
1996	 0.372415842080503 
1997	 0.372234151290657 
1998	 0.371676126271973 
1999	 0.372899159970689 
2000	 0.374112136192448 
2001	 0.373957956138751 
2002	 0.37267585073533 
2003	 0.371809926798338 
2004	 0.371971079913048 
2005	 0.372773796864453 
2006	 0.372589964062611 
2007	 0.372851692668788 
2008	 0.37396143476615 
2009	 0.3751458132017 
2010	 0.373125815123829 
2011	 0.374700703159075 
2012	 0.378079466358269 
2013	 0.377337512926139 
2014	 0.376329410394405 
2015	 0.375836219249015 
2016	 0.37616102525014 
2017	 0.375736052362509 
2018	 0.37475891170471 
2019	 0.374604812344212 
2020	 0.374603211230061 
2021	 0.374343779627194 
2022	 0.374155388129598 
2023	 0.374511251876879 
2024	 0.374250630509246 
2025	 0.373818604310388 
2026	 0.373483707175057 
2027	 0.37288317320033 
2028	 0.371658355961221 
2029	 0.370461697240017 
2030	 0.369944023112652 
2031	 0.369982030922678 
2032	 0.369810713550143 
2033	 0.370134149031617 
2034	 0.370352207168526 
2035	 0.370517289578304 
2036	 0.370334527811902 
2037	 0.369940970181376 
2038	 0.370208993362934 
2039	 0.369533290758325 
2040	 0.368721797489455 
2041	 0.368395935949401 
2042	 0.36818818490421 
2043	 0.368582519445919 
2044	 0.368898710567766 
2045	 0.368903426875844 
2046	 0.369130859620225 
2047	 0.369159260899558 
2048	 0.368479350245429 
2049	 0.368344716013715 
2050	 0.3687060468732 
2051	 0.368953270900881 
2052	 0.36874955633666 
2053	 0.36925075018486 
2054	 0.36942928847405 
2055	 0.369395598725539 
2056	 0.369659490183822 
2057	 0.369402452953653 
2058	 0.369194390222256 
2059	 0.369883840515069 
2060	 0.370044419053957 
2061	 0.370013453422027 
2062	 0.369820572199654 
2063	 0.369441571911953 
2064	 0.369167347273004 
2065	 0.369010021367551 
2066	 0.368563469018814 
2067	 0.367528341766845 
2068	 0.366910222192502 
2069	 0.366948825970978 
2070	 0.366504265536912 
2071	 0.36624281697508 
2072	 0.366335942018936 
2073	 0.366134597333392 
2074	 0.366225778750727 
2075	 0.36591284326555 
2076	 0.365682850070973 
2077	 0.365679808918714 
2078	 0.365308696576644 
2079	 0.365057403133213 
2080	 0.365548965715252 
2081	 0.365656598446518 
2082	 0.36413120374039 
2083	 0.362988692995739 
2084	 0.363608843977733 
2085	 0.363414188866939 
2086	 0.3623107130573 
2087	 0.3626413254848 
2088	 0.363010671311342 
2089	 0.362353221054957 
2090	 0.361969057656574 
2091	 0.362699877046054 
2092	 0.36260891829976 
2093	 0.361518764606779 
2094	 0.360542050902376 
2095	 0.359264481710441 
2096	 0.358993893305604 
2097	 0.358760220342419 
2098	 0.358733782164767 
2099	 0.359924826316509 
2100	 0.360415430669913 
2101	 0.358434388745681 
2102	 0.357014765687754 
2103	 0.357142004521845 
2104	 0.356449637340381 
2105	 0.35610459180859 
2106	 0.356728338591218 
2107	 0.356598214765056 
2108	 0.355366922338884 
2109	 0.355083734253581 
2110	 0.355649481997154 
2111	 0.355255247116225 
2112	 0.3545221460433 
2113	 0.354055168466886 
2114	 0.353400120124751 
2115	 0.352142095247717 
2116	 0.352108521009605 
2117	 0.352483632579693 
2118	 0.352191865753502 
2119	 0.352182333032088 
2120	 0.352319190758048 
2121	 0.350858861538538 
2122	 0.348966367599411 
2123	 0.349031509900092 
2124	 0.348762503876979 
2125	 0.348461614012404 
2126	 0.34816365720438 
2127	 0.34827825087903 
2128	 0.348117712419119 
2129	 0.347834847986394 
2130	 0.347496514614277 
2131	 0.347436016336484 
2132	 0.346999464034569 
2133	 0.346090166972993 
2134	 0.345017182748243 
2135	 0.34462826214853 
2136	 0.344032782588249 
2137	 0.343222995711436 
2138	 0.343191198284374 
2139	 0.342776360447182 
2140	 0.34241661496056 
2141	 0.343029648290849 
2142	 0.343248221294 
2143	 0.343071486560125 
2144	 0.342593293512564 
2145	 0.342699348726547 
2146	 0.342876905303021 
2147	 0.342764741625625 
2148	 0.342802460831849 
2149	 0.34299782704733 
2150	 0.342979879843277 
2151	 0.342706940117684 
2152	 0.342453991563908 
2153	 0.342744463256717 
2154	 0.343079180093203 
2155	 0.342337955312519 
2156	 0.342065607697207 
2157	 0.342934180535228 
2158	 0.342686090428203 
2159	 0.341743696003157 
2160	 0.341801831449456 
2161	 0.342175705648968 
2162	 0.342337982330719 
2163	 0.342544888379832 
2164	 0.342361944375035 
2165	 0.341438781136418 
2166	 0.341240550177776 
2167	 0.341001185489465 
2168	 0.340879023177966 
2169	 0.341893455422348 
2170	 0.341633886368798 
2171	 0.340229901709742 
2172	 0.339876669798505 
2173	 0.339848337984922 
2174	 0.338735112805037 
2175	 0.338873082126515 
2176	 0.338772901691925 
2177	 0.338490869067232 
2178	 0.338403782596186 
2179	 0.338152299041069 
2180	 0.338540173465203 
2181	 0.337032247907087 
2182	 0.335211771111509 
2183	 0.336169585863191 
2184	 0.336787643318364 
2185	 0.33658701813719 
2186	 0.337852959413948 
2187	 0.337870571518878 
2188	 0.335488007205095 
2189	 0.334522009259157 
2190	 0.334070508285361 
2191	 0.33365826068344 
2192	 0.3335348792761 
2193	 0.333081731621706 
2194	 0.333044972888369 
2195	 0.332957936264007 
2196	 0.332513492620173 
2197	 0.332037472777789 
2198	 0.331834967294038 
2199	 0.330309349359083 
2200	 0.328350010615566 
2201	 0.326782210214934 
2202	 0.325965162423638 
2203	 0.326296033758788 
2204	 0.326226215394696 
2205	 0.325538847312657 
2206	 0.325154469168767 
2207	 0.324570336327846 
2208	 0.32406946280725 
2209	 0.323464141377333 
2210	 0.322613126245603 
2211	 0.320856061853241 
2212	 0.319344959579101 
2213	 0.317876282404657 
2214	 0.317118587854088 
2215	 0.316589310696244 
2216	 0.315387237833231 
2217	 0.314584613712484 
2218	 0.313539629390809 
2219	 0.311801899410656 
2220	 0.309706251109535 
2221	 0.307355363421904 
2222	 0.305859861417321 
2223	 0.304388487787172 
2224	 0.30238527054288 
2225	 0.300432949798244 
2226	 0.299130464004641 
2227	 0.297272607223992 
2228	 0.295373451029999 
2229	 0.295307588121178 
2230	 0.294312932355565 
2231	 0.291033826098464 
2232	 0.288760783435735 
2233	 0.287071564754191 
2234	 0.284952181619507 
2235	 0.282925243463128 
2236	 0.281122776027075 
2237	 0.279722545520907 
2238	 0.278724628918902 
2239	 0.276440622212744 
2240	 0.273324275286863 
2241	 0.271642233511269 
2242	 0.270101598424563 
2243	 0.268107370340148 
2244	 0.267230791562769 
2245	 0.265902262133864 
2246	 0.262579321343445 
2247	 0.260797316606412 
2248	 0.261175952334034 
2249	 0.260094730809651 
2250	 0.258938329085197 
2251	 0.25669581325193 
2252	 0.254160802553881 
2253	 0.253374526132223 
2254	 0.252817217148714 
2255	 0.252672195050614 
2256	 0.252908317469342 
2257	 0.252545823719151 
2258	 0.252451929957976 
2259	 0.25195712427977 
2260	 0.251019251538532 
2261	 0.250977326989468 
2262	 0.250841044124406 
2263	 0.250107152901617 
2264	 0.24896332102582 
2265	 0.247269265974744 
2266	 0.246496228104946 
2267	 0.246821785340026 
2268	 0.24739314551327 
2269	 0.247084379275579 
2270	 0.245004496757349 
2271	 0.2430874415819 
2272	 0.242524551848268 
2273	 0.243117228404935 
2274	 0.242833205255474 
2275	 0.242901037043748 
2276	 0.242670014179399 
2277	 0.241621689023577 
2278	 0.241311335175575 
2279	 0.242132345218446 
2280	 0.242094494494013 
2281	 0.241372822259578 
2282	 0.240680774971789 
2283	 0.239588656873805 
2284	 0.239492151332256 
2285	 0.240527485409067 
2286	 0.23983498381643 
2287	 0.238387447202917 
2288	 0.237110163836082 
2289	 0.237230613552081 
2290	 0.237155880326087 
2291	 0.237374485838538 
2292	 0.239186725419664 
2293	 0.238736818200577 
2294	 0.238783403309227 
2295	 0.240698248320075 
2296	 0.240083456463696 
2297	 0.238361383161262 
2298	 0.238301230688946 
2299	 0.238913533043073 
2300	 0.238013335004918 
2301	 0.236836558463331 
2302	 0.237042284491071 
2303	 0.237950319086127 
2304	 0.239242119751011 
2305	 0.240188363341037 
2306	 0.240649410073631 
2307	 0.240468784844704 
2308	 0.241274369526711 
2309	 0.243398698900807 
2310	 0.242941803928847 
2311	 0.242855678323295 
2312	 0.245584968840678 
2313	 0.245524267191678 
2314	 0.245551805398962 
2315	 0.248180414316336 
2316	 0.246322495266091 
2317	 0.245717670017731 
2318	 0.248626941038168 
2319	 0.249897886237535 
2320	 0.249134115686359 
2321	 0.251086942900964 
2322	 0.25467877633834 
2323	 0.255667760645784 
2324	 0.25733131916489 
2325	 0.256837561432672 
2326	 0.252214832015696 
2327	 0.252360340011793 
2328	 0.254723210034011 
2329	 0.25452895461915 
2330	 0.25537740227476 
2331	 0.256565294261594 
2332	 0.255598171526801 
2333	 0.255023457386771 
2334	 0.257584690514806 
2335	 0.257717049982635 
2336	 0.253849225302603 
2337	 0.253959134444351 
2338	 0.256137730613208 
2339	 0.255586369705412 
2340	 0.25465189790613 
2341	 0.256793444849961 
2342	 0.25779418118726 
2343	 0.255136934312745 
2344	 0.253413564229513 
2345	 0.251933202749936 
2346	 0.24671696629292 
2347	 0.244840862040424 
2348	 0.248340003478394 
2349	 0.248650546383451 
2350	 0.248576684788684 
2351	 0.250139213728701 
2352	 0.249108744775897 
2353	 0.246825399989288 
2354	 0.245178016965963 
2355	 0.2470782649344 
2356	 0.248921637006517 
2357	 0.249107838627176 
2358	 0.25186691277251 
2359	 0.252254672189606 
2360	 0.250033368295328 
2361	 0.253413187016893 
2362	 0.257767494604341 
2363	 0.255238005586859 
2364	 0.25086861372304 
2365	 0.252106238326428 
2366	 0.255289513134743 
2367	 0.255547774509442 
2368	 0.256982854316438 
2369	 0.25345712840827 
2370	 0.247831928950152 
2371	 0.249823248739587 
2372	 0.249826049148069 
2373	 0.250363830420943 
2374	 0.253724074688823 
2375	 0.248636869196222 
2376	 0.247663611895564 
2377	 0.255328854383325 
2378	 0.255084341777035 
2379	 0.254080904973656 
2380	 0.256286693579909 
2381	 0.252437934615243 
2382	 0.246373983266164 
2383	 0.24672571068767 
2384	 0.24505376455017 
2385	 0.239014524019882 
2386	 0.240811211187272 
2387	 0.239951995992474 
2388	 0.242378968508517 
2389	 0.248553915747346 
2390	 0.247647125443389 
2391	 0.254814230700901 
2392	 0.255777007497339 
2393	 0.245043050837174 
2394	 0.245612226091773 
2395	 0.249103380822312 
2396	 0.246156974142068 
2397	 0.246933877376624 
2398	 0.24708048255878 
2399	 0.236369702037122 
2400	 0.22707336205312 
2401	 0.230660736684609 
2402	 0.239826644328097 
2403	 0.243702118796983 
2404	 0.244107700362284 
2405	 0.247205321841686 
2406	 0.248930013331816 
2407	 0.249863543879109 
2408	 0.257283430466621 
2409	 0.262622807057123 
2410	 0.258521272319732 
2411	 0.260523053931352 
2412	 0.268558356291464 
2413	 0.26766708064202 
2414	 0.26994344470119 
2415	 0.275249653790947 
2416	 0.262221971936328 
2417	 0.249073399111092 
2418	 0.24593654850726 
2419	 0.242628828025475 
2420	 0.247762770845449 
2421	 0.251863203011795 
2422	 0.250320938936935 
2423	 0.246202534484318 
2424	 0.246443035767673 
2425	 0.255432695307274 
2426	 0.252489985871375 
2427	 0.24387642480411 
2428	 0.232449561832696 
2429	 0.221053202233901 
2430	 0.228396637725592 
2431	 0.239260103166997 
2432	 0.237042010905483 
2433	 0.234885647345028 
2434	 0.241292486913512 
2435	 0.247077175927369 
2436	 0.241287387678489 
2437	 0.244422096531948 
2438	 0.252050362909097 
2439	 0.241762658982453 
2440	 0.246781171700678 
2441	 0.251209307348356 
2442	 0.241934083324591 
2443	 0.241395107034758 
2444	 0.24543955327308 
2445	 0.25583977303807 
2446	 0.251055965062813 
2447	 0.248523445498206 
2448	 0.243626814681342 
2449	 0.226269584277735 
2450	 0.243917230751681 
2451	 0.260269396288362 
2452	 0.255014836925227 
2453	 0.268004155530028 
2454	 0.260819453408611 
2455	 0.230079000312496 
2456	 0.23633762713052 
2457	 0.235847186365039 
2458	 0.208823761584394 
2459	 0.202901070414278 
2460	 0.200564395093076 
2461	 0.212554666027337 
2462	 0.246091424254291 
2463	 0.248692493379949 
2464	 0.218519052959061 
2465	 0.194132190392351 
2466	 0.190030498503857 
2467	 0.208284054792205 
2468	 0.231739001406666 
2469	 0.232851662865107 
2470	 0.223359283801746 
2471	 0.227900868070242 
2472	 0.228524208661375 
2473	 0.246463621094023 
2474	 0.279004007378814 
2475	 0.266517400680001 
2476	 0.238948422206026 
2477	 0.235159216644885 
2478	 0.207170705198923 
2479	 0.313255550944862 
2480	 0.345848146680749 
2481	 0.351405924850617 
2482	 0.39971557163424 
2483	 0.326097957523332 
2484	 0.289541048780434 
2485	 0.400674342982182 
2486	 0.42954321970081 
2487	 0.385192716790711 
2488	 0.420947954184941 
2489	 0.347043159045239 
2490	 0.350905731510103 
2491	 0.594007629981547 
2492	 0.753486808348356 
2493	 0.726041547159826 
2494	 0.604733297745762 
2495	 0.401212341475412 
2496	 0.373089301606419 
2497	 0.329821337596997 
2498	 0.283404059334442 
2499	 0.189680716832821 
2500	 9.54648961670392E-02 
