Wavelength	09/27/123 at 12:24:58
350	 6.86030348788294E-02 
351	 6.86346466341945E-02 
352	 6.92271713402752E-02 
353	 7.01651466671778E-02 
354	 7.09654761810149E-02 
355	 0.071682515334002 
356	 7.22490505448747E-02 
357	 7.27866261986904E-02 
358	 7.38233352589964E-02 
359	 7.50744583167721E-02 
360	 7.61757347102977E-02 
361	 0.076809338592892 
362	 7.76050048702874E-02 
363	 7.85042351201909E-02 
364	 7.94883857168271E-02 
365	 8.08320038694172E-02 
366	 8.21231631536512E-02 
367	 8.34000684407847E-02 
368	 8.48995287969367E-02 
369	 8.65737351430125E-02 
370	 8.82169785844144E-02 
371	 8.98585766258352E-02 
372	 9.20929477588656E-02 
373	 0.094488923323192 
374	 9.70126139871088E-02 
375	 9.97982091426657E-02 
376	 0.102610797628648 
377	 0.10566978617053 
378	 0.109075532213871 
379	 0.112514643799095 
380	 0.116089156742784 
381	 0.120061580581753 
382	 0.124755017529033 
383	 0.130033655102031 
384	 0.135543136362914 
385	 0.141040473367921 
386	 0.14669931639053 
387	 0.152623524051966 
388	 0.15884545640988 
389	 0.165389984324756 
390	 0.172231306393105 
391	 0.179559353475842 
392	 0.187270759431608 
393	 0.194791479234943 
394	 0.202447379075467 
395	 0.209889903815083 
396	 0.216583614464057 
397	 0.222879860801783 
398	 0.228828908108373 
399	 0.234464351621971 
400	 0.239907157444984 
401	 0.244985682960468 
402	 0.249884258546076 
403	 0.254880104613101 
404	 0.25978458740703 
405	 0.264514891100198 
406	 0.268953589018508 
407	 0.272940840800791 
408	 0.276593918527925 
409	 0.279870059385658 
410	 0.282703736993577 
411	 0.285225417011405 
412	 0.287540946106382 
413	 0.289696361045218 
414	 0.291627473198654 
415	 0.293489665573327 
416	 0.295254149767305 
417	 0.296850966983334 
418	 0.298494348173891 
419	 0.300175075544592 
420	 0.301905118753176 
421	 0.30378914998897 
422	 0.305709697725289 
423	 0.307632460111734 
424	 0.309558619727958 
425	 0.311587022339184 
426	 0.31356535809077 
427	 0.31544713212781 
428	 0.317379960496822 
429	 0.319332174865514 
430	 0.321310340076975 
431	 0.323355957117128 
432	 0.325620669801802 
433	 0.327995873004576 
434	 0.330454726082486 
435	 0.333129562765272 
436	 0.335854975477557 
437	 0.338593466377482 
438	 0.341327040202214 
439	 0.343956150903337 
440	 0.346543325909925 
441	 0.349055649930835 
442	 0.351319384400552 
443	 0.35342591395653 
444	 0.355376210147706 
445	 0.357173597738935 
446	 0.358913570286757 
447	 0.360565422983912 
448	 0.36207621908863 
449	 0.363407207505823 
450	 0.364675748946 
451	 0.365880290151656 
452	 0.366981265165363 
453	 0.367986015588381 
454	 0.368917451436208 
455	 0.369778002442194 
456	 0.370553890021523 
457	 0.371358431546789 
458	 0.372112209130933 
459	 0.372738388951708 
460	 0.373380927679434 
461	 0.373986991332303 
462	 0.37456322942169 
463	 0.375148116642151 
464	 0.375696506174104 
465	 0.376204335128063 
466	 0.376681870248611 
467	 0.377187298970239 
468	 0.377555215059197 
469	 0.377788961243268 
470	 0.378054827668048 
471	 0.378348685135361 
472	 0.378611793742888 
473	 0.378788294706039 
474	 0.378903838611343 
475	 0.378986402523433 
476	 0.379039366396553 
477	 0.379050491434424 
478	 0.379140721385224 
479	 0.379220180450218 
480	 0.379206431474151 
481	 0.379133671285975 
482	 0.379020395321829 
483	 0.378893704637523 
484	 0.378779780794302 
485	 0.378619468245944 
486	 0.378460143139908 
487	 0.378331764350369 
488	 0.378195405848043 
489	 0.378020339026567 
490	 0.377734165086048 
491	 0.377274076819838 
492	 0.376912762352269 
493	 0.376578520401917 
494	 0.376193415713092 
495	 0.3757063579737 
496	 0.375157761806378 
497	 0.374591662593222 
498	 0.374044226270021 
499	 0.373438829316881 
500	 0.372754344402925 
501	 0.371974975454227 
502	 0.371038347053598 
503	 0.370128786927962 
504	 0.369188629402711 
505	 0.368095072814065 
506	 0.366996009995174 
507	 0.365793861903357 
508	 0.364457460450206 
509	 0.363111740851458 
510	 0.361660043183188 
511	 0.360135629868519 
512	 0.358581149193322 
513	 0.356947526967857 
514	 0.355259948649136 
515	 0.353461544141437 
516	 0.351401824636777 
517	 0.349323613753614 
518	 0.347283366945572 
519	 0.345264691144462 
520	 0.343163570505682 
521	 0.341010027930195 
522	 0.338807597507836 
523	 0.336576686255258 
524	 0.33430864041216 
525	 0.331952537247898 
526	 0.329500111856527 
527	 0.327101587792833 
528	 0.324720193815515 
529	 0.322334275890038 
530	 0.319869017113765 
531	 0.317311124486744 
532	 0.314725292756025 
533	 0.31218337741063 
534	 0.309633887224646 
535	 0.307070110791866 
536	 0.304469550402 
537	 0.301799407822442 
538	 0.299121993719365 
539	 0.296415144201549 
540	 0.293658179286621 
541	 0.290842575770205 
542	 0.288058992782468 
543	 0.285287723935758 
544	 0.282436195437064 
545	 0.279581060168369 
546	 0.276727596012083 
547	 0.273872085368808 
548	 0.270998839306132 
549	 0.268138523467356 
550	 0.265316614280941 
551	 0.262524120601855 
552	 0.259717265485327 
553	 0.256928722921711 
554	 0.254181124008097 
555	 0.251464124341522 
556	 0.248783157424652 
557	 0.246129919997707 
558	 0.243522038288737 
559	 0.24098178498355 
560	 0.238486243600147 
561	 0.236074264376811 
562	 0.233813504438743 
563	 0.231568582144804 
564	 0.229385285232237 
565	 0.227310597654154 
566	 0.225251491451431 
567	 0.223347237642674 
568	 0.221572030387938 
569	 0.219790949493591 
570	 0.218123215863712 
571	 0.216570365653505 
572	 0.215097639459483 
573	 0.213617930288171 
574	 0.212215850889159 
575	 0.210897343526176 
576	 0.209664715384589 
577	 0.208586063498063 
578	 0.207555116669007 
579	 0.206525570078215 
580	 0.205557171805147 
581	 0.204580942570213 
582	 0.203649354410243 
583	 0.202818313810884 
584	 0.201951480360516 
585	 0.201073546240558 
586	 0.200239782671413 
587	 0.199516655948206 
588	 0.198693783665892 
589	 0.197808506715596 
590	 0.196977409809144 
591	 0.196169578405783 
592	 0.195342953549781 
593	 0.194495858525577 
594	 0.193697474316173 
595	 0.192960800531281 
596	 0.192227160281327 
597	 0.191446902054093 
598	 0.190612862319058 
599	 0.189820168307434 
600	 0.189043896645613 
601	 0.188218367223076 
602	 0.187385457797981 
603	 0.186611077309121 
604	 0.185899998596031 
605	 0.185169869973643 
606	 0.184416121802515 
607	 0.183709615807739 
608	 0.183110565473652 
609	 0.182562676779086 
610	 0.181984282951107 
611	 0.181411421543309 
612	 0.180976012864468 
613	 0.180513467885786 
614	 0.180116259166277 
615	 0.179837464789018 
616	 0.179460695361619 
617	 0.179129152246064 
618	 0.178827109249694 
619	 0.178451512232142 
620	 0.178140427133686 
621	 0.177902914218828 
622	 0.17770316980339 
623	 0.177466724064405 
624	 0.177226246050245 
625	 0.177012030216945 
626	 0.176831854578866 
627	 0.176544405195819 
628	 0.1762936344058 
629	 0.176107602971742 
630	 0.175852670988945 
631	 0.175657627633333 
632	 0.175476149104181 
633	 0.175250760536415 
634	 0.175025904506942 
635	 0.17490415424862 
636	 0.174813737357841 
637	 0.174592695645863 
638	 0.174478978208381 
639	 0.174452511415992 
640	 0.174466053879577 
641	 0.174497014808345 
642	 0.174522407276899 
643	 0.174565612927472 
644	 0.174663441001518 
645	 0.174792186165885 
646	 0.174905278019216 
647	 0.17503052173023 
648	 0.17528319884631 
649	 0.175558769599134 
650	 0.175826762492991 
651	 0.176081673918543 
652	 0.17632642198081 
653	 0.176556994740065 
654	 0.176815507090917 
655	 0.177187894958083 
656	 0.17778316819798 
657	 0.178266060242178 
658	 0.178511193760359 
659	 0.178868069607868 
660	 0.179157338889295 
661	 0.179419332938018 
662	 0.179734706129392 
663	 0.179997945308485 
664	 0.180215793538569 
665	 0.180372868839301 
666	 0.180428970680262 
667	 0.18051869771345 
668	 0.18052394309224 
669	 0.180383460642073 
670	 0.180339273759459 
671	 0.180262152812342 
672	 0.180090125265784 
673	 0.179820517242663 
674	 0.179654356214752 
675	 0.179436327923694 
676	 0.179106484956557 
677	 0.178799858377052 
678	 0.178424693938018 
679	 0.178042130704609 
680	 0.177712770456052 
681	 0.177326290062987 
682	 0.176879859287259 
683	 0.17642215486921 
684	 0.176031539636931 
685	 0.175616711157696 
686	 0.175227491831947 
687	 0.174869517275745 
688	 0.174415076095377 
689	 0.173806172314201 
690	 0.173064015211133 
691	 0.172274740364294 
692	 0.171509254373725 
693	 0.170763091826865 
694	 0.170033595105556 
695	 0.169325233053451 
696	 0.168639075791841 
697	 0.167901777273604 
698	 0.167082318681758 
699	 0.166317254115965 
700	 0.165570425977598 
701	 0.164838198270831 
702	 0.164123770659589 
703	 0.16339557298012 
704	 0.162725045342124 
705	 0.162140301786888 
706	 0.161632289471056 
707	 0.16114240527826 
708	 0.160714046844754 
709	 0.160379012443938 
710	 0.160045233385801 
711	 0.159776382992111 
712	 0.159612477667132 
713	 0.159586001971137 
714	 0.159703524876877 
715	 0.159803623063365 
716	 0.159873000259499 
717	 0.160131489317379 
718	 0.160470747933433 
719	 0.160949205007903 
720	 0.161563788690412 
721	 0.162138798236638 
722	 0.162618345522985 
723	 0.163153965846066 
724	 0.163909890050828 
725	 0.164673741517254 
726	 0.165484764665715 
727	 0.166415902504389 
728	 0.167491675752248 
729	 0.168592226665845 
730	 0.169741172372067 
731	 0.170979724211535 
732	 0.172306606675265 
733	 0.173663547028708 
734	 0.175105394362498 
735	 0.176728043198 
736	 0.178522083893221 
737	 0.180411874791087 
738	 0.182405236337315 
739	 0.184614496560525 
740	 0.187027452568228 
741	 0.189631829004187 
742	 0.192415784178677 
743	 0.195384164837595 
744	 0.198569324654263 
745	 0.202033977291443 
746	 0.205813917869897 
747	 0.209891515052087 
748	 0.214244945368405 
749	 0.218886563951284 
750	 0.223851282473827 
751	 0.229173315068198 
752	 0.234819995671747 
753	 0.240730523214701 
754	 0.246811111782732 
755	 0.253238392600839 
756	 0.25969242023104 
757	 0.265802059245323 
758	 0.271244455843174 
759	 0.277532913108637 
760	 0.286684601547188 
761	 0.297516153809732 
762	 0.30573982400754 
763	 0.3125072795719 
764	 0.319844838914461 
765	 0.326678772190213 
766	 0.333016352959703 
767	 0.339143131124554 
768	 0.345331412100712 
769	 0.351555750357325 
770	 0.35779243809721 
771	 0.363938902515652 
772	 0.369927847394582 
773	 0.375809443769002 
774	 0.381481150757349 
775	 0.38688919452769 
776	 0.392112114242624 
777	 0.397104602240795 
778	 0.40192340707339 
779	 0.406610547898185 
780	 0.411135600112924 
781	 0.415394644077685 
782	 0.419397326018181 
783	 0.423227987114078 
784	 0.426990342796331 
785	 0.430557075492324 
786	 0.433883296957653 
787	 0.437063891514122 
788	 0.440140491490623 
789	 0.443147849259773 
790	 0.446080214350377 
791	 0.448850221225128 
792	 0.451445252398734 
793	 0.453886200121021 
794	 0.456203318041653 
795	 0.458365854496827 
796	 0.460433584130105 
797	 0.462417752960486 
798	 0.464281713960168 
799	 0.465969822628912 
800	 0.467645362532123 
801	 0.469353111081617 
802	 0.47089327567683 
803	 0.472468739945471 
804	 0.474058539652668 
805	 0.475576170373527 
806	 0.476934661369395 
807	 0.478252602583973 
808	 0.479622078806297 
809	 0.481046843789779 
810	 0.48220810454634 
811	 0.483348614501644 
812	 0.484559300314102 
813	 0.485729276591861 
814	 0.486901613428777 
815	 0.488122771223026 
816	 0.489451825614784 
817	 0.490996180917566 
818	 0.492356235315963 
819	 0.493579652242091 
820	 0.494810849896083 
821	 0.495923619254194 
822	 0.496948866351719 
823	 0.498014427007019 
824	 0.499223947449538 
825	 0.500310576714266 
826	 0.501203307065871 
827	 0.50196939461819 
828	 0.502757198856802 
829	 0.503708770420092 
830	 0.504602048597257 
831	 0.505330657153076 
832	 0.506090468837574 
833	 0.50691124252187 
834	 0.507689584663955 
835	 0.508367509404761 
836	 0.509081211267288 
837	 0.509751441015163 
838	 0.51034579863267 
839	 0.510864979444534 
840	 0.511384529089156 
841	 0.511919598750829 
842	 0.512441746836636 
843	 0.512889895409364 
844	 0.513323488399022 
845	 0.513744277918644 
846	 0.514137577827942 
847	 0.514485870047694 
848	 0.514722559980109 
849	 0.514938472926985 
850	 0.515204144649829 
851	 0.515444013222553 
852	 0.515694943218415 
853	 0.515894592459132 
854	 0.516020790837989 
855	 0.516291648619389 
856	 0.516464113227226 
857	 0.51655832055406 
858	 0.516701993832246 
859	 0.516760627013945 
860	 0.516974053389195 
861	 0.517245237476208 
862	 0.517217900945279 
863	 0.517458548914466 
864	 0.517613059938286 
865	 0.51756434317413 
866	 0.51777801053469 
867	 0.518000201305171 
868	 0.518248215749856 
869	 0.518555462166169 
870	 0.518866718654319 
871	 0.519006932918577 
872	 0.519119011775537 
873	 0.519342206037736 
874	 0.51928677027922 
875	 0.519330450839137 
876	 0.51953473807817 
877	 0.519761611907422 
878	 0.519946591985242 
879	 0.519988432054035 
880	 0.519890575675118 
881	 0.519787489698293 
882	 0.519791204885005 
883	 0.519658911778462 
884	 0.519388009154831 
885	 0.519285334479312 
886	 0.519068839849399 
887	 0.518831008228286 
888	 0.518685838851366 
889	 0.518609165879454 
890	 0.518319524111004 
891	 0.517924348044386 
892	 0.517573973678252 
893	 0.517289061218119 
894	 0.516894706072569 
895	 0.516388602872832 
896	 0.515895859834698 
897	 0.515712297672328 
898	 0.515265044925453 
899	 0.514673700426101 
900	 0.514367679592049 
901	 0.514221351885404 
902	 0.514149824062123 
903	 0.513870245145786 
904	 0.513116434809776 
905	 0.512871588116231 
906	 0.512625312631007 
907	 0.512168063568227 
908	 0.511735692709268 
909	 0.511549066217657 
910	 0.511432887991823 
911	 0.511328157108489 
912	 0.511407867913621 
913	 0.51121812647116 
914	 0.511065846179909 
915	 0.511232936266365 
916	 0.511618969522674 
917	 0.512155606525099 
918	 0.512735640508707 
919	 0.513261724134588 
920	 0.513707866507674 
921	 0.51393262856979 
922	 0.514156074811926 
923	 0.514541949084417 
924	 0.514631934185156 
925	 0.514943830394656 
926	 0.515275498499502 
927	 0.515156790907291 
928	 0.514615930431357 
929	 0.514187983437292 
930	 0.513661532695339 
931	 0.512544079606555 
932	 0.512834643263142 
933	 0.513064082014239 
934	 0.512772990643505 
935	 0.512807541027833 
936	 0.513717497110621 
937	 0.514561336066692 
938	 0.51497190083923 
939	 0.515189669738746 
940	 0.515467938305906 
941	 0.515595819208423 
942	 0.515615363584279 
943	 0.515865914728565 
944	 0.516350429897408 
945	 0.516715193551957 
946	 0.516908001082296 
947	 0.517263134276741 
948	 0.516511649205913 
949	 0.516381432877359 
950	 0.517472095327547 
951	 0.518231329385376 
952	 0.51904876158466 
953	 0.519105208988397 
954	 0.518448498996936 
955	 0.518662363007435 
956	 0.519460466234267 
957	 0.520272023500409 
958	 0.520689757893142 
959	 0.520729945336241 
960	 0.521103330575841 
961	 0.521511542007787 
962	 0.52182795215465 
963	 0.522748791304577 
964	 0.523823309205002 
965	 0.524455966267154 
966	 0.524354993306841 
967	 0.523878767846026 
968	 0.524110971593723 
969	 0.524900393213408 
970	 0.525573243665988 
971	 0.525203725638713 
972	 0.524954048568145 
973	 0.524900906055029 
974	 0.524866283547678 
975	 0.52524256887538 
976	 0.525019320084046 
977	 0.524590410838025 
978	 0.524529600759747 
979	 0.524064370234924 
980	 0.524332742122329 
981	 0.524832358491611 
982	 0.524821816161046 
983	 0.524970624016826 
984	 0.524774492843376 
985	 0.52430238264045 
986	 0.523917242576635 
987	 0.524143135041943 
988	 0.524618228998347 
989	 0.524721082172466 
990	 0.524093246818833 
991	 0.523600970360861 
992	 0.523557716106124 
993	 0.523809776355735 
994	 0.523974918600115 
995	 0.52373307772729 
996	 0.523533607508868 
997	 0.522999272943827 
998	 0.521832184114606 
999	 0.521282857185079 
1000	 0.52107603378652 
1001	 0.526612597633601 
1002	 0.526325238093544 
1003	 0.526275002829228 
1004	 0.526016380144722 
1005	 0.525544178507021 
1006	 0.525103516003873 
1007	 0.524610701164383 
1008	 0.524112657605458 
1009	 0.523639929702156 
1010	 0.523458982062554 
1011	 0.523333999701857 
1012	 0.523040557880691 
1013	 0.522858362320396 
1014	 0.522754810622427 
1015	 0.522600092493157 
1016	 0.522543536892395 
1017	 0.522526838582656 
1018	 0.522533469702639 
1019	 0.522511490932399 
1020	 0.522550054584393 
1021	 0.522595918069629 
1022	 0.522657244585583 
1023	 0.522517002925657 
1024	 0.522426745749713 
1025	 0.522578322000359 
1026	 0.52256947561741 
1027	 0.522686728099054 
1028	 0.522829000514034 
1029	 0.522759324793929 
1030	 0.522874467055086 
1031	 0.522968544140382 
1032	 0.523023513279529 
1033	 0.523178948245942 
1034	 0.523531925594742 
1035	 0.523714885958582 
1036	 0.523831110913698 
1037	 0.523783060311205 
1038	 0.523688980406539 
1039	 0.523567667517261 
1040	 0.523446425315849 
1041	 0.523582407741568 
1042	 0.523544876002688 
1043	 0.523259564385081 
1044	 0.523107049678291 
1045	 0.523002599709852 
1046	 0.522805152512695 
1047	 0.522529022329639 
1048	 0.52234957149151 
1049	 0.521967093298525 
1050	 0.521517826905077 
1051	 0.521162217063322 
1052	 0.520771158807014 
1053	 0.520496069428228 
1054	 0.520090249524682 
1055	 0.519482274672187 
1056	 0.518948019577597 
1057	 0.518374878779689 
1058	 0.517707734593703 
1059	 0.517012717823323 
1060	 0.516336595790904 
1061	 0.515634417134556 
1062	 0.514768348116829 
1063	 0.514131229052021 
1064	 0.513413579207129 
1065	 0.512498443022286 
1066	 0.51150773082314 
1067	 0.510100344086814 
1068	 0.50873731184606 
1069	 0.507508468626695 
1070	 0.506163029256097 
1071	 0.504861654850926 
1072	 0.503517098506105 
1073	 0.502112623595538 
1074	 0.500573625393878 
1075	 0.49897851316261 
1076	 0.497329503897597 
1077	 0.495660363971226 
1078	 0.494120640886398 
1079	 0.492686068507137 
1080	 0.491262413338551 
1081	 0.489945486696857 
1082	 0.488594731195992 
1083	 0.487466769652131 
1084	 0.48648059942453 
1085	 0.485580299948802 
1086	 0.48483792720874 
1087	 0.484159949781345 
1088	 0.483385850391443 
1089	 0.48299265482767 
1090	 0.482935460076631 
1091	 0.482665178745978 
1092	 0.482661278129561 
1093	 0.482992202794113 
1094	 0.483184814421532 
1095	 0.483514170607892 
1096	 0.483990033521384 
1097	 0.484663414497468 
1098	 0.485310810777879 
1099	 0.48610590722255 
1100	 0.486874171702572 
1101	 0.487680001625906 
1102	 0.488514782603037 
1103	 0.489518505558202 
1104	 0.490361132456025 
1105	 0.491162024898643 
1106	 0.491993721436691 
1107	 0.492898407018183 
1108	 0.493574890024112 
1109	 0.49420859169244 
1110	 0.49503785256829 
1111	 0.495798893353652 
1112	 0.496347504610982 
1113	 0.497228148956316 
1114	 0.498445745341139 
1115	 0.499482829448536 
1116	 0.500839025782561 
1117	 0.501759039440845 
1118	 0.502038059871575 
1119	 0.502876698071866 
1120	 0.503789924801359 
1121	 0.504612578667691 
1122	 0.505786946430814 
1123	 0.506862873818634 
1124	 0.50779277285614 
1125	 0.508169337878861 
1126	 0.509061288274544 
1127	 0.510108231087125 
1128	 0.511154656269105 
1129	 0.512196814043706 
1130	 0.513187789614495 
1131	 0.514431483260226 
1132	 0.515022683013704 
1133	 0.515110664218856 
1134	 0.515426944407855 
1135	 0.51546487708311 
1136	 0.515591286238998 
1137	 0.515877043466482 
1138	 0.516131288503857 
1139	 0.516414277896989 
1140	 0.516410515397419 
1141	 0.516733199014842 
1142	 0.517353967210957 
1143	 0.517521848114109 
1144	 0.517557665821709 
1145	 0.517628374153953 
1146	 0.517318670307771 
1147	 0.517476006415784 
1148	 0.518018924521782 
1149	 0.5182712008414 
1150	 0.518572652127575 
1151	 0.518756685355307 
1152	 0.518761237789448 
1153	 0.518816641012913 
1154	 0.518866627684509 
1155	 0.518915045354551 
1156	 0.519069222703511 
1157	 0.518965002401753 
1158	 0.519056722238288 
1159	 0.519321126578146 
1160	 0.519300269219789 
1161	 0.51909173101669 
1162	 0.519166122897951 
1163	 0.519253357458901 
1164	 0.519276454612075 
1165	 0.519519632237968 
1166	 0.519507692055528 
1167	 0.519209979693976 
1168	 0.519065013760287 
1169	 0.518904892331178 
1170	 0.518795267903487 
1171	 0.518716576572839 
1172	 0.518693170547268 
1173	 0.51866305185794 
1174	 0.518622950069127 
1175	 0.518410797396567 
1176	 0.51800945383208 
1177	 0.517847786846558 
1178	 0.51768036994415 
1179	 0.517566734217986 
1180	 0.5176525457347 
1181	 0.51752320450249 
1182	 0.517188843057131 
1183	 0.517013618129878 
1184	 0.516880939804444 
1185	 0.516766696505129 
1186	 0.516742247318708 
1187	 0.516668159930128 
1188	 0.516644846810111 
1189	 0.516455032512318 
1190	 0.516393105729551 
1191	 0.516376650106007 
1192	 0.516161413613887 
1193	 0.516204682841085 
1194	 0.516276741127498 
1195	 0.516347591100657 
1196	 0.516427530673212 
1197	 0.516761549676329 
1198	 0.516794695885408 
1199	 0.516572295069587 
1200	 0.516581516991153 
1201	 0.516578936464176 
1202	 0.516570531836428 
1203	 0.516742601210835 
1204	 0.516827359865927 
1205	 0.516834948252115 
1206	 0.516788016004836 
1207	 0.516913192239815 
1208	 0.516975359902069 
1209	 0.517079062775418 
1210	 0.517250507333881 
1211	 0.517368798511329 
1212	 0.517441941590665 
1213	 0.517518095169944 
1214	 0.517658799028016 
1215	 0.517826661550189 
1216	 0.518088510436969 
1217	 0.518240677901269 
1218	 0.518446117727529 
1219	 0.51850118432759 
1220	 0.518357032531298 
1221	 0.518337536066069 
1222	 0.518230295930103 
1223	 0.518250004756827 
1224	 0.518367001391685 
1225	 0.518568968387858 
1226	 0.518714331435116 
1227	 0.518786047482813 
1228	 0.518710921918898 
1229	 0.518702283273385 
1230	 0.51871270989989 
1231	 0.518745059973081 
1232	 0.518911451413225 
1233	 0.518913541273266 
1234	 0.518750563255677 
1235	 0.518697923625069 
1236	 0.518674900861088 
1237	 0.518649831329472 
1238	 0.518604134799039 
1239	 0.518612248595898 
1240	 0.518580668824343 
1241	 0.518542901102878 
1242	 0.518458936894963 
1243	 0.518333989161354 
1244	 0.518249181963055 
1245	 0.518192201141787 
1246	 0.518104294995068 
1247	 0.518167889185466 
1248	 0.518186022234486 
1249	 0.518028517632628 
1250	 0.517784482433141 
1251	 0.517537520851741 
1252	 0.517466395142648 
1253	 0.517425326015286 
1254	 0.517401000754613 
1255	 0.51758335426827 
1256	 0.517551120112894 
1257	 0.51751365484725 
1258	 0.517581312280037 
1259	 0.517572722639941 
1260	 0.517350092463136 
1261	 0.517325992141672 
1262	 0.51746558012417 
1263	 0.517376898153057 
1264	 0.517358150019786 
1265	 0.517477888440748 
1266	 0.517336378663866 
1267	 0.517149011372728 
1268	 0.517089388186315 
1269	 0.516901670572569 
1270	 0.516719209424489 
1271	 0.516740205342087 
1272	 0.516583507821028 
1273	 0.516208294033643 
1274	 0.516114982297624 
1275	 0.5160397065994 
1276	 0.515695885027412 
1277	 0.515549303357891 
1278	 0.515449540059999 
1279	 0.515040445395807 
1280	 0.514673130173231 
1281	 0.51432826333979 
1282	 0.514038973699198 
1283	 0.513636708533144 
1284	 0.51339359025423 
1285	 0.513348646592387 
1286	 0.513205658069197 
1287	 0.512934324124961 
1288	 0.512694794315344 
1289	 0.51240716205272 
1290	 0.512277900538078 
1291	 0.512196409805023 
1292	 0.511937539522329 
1293	 0.511889860004352 
1294	 0.511829456277638 
1295	 0.511583660251111 
1296	 0.511459573162939 
1297	 0.511264164194979 
1298	 0.510996311537575 
1299	 0.510820828881422 
1300	 0.510736741904966 
1301	 0.510642702956537 
1302	 0.510408893997188 
1303	 0.510164320241937 
1304	 0.509765833159104 
1305	 0.50958332087081 
1306	 0.509441041345091 
1307	 0.509551436507849 
1308	 0.509569464343818 
1309	 0.509503802500789 
1310	 0.509398659369166 
1311	 0.508900406915227 
1312	 0.50859356648018 
1313	 0.508710854765326 
1314	 0.508542321486045 
1315	 0.508527293265405 
1316	 0.508716294445655 
1317	 0.508483758909788 
1318	 0.508319231895251 
1319	 0.508162891601115 
1320	 0.507568114185764 
1321	 0.507213022034753 
1322	 0.507309761413609 
1323	 0.507125617919326 
1324	 0.506722745088489 
1325	 0.506571202281548 
1326	 0.506204248679424 
1327	 0.505705608171302 
1328	 0.505642137073505 
1329	 0.505301505041035 
1330	 0.504903867388944 
1331	 0.504300536569135 
1332	 0.504081278143432 
1333	 0.503742173883295 
1334	 0.503455569524796 
1335	 0.503256068961491 
1336	 0.502782448329435 
1337	 0.5025195247382 
1338	 0.50223249899124 
1339	 0.501617987092011 
1340	 0.501319972648278 
1341	 0.500802957788212 
1342	 0.500198799584474 
1343	 0.500392260934032 
1344	 0.500301365184114 
1345	 0.499861986577759 
1346	 0.499669783353212 
1347	 0.498913193175999 
1348	 0.497993888061824 
1349	 0.497559666418352 
1350	 0.496965080653575 
1351	 0.496229068158007 
1352	 0.495692351962576 
1353	 0.493929476970007 
1354	 0.491944395639704 
1355	 0.492168091053252 
1356	 0.492563006833234 
1357	 0.493252426871804 
1358	 0.494431707221202 
1359	 0.494339305662828 
1360	 0.486869183574975 
1361	 0.480380736864466 
1362	 0.483227079613027 
1363	 0.479636213605158 
1364	 0.48623110869525 
1365	 0.504783541570647 
1366	 0.500881332479388 
1367	 0.526017604510378 
1368	 0.5532005379481 
1369	 0.500290899914275 
1370	 0.467961874409497 
1371	 0.473383858261654 
1372	 0.510963489960929 
1373	 0.58117346051474 
1374	 0.546155968167453 
1375	 0.457745918338308 
1376	 0.472275752534319 
1377	 0.452152459183689 
1378	 0.451323715151244 
1379	 0.554438192269108 
1380	 0.501598380585424 
1381	 0.406483174681198 
1382	 0.468254482050528 
1383	 0.480761688866329 
1384	 0.444903692173368 
1385	 0.498070448991458 
1386	 0.508499857625433 
1387	 0.457371038028368 
1388	 0.493829736666986 
1389	 0.513580250586122 
1390	 0.532450723310269 
1391	 0.496042067647917 
1392	 0.50372361011481 
1393	 0.481684196849081 
1394	 0.451463279114284 
1395	 0.458171954592793 
1396	 0.456851226522335 
1397	 0.478020722908049 
1398	 0.491518095997805 
1399	 0.481607279870497 
1400	 0.476314031877956 
1401	 0.459656382259735 
1402	 0.473096298782251 
1403	 0.489797701776048 
1404	 0.479126174845514 
1405	 0.481194957695713 
1406	 0.479087123046775 
1407	 0.466821572173389 
1408	 0.473123128354697 
1409	 0.482819953388706 
1410	 0.477175045179609 
1411	 0.475769962353817 
1412	 0.480695470631313 
1413	 0.477807401494582 
1414	 0.476516169271201 
1415	 0.476595112765442 
1416	 0.473693144469062 
1417	 0.474310134419054 
1418	 0.474011465022216 
1419	 0.471999874954938 
1420	 0.47404878042493 
1421	 0.477004299630759 
1422	 0.478484140152325 
1423	 0.480410093649675 
1424	 0.480106369154949 
1425	 0.477716783010011 
1426	 0.477567433285305 
1427	 0.478263553461923 
1428	 0.479433787641211 
1429	 0.48077027261286 
1430	 0.483036057552642 
1431	 0.482871201779192 
1432	 0.481379608921827 
1433	 0.481139772885768 
1434	 0.48054765908891 
1435	 0.480411258159242 
1436	 0.481301791163043 
1437	 0.481254945502296 
1438	 0.481055824469443 
1439	 0.481610411839714 
1440	 0.482221275964671 
1441	 0.482160871914774 
1442	 0.481679683102014 
1443	 0.481221596538177 
1444	 0.481107174785566 
1445	 0.48215743213622 
1446	 0.483336913085251 
1447	 0.483426055904153 
1448	 0.482979841141721 
1449	 0.482507984055917 
1450	 0.482434210004465 
1451	 0.482785137154202 
1452	 0.483127385916824 
1453	 0.483111086288964 
1454	 0.482740347358982 
1455	 0.482778807632565 
1456	 0.483428151891366 
1457	 0.483792959956739 
1458	 0.483802739192429 
1459	 0.483558162146575 
1460	 0.483164137636545 
1461	 0.483432525189611 
1462	 0.483881513248787 
1463	 0.48398811268077 
1464	 0.483706054019013 
1465	 0.482816736701943 
1466	 0.482498202387009 
1467	 0.483037684242429 
1468	 0.483176255653293 
1469	 0.482949289426362 
1470	 0.483012505623964 
1471	 0.48294556135137 
1472	 0.482635726160325 
1473	 0.482688701725709 
1474	 0.4828916100909 
1475	 0.482804806755746 
1476	 0.482772513711919 
1477	 0.482505760443805 
1478	 0.482601546116331 
1479	 0.483112075312781 
1480	 0.48300730978668 
1481	 0.482941716787412 
1482	 0.483276048205784 
1483	 0.483635561563585 
1484	 0.483568265800644 
1485	 0.483240799786059 
1486	 0.483378880682974 
1487	 0.483435866943074 
1488	 0.483391741635014 
1489	 0.483729360903258 
1490	 0.483744935696901 
1491	 0.483662210764021 
1492	 0.483904444373212 
1493	 0.483986236358315 
1494	 0.484131635215347 
1495	 0.484276348254525 
1496	 0.484080626672523 
1497	 0.483889143702381 
1498	 0.484111028587497 
1499	 0.484388234444326 
1500	 0.484324641196569 
1501	 0.484337220547133 
1502	 0.484453074258076 
1503	 0.484278962954794 
1504	 0.484160194012062 
1505	 0.484408243846526 
1506	 0.484391036064521 
1507	 0.484040259939925 
1508	 0.483922941788833 
1509	 0.483812579721416 
1510	 0.483696207327416 
1511	 0.483835978850687 
1512	 0.483807597184452 
1513	 0.483573527833839 
1514	 0.483482919019677 
1515	 0.483443101320789 
1516	 0.483496659564262 
1517	 0.483562623216507 
1518	 0.483326337628944 
1519	 0.483045191289414 
1520	 0.482998829125747 
1521	 0.483001126168668 
1522	 0.482929925540924 
1523	 0.482815875536194 
1524	 0.482680360375104 
1525	 0.482407346704535 
1526	 0.482275691923117 
1527	 0.482355037972383 
1528	 0.482162029056137 
1529	 0.48208796759083 
1530	 0.482192367138934 
1531	 0.482062039162273 
1532	 0.481711350586083 
1533	 0.481637790837418 
1534	 0.481544447297015 
1535	 0.481429917018025 
1536	 0.481502540457778 
1537	 0.481493149430505 
1538	 0.481396015587152 
1539	 0.481301018294562 
1540	 0.481167110113285 
1541	 0.480871528503586 
1542	 0.480510615944039 
1543	 0.480264124458406 
1544	 0.48012661630775 
1545	 0.480117103581046 
1546	 0.480114319042326 
1547	 0.479789487599108 
1548	 0.479448082182337 
1549	 0.479513910014676 
1550	 0.479477260884403 
1551	 0.479281090920206 
1552	 0.47925556865273 
1553	 0.478977501176195 
1554	 0.478452922943574 
1555	 0.478248761008344 
1556	 0.478183447989382 
1557	 0.477907179541261 
1558	 0.477732066976462 
1559	 0.477729313396581 
1560	 0.477521987729672 
1561	 0.47727048385356 
1562	 0.477322638685901 
1563	 0.477369141443047 
1564	 0.477243922432402 
1565	 0.477115158322146 
1566	 0.476901810670043 
1567	 0.476573964706192 
1568	 0.476282174693574 
1569	 0.476190240746326 
1570	 0.476095701382755 
1571	 0.47592393051173 
1572	 0.475875777705456 
1573	 0.475693933921732 
1574	 0.475295091623693 
1575	 0.474998037371147 
1576	 0.474854464869175 
1577	 0.474762363369331 
1578	 0.474630731989777 
1579	 0.474454851875542 
1580	 0.474175213516047 
1581	 0.47376405378606 
1582	 0.473582967734401 
1583	 0.47344720509622 
1584	 0.473143602010612 
1585	 0.472970181897773 
1586	 0.472679265971759 
1587	 0.472407955787427 
1588	 0.472411154443246 
1589	 0.472245944230965 
1590	 0.472048269092482 
1591	 0.471944548455719 
1592	 0.471639996306711 
1593	 0.471481313337504 
1594	 0.471400355110023 
1595	 0.470963532383447 
1596	 0.470710317810142 
1597	 0.470538625561096 
1598	 0.470078846046688 
1599	 0.470149512755707 
1600	 0.470363609525939 
1601	 0.469948638679748 
1602	 0.46972520538079 
1603	 0.46969190671318 
1604	 0.469293450678355 
1605	 0.46912463901385 
1606	 0.469300062350678 
1607	 0.469034227695733 
1608	 0.468480538961159 
1609	 0.468235280046143 
1610	 0.467958023678374 
1611	 0.467642310087842 
1612	 0.467660655012998 
1613	 0.467477953286302 
1614	 0.467002247075664 
1615	 0.466633559507332 
1616	 0.466222809337085 
1617	 0.465982071822473 
1618	 0.46605169389198 
1619	 0.46588726062748 
1620	 0.46541165577731 
1621	 0.464952460828878 
1622	 0.464579196984655 
1623	 0.464274854563139 
1624	 0.464115636283926 
1625	 0.464015207129133 
1626	 0.463650481209434 
1627	 0.463178199581437 
1628	 0.462861398193026 
1629	 0.462607777623539 
1630	 0.46237416125195 
1631	 0.462164546986333 
1632	 0.462019700187923 
1633	 0.461726001996044 
1634	 0.461390409980878 
1635	 0.461064866404416 
1636	 0.460570390399188 
1637	 0.460389451666945 
1638	 0.460218818385596 
1639	 0.459829975176041 
1640	 0.459668798671807 
1641	 0.459215780004393 
1642	 0.458648638506736 
1643	 0.458462231270283 
1644	 0.458256719705796 
1645	 0.457884376802328 
1646	 0.457509748736823 
1647	 0.457049569310428 
1648	 0.45640268284919 
1649	 0.455905919906276 
1650	 0.455541251512642 
1651	 0.454932398835252 
1652	 0.454211503219617 
1653	 0.453485389874435 
1654	 0.452496125424195 
1655	 0.451547405878851 
1656	 0.450871811947472 
1657	 0.450020072919209 
1658	 0.449117877903967 
1659	 0.448436344983919 
1660	 0.44756803708942 
1661	 0.446559084912222 
1662	 0.445785666354096 
1663	 0.444946517515426 
1664	 0.443930243628199 
1665	 0.443113865254336 
1666	 0.442223929179138 
1667	 0.44115113339865 
1668	 0.440212573397133 
1669	 0.439209285196038 
1670	 0.438110652428779 
1671	 0.437100296098511 
1672	 0.436131829261861 
1673	 0.434998786902922 
1674	 0.433819431638518 
1675	 0.432774055298833 
1676	 0.431688321497686 
1677	 0.430900212938463 
1678	 0.430341848107616 
1679	 0.429731744328051 
1680	 0.42924507730264 
1681	 0.42845730009106 
1682	 0.427236549975999 
1683	 0.426462499649318 
1684	 0.425794113058109 
1685	 0.424950610812733 
1686	 0.424577479616961 
1687	 0.424028791820036 
1688	 0.423252290276676 
1689	 0.422623955517178 
1690	 0.421979303774763 
1691	 0.421487107795142 
1692	 0.421094740057227 
1693	 0.420867381452629 
1694	 0.420443984779749 
1695	 0.419783103607436 
1696	 0.419178438084812 
1697	 0.418197437909831 
1698	 0.417435916889929 
1699	 0.417168952895679 
1700	 0.416677217717199 
1701	 0.416281509612869 
1702	 0.416002147538371 
1703	 0.415762442556231 
1704	 0.41567325406669 
1705	 0.415523461578928 
1706	 0.415422794038144 
1707	 0.415335895035391 
1708	 0.415225490914285 
1709	 0.415007716281098 
1710	 0.414685417970047 
1711	 0.414553936829324 
1712	 0.414477898512954 
1713	 0.4143910855123 
1714	 0.414492971264784 
1715	 0.414446788159367 
1716	 0.414207676669424 
1717	 0.414079636431047 
1718	 0.414093317612195 
1719	 0.414049663750944 
1720	 0.413837144829612 
1721	 0.413821407877212 
1722	 0.413950579268919 
1723	 0.413999686141995 
1724	 0.414259414051429 
1725	 0.414299973670513 
1726	 0.414141388346002 
1727	 0.414044851051034 
1728	 0.413702584893038 
1729	 0.413749550777458 
1730	 0.414132151509736 
1731	 0.414238455343184 
1732	 0.414437171110938 
1733	 0.414557128705839 
1734	 0.414379215996705 
1735	 0.414485720792882 
1736	 0.414924419906934 
1737	 0.415033069828032 
1738	 0.415055649214197 
1739	 0.414969353403224 
1740	 0.414599668792954 
1741	 0.41442759014394 
1742	 0.41429905711198 
1743	 0.414332163073815 
1744	 0.414424532650577 
1745	 0.41452866559756 
1746	 0.414785963638238 
1747	 0.414980195619778 
1748	 0.415243754298207 
1749	 0.415318152184965 
1750	 0.415300536415451 
1751	 0.414957862575339 
1752	 0.414921236803322 
1753	 0.415028007328728 
1754	 0.415094976513839 
1755	 0.415528276154949 
1756	 0.415814979373202 
1757	 0.416046455026541 
1758	 0.416560385362222 
1759	 0.416474614052292 
1760	 0.41653121087144 
1761	 0.416953437682818 
1762	 0.416804519000078 
1763	 0.417166123200826 
1764	 0.417747445329672 
1765	 0.417494087494632 
1766	 0.417531034502558 
1767	 0.41808341951009 
1768	 0.418161749368725 
1769	 0.418254175499595 
1770	 0.418686624861031 
1771	 0.418323063641241 
1772	 0.418323570783535 
1773	 0.418651148987377 
1774	 0.418995571342121 
1775	 0.419786788479232 
1776	 0.419957376091624 
1777	 0.41987404635596 
1778	 0.419748350681701 
1779	 0.418671721705131 
1780	 0.418504492382842 
1781	 0.419168181851505 
1782	 0.419226223726018 
1783	 0.419563267144867 
1784	 0.419428078825166 
1785	 0.418176618746807 
1786	 0.418049557286487 
1787	 0.418715161090547 
1788	 0.418871397828495 
1789	 0.419370660612737 
1790	 0.419543561323407 
1791	 0.418951053776788 
1792	 0.418927925788584 
1793	 0.419598333474835 
1794	 0.419688927031479 
1795	 0.41970869674854 
1796	 0.419195425979944 
1797	 0.417855011616396 
1798	 0.416644104857715 
1799	 0.414488996869595 
1800	 0.413477182088653 
1801	 0.413346364859636 
1802	 0.412918007089556 
1803	 0.41323963125428 
1804	 0.41388357149069 
1805	 0.414850872208484 
1806	 0.414995508843377 
1807	 0.415252101288148 
1808	 0.416265986681345 
1809	 0.416807047396793 
1810	 0.418238418641892 
1811	 0.419678300993405 
1812	 0.416930371317932 
1813	 0.408840697585082 
1814	 0.399589639706479 
1815	 0.395615586971601 
1816	 0.397036653414527 
1817	 0.401408462113437 
1818	 0.410123149114881 
1819	 0.415040653712905 
1820	 0.412931219510468 
1821	 0.412380403004923 
1822	 0.410984320814292 
1823	 0.406863863196309 
1824	 0.395066068854509 
1825	 0.390609592252225 
1826	 0.388821000929361 
1827	 0.391201099180953 
1828	 0.420837720322076 
1829	 0.430868572731339 
1830	 0.407067093234599 
1831	 0.38917418592506 
1832	 0.502407019033217 
1833	 0.544148047696748 
1834	 0.601348661045277 
1835	 0.679352034244235 
1836	 0.321238784278709 
1837	 0.251184352111056 
1838	 0.376437676368775 
1839	 0.64889739871279 
1840	 0.741641781233436 
1841	 0.236145533920653 
1842	 1.59944381207429E-02 
1843	-0.294022685624159 
1844	-0.390027142235851 
1845	-0.445134029798944 
1846	-5.91264358690335 
1847	 1.79328650225284 
1848	 3.0044766149193 
1849	 1.70816457546893 
1850	 0.585930541578114 
1851	 0.732445817897654 
1852	 3.23759055568241 
1853	 3.00058902582362 
1854	 2.88443948327135 
1855	 2.15016382616363 
1856	 0.766191760576518 
1857	 0.272334363227791 
1858	 0.762931492418004 
1859	 9.94544682472647 
1860	 7.9420072033042 
1861	 20.2101542871702 
1862	 6.52105395792719 
1863	 0.210393888689391 
1864	 7.86304668968288E-02 
1865	 0.492423660434168 
1866	 0.614733641455813 
1867	 0.843879468106381 
1868	 1.12795330922192 
1869	 0.867500496046808 
1870	 0.799564634970557 
1871	 0.767111684567566 
1872	 1.32381296587943 
1873	 0.952207022387509 
1874	 0.491697150164587 
1875	 0.418996103744439 
1876	 0.415364770282852 
1877	 0.340690831235424 
1878	 0.405749945784041 
1879	 0.318954576214378 
1880	 0.327064606153817 
1881	 0.450107822288869 
1882	 0.384791437441427 
1883	 0.152565933730031 
1884	 0.161074503492242 
1885	 0.166140027775478 
1886	 0.178891418648058 
1887	 0.352003969222318 
1888	 0.408292288482587 
1889	 0.375639432132202 
1890	 0.33651990674286 
1891	 0.349687058288682 
1892	 0.434436582681694 
1893	 0.494648716888559 
1894	 0.619950302624876 
1895	 0.6314121276968 
1896	 0.599344375677351 
1897	 0.417386667696545 
1898	 0.189813107271037 
1899	 0.146389018770768 
1900	 0.506490023042881 
1901	 0.913910398410118 
1902	 1.03018184265525 
1903	 0.998332013378748 
1904	 0.775855772375674 
1905	 4.14209497983789E-02 
1906	-6.37036838965664E-02 
1907	 0.104786158287504 
1908	 7.21850464762045E-02 
1909	 0.213975444282407 
1910	 0.281706801055726 
1911	 0.233191935953788 
1912	 0.339117475904517 
1913	 0.362933407701789 
1914	 0.423342785293249 
1915	 0.384152651199756 
1916	 0.279052437821451 
1917	 0.231243239163493 
1918	 0.231997709796617 
1919	 0.259272938701577 
1920	 0.360748678352741 
1921	 0.390668608803933 
1922	 0.358062946376785 
1923	 0.347507803000222 
1924	 0.347530244997072 
1925	 0.322662550799911 
1926	 0.34725870737323 
1927	 0.382700466840276 
1928	 0.384992595963679 
1929	 0.391088440051014 
1930	 0.384947300471585 
1931	 0.370586609870505 
1932	 0.369090364956869 
1933	 0.372732538539365 
1934	 0.371962995988949 
1935	 0.373790291662506 
1936	 0.380960283912252 
1937	 0.389981842475545 
1938	 0.384227347015949 
1939	 0.37729357914434 
1940	 0.376594380584918 
1941	 0.371189546069023 
1942	 0.377931365150316 
1943	 0.389447397051185 
1944	 0.387698609649607 
1945	 0.383187465996815 
1946	 0.383557393855579 
1947	 0.381221675778974 
1948	 0.38109594524635 
1949	 0.384301654501108 
1950	 0.387473575338565 
1951	 0.389295033526087 
1952	 0.386666002463298 
1953	 0.383035510355034 
1954	 0.382838100983307 
1955	 0.384571590801188 
1956	 0.387430704348709 
1957	 0.389410160792449 
1958	 0.389188669144961 
1959	 0.388459248148016 
1960	 0.387774234271651 
1961	 0.387154793048439 
1962	 0.386337293776788 
1963	 0.388467064462127 
1964	 0.390369148507681 
1965	 0.389196652413099 
1966	 0.38858951378023 
1967	 0.388761574650897 
1968	 0.387911039283813 
1969	 0.387478027372781 
1970	 0.386979290466379 
1971	 0.38715024166505 
1972	 0.387611899012702 
1973	 0.388171157317102 
1974	 0.387974219273478 
1975	 0.387670477609542 
1976	 0.387725405016971 
1977	 0.387423774551863 
1978	 0.387222873579318 
1979	 0.387887468772102 
1980	 0.388491902977042 
1981	 0.388154417530325 
1982	 0.387896300772779 
1983	 0.38751545083734 
1984	 0.387576400849094 
1985	 0.388047336228483 
1986	 0.388340324748667 
1987	 0.38814982774501 
1988	 0.388084549514012 
1989	 0.387608714828788 
1990	 0.386919380798634 
1991	 0.387463830004216 
1992	 0.388194399696255 
1993	 0.388548144773757 
1994	 0.38870944275167 
1995	 0.388805349807749 
1996	 0.388997298613336 
1997	 0.388107583436415 
1998	 0.387636022002072 
1999	 0.387704228600211 
2000	 0.388120616351238 
2001	 0.388730718388728 
2002	 0.389300795096082 
2003	 0.389983224260939 
2004	 0.389832780019492 
2005	 0.391633950946837 
2006	 0.393425198425585 
2007	 0.39612343475584 
2008	 0.396335644097924 
2009	 0.395322074578663 
2010	 0.395091474322782 
2011	 0.394970120023823 
2012	 0.394267971798626 
2013	 0.39410282859216 
2014	 0.395610768719569 
2015	 0.393909898809992 
2016	 0.391407738278498 
2017	 0.392245559628982 
2018	 0.391203071997138 
2019	 0.390717526369194 
2020	 0.391627400149712 
2021	 0.391383482596907 
2022	 0.390531958423135 
2023	 0.389450075571861 
2024	 0.388659605106994 
2025	 0.387499338793089 
2026	 0.387465581231847 
2027	 0.387443112166776 
2028	 0.387199857805091 
2029	 0.387406497713204 
2030	 0.38702259182114 
2031	 0.387039322857891 
2032	 0.387012704444214 
2033	 0.386978271252689 
2034	 0.38661966136778 
2035	 0.386041620272394 
2036	 0.38610967533679 
2037	 0.386118517333551 
2038	 0.385917737821355 
2039	 0.385566962619654 
2040	 0.385078047778392 
2041	 0.384781134838925 
2042	 0.384474482043502 
2043	 0.385072172506442 
2044	 0.386042176695849 
2045	 0.385932593988248 
2046	 0.38446120662342 
2047	 0.384624563166613 
2048	 0.385378276345063 
2049	 0.385280411009949 
2050	 0.385397503691433 
2051	 0.386136644014793 
2052	 0.38582495411647 
2053	 0.385384551475219 
2054	 0.385247740558008 
2055	 0.384527756281532 
2056	 0.384025467026832 
2057	 0.383934980473139 
2058	 0.383810899842999 
2059	 0.384638288681688 
2060	 0.38527638370282 
2061	 0.386097959721858 
2062	 0.385686382665657 
2063	 0.384528362466034 
2064	 0.384188133083664 
2065	 0.383595591766822 
2066	 0.382519540455156 
2067	 0.382033551357147 
2068	 0.382184864044904 
2069	 0.381893559952346 
2070	 0.381530978128696 
2071	 0.381401698540029 
2072	 0.38174031639273 
2073	 0.381833170903159 
2074	 0.381507038325318 
2075	 0.381218278759792 
2076	 0.381095733489512 
2077	 0.380953520078767 
2078	 0.380817143537197 
2079	 0.380229776387041 
2080	 0.379472743600296 
2081	 0.379000970654361 
2082	 0.378289256591459 
2083	 0.377393610369085 
2084	 0.377526955148144 
2085	 0.378229742129245 
2086	 0.377650041131951 
2087	 0.376971409902758 
2088	 0.376962229712207 
2089	 0.376494183740286 
2090	 0.376257684992479 
2091	 0.376757360587889 
2092	 0.376636664256008 
2093	 0.376181157661664 
2094	 0.375557868570516 
2095	 0.374380585114838 
2096	 0.373741331133563 
2097	 0.37311436508264 
2098	 0.372701897875296 
2099	 0.372719427621715 
2100	 0.372928247010508 
2101	 0.372328355195751 
2102	 0.371236040885437 
2103	 0.371048415034852 
2104	 0.370963874707121 
2105	 0.370996497618871 
2106	 0.371139973255314 
2107	 0.370572769415517 
2108	 0.368625885883328 
2109	 0.368125643971838 
2110	 0.368398468497271 
2111	 0.367889453111393 
2112	 0.367236156968649 
2113	 0.366896870350869 
2114	 0.366260764962985 
2115	 0.365777026359741 
2116	 0.365631479234146 
2117	 0.365860172803153 
2118	 0.365209684553844 
2119	 0.364553545034688 
2120	 0.364635403775522 
2121	 0.364098069478623 
2122	 0.363830393574543 
2123	 0.363442908142979 
2124	 0.362693039463427 
2125	 0.361361711284551 
2126	 0.360993556311645 
2127	 0.360752911125712 
2128	 0.360339492859179 
2129	 0.360865920793385 
2130	 0.360648124920864 
2131	 0.359495458617072 
2132	 0.358701684842885 
2133	 0.357961606194392 
2134	 0.357036324559368 
2135	 0.356415501069591 
2136	 0.356859596365232 
2137	 0.357147676201805 
2138	 0.356751458516964 
2139	 0.356041905634792 
2140	 0.355358443855631 
2141	 0.354975938911326 
2142	 0.354986437501819 
2143	 0.354992980527753 
2144	 0.355245959665929 
2145	 0.355079119872875 
2146	 0.355064801130748 
2147	 0.35476086514615 
2148	 0.353660601412479 
2149	 0.353202979395963 
2150	 0.352935725050982 
2151	 0.35268676472579 
2152	 0.352385001944641 
2153	 0.352869374768202 
2154	 0.353646608651982 
2155	 0.353738834239107 
2156	 0.352972311166087 
2157	 0.352984220580914 
2158	 0.353370121615478 
2159	 0.353264524281699 
2160	 0.353567755051743 
2161	 0.353408469449522 
2162	 0.353058417768621 
2163	 0.353082465166486 
2164	 0.352793038010353 
2165	 0.352653145221794 
2166	 0.352844312768199 
2167	 0.352788382714926 
2168	 0.352876684739069 
2169	 0.354110320481044 
2170	 0.3537320049679 
2171	 0.351639884475731 
2172	 0.351130771389956 
2173	 0.350740090189863 
2174	 0.350436482040334 
2175	 0.35086185783362 
2176	 0.35149890312392 
2177	 0.351749248417854 
2178	 0.350827046636011 
2179	 0.349693887328519 
2180	 0.349055211055874 
2181	 0.346992962332911 
2182	 0.34606593918877 
2183	 0.347708731277832 
2184	 0.348442425330409 
2185	 0.348077098734429 
2186	 0.347273721116503 
2187	 0.346683821981811 
2188	 0.344538777158676 
2189	 0.343736010587694 
2190	 0.344338437370179 
2191	 0.344132728551765 
2192	 0.343841770490961 
2193	 0.343380873142082 
2194	 0.342634293518793 
2195	 0.341940546754268 
2196	 0.341282550490582 
2197	 0.340230615961532 
2198	 0.339066070210179 
2199	 0.338617645828866 
2200	 0.338332330894972 
2201	 0.337469604727215 
2202	 0.337800885755899 
2203	 0.33737476967477 
2204	 0.335675189471066 
2205	 0.335632691147587 
2206	 0.334767511714886 
2207	 0.333416720755531 
2208	 0.333059755127535 
2209	 0.331597788114709 
2210	 0.33053399029342 
2211	 0.329285572947713 
2212	 0.328613123719576 
2213	 0.328919623745404 
2214	 0.327656138046969 
2215	 0.325164537054619 
2216	 0.32391940079721 
2217	 0.322732239880056 
2218	 0.32132105039004 
2219	 0.321057025231889 
2220	 0.319713322434082 
2221	 0.317299168014706 
2222	 0.314414080061545 
2223	 0.312738297342839 
2224	 0.311602311004211 
2225	 0.309595817706661 
2226	 0.308191866967651 
2227	 0.306197791993983 
2228	 0.302911834760073 
2229	 0.301035789157584 
2230	 0.299362225096172 
2231	 0.296530876449747 
2232	 0.294362381605114 
2233	 0.293556745916697 
2234	 0.292255871542494 
2235	 0.290681333720474 
2236	 0.289192375838873 
2237	 0.287253391461968 
2238	 0.283775063328047 
2239	 0.281617651084339 
2240	 0.279813864993294 
2241	 0.278403237073109 
2242	 0.277841714011081 
2243	 0.276226404530927 
2244	 0.274772113608276 
2245	 0.27308425111996 
2246	 0.269762538881998 
2247	 0.267961195065513 
2248	 0.268225804678168 
2249	 0.266410741642788 
2250	 0.264215102291668 
2251	 0.261501663157101 
2252	 0.257671804748261 
2253	 0.25611169641657 
2254	 0.2567577287215 
2255	 0.256098306673272 
2256	 0.256807511013314 
2257	 0.256445026357538 
2258	 0.252699048557629 
2259	 0.252127626039967 
2260	 0.253188907820807 
2261	 0.252361288155429 
2262	 0.253050867554455 
2263	 0.253374929987642 
2264	 0.252023079362424 
2265	 0.249976633760685 
2266	 0.249365266951276 
2267	 0.250654926320598 
2268	 0.250993525077579 
2269	 0.25134070271618 
2270	 0.250934453334228 
2271	 0.249682372325202 
2272	 0.248891405371161 
2273	 0.247794507752439 
2274	 0.246642925461036 
2275	 0.245814749225897 
2276	 0.244991794075155 
2277	 0.24347074357661 
2278	 0.242778392689766 
2279	 0.242896449030877 
2280	 0.241947341155463 
2281	 0.2406848224298 
2282	 0.240733038416181 
2283	 0.240422089083875 
2284	 0.240579738415185 
2285	 0.243707622624389 
2286	 0.243466037070378 
2287	 0.240591469997141 
2288	 0.239370955443767 
2289	 0.23835051306048 
2290	 0.235875274872418 
2291	 0.235921487508112 
2292	 0.237316903091313 
2293	 0.238142332755257 
2294	 0.238243790206115 
2295	 0.238774193771766 
2296	 0.239943957370462 
2297	 0.239550624069815 
2298	 0.239960686707126 
2299	 0.240773464233789 
2300	 0.241144593559992 
2301	 0.24393621296995 
2302	 0.244074396672749 
2303	 0.240761429603535 
2304	 0.240532276420496 
2305	 0.242807202092452 
2306	 0.244173223768255 
2307	 0.244529802581329 
2308	 0.244374284961106 
2309	 0.243691324832558 
2310	 0.243873492307737 
2311	 0.246266162766345 
2312	 0.250345376813789 
2313	 0.251650018988346 
2314	 0.249952488361904 
2315	 0.250492692334967 
2316	 0.250935576429915 
2317	 0.251127237759837 
2318	 0.254775275679858 
2319	 0.255956679221171 
2320	 0.25579448079772 
2321	 0.256289175287774 
2322	 0.255787716668645 
2323	 0.255418854164936 
2324	 0.256738592259117 
2325	 0.257038779752871 
2326	 0.254484943323528 
2327	 0.25555506919838 
2328	 0.260300288644912 
2329	 0.260890276167164 
2330	 0.260616972823658 
2331	 0.261683389088071 
2332	 0.26091182055447 
2333	 0.259725101097462 
2334	 0.25993675615377 
2335	 0.25984330772602 
2336	 0.257960315559449 
2337	 0.256928047752422 
2338	 0.258066277865853 
2339	 0.257534650984025 
2340	 0.255699126569301 
2341	 0.252582366757766 
2342	 0.251461177379577 
2343	 0.254429391391222 
2344	 0.257825855674436 
2345	 0.256961988145418 
2346	 0.257171203416198 
2347	 0.256756345813277 
2348	 0.256810061126919 
2349	 0.260291110148748 
2350	 0.259284731248168 
2351	 0.254255220544214 
2352	 0.248483186303987 
2353	 0.245522347792324 
2354	 0.248304454273431 
2355	 0.251952096200485 
2356	 0.249458185913233 
2357	 0.247114672607097 
2358	 0.248637220650252 
2359	 0.247089601700442 
2360	 0.252084584354533 
2361	 0.258127822880149 
2362	 0.252293919491525 
2363	 0.250705145838303 
2364	 0.255680851487492 
2365	 0.255760436380752 
2366	 0.255345359690913 
2367	 0.256457746534282 
2368	 0.252931536197393 
2369	 0.247927797550288 
2370	 0.252362796087371 
2371	 0.258422831730988 
2372	 0.255567694237459 
2373	 0.253592258614597 
2374	 0.252392189349396 
2375	 0.249340818284641 
2376	 0.251833396550445 
2377	 0.253679989690046 
2378	 0.247737896533227 
2379	 0.242010690514015 
2380	 0.24413475661098 
2381	 0.246206888621854 
2382	 0.243985619897492 
2383	 0.247264667513868 
2384	 0.252437737745655 
2385	 0.254810246540228 
2386	 0.257144612025072 
2387	 0.250478155086774 
2388	 0.240690208389108 
2389	 0.240950208103881 
2390	 0.242474808675981 
2391	 0.246787415598588 
2392	 0.250108542737906 
2393	 0.241874041289361 
2394	 0.240393006689055 
2395	 0.247152873579993 
2396	 0.247302568722575 
2397	 0.245369341228555 
2398	 0.251606140665441 
2399	 0.25988445032094 
2400	 0.260255582701006 
2401	 0.261972372967733 
2402	 0.264626337036551 
2403	 0.258669286811234 
2404	 0.250161262298032 
2405	 0.247845988664874 
2406	 0.247453715553986 
2407	 0.239484353657756 
2408	 0.240355200716741 
2409	 0.253863886226317 
2410	 0.250965902691833 
2411	 0.246784096338666 
2412	 0.247260972972068 
2413	 0.236406457085288 
2414	 0.236811962871927 
2415	 0.238210803505245 
2416	 0.234882232520203 
2417	 0.238822565461506 
2418	 0.236795179120902 
2419	 0.236491892038401 
2420	 0.254372053888161 
2421	 0.267410930629582 
2422	 0.247298441947169 
2423	 0.23340379499741 
2424	 0.235757767798618 
2425	 0.231193514906021 
2426	 0.243758239461143 
2427	 0.263941052075751 
2428	 0.255602162125433 
2429	 0.242746699983558 
2430	 0.247680600692542 
2431	 0.252103186268368 
2432	 0.252699703261287 
2433	 0.252930073372617 
2434	 0.253917171725898 
2435	 0.24938975096744 
2436	 0.237013393692491 
2437	 0.237786834602377 
2438	 0.246484257189822 
2439	 0.24832673576939 
2440	 0.26040587574413 
2441	 0.272281406221344 
2442	 0.258027960373414 
2443	 0.241599684574681 
2444	 0.245309153377729 
2445	 0.250449918006083 
2446	 0.258326765448424 
2447	 0.269027133988042 
2448	 0.240329813691066 
2449	 0.223446731382175 
2450	 0.244105272164399 
2451	 0.244641457752987 
2452	 0.267551982163183 
2453	 0.3044443568921 
2454	 0.286287900822395 
2455	 0.266408753999063 
2456	 0.279471915253181 
2457	 0.258546410002764 
2458	 0.235657992857745 
2459	 0.242123571655318 
2460	 0.234767076934244 
2461	 0.239581386509557 
2462	 0.236395156454113 
2463	 0.223343592667281 
2464	 0.240737364569332 
2465	 0.239016810238542 
2466	 0.232420133137966 
2467	 0.245502737993803 
2468	 0.239865091702161 
2469	 0.227633594715122 
2470	 0.212882427473459 
2471	 0.222742394068003 
2472	 0.223224906180672 
2473	 0.240419060934287 
2474	 0.367439497244376 
2475	 0.375378073387834 
2476	 0.256558126761611 
2477	 0.227991361021195 
2478	 0.16249460522312 
2479	 0.19265309342986 
2480	 0.266597233904329 
2481	 0.269723139384208 
2482	 0.231803913343864 
2483	 0.189594601947919 
2484	 0.1350184876629 
2485	 0.104883661505278 
2486	 0.178141727455587 
2487	 6.66777469791159E-02 
2488	-5.75719069103604E-02 
2489	 7.61619965109457E-02 
2490	 2.25059821581698E-03 
2491	 0.162659975984715 
2492	 0.617090121063181 
2493	 0.32252759198795 
2494	 0.212997426641832 
2495	-5.62321577163554E-02 
2496	-0.317768494401915 
2497	-0.117471098222305 
2498	-9.38905767455829E-02 
2499	-0.04976512076816 
2500	 7.67937682458092E-02 
