Wavelength	09/27/123 at 12:25:01
350	 6.92656380156906E-02 
351	 6.92954288812334E-02 
352	 6.98331642993323E-02 
353	 7.06536169541174E-02 
354	 7.12091362856847E-02 
355	 7.21273175866118E-02 
356	 7.28905724877476E-02 
357	 7.33109503705394E-02 
358	 7.40674297041242E-02 
359	 7.51051204985807E-02 
360	 7.61391200987519E-02 
361	 7.68592765750997E-02 
362	 7.80305490351918E-02 
363	 7.93167894290445E-02 
364	 8.04428333021326E-02 
365	 8.14833876435867E-02 
366	 8.25549818594588E-02 
367	 8.37117735663526E-02 
368	 8.50021286308009E-02 
369	 8.67157927623796E-02 
370	 8.86024151301467E-02 
371	 9.05475721094726E-02 
372	 9.29066410173203E-02 
373	 9.51806794272184E-02 
374	 9.74058403239041E-02 
375	 0.099899428598033 
376	 0.102712504534197 
377	 0.10595241706096 
378	 0.109522649081963 
379	 0.1128224405889 
380	 0.116461838457643 
381	 0.120694030696233 
382	 0.125566730444358 
383	 0.13079012333368 
384	 0.136245523675172 
385	 0.141776910820689 
386	 0.147156883403832 
387	 0.15307924510954 
388	 0.159518759556866 
389	 0.166156766159445 
390	 0.172899151257799 
391	 0.180160390699354 
392	 0.187959856976584 
393	 0.195640434641351 
394	 0.203231224357252 
395	 0.210617159795291 
396	 0.21759897239812 
397	 0.223899583907932 
398	 0.229742881020531 
399	 0.235314056152871 
400	 0.240710103669311 
401	 0.245850794899794 
402	 0.250867748506845 
403	 0.255927945592304 
404	 0.260747743525732 
405	 0.2653610301498 
406	 0.269772543683719 
407	 0.273957394054195 
408	 0.277625456846755 
409	 0.280811966244051 
410	 0.283684547724557 
411	 0.28623591946576 
412	 0.288520056831849 
413	 0.29060665619955 
414	 0.292577733290768 
415	 0.294396918374128 
416	 0.296103827801892 
417	 0.297760249097242 
418	 0.299441114182451 
419	 0.301138807702715 
420	 0.302888606625895 
421	 0.304842698499025 
422	 0.306736463734748 
423	 0.308605765091776 
424	 0.310564370500976 
425	 0.312510727311819 
426	 0.314423646838146 
427	 0.316327021387639 
428	 0.318312482249272 
429	 0.320264483161258 
430	 0.322239711212197 
431	 0.324340718908168 
432	 0.326526537730397 
433	 0.328887791570932 
434	 0.331423077683989 
435	 0.33402401562052 
436	 0.336747721141885 
437	 0.339508523267496 
438	 0.342203910158716 
439	 0.344931031514573 
440	 0.347541359283212 
441	 0.349954609371379 
442	 0.352184576305469 
443	 0.354359920300058 
444	 0.356390789257759 
445	 0.358180484915967 
446	 0.35991660219179 
447	 0.361545684290919 
448	 0.363016716314416 
449	 0.364329689344876 
450	 0.365599149949265 
451	 0.366786567683489 
452	 0.367830684427088 
453	 0.368839419025654 
454	 0.369817742719473 
455	 0.370720687443931 
456	 0.371460203779236 
457	 0.372202663247631 
458	 0.372941819527048 
459	 0.37363122563681 
460	 0.374239690626444 
461	 0.374825922113017 
462	 0.375415085080321 
463	 0.375958336838362 
464	 0.376484962819486 
465	 0.377002235529587 
466	 0.377500778589938 
467	 0.377957800104639 
468	 0.378322665994842 
469	 0.378598446546632 
470	 0.378843557872302 
471	 0.379099040128881 
472	 0.379331300582433 
473	 0.379498914267163 
474	 0.37961278276414 
475	 0.379741810980241 
476	 0.379856095886741 
477	 0.379854297554426 
478	 0.379881948327695 
479	 0.37990034655179 
480	 0.37987034763452 
481	 0.37983359960261 
482	 0.379766953552094 
483	 0.379668443844388 
484	 0.379547497094686 
485	 0.379374342099426 
486	 0.379221120372935 
487	 0.379100506531356 
488	 0.378840634391216 
489	 0.378576952020403 
490	 0.378330474283868 
491	 0.378055718381796 
492	 0.377695461954169 
493	 0.377291711648173 
494	 0.376882142775741 
495	 0.376395329019695 
496	 0.375898709893878 
497	 0.375359894043603 
498	 0.374714168383787 
499	 0.374034110577272 
500	 0.373333566985215 
501	 0.372594273935523 
502	 0.371721177672234 
503	 0.370782003741456 
504	 0.369777797061246 
505	 0.368693897430267 
506	 0.367597850821718 
507	 0.366424261018652 
508	 0.365135055862682 
509	 0.363777628088186 
510	 0.362304419533843 
511	 0.360754473441268 
512	 0.359167496753038 
513	 0.357517451788723 
514	 0.355796749677978 
515	 0.353970625547779 
516	 0.351985052153896 
517	 0.349885490169829 
518	 0.347803902751085 
519	 0.345819886162413 
520	 0.343675410882179 
521	 0.341494366782183 
522	 0.339315421685172 
523	 0.337133901519566 
524	 0.334849125412029 
525	 0.33243741111559 
526	 0.329934557695182 
527	 0.327481813760153 
528	 0.325084317396443 
529	 0.322712885536702 
530	 0.320252253439818 
531	 0.317741808915943 
532	 0.31518585902625 
533	 0.312620991904182 
534	 0.310079578461074 
535	 0.307509988709117 
536	 0.304893741968579 
537	 0.30222761427484 
538	 0.299577515587964 
539	 0.29686316748673 
540	 0.294055882041338 
541	 0.291269352623601 
542	 0.288475259363003 
543	 0.285684152076412 
544	 0.282872216712737 
545	 0.279984781584686 
546	 0.277077027396529 
547	 0.274192491357084 
548	 0.271333353307667 
549	 0.26849408873351 
550	 0.26568139858031 
551	 0.262880536962758 
552	 0.260074848330848 
553	 0.257285235677577 
554	 0.254532786174913 
555	 0.251820955864323 
556	 0.24911737020757 
557	 0.246428537964403 
558	 0.24379846221699 
559	 0.241250557414222 
560	 0.23878215421863 
561	 0.236403285764047 
562	 0.23411368823643 
563	 0.231862828569658 
564	 0.229679343365997 
565	 0.227590642388325 
566	 0.225549722804904 
567	 0.223615227129467 
568	 0.221803561907681 
569	 0.22008792329699 
570	 0.218435438292449 
571	 0.216861848225778 
572	 0.21536724233135 
573	 0.213882079982582 
574	 0.212505952972843 
575	 0.211219628938617 
576	 0.209979990162861 
577	 0.208832069298703 
578	 0.207749374805886 
579	 0.206723470949845 
580	 0.205769256341065 
581	 0.204804268867918 
582	 0.203874834149601 
583	 0.203036627337819 
584	 0.20215355919097 
585	 0.201288179542407 
586	 0.200477474894739 
587	 0.199708733691238 
588	 0.198895544649241 
589	 0.198058452829242 
590	 0.197252854784169 
591	 0.196370681288035 
592	 0.195522597810938 
593	 0.194719472774751 
594	 0.193944812905994 
595	 0.193190648366681 
596	 0.192429465810998 
597	 0.191644985384241 
598	 0.190854054791707 
599	 0.190059479606679 
600	 0.189257900406352 
601	 0.18844982429197 
602	 0.187643939813185 
603	 0.186831736771088 
604	 0.186027793063869 
605	 0.185283295222882 
606	 0.184583354024486 
607	 0.183939483676749 
608	 0.183350813864863 
609	 0.182787634279127 
610	 0.18221167759253 
611	 0.181658629411383 
612	 0.181216609150622 
613	 0.18071981292647 
614	 0.1802625458465 
615	 0.179923005264383 
616	 0.179579308652122 
617	 0.179245735112513 
618	 0.178930019583939 
619	 0.178622239840323 
620	 0.1782822164074 
621	 0.178002303810398 
622	 0.177806248788255 
623	 0.177571882576862 
624	 0.177322687285551 
625	 0.177088882187853 
626	 0.176896649012338 
627	 0.176694429493757 
628	 0.176495266335837 
629	 0.176290271010531 
630	 0.176035910567483 
631	 0.175833798656453 
632	 0.17561686175001 
633	 0.175344605056738 
634	 0.175217844464106 
635	 0.17507763967631 
636	 0.174906917230681 
637	 0.174786426649692 
638	 0.174678094951829 
639	 0.174616465417287 
640	 0.174618205298257 
641	 0.174645074079944 
642	 0.174687658317008 
643	 0.174740804762874 
644	 0.174812321104189 
645	 0.17494658303835 
646	 0.175073324658605 
647	 0.175194080484451 
648	 0.17540418538619 
649	 0.175668876113362 
650	 0.175944252677973 
651	 0.176202689185193 
652	 0.176468897651319 
653	 0.176754006304894 
654	 0.177059623939744 
655	 0.177398590800247 
656	 0.177913596833141 
657	 0.178378343685328 
658	 0.178674670155992 
659	 0.178982499514456 
660	 0.179280333754485 
661	 0.179588097475897 
662	 0.179912177509392 
663	 0.180110911534923 
664	 0.180317860528644 
665	 0.180517895448046 
666	 0.18054008474622 
667	 0.180596888800648 
668	 0.180637335680615 
669	 0.180594847939902 
670	 0.180518597688664 
671	 0.180375577826704 
672	 0.180175230860014 
673	 0.179951554629559 
674	 0.179769358505034 
675	 0.179510753627555 
676	 0.17914325704388 
677	 0.178785912669939 
678	 0.178441157753184 
679	 0.178104933243609 
680	 0.17776314703457 
681	 0.177385305801242 
682	 0.176919286540391 
683	 0.17643524642182 
684	 0.176078584682696 
685	 0.175677771546169 
686	 0.175326105536499 
687	 0.175025805325087 
688	 0.174474706721535 
689	 0.173826584474891 
690	 0.173126938785196 
691	 0.172405842324361 
692	 0.171616017342709 
693	 0.170880448575719 
694	 0.170179843779293 
695	 0.169368323754447 
696	 0.168653530364323 
697	 0.16792755328961 
698	 0.167117005823271 
699	 0.166415194313784 
700	 0.165700947387396 
701	 0.164965758630466 
702	 0.164242979113577 
703	 0.163481184921533 
704	 0.16281606395849 
705	 0.162252235010134 
706	 0.161659270565673 
707	 0.16119526982619 
708	 0.160807596870501 
709	 0.160426222404793 
710	 0.160046025919095 
711	 0.159756740174011 
712	 0.15962129817699 
713	 0.159668045083553 
714	 0.159737774301987 
715	 0.159821109150929 
716	 0.159953708636128 
717	 0.160205145650909 
718	 0.160604715737212 
719	 0.161116196217903 
720	 0.161642280022802 
721	 0.162103458733715 
722	 0.162595286894276 
723	 0.163200658523792 
724	 0.163916709374669 
725	 0.164698211803851 
726	 0.165537046381635 
727	 0.166471105982494 
728	 0.167539794642222 
729	 0.168602812379052 
730	 0.169727317979526 
731	 0.170980737664424 
732	 0.172280979377525 
733	 0.173664737804785 
734	 0.175141807083852 
735	 0.176711008430527 
736	 0.178499076457253 
737	 0.180375389321472 
738	 0.182336381904628 
739	 0.184569240616662 
740	 0.186983495343135 
741	 0.189556890434036 
742	 0.192301014790587 
743	 0.195283583164164 
744	 0.198532615256882 
745	 0.202026202994003 
746	 0.205706924920358 
747	 0.209745683031647 
748	 0.214097011706145 
749	 0.218755676481361 
750	 0.223773046199644 
751	 0.22909307162028 
752	 0.234672606134985 
753	 0.240504868524165 
754	 0.246682154307717 
755	 0.253096630649802 
756	 0.259464539011933 
757	 0.265581258840178 
758	 0.271005090365965 
759	 0.277295857657192 
760	 0.286482861280292 
761	 0.297258870007495 
762	 0.30545745989734 
763	 0.312196140044622 
764	 0.319471602693333 
765	 0.32624170606006 
766	 0.332603031412637 
767	 0.338789474278287 
768	 0.345007908969957 
769	 0.351234757450332 
770	 0.357463589019783 
771	 0.363596222799031 
772	 0.369557065901669 
773	 0.375358221094174 
774	 0.38099024717558 
775	 0.386431554192918 
776	 0.391651036922819 
777	 0.39657286393402 
778	 0.401331111318348 
779	 0.406039347070366 
780	 0.410568643693504 
781	 0.414844425551977 
782	 0.41885389708516 
783	 0.422639025349973 
784	 0.426376335414216 
785	 0.42996087373967 
786	 0.433337496795573 
787	 0.436556920038808 
788	 0.43960438201431 
789	 0.442521765750219 
790	 0.445353342389185 
791	 0.448123978894557 
792	 0.450738559826639 
793	 0.453194636731734 
794	 0.455524672346755 
795	 0.457701893464819 
796	 0.45977099510978 
797	 0.461736878677543 
798	 0.463574291313582 
799	 0.465355927878648 
800	 0.467083219366729 
801	 0.468738220408713 
802	 0.470302330095683 
803	 0.471827620631651 
804	 0.473326699153306 
805	 0.47479644418906 
806	 0.47623131946425 
807	 0.477557002084354 
808	 0.478857313224925 
809	 0.480234107937633 
810	 0.481449920051334 
811	 0.482603547238358 
812	 0.483758451207299 
813	 0.484922427733299 
814	 0.486171862211809 
815	 0.487439939907996 
816	 0.488724000383996 
817	 0.490239024734514 
818	 0.491630959510913 
819	 0.492848299410176 
820	 0.493973447603842 
821	 0.495083214291926 
822	 0.496136425671474 
823	 0.497230691249113 
824	 0.498458398425088 
825	 0.499522101635835 
826	 0.500418101359823 
827	 0.501205902837532 
828	 0.501955482491124 
829	 0.502838613150489 
830	 0.503733137916694 
831	 0.504528856360408 
832	 0.505231549044053 
833	 0.506033537254565 
834	 0.50681018215601 
835	 0.50745907551333 
836	 0.508150619191214 
837	 0.50877811352866 
838	 0.509374979270541 
839	 0.509999215216699 
840	 0.510531763176241 
841	 0.511024937243865 
842	 0.511540728176823 
843	 0.512105065043579 
844	 0.512521002368745 
845	 0.512887000673638 
846	 0.513248258808066 
847	 0.513535323569735 
848	 0.513815155065266 
849	 0.514094589602119 
850	 0.51436095479038 
851	 0.514580236977232 
852	 0.514787322788053 
853	 0.51498070327073 
854	 0.515150611873868 
855	 0.515252059737101 
856	 0.515471692505409 
857	 0.51568707215946 
858	 0.515684321315162 
859	 0.515819333823136 
860	 0.51601521366131 
861	 0.516181158762766 
862	 0.516268042531651 
863	 0.5164565892674 
864	 0.516609388361774 
865	 0.516704021311797 
866	 0.516989446571267 
867	 0.517233885512672 
868	 0.517404333228281 
869	 0.517563860445664 
870	 0.517877503091237 
871	 0.518040876250467 
872	 0.518128366629949 
873	 0.518273829787463 
874	 0.518244622320712 
875	 0.518274692686725 
876	 0.518441064048273 
877	 0.518682369760373 
878	 0.518852526006627 
879	 0.518837857894148 
880	 0.51870421006141 
881	 0.518670599599886 
882	 0.518616871852176 
883	 0.51852805800874 
884	 0.518413294647316 
885	 0.518297505814924 
886	 0.518078106756164 
887	 0.517914605087107 
888	 0.517830175814749 
889	 0.517480922758338 
890	 0.517214454160086 
891	 0.51702624053582 
892	 0.51682452792537 
893	 0.51663342283672 
894	 0.516074194637264 
895	 0.515440583705723 
896	 0.515132052830454 
897	 0.514690950867111 
898	 0.51430521639414 
899	 0.513970790256825 
900	 0.513612197797061 
901	 0.513444217197327 
902	 0.513330279567937 
903	 0.513032765967543 
904	 0.512361098754884 
905	 0.512001757577186 
906	 0.511859291886079 
907	 0.511686136434661 
908	 0.511181903576929 
909	 0.510614943842295 
910	 0.510331270786334 
911	 0.51036039353171 
912	 0.510286852338405 
913	 0.510254427015924 
914	 0.510424023923828 
915	 0.510761276449388 
916	 0.510847659662625 
917	 0.51119259268533 
918	 0.511859765479842 
919	 0.512630423396205 
920	 0.512971138556995 
921	 0.513171680942901 
922	 0.51338250649549 
923	 0.513651168938952 
924	 0.513793355030674 
925	 0.51406717702374 
926	 0.514315593524424 
927	 0.514232212380515 
928	 0.513791799656235 
929	 0.513703366693629 
930	 0.513541491985553 
931	 0.512369186240911 
932	 0.512488685136973 
933	 0.512377863345769 
934	 0.512072007677816 
935	 0.51292367109598 
936	 0.513249104485661 
937	 0.513571733309489 
938	 0.514043533397172 
939	 0.514458366770181 
940	 0.515839630253356 
941	 0.516258106685455 
942	 0.515478298647369 
943	 0.515158036212728 
944	 0.515825035019626 
945	 0.516266423975927 
946	 0.516162408010897 
947	 0.516612750001782 
948	 0.516263487194938 
949	 0.516029310508557 
950	 0.516513111139942 
951	 0.517366533130504 
952	 0.518362554168944 
953	 0.51828275997461 
954	 0.51752359484244 
955	 0.519031232411213 
956	 0.519300933535145 
957	 0.519217166690157 
958	 0.51981937944167 
959	 0.520547248766921 
960	 0.521025466775036 
961	 0.521198793615654 
962	 0.521343872470926 
963	 0.5221162851182 
964	 0.523049042373118 
965	 0.523595574631362 
966	 0.523477422273128 
967	 0.522951036632149 
968	 0.52326976610635 
969	 0.523890636974872 
970	 0.524053116198066 
971	 0.523986785913556 
972	 0.523821103814553 
973	 0.524033954567979 
974	 0.524662437875242 
975	 0.52420797612239 
976	 0.524149175395048 
977	 0.523992652226302 
978	 0.523214768839258 
979	 0.523527353400823 
980	 0.52379688421678 
981	 0.523720626540433 
982	 0.52340767208546 
983	 0.523143377145475 
984	 0.523390673210863 
985	 0.523625750023793 
986	 0.523264574969699 
987	 0.522956387942089 
988	 0.522836271646979 
989	 0.522683540470044 
990	 0.522350960347663 
991	 0.522637975524694 
992	 0.522538332807374 
993	 0.52228675791673 
994	 0.522246812085131 
995	 0.52099271068023 
996	 0.520969174395064 
997	 0.521678982626278 
998	 0.521500631523849 
999	 0.519772351872961 
1000	 0.519372019211777 
1001	 0.524269717480163 
1002	 0.523976127172225 
1003	 0.523951259049521 
1004	 0.523777122601255 
1005	 0.523414811939255 
1006	 0.523185801856779 
1007	 0.523003413280727 
1008	 0.522850328485039 
1009	 0.52271085300352 
1010	 0.52267139804416 
1011	 0.522648678999088 
1012	 0.522307134776123 
1013	 0.521697601027351 
1014	 0.521244297570581 
1015	 0.520838608164941 
1016	 0.520543398651587 
1017	 0.520431549491174 
1018	 0.520646446247276 
1019	 0.520711529074695 
1020	 0.520479562055941 
1021	 0.520359281111756 
1022	 0.520259839495576 
1023	 0.520062701684286 
1024	 0.520219240203561 
1025	 0.520496603738942 
1026	 0.520594164928256 
1027	 0.52087997825233 
1028	 0.520963115345445 
1029	 0.520862328537117 
1030	 0.520880267249594 
1031	 0.520818057124509 
1032	 0.520562658226517 
1033	 0.520615962958773 
1034	 0.520899658679848 
1035	 0.521030428877162 
1036	 0.5213190276614 
1037	 0.521485324069067 
1038	 0.521598405897257 
1039	 0.521686421232543 
1040	 0.521551465949493 
1041	 0.52159143539567 
1042	 0.521467915344464 
1043	 0.521313124647574 
1044	 0.52129400968613 
1045	 0.52150034707783 
1046	 0.521426765752119 
1047	 0.521312284754204 
1048	 0.521171856348424 
1049	 0.520767123659872 
1050	 0.520412715479878 
1051	 0.520086419753128 
1052	 0.519651984728609 
1053	 0.519144406089461 
1054	 0.518525407404596 
1055	 0.517902372214544 
1056	 0.517241843619432 
1057	 0.516532610996388 
1058	 0.515710563294857 
1059	 0.515104066252231 
1060	 0.514635734783527 
1061	 0.513959353132122 
1062	 0.513323787738981 
1063	 0.512700972657614 
1064	 0.511675069239919 
1065	 0.510500972338774 
1066	 0.509525205373179 
1067	 0.508384752138004 
1068	 0.50712482577052 
1069	 0.506060906679382 
1070	 0.504799536361361 
1071	 0.503427031405674 
1072	 0.501959779961928 
1073	 0.500310017161237 
1074	 0.498762172724105 
1075	 0.497161775202036 
1076	 0.495683343341204 
1077	 0.494176606282211 
1078	 0.492671542381457 
1079	 0.491125940165265 
1080	 0.489488004405121 
1081	 0.488091568186302 
1082	 0.486907784418499 
1083	 0.485763873744766 
1084	 0.484644613871392 
1085	 0.483824833903892 
1086	 0.483207168558621 
1087	 0.482599933876761 
1088	 0.482109273357026 
1089	 0.48182092182694 
1090	 0.481644049025029 
1091	 0.481438376136088 
1092	 0.481496239911484 
1093	 0.481776567959143 
1094	 0.481958235354127 
1095	 0.482247948028597 
1096	 0.482661717850379 
1097	 0.483207379269937 
1098	 0.483814509914423 
1099	 0.484551915398473 
1100	 0.485312017623564 
1101	 0.486301575323278 
1102	 0.487104043606337 
1103	 0.487879664814308 
1104	 0.488691214097036 
1105	 0.489362262017751 
1106	 0.490185698413473 
1107	 0.491268218975874 
1108	 0.492253482827228 
1109	 0.493247308249527 
1110	 0.494125919151006 
1111	 0.494912588032027 
1112	 0.495423890135829 
1113	 0.49617479308915 
1114	 0.496947073924814 
1115	 0.497802481399233 
1116	 0.498855147874845 
1117	 0.499795948010328 
1118	 0.500721580157796 
1119	 0.501644759737052 
1120	 0.502366004292863 
1121	 0.503321720476665 
1122	 0.504272180190304 
1123	 0.505426277839774 
1124	 0.506723951157877 
1125	 0.508345816906963 
1126	 0.50960171091311 
1127	 0.510944775907864 
1128	 0.511663021865497 
1129	 0.511516489197754 
1130	 0.512057769471256 
1131	 0.512443117605176 
1132	 0.512940934299174 
1133	 0.513779354836674 
1134	 0.514464129238907 
1135	 0.515078307096024 
1136	 0.515542817131067 
1137	 0.516177595806026 
1138	 0.516496683079433 
1139	 0.516580073283396 
1140	 0.516456613773892 
1141	 0.516378555497151 
1142	 0.51607143865699 
1143	 0.516162692996595 
1144	 0.516395565873404 
1145	 0.516518143061929 
1146	 0.516807378100056 
1147	 0.516965780733952 
1148	 0.516863335150006 
1149	 0.517054214694016 
1150	 0.517586866094089 
1151	 0.517719778334407 
1152	 0.51775922508944 
1153	 0.517798616797069 
1154	 0.517512573546625 
1155	 0.517419227811373 
1156	 0.517840609625659 
1157	 0.517840000019169 
1158	 0.5179067369738 
1159	 0.518113530387066 
1160	 0.518042693478903 
1161	 0.517663260193496 
1162	 0.517654860958407 
1163	 0.517789662673944 
1164	 0.517732133127626 
1165	 0.517633813056582 
1166	 0.517625213412626 
1167	 0.517581061399498 
1168	 0.517481998030971 
1169	 0.517575421316576 
1170	 0.517486664477039 
1171	 0.517243513564538 
1172	 0.516820606617288 
1173	 0.516607349009747 
1174	 0.516418866870678 
1175	 0.516307329045851 
1176	 0.516349618807865 
1177	 0.516253361065857 
1178	 0.516153760912119 
1179	 0.516015858038233 
1180	 0.515721136239227 
1181	 0.515582210133835 
1182	 0.515500236408129 
1183	 0.515422660270456 
1184	 0.515583102619108 
1185	 0.515445637820068 
1186	 0.515003069144324 
1187	 0.514805636127402 
1188	 0.514647344668094 
1189	 0.514355299676665 
1190	 0.514425721078705 
1191	 0.514581236059344 
1192	 0.514583863641543 
1193	 0.514690042033005 
1194	 0.514656010660874 
1195	 0.514442362913855 
1196	 0.514488057241558 
1197	 0.5145867739391 
1198	 0.514682384836873 
1199	 0.515031013782734 
1200	 0.515136459793514 
1201	 0.515097395230204 
1202	 0.515080338323294 
1203	 0.514929852204208 
1204	 0.514901249277786 
1205	 0.514903872610531 
1206	 0.514923210785792 
1207	 0.515001386571081 
1208	 0.515221375460635 
1209	 0.515455797722605 
1210	 0.515603959808383 
1211	 0.515714220193896 
1212	 0.515691050096294 
1213	 0.515764710618961 
1214	 0.515964658117167 
1215	 0.516077130156934 
1216	 0.516288074385274 
1217	 0.516399650940676 
1218	 0.516332013112623 
1219	 0.51638395713849 
1220	 0.516520377226792 
1221	 0.516616698261941 
1222	 0.516794048767907 
1223	 0.516841138686924 
1224	 0.516792410074689 
1225	 0.516689646877263 
1226	 0.516705141438024 
1227	 0.516629386875967 
1228	 0.51648092853317 
1229	 0.516624900284909 
1230	 0.51683003589372 
1231	 0.516926726268494 
1232	 0.51704651270805 
1233	 0.5170598591366 
1234	 0.51686903255426 
1235	 0.516716608197724 
1236	 0.516631967005185 
1237	 0.516628877241055 
1238	 0.516620052133407 
1239	 0.516664959649788 
1240	 0.516608403054909 
1241	 0.516636200670164 
1242	 0.516542312301532 
1243	 0.516240437648461 
1244	 0.516048663057002 
1245	 0.516028999596882 
1246	 0.515916963989553 
1247	 0.515950492766706 
1248	 0.516002257510051 
1249	 0.515863511287527 
1250	 0.515670630347953 
1251	 0.51561967955357 
1252	 0.515640734735933 
1253	 0.515675027382794 
1254	 0.515735119909014 
1255	 0.515545815761479 
1256	 0.515249499668845 
1257	 0.515230861938675 
1258	 0.51547538588441 
1259	 0.515473229258832 
1260	 0.515584907617898 
1261	 0.515603655787666 
1262	 0.515444157435266 
1263	 0.515227074644687 
1264	 0.515067990348482 
1265	 0.515053034551498 
1266	 0.515058862453997 
1267	 0.514928837142529 
1268	 0.514933305356489 
1269	 0.514887517498451 
1270	 0.51457248907353 
1271	 0.514115178026145 
1272	 0.513806322732209 
1273	 0.513781002951945 
1274	 0.513673418769914 
1275	 0.513686225776899 
1276	 0.513704652888558 
1277	 0.513150494233045 
1278	 0.512777856404482 
1279	 0.512731418505231 
1280	 0.512430294684946 
1281	 0.511949376859746 
1282	 0.51178979483931 
1283	 0.511766468767796 
1284	 0.511423705798483 
1285	 0.511127622013768 
1286	 0.511038764018616 
1287	 0.510824797057355 
1288	 0.510539789247543 
1289	 0.510525255624197 
1290	 0.51053082516311 
1291	 0.510150442885541 
1292	 0.509722381491035 
1293	 0.509608737073938 
1294	 0.50958436970934 
1295	 0.509455323238284 
1296	 0.509389827927495 
1297	 0.509201367709183 
1298	 0.508705780885189 
1299	 0.508537989585582 
1300	 0.508710378645241 
1301	 0.508600850902505 
1302	 0.50847416615353 
1303	 0.508357787699091 
1304	 0.507933457062838 
1305	 0.507751241198718 
1306	 0.507719061571821 
1307	 0.50794339337104 
1308	 0.507793912730063 
1309	 0.507755077026402 
1310	 0.507541453408923 
1311	 0.507044125629283 
1312	 0.506890763732586 
1313	 0.506701396161573 
1314	 0.506407714747461 
1315	 0.506406034959104 
1316	 0.506363889203572 
1317	 0.506262400410518 
1318	 0.506285648199927 
1319	 0.505945237830787 
1320	 0.5055884311582 
1321	 0.5055923565391 
1322	 0.505447082759607 
1323	 0.505287648544341 
1324	 0.505005972918164 
1325	 0.504461415990893 
1326	 0.504217035396884 
1327	 0.504126775825205 
1328	 0.504090612794347 
1329	 0.504059949785141 
1330	 0.503738746974784 
1331	 0.503116654372553 
1332	 0.502513229988382 
1333	 0.50211154055662 
1334	 0.501859858114112 
1335	 0.501947379121449 
1336	 0.501651345896968 
1337	 0.501099373639512 
1338	 0.500788134692447 
1339	 0.500361389281592 
1340	 0.500131270787678 
1341	 0.499758158841419 
1342	 0.499071996426223 
1343	 0.498790639264775 
1344	 0.498857162186617 
1345	 0.499001308808277 
1346	 0.498950817336189 
1347	 0.498182502533446 
1348	 0.497128599244743 
1349	 0.496648480253423 
1350	 0.496554514427868 
1351	 0.496427658008568 
1352	 0.495818099526408 
1353	 0.494847674687381 
1354	 0.493502994578087 
1355	 0.491943830420746 
1356	 0.491337984866072 
1357	 0.49063984035671 
1358	 0.490989137112604 
1359	 0.49096687949016 
1360	 0.492020740360489 
1361	 0.48425605944244 
1362	 0.482965711832309 
1363	 0.487111452188385 
1364	 0.478461675804477 
1365	 0.493563436364752 
1366	 0.498295572287615 
1367	 0.473269551997125 
1368	 0.475953963250078 
1369	 0.494615460674907 
1370	 0.495923750193501 
1371	 0.495469259808824 
1372	 0.478832247553873 
1373	 0.424408157765439 
1374	 0.422763131242702 
1375	 0.439439819390106 
1376	 0.395306675287519 
1377	 0.407805267951779 
1378	 0.399877752695217 
1379	 0.349195792945849 
1380	 0.382418909240908 
1381	 0.398943127355885 
1382	 0.386478770659943 
1383	 0.435867742825778 
1384	 0.462228285295943 
1385	 0.439992687733336 
1386	 0.441394791677331 
1387	 0.428455801919015 
1388	 0.453614085967176 
1389	 0.464527083007019 
1390	 0.495863214974931 
1391	 0.485437251976193 
1392	 0.485573957973121 
1393	 0.444961332394449 
1394	 0.414913452153836 
1395	 0.428550014740696 
1396	 0.432771778331205 
1397	 0.455829875813567 
1398	 0.472459121966969 
1399	 0.464174090131481 
1400	 0.470809556857035 
1401	 0.462641904393567 
1402	 0.453949488425167 
1403	 0.474450083986873 
1404	 0.479902458395125 
1405	 0.474602499578385 
1406	 0.476157997653883 
1407	 0.468114802894194 
1408	 0.461800813507723 
1409	 0.462939351056527 
1410	 0.462823355647647 
1411	 0.466179157312848 
1412	 0.472536695069401 
1413	 0.472742955127657 
1414	 0.471656593443544 
1415	 0.472411113774696 
1416	 0.47169381443305 
1417	 0.472946886827586 
1418	 0.47643406297798 
1419	 0.478583645504746 
1420	 0.478325995584786 
1421	 0.477754916796751 
1422	 0.477253327793182 
1423	 0.476072783328375 
1424	 0.475593911265252 
1425	 0.476194913806947 
1426	 0.476692492953128 
1427	 0.47725932212848 
1428	 0.477455037934248 
1429	 0.478807021073012 
1430	 0.480815865871292 
1431	 0.48088825668684 
1432	 0.480496834064727 
1433	 0.480293816659386 
1434	 0.479148816393575 
1435	 0.479715901164189 
1436	 0.481151108178252 
1437	 0.48068911404689 
1438	 0.48028564896526 
1439	 0.480950022604769 
1440	 0.481441772097148 
1441	 0.481752437608474 
1442	 0.481892071582176 
1443	 0.480763186852861 
1444	 0.479465634626697 
1445	 0.480429483511318 
1446	 0.48213939477668 
1447	 0.482211230071504 
1448	 0.482265027330105 
1449	 0.482670608405007 
1450	 0.482414424519868 
1451	 0.482376240611925 
1452	 0.482811612378615 
1453	 0.483069889306672 
1454	 0.483089198994665 
1455	 0.483088179429242 
1456	 0.483054751873919 
1457	 0.482915729821023 
1458	 0.483199582029273 
1459	 0.483897628179369 
1460	 0.484149438403531 
1461	 0.483810762276711 
1462	 0.483281394653155 
1463	 0.483179340555086 
1464	 0.483002905438188 
1465	 0.482487709884205 
1466	 0.482468772570862 
1467	 0.482146584384834 
1468	 0.481632357376688 
1469	 0.481983444627012 
1470	 0.482229091767187 
1471	 0.482492436168331 
1472	 0.482279468231133 
1473	 0.482626027563828 
1474	 0.482914803034919 
1475	 0.482281757825271 
1476	 0.481845520187153 
1477	 0.481839376254415 
1478	 0.481598310718182 
1479	 0.481858582348332 
1480	 0.482175366123592 
1481	 0.481745406555666 
1482	 0.481421621656725 
1483	 0.48155011642843 
1484	 0.481773725419396 
1485	 0.482049312194574 
1486	 0.482227157912358 
1487	 0.482415209278524 
1488	 0.482518157312056 
1489	 0.482329864704646 
1490	 0.482349604360288 
1491	 0.482532859450041 
1492	 0.482628121904029 
1493	 0.482821153100294 
1494	 0.482791265180958 
1495	 0.482501143635122 
1496	 0.482444230219452 
1497	 0.482533047871648 
1498	 0.48279039329326 
1499	 0.48300442091596 
1500	 0.482791637678301 
1501	 0.482562345257045 
1502	 0.48240091732841 
1503	 0.482374765054195 
1504	 0.48263644857678 
1505	 0.482616724145905 
1506	 0.482295500304034 
1507	 0.482217577177703 
1508	 0.482306179643089 
1509	 0.482276236673946 
1510	 0.482499582797489 
1511	 0.482730933248963 
1512	 0.482195908498305 
1513	 0.481745624998781 
1514	 0.481814699386261 
1515	 0.481641925893656 
1516	 0.481483225106203 
1517	 0.481554402842837 
1518	 0.481500321975688 
1519	 0.481319892234511 
1520	 0.481223702247124 
1521	 0.481315487611309 
1522	 0.481202168915018 
1523	 0.480833155382695 
1524	 0.480693685771697 
1525	 0.480586849242461 
1526	 0.480397665314849 
1527	 0.480416134572456 
1528	 0.480439975029617 
1529	 0.480264873791067 
1530	 0.480150017240149 
1531	 0.480066561683472 
1532	 0.480039694498012 
1533	 0.479924935789444 
1534	 0.479801586517911 
1535	 0.479617156600907 
1536	 0.479301331058957 
1537	 0.479130394301693 
1538	 0.478992636779604 
1539	 0.478910366467002 
1540	 0.478863569484707 
1541	 0.478709741467119 
1542	 0.478452474359311 
1543	 0.478329601691029 
1544	 0.478258677951523 
1545	 0.478239066839209 
1546	 0.478188272496044 
1547	 0.477970150708199 
1548	 0.477800432276243 
1549	 0.477738007070968 
1550	 0.477574410446196 
1551	 0.47733281961857 
1552	 0.477090052059226 
1553	 0.476740328743684 
1554	 0.476532488899451 
1555	 0.476656595248323 
1556	 0.476597376242557 
1557	 0.476269424335344 
1558	 0.475976054429471 
1559	 0.47565207099671 
1560	 0.475582750531051 
1561	 0.475639040568456 
1562	 0.475475047849773 
1563	 0.475354728878753 
1564	 0.475120650388629 
1565	 0.474896804721179 
1566	 0.474775155734998 
1567	 0.474626547252183 
1568	 0.474553256665867 
1569	 0.474437173148257 
1570	 0.474373208012834 
1571	 0.474248961892834 
1572	 0.473899057032847 
1573	 0.473454301966434 
1574	 0.473065397020958 
1575	 0.472879993739255 
1576	 0.472844164942887 
1577	 0.472751454414159 
1578	 0.47256094163397 
1579	 0.472421991189521 
1580	 0.472305101826578 
1581	 0.472126089770462 
1582	 0.472009302010736 
1583	 0.471746570223699 
1584	 0.471167502733774 
1585	 0.470814415561689 
1586	 0.470760740322921 
1587	 0.470592105777689 
1588	 0.470430377587585 
1589	 0.47022345685092 
1590	 0.46984154772371 
1591	 0.469611712146561 
1592	 0.469538550460615 
1593	 0.469390117546122 
1594	 0.469191989673924 
1595	 0.469018806964537 
1596	 0.468927888199434 
1597	 0.468782288247113 
1598	 0.468530865739677 
1599	 0.468326741501677 
1600	 0.468092131178495 
1601	 0.467831937849717 
1602	 0.467650323805952 
1603	 0.467462138186828 
1604	 0.467279773521119 
1605	 0.467159558553699 
1606	 0.467023654657002 
1607	 0.466845401776913 
1608	 0.466648864360996 
1609	 0.466430473828144 
1610	 0.466167589741498 
1611	 0.46587589968418 
1612	 0.465505822843832 
1613	 0.465079704495067 
1614	 0.464843154444789 
1615	 0.464657349036024 
1616	 0.46430227371384 
1617	 0.463934358535448 
1618	 0.463566591483987 
1619	 0.463238313285778 
1620	 0.463042342899172 
1621	 0.462869359815885 
1622	 0.462665048206736 
1623	 0.462310927514267 
1624	 0.461980404363566 
1625	 0.461724434102853 
1626	 0.461467180732648 
1627	 0.461402690947131 
1628	 0.461125224233757 
1629	 0.460633476028214 
1630	 0.460273219654154 
1631	 0.459883161631672 
1632	 0.45973635961429 
1633	 0.459715341456964 
1634	 0.459429994780221 
1635	 0.459008583750405 
1636	 0.458459305429355 
1637	 0.458082669316612 
1638	 0.457967514055917 
1639	 0.457781816898949 
1640	 0.457678593518158 
1641	 0.457452355189977 
1642	 0.456985747763901 
1643	 0.456561625704545 
1644	 0.456070083521581 
1645	 0.455624442674182 
1646	 0.455212369717137 
1647	 0.454722124892326 
1648	 0.45422569423821 
1649	 0.453618204137241 
1650	 0.453138695907815 
1651	 0.452727505728554 
1652	 0.452109881309363 
1653	 0.451298025157662 
1654	 0.450446650451007 
1655	 0.449762592681569 
1656	 0.449105525986228 
1657	 0.448573390496644 
1658	 0.447773904524565 
1659	 0.446581676987593 
1660	 0.445552676430542 
1661	 0.444434734163869 
1662	 0.443381532214708 
1663	 0.442708177470613 
1664	 0.442082170675506 
1665	 0.441369416585496 
1666	 0.440392616898543 
1667	 0.439258267843897 
1668	 0.438001731708019 
1669	 0.436732983518795 
1670	 0.435899863596928 
1671	 0.435062439166626 
1672	 0.434052648347749 
1673	 0.433088169867512 
1674	 0.431993314447521 
1675	 0.431148249310607 
1676	 0.430629942871666 
1677	 0.429807867550487 
1678	 0.428957583306547 
1679	 0.428217670512749 
1680	 0.426938930237488 
1681	 0.425980231094185 
1682	 0.425493451880133 
1683	 0.42472390652531 
1684	 0.42416743525012 
1685	 0.423565629930034 
1686	 0.422575538106944 
1687	 0.421832961231538 
1688	 0.421190048501471 
1689	 0.420593954164047 
1690	 0.420300594975614 
1691	 0.419792517691347 
1692	 0.41908187485978 
1693	 0.418476196050442 
1694	 0.41795779458407 
1695	 0.417559651138189 
1696	 0.417295588381891 
1697	 0.416961029345025 
1698	 0.416279485245678 
1699	 0.415560561915128 
1700	 0.415166168160777 
1701	 0.414979063308296 
1702	 0.414946255243788 
1703	 0.414735609659532 
1704	 0.414248755361246 
1705	 0.413956423984379 
1706	 0.41383801212507 
1707	 0.413583026364669 
1708	 0.413144119732861 
1709	 0.412987055230514 
1710	 0.412950776828356 
1711	 0.41290853876263 
1712	 0.413130256532909 
1713	 0.413224841050679 
1714	 0.413319336067805 
1715	 0.413231080711523 
1716	 0.412976604398885 
1717	 0.412884975369953 
1718	 0.412616088850588 
1719	 0.412557686448102 
1720	 0.412940922369161 
1721	 0.412929112859552 
1722	 0.412724972168822 
1723	 0.412513600722174 
1724	 0.411909035849832 
1725	 0.411862240816137 
1726	 0.412286499204577 
1727	 0.412391105618099 
1728	 0.412638183684205 
1729	 0.412709859240001 
1730	 0.412399761649045 
1731	 0.412347518148819 
1732	 0.412500261996024 
1733	 0.412549644090271 
1734	 0.412501203983689 
1735	 0.412594454947399 
1736	 0.412798205285154 
1737	 0.412997894655816 
1738	 0.413465057490336 
1739	 0.413418592616946 
1740	 0.412904315448631 
1741	 0.412865574025731 
1742	 0.4127402127644 
1743	 0.4127188459925 
1744	 0.413095405074679 
1745	 0.41327855281955 
1746	 0.413300334301551 
1747	 0.413398807533495 
1748	 0.413709965587135 
1749	 0.413721442316457 
1750	 0.413419163976346 
1751	 0.413449865469836 
1752	 0.413405335183569 
1753	 0.41317067048879 
1754	 0.413084392975265 
1755	 0.413153703884159 
1756	 0.413446103419915 
1757	 0.414081509813382 
1758	 0.414770763761471 
1759	 0.41521125875565 
1760	 0.415464663632607 
1761	 0.415572746490031 
1762	 0.415607980193776 
1763	 0.415794239138733 
1764	 0.415868439603134 
1765	 0.415773687841168 
1766	 0.416066760207416 
1767	 0.41658680011335 
1768	 0.416761106422531 
1769	 0.416679294484719 
1770	 0.416664435652414 
1771	 0.416214959049232 
1772	 0.416322638753358 
1773	 0.417618658512738 
1774	 0.418058187626894 
1775	 0.41818083385753 
1776	 0.418261886855319 
1777	 0.417624617369357 
1778	 0.417425288365922 
1779	 0.417429245026473 
1780	 0.417441490781172 
1781	 0.417901937790847 
1782	 0.417683072316318 
1783	 0.416917331983716 
1784	 0.416686392870865 
1785	 0.416051580381055 
1786	 0.415995042791483 
1787	 0.417130169178932 
1788	 0.417187949020079 
1789	 0.416649771113913 
1790	 0.416548215114554 
1791	 0.415855545565985 
1792	 0.41603478235125 
1793	 0.417798103435157 
1794	 0.417761337292063 
1795	 0.417112926464642 
1796	 0.416181556298896 
1797	 0.412891278693259 
1798	 0.41190301216244 
1799	 0.412181190607865 
1800	 0.412549143502476 
1801	 0.414974688209884 
1802	 0.415757724077311 
1803	 0.416436927798299 
1804	 0.415802385166749 
1805	 0.412638942643008 
1806	 0.411535965992039 
1807	 0.410274260948273 
1808	 0.409220038622046 
1809	 0.410349527641624 
1810	 0.40807998874332 
1811	 0.406192492688926 
1812	 0.408752519708181 
1813	 0.409365960393973 
1814	 0.41832000773985 
1815	 0.426715706892215 
1816	 0.420557317979518 
1817	 0.418434248071475 
1818	 0.399006304965104 
1819	 0.386467684537349 
1820	 0.381449332426306 
1821	 0.378518615813864 
1822	 0.386295003524452 
1823	 0.39253484312386 
1824	 0.40813562285294 
1825	 0.422529838620298 
1826	 0.443061981973637 
1827	 0.452443037890826 
1828	 0.43741722808464 
1829	 0.43745725866943 
1830	 0.43173233712754 
1831	 0.272040777120717 
1832	 0.341551894798839 
1833	 0.367159402968829 
1834	 0.629930438007469 
1835	 1.0146461617105 
1836	 0.697112300656077 
1837	 0.685488346985442 
1838	 0.613553128673981 
1839	 0.64572940483632 
1840	 0.328888134178562 
1841	-0.503193781012825 
1842	-0.517037795565062 
1843	 0.714457307547673 
1844	 0.887625033057757 
1845	 7.9829718605007 
1846	-41.5014636004455 
1847	 2.22153741025423 
1848	-1.61318443389815 
1849	-2.06738696615216 
1850	-0.444630328361839 
1851	-0.562879375432348 
1852	-2.81737036870181 
1853	-2.08567546509737 
1854	 1.43956809665994 
1855	 2.57004666246433 
1856	 0.723356515276092 
1857	 0.601630506032116 
1858	 0.895139921306423 
1859	 2.78796900040299 
1860	 1.51421621026607 
1861	 4.18519846735298 
1862	 1.68416176453354 
1863	 0.216007364900979 
1864	 0.144707301426287 
1865	 0.25135517240549 
1866	 0.248587022798651 
1867	-0.115461047562913 
1868	-6.26035214491968E-02 
1869	-3.03319239368947E-02 
1870	 6.81878814311919E-02 
1871	 0.109488934162227 
1872	 0.12422619589207 
1873	 0.133056638493987 
1874	-5.18808543697384E-02 
1875	 5.12803459088423E-02 
1876	 0.294880455842824 
1877	 0.493484560709691 
1878	 0.317237196313776 
1879	 0.221384007472939 
1880	 0.355221587139458 
1881	 0.437379320825551 
1882	 0.415186374741897 
1883	 0.604893066264819 
1884	 0.605578843685031 
1885	 0.509798353687692 
1886	 6.65706534188279E-02 
1887	 9.66317723312934E-03 
1888	 0.288533840119483 
1889	 0.341772168443688 
1890	 0.324199983709573 
1891	 0.366172398512163 
1892	 0.403899229651722 
1893	 0.36711769309053 
1894	 0.324301792080141 
1895	 0.352712788992359 
1896	 0.385782425953673 
1897	 0.310937064331915 
1898	 0.325048140683912 
1899	 0.503722190371777 
1900	 0.649656237086959 
1901	 0.824360293177994 
1902	 0.966712192675024 
1903	 1.06916028356165 
1904	 1.05959246693362 
1905	 0.921981481598601 
1906	 0.842843872171076 
1907	 0.490231071125048 
1908	 0.383394478890607 
1909	 0.336137992076304 
1910	 9.68605985194083E-02 
1911	 0.184349649722086 
1912	 0.365225487665315 
1913	 0.387312691582566 
1914	 0.355756542291227 
1915	 0.359746690224739 
1916	 0.353525441194742 
1917	 0.309617277039718 
1918	 0.329429386930983 
1919	 0.368948887220063 
1920	 0.449959208543425 
1921	 0.469886158486623 
1922	 0.415463670206389 
1923	 0.392644969771292 
1924	 0.381943314337272 
1925	 0.35136284718668 
1926	 0.358477312523325 
1927	 0.400061132739456 
1928	 0.405021510466731 
1929	 0.410660882563386 
1930	 0.401041136205391 
1931	 0.380423586143327 
1932	 0.377006584157791 
1933	 0.371549249207392 
1934	 0.361474819920561 
1935	 0.363295417234397 
1936	 0.369687133623999 
1937	 0.383174673110063 
1938	 0.384262922510436 
1939	 0.376566236776246 
1940	 0.375395596853454 
1941	 0.371206011146267 
1942	 0.362349524561767 
1943	 0.361853778287551 
1944	 0.37003987655227 
1945	 0.372606514432449 
1946	 0.374251933337398 
1947	 0.378256224679107 
1948	 0.387155387769697 
1949	 0.384040969532071 
1950	 0.379175316222655 
1951	 0.380476371731456 
1952	 0.378128183378149 
1953	 0.378613717014376 
1954	 0.38047390400285 
1955	 0.378658622650206 
1956	 0.382687429523293 
1957	 0.385404138631749 
1958	 0.38448047233409 
1959	 0.380551942368079 
1960	 0.38211886447166 
1961	 0.383707599244264 
1962	 0.381775606378811 
1963	 0.383515370775586 
1964	 0.385914518109571 
1965	 0.38442224257984 
1966	 0.384842182209239 
1967	 0.387545031922321 
1968	 0.387945394589056 
1969	 0.387796987788498 
1970	 0.387100359610705 
1971	 0.386825741875793 
1972	 0.38654083975456 
1973	 0.38651446299517 
1974	 0.386746834301241 
1975	 0.387711189013876 
1976	 0.387752213295771 
1977	 0.386849176721735 
1978	 0.387167420111737 
1979	 0.387546108405556 
1980	 0.387363202944363 
1981	 0.386723247391416 
1982	 0.386403939803866 
1983	 0.385689738871709 
1984	 0.385610274897405 
1985	 0.38576062328724 
1986	 0.386144985483232 
1987	 0.386569169800401 
1988	 0.386184876610139 
1989	 0.385618881356309 
1990	 0.385909215604999 
1991	 0.386689816711074 
1992	 0.387463371586788 
1993	 0.387691715129714 
1994	 0.387456637389761 
1995	 0.387151679239332 
1996	 0.386114624160841 
1997	 0.385843645875699 
1998	 0.385978631846655 
1999	 0.386609149510235 
2000	 0.38758818555761 
2001	 0.387616252722435 
2002	 0.388335341500603 
2003	 0.39042220092458 
2004	 0.391173114544297 
2005	 0.39148309727571 
2006	 0.392298312280452 
2007	 0.392334318157841 
2008	 0.391376273917811 
2009	 0.389836628491895 
2010	 0.389842938407096 
2011	 0.391388885065158 
2012	 0.392670887273335 
2013	 0.393254284953976 
2014	 0.394291237947047 
2015	 0.392966741081704 
2016	 0.390244236590293 
2017	 0.390887559323115 
2018	 0.391558961435444 
2019	 0.390701499991488 
2020	 0.388354538942437 
2021	 0.387655082710228 
2022	 0.387014806537371 
2023	 0.386081635296819 
2024	 0.386575652189291 
2025	 0.387039052476512 
2026	 0.38616222074259 
2027	 0.385414246317294 
2028	 0.385139225173654 
2029	 0.38511972612349 
2030	 0.385341646070164 
2031	 0.385223006370689 
2032	 0.385141801616783 
2033	 0.38490433081567 
2034	 0.384656966930391 
2035	 0.384304747850658 
2036	 0.384299296162229 
2037	 0.384304459204707 
2038	 0.383519583351762 
2039	 0.383148926569156 
2040	 0.383422540396932 
2041	 0.382906527781745 
2042	 0.382746781725196 
2043	 0.383434097459153 
2044	 0.383566144379389 
2045	 0.383377614105651 
2046	 0.383303522660038 
2047	 0.383397234367964 
2048	 0.382623529226504 
2049	 0.382311067118573 
2050	 0.382440889376709 
2051	 0.383840508369751 
2052	 0.383532171747908 
2053	 0.38318715063558 
2054	 0.383112866027381 
2055	 0.381924154952487 
2056	 0.381601540687122 
2057	 0.38205277569243 
2058	 0.382767012004544 
2059	 0.383605809499475 
2060	 0.38372600385005 
2061	 0.382706226559959 
2062	 0.382725572885993 
2063	 0.383159783384095 
2064	 0.382967120306487 
2065	 0.382928111497425 
2066	 0.382559269198801 
2067	 0.381696848417172 
2068	 0.380542964295035 
2069	 0.379516542325659 
2070	 0.379272296611708 
2071	 0.378393039565256 
2072	 0.377896966866702 
2073	 0.37881133637169 
2074	 0.379036767777342 
2075	 0.378625906159932 
2076	 0.377892228599884 
2077	 0.377897853358464 
2078	 0.377622921031637 
2079	 0.377232959136611 
2080	 0.37748085132338 
2081	 0.377441664212751 
2082	 0.376865066908713 
2083	 0.376343491532628 
2084	 0.376234459977691 
2085	 0.376463592586263 
2086	 0.376442112023679 
2087	 0.375974101161044 
2088	 0.375695422006412 
2089	 0.375667949996381 
2090	 0.375078515569061 
2091	 0.373640292061095 
2092	 0.373222362240337 
2093	 0.37309195619215 
2094	 0.372553800922324 
2095	 0.372614089297959 
2096	 0.37232100275056 
2097	 0.371412130301368 
2098	 0.370587834867148 
2099	 0.371009492034558 
2100	 0.370518894613042 
2101	 0.369624070152133 
2102	 0.369844654040494 
2103	 0.369743010542963 
2104	 0.369031589686039 
2105	 0.368834219668341 
2106	 0.368646515687513 
2107	 0.368321655991802 
2108	 0.367779595104391 
2109	 0.367393318963298 
2110	 0.367102816819921 
2111	 0.366950365234262 
2112	 0.36694824119032 
2113	 0.366252352275494 
2114	 0.365199877409977 
2115	 0.364562870294158 
2116	 0.3634337625067 
2117	 0.363124109759084 
2118	 0.364249080462917 
2119	 0.364011176448564 
2120	 0.362115563632255 
2121	 0.361450712589064 
2122	 0.361209815083742 
2123	 0.360168392315226 
2124	 0.359617590977108 
2125	 0.360076091337687 
2126	 0.359701251088962 
2127	 0.358945213475557 
2128	 0.358306669045946 
2129	 0.356871359465756 
2130	 0.356701507989168 
2131	 0.357872742820074 
2132	 0.357562980664273 
2133	 0.35700501395745 
2134	 0.357089104841211 
2135	 0.356621877188295 
2136	 0.354978249923324 
2137	 0.354301441524173 
2138	 0.354801715522342 
2139	 0.354136321499317 
2140	 0.352689621861719 
2141	 0.352618154883933 
2142	 0.352469254857573 
2143	 0.352239240854199 
2144	 0.352490527585886 
2145	 0.35265972206825 
2146	 0.352419744882461 
2147	 0.352312426032758 
2148	 0.352219621324366 
2149	 0.352155516404941 
2150	 0.352376507744051 
2151	 0.352414137534854 
2152	 0.352223726831303 
2153	 0.352506466218815 
2154	 0.352985172460459 
2155	 0.352747870866724 
2156	 0.353031870724406 
2157	 0.353111348991191 
2158	 0.351883989226525 
2159	 0.350833955527199 
2160	 0.350330585212699 
2161	 0.350237436992802 
2162	 0.351502763794848 
2163	 0.352139733882649 
2164	 0.352026853643464 
2165	 0.351218413985074 
2166	 0.35094888515493 
2167	 0.350097424263821 
2168	 0.349783431434257 
2169	 0.349725489468736 
2170	 0.349646191771188 
2171	 0.349979558867768 
2172	 0.349968509602486 
2173	 0.350060241388027 
2174	 0.350109141394616 
2175	 0.349749485687368 
2176	 0.348700950960983 
2177	 0.348280464500381 
2178	 0.348309705562669 
2179	 0.348342109854484 
2180	 0.3483698878242 
2181	 0.347296970751658 
2182	 0.346210700218145 
2183	 0.346973275970265 
2184	 0.347382734275144 
2185	 0.346796616567505 
2186	 0.346417575588842 
2187	 0.345858989990974 
2188	 0.343562014632249 
2189	 0.342589784967764 
2190	 0.342937751657483 
2191	 0.342363472462553 
2192	 0.341194578649796 
2193	 0.340795338029348 
2194	 0.340721787289052 
2195	 0.340405634681522 
2196	 0.340755138421177 
2197	 0.340400353827767 
2198	 0.33844455238094 
2199	 0.337670756370371 
2200	 0.338168515951912 
2201	 0.33710213475084 
2202	 0.335961262511809 
2203	 0.335735319788362 
2204	 0.334160336131208 
2205	 0.331783171071794 
2206	 0.330612034689302 
2207	 0.330396362027635 
2208	 0.330320480886319 
2209	 0.329943858314312 
2210	 0.32932852057925 
2211	 0.328379504399411 
2212	 0.327774575355288 
2213	 0.327573163080083 
2214	 0.326640960842961 
2215	 0.325579837432568 
2216	 0.324474601026253 
2217	 0.322435420029516 
2218	 0.32068246642428 
2219	 0.319721133129111 
2220	 0.317919518839379 
2221	 0.315138242210912 
2222	 0.313056051053747 
2223	 0.311294059885991 
2224	 0.309291566631919 
2225	 0.308215266463201 
2226	 0.307187104566715 
2227	 0.304939487139774 
2228	 0.303317658481312 
2229	 0.301935901843683 
2230	 0.299070485758858 
2231	 0.29648315017866 
2232	 0.294740980721103 
2233	 0.292313347416167 
2234	 0.290374074706449 
2235	 0.289043558101528 
2236	 0.286793721811872 
2237	 0.284850374743362 
2238	 0.282686964160921 
2239	 0.281052648707347 
2240	 0.280349459086735 
2241	 0.278424509902038 
2242	 0.275449067285778 
2243	 0.273049921458491 
2244	 0.270203224689258 
2245	 0.267813190445027 
2246	 0.266303702398061 
2247	 0.264746941304806 
2248	 0.262736009799847 
2249	 0.261431072312501 
2250	 0.260808533794731 
2251	 0.260079557532057 
2252	 0.259020433379123 
2253	 0.257923400616547 
2254	 0.257108219653559 
2255	 0.256727605313553 
2256	 0.25649553987077 
2257	 0.256351329465287 
2258	 0.255200804943294 
2259	 0.252709637100797 
2260	 0.251149384091971 
2261	 0.251383535336024 
2262	 0.251262758792292 
2263	 0.251102714890004 
2264	 0.252182351415356 
2265	 0.251739323751548 
2266	 0.249683232125132 
2267	 0.250184427621616 
2268	 0.251051387145394 
2269	 0.248758305989867 
2270	 0.247744927390239 
2271	 0.246690272938841 
2272	 0.245587823020141 
2273	 0.243588741334767 
2274	 0.243743114465855 
2275	 0.245665632387515 
2276	 0.245837275614333 
2277	 0.246037950335703 
2278	 0.245536810018235 
2279	 0.243930344617206 
2280	 0.243016458574943 
2281	 0.242181160461838 
2282	 0.241455638052057 
2283	 0.240336653455903 
2284	 0.239283088564014 
2285	 0.238221257336583 
2286	 0.238523182018109 
2287	 0.240099659992833 
2288	 0.240620065466725 
2289	 0.239980357374864 
2290	 0.238834770093958 
2291	 0.238459981926231 
2292	 0.239613191047099 
2293	 0.241557042073558 
2294	 0.24339857742153 
2295	 0.242858896296286 
2296	 0.241446427801881 
2297	 0.240471526001316 
2298	 0.238413908657228 
2299	 0.237209863575036 
2300	 0.238030030930393 
2301	 0.239786379192797 
2302	 0.241867000637944 
2303	 0.24350739592727 
2304	 0.242574185470244 
2305	 0.242097222982089 
2306	 0.244359698984986 
2307	 0.245281824317145 
2308	 0.245317321065767 
2309	 0.245842266472919 
2310	 0.245576651882606 
2311	 0.244999627630009 
2312	 0.246723365530497 
2313	 0.249163504266719 
2314	 0.250156155484648 
2315	 0.251510856714297 
2316	 0.251323570283733 
2317	 0.251278064187926 
2318	 0.254047738541697 
2319	 0.254365861336898 
2320	 0.253028527169135 
2321	 0.253853885735868 
2322	 0.256040864832976 
2323	 0.255387251257802 
2324	 0.253994365490524 
2325	 0.254961287352892 
2326	 0.253929108047336 
2327	 0.254269968839439 
2328	 0.259767869596173 
2329	 0.260854261855442 
2330	 0.25787584906189 
2331	 0.257009530513632 
2332	 0.255767215504797 
2333	 0.255737534520543 
2334	 0.259120605913939 
2335	 0.258080193422024 
2336	 0.252120994138879 
2337	 0.251387477424602 
2338	 0.252792688186558 
2339	 0.251289518672491 
2340	 0.250221511285527 
2341	 0.252403710460714 
2342	 0.251717098270217 
2343	 0.248837468423273 
2344	 0.249238084885579 
2345	 0.248187736730105 
2346	 0.246359494247214 
2347	 0.24824767294569 
2348	 0.251487921112459 
2349	 0.255745894325401 
2350	 0.255499422627263 
2351	 0.250277118371859 
2352	 0.250892081709071 
2353	 0.252152190270622 
2354	 0.248232164045494 
2355	 0.249412828154566 
2356	 0.252785360895742 
2357	 0.251391905958943 
2358	 0.253515008263161 
2359	 0.257033394928785 
2360	 0.25411896372383 
2361	 0.251495515864726 
2362	 0.254336999953578 
2363	 0.257346017507736 
2364	 0.25768858415092 
2365	 0.257637649262311 
2366	 0.258422485806052 
2367	 0.256829226390717 
2368	 0.249532095847011 
2369	 0.245577279277107 
2370	 0.249984328681579 
2371	 0.249150356719442 
2372	 0.248387027986454 
2373	 0.256145364027922 
2374	 0.251211897979577 
2375	 0.242850804949293 
2376	 0.248593109011032 
2377	 0.249230961484002 
2378	 0.248361481766173 
2379	 0.255611083028487 
2380	 0.251623525691723 
2381	 0.245800886415577 
2382	 0.250341739705043 
2383	 0.24696551353106 
2384	 0.243660893770874 
2385	 0.249230453210387 
2386	 0.250629041481517 
2387	 0.246331272608694 
2388	 0.244380737236021 
2389	 0.245531416311179 
2390	 0.241355337717163 
2391	 0.240865501345305 
2392	 0.246124877446954 
2393	 0.243236440392216 
2394	 0.239261700038838 
2395	 0.241437458184364 
2396	 0.243254435290426 
2397	 0.244841720022373 
2398	 0.252727467807705 
2399	 0.256287365879549 
2400	 0.25618308943185 
2401	 0.265714774899796 
2402	 0.26028456468961 
2403	 0.241814677606976 
2404	 0.236351325613584 
2405	 0.234072274908579 
2406	 0.236115645072944 
2407	 0.244255996867323 
2408	 0.251955813118484 
2409	 0.252625966581289 
2410	 0.245686203342611 
2411	 0.246303032376513 
2412	 0.244528708253041 
2413	 0.240569683857273 
2414	 0.247197948217913 
2415	 0.253344229735893 
2416	 0.259224884338774 
2417	 0.257042192318633 
2418	 0.244101475083633 
2419	 0.244075597260591 
2420	 0.245415161370161 
2421	 0.239507083777543 
2422	 0.24970991041011 
2423	 0.253398659501323 
2424	 0.238325167886476 
2425	 0.244995587584873 
2426	 0.253674306806101 
2427	 0.234386168910883 
2428	 0.234493353456461 
2429	 0.243235599020438 
2430	 0.224693215061671 
2431	 0.231555667701096 
2432	 0.253636876034502 
2433	 0.241041285889478 
2434	 0.230915966463164 
2435	 0.227482223787204 
2436	 0.211606527057204 
2437	 0.20809535969878 
2438	 0.22132506382809 
2439	 0.233817732853163 
2440	 0.227418068446176 
2441	 0.211445908466562 
2442	 0.216574804717629 
2443	 0.232171635543655 
2444	 0.241404979970998 
2445	 0.240989541125463 
2446	 0.23030905309138 
2447	 0.213287493956326 
2448	 0.204659416345136 
2449	 0.217670429713562 
2450	 0.216100582164607 
2451	 0.202119001622622 
2452	 0.210012940365686 
2453	 0.240962777377454 
2454	 0.260546770691814 
2455	 0.257246329061775 
2456	 0.261618039567666 
2457	 0.242326919237075 
2458	 0.224189708047612 
2459	 0.228542567072719 
2460	 0.220144535950935 
2461	 0.21033166729828 
2462	 0.21509040060971 
2463	 0.226702471871901 
2464	 0.210626020095071 
2465	 0.210910425056527 
2466	 0.225790273978034 
2467	 0.213982854645627 
2468	 0.216960616992958 
2469	 0.217311125045222 
2470	 0.21212098315862 
2471	 0.218766799130302 
2472	 0.248493824196024 
2473	 0.256096421764392 
2474	 0.244018444423435 
2475	 0.23858236643473 
2476	 0.216834785526577 
2477	 0.204546022327249 
2478	 0.203579086984355 
2479	 0.159052302948753 
2480	 0.198554846765336 
2481	 0.215996072331655 
2482	 0.168182680216916 
2483	 0.218010254209815 
2484	 0.154015204473642 
2485	 0.118613181538873 
2486	 0.272125831072559 
2487	 0.144841381885861 
2488	-5.10894708003503E-02 
2489	-8.40643762002703E-02 
2490	-0.136260774059268 
2491	 3.57078234371999E-02 
2492	 0.424640803105903 
2493	 0.287251289191953 
2494	-0.151989620955541 
2495	-0.577832024389006 
2496	-0.474364820795622 
2497	-0.125208881016009 
2498	 0.12522780698339 
2499	 0.225727735740335 
2500	 1.82124658421553E-02 
