Wavelength	09/27/123 at 12:25:11
350	 5.73856758798357E-02 
351	 5.75747545190629E-02 
352	 5.82549772262305E-02 
353	 5.90283432072349E-02 
354	 5.94165833287948E-02 
355	 6.00582484933829E-02 
356	 6.07899443272126E-02 
357	 6.14934626005315E-02 
358	 6.23519879384938E-02 
359	 6.31224908565351E-02 
360	 6.37253718697523E-02 
361	 6.42148475069563E-02 
362	 6.51449181954666E-02 
363	 6.61821274174357E-02 
364	 6.70538083105541E-02 
365	 6.77559156591113E-02 
366	 6.87340989688855E-02 
367	 6.99553058482708E-02 
368	 7.11952051405058E-02 
369	 7.28278428944082E-02 
370	 7.45246008124951E-02 
371	 7.60661288737444E-02 
372	 7.75735805230201E-02 
373	 7.94998633685267E-02 
374	 8.17912158994017E-02 
375	 8.41347883663819E-02 
376	 8.66687887225973E-02 
377	 8.93254887543618E-02 
378	 0.092077023096058 
379	 9.49838620844619E-02 
380	 9.82164714440208E-02 
381	 0.10189192118078 
382	 0.106048469748181 
383	 0.110273380352391 
384	 0.114859359485796 
385	 0.119857287542875 
386	 0.124699404538837 
387	 0.129765138190648 
388	 0.135140227677735 
389	 0.140839995243346 
390	 0.147074588937315 
391	 0.153669889305516 
392	 0.160372758143083 
393	 0.166923303383299 
394	 0.1736656911522 
395	 0.180276656444872 
396	 0.186227498133445 
397	 0.191783964733099 
398	 0.197081898093789 
399	 0.20218991351937 
400	 0.207137104607258 
401	 0.211956828198549 
402	 0.216715223328335 
403	 0.221482878720833 
404	 0.226187791990605 
405	 0.230699939246303 
406	 0.234917982324953 
407	 0.238853795682816 
408	 0.242354173994825 
409	 0.245461121817379 
410	 0.248289975665663 
411	 0.250806672742066 
412	 0.253021843509318 
413	 0.254994478066349 
414	 0.256839815486407 
415	 0.2585949113894 
416	 0.260289685641699 
417	 0.26193607980638 
418	 0.263527061124191 
419	 0.26520216714748 
420	 0.267018115379271 
421	 0.26890227098122 
422	 0.270836522432167 
423	 0.272794174900092 
424	 0.274744371632701 
425	 0.276683578449381 
426	 0.278680051844776 
427	 0.280713429964443 
428	 0.282622855234216 
429	 0.284526951120674 
430	 0.286454843985196 
431	 0.288434256798737 
432	 0.290589762346944 
433	 0.293035652539828 
434	 0.295744476187243 
435	 0.298535822815219 
436	 0.301494879848795 
437	 0.30450074040853 
438	 0.307398008492049 
439	 0.310230744957753 
440	 0.312951292452328 
441	 0.315530037132741 
442	 0.317961457398522 
443	 0.320248312036147 
444	 0.32233072342647 
445	 0.32417861998435 
446	 0.325969370102943 
447	 0.327579237138888 
448	 0.328991625382234 
449	 0.330373328888674 
450	 0.331640427095357 
451	 0.332833064165503 
452	 0.333978935375115 
453	 0.334920355442855 
454	 0.335811241360873 
455	 0.336675243227845 
456	 0.337376915901693 
457	 0.338053029562362 
458	 0.338716908019277 
459	 0.339345304202756 
460	 0.339878321317296 
461	 0.340389141055061 
462	 0.340925111356475 
463	 0.34146834721633 
464	 0.341985813718388 
465	 0.342454487626152 
466	 0.342855276046496 
467	 0.343191106137765 
468	 0.343431041811382 
469	 0.343601114520807 
470	 0.343781413401633 
471	 0.34393618024145 
472	 0.344058804889045 
473	 0.344134722921395 
474	 0.344121550966136 
475	 0.344084732469126 
476	 0.344003562329528 
477	 0.34380019643303 
478	 0.343695340557978 
479	 0.343611405154952 
480	 0.343446489666384 
481	 0.343175752794795 
482	 0.342884610792973 
483	 0.342636441376233 
484	 0.342460668913841 
485	 0.342156260715846 
486	 0.341762707633985 
487	 0.341324488190633 
488	 0.340766844143443 
489	 0.34031314015246 
490	 0.339933412537631 
491	 0.33945978179354 
492	 0.338873324389285 
493	 0.338211567829016 
494	 0.337519968073634 
495	 0.336769617906177 
496	 0.336034949846356 
497	 0.335276391513657 
498	 0.334415001476761 
499	 0.333539843342728 
500	 0.332577622163726 
501	 0.331481727422828 
502	 0.330249478887197 
503	 0.32898198522166 
504	 0.327695446342776 
505	 0.326364488701907 
506	 0.324987237967594 
507	 0.323496513335393 
508	 0.321861500345772 
509	 0.320135056045372 
510	 0.318356913210897 
511	 0.316536563461406 
512	 0.314651687093394 
513	 0.312682347966225 
514	 0.310625893716453 
515	 0.30847309292071 
516	 0.306221676090108 
517	 0.303841632820112 
518	 0.301409568822051 
519	 0.299006560419479 
520	 0.296531259915441 
521	 0.294027377303885 
522	 0.291507702434864 
523	 0.289000459953888 
524	 0.286481221641753 
525	 0.283914506748109 
526	 0.281268915034373 
527	 0.278518083680879 
528	 0.275792119596482 
529	 0.27312909296859 
530	 0.270428186562793 
531	 0.267774338846242 
532	 0.265086187855787 
533	 0.26233004713617 
534	 0.259551877880111 
535	 0.256844823232403 
536	 0.254153783318871 
537	 0.251343442909959 
538	 0.248531966803175 
539	 0.245723657809504 
540	 0.242900970154496 
541	 0.240019346905198 
542	 0.237161160245962 
543	 0.234336437129042 
544	 0.231491963197635 
545	 0.228670360555392 
546	 0.225851750163441 
547	 0.223017764283183 
548	 0.220149746398682 
549	 0.217358812354749 
550	 0.214647722628545 
551	 0.211960471001292 
552	 0.209290400511319 
553	 0.206630623161228 
554	 0.20398644598673 
555	 0.201361416894011 
556	 0.198812432819527 
557	 0.196321229201901 
558	 0.193879419734973 
559	 0.191510274674304 
560	 0.189195790621975 
561	 0.186987232378385 
562	 0.184970001547355 
563	 0.182977857608409 
564	 0.181012776742001 
565	 0.179120870463367 
566	 0.177350170631758 
567	 0.175715215595769 
568	 0.174188387221849 
569	 0.172704986266663 
570	 0.171267199053829 
571	 0.169881698066659 
572	 0.168557381336595 
573	 0.167291484120159 
574	 0.166105510928322 
575	 0.164979064804111 
576	 0.163899794923782 
577	 0.162932696103012 
578	 0.161979225817534 
579	 0.16101848088151 
580	 0.160164427581012 
581	 0.15932226487381 
582	 0.158493680505007 
583	 0.157706517979098 
584	 0.156949134912393 
585	 0.156204917069942 
586	 0.155496458833416 
587	 0.154878768685094 
588	 0.154249207950202 
589	 0.153567857186405 
590	 0.152852108589998 
591	 0.152102130156981 
592	 0.151393732136545 
593	 0.150715976949899 
594	 0.150031747611743 
595	 0.149320556207678 
596	 0.148592248194484 
597	 0.147865965083847 
598	 0.147176263689875 
599	 0.146482141975781 
600	 0.145791259586079 
601	 0.145128304769717 
602	 0.144431401516561 
603	 0.143752424651101 
604	 0.143130157365075 
605	 0.14257309415385 
606	 0.1420161021617 
607	 0.141496945573268 
608	 0.141057700354063 
609	 0.140642626360719 
610	 0.140225995243376 
611	 0.139811069516691 
612	 0.139418683941877 
613	 0.139044549472715 
614	 0.138696059601606 
615	 0.138382512314491 
616	 0.138131411662642 
617	 0.137888826064869 
618	 0.13761900016551 
619	 0.137304380304817 
620	 0.137070107019612 
621	 0.136874009404014 
622	 0.136666373854463 
623	 0.13643280604945 
624	 0.136250023586081 
625	 0.136086215471158 
626	 0.135885037091054 
627	 0.135706172169418 
628	 0.135514825444502 
629	 0.135316068471675 
630	 0.135160584122457 
631	 0.134959048041668 
632	 0.134729231673351 
633	 0.134514969319828 
634	 0.134354769762737 
635	 0.134226762381885 
636	 0.134103042737447 
637	 0.133961485153632 
638	 0.133860706293403 
639	 0.133810892254811 
640	 0.133796794820142 
641	 0.133764110508438 
642	 0.133755699020149 
643	 0.133769492804816 
644	 0.133799780868525 
645	 0.13391312277247 
646	 0.134016607942778 
647	 0.134106334117087 
648	 0.134295783938625 
649	 0.134508293448857 
650	 0.134694736691896 
651	 0.134846749759211 
652	 0.135056162554739 
653	 0.13523368758183 
654	 0.135417623307098 
655	 0.135734591162017 
656	 0.13619104789457 
657	 0.136562281962284 
658	 0.136765421419772 
659	 0.13701693717821 
660	 0.137263322407397 
661	 0.137504485461948 
662	 0.137745136926129 
663	 0.137927728147379 
664	 0.138079856070669 
665	 0.138198880155448 
666	 0.138247445009037 
667	 0.138289836634956 
668	 0.138269178939745 
669	 0.138168439594212 
670	 0.138158314347477 
671	 0.138063796143941 
672	 0.137871431787576 
673	 0.137657436202849 
674	 0.137483765323178 
675	 0.13730495682985 
676	 0.137078299415959 
677	 0.136786314402294 
678	 0.136488580402818 
679	 0.136216857755447 
680	 0.135963332449139 
681	 0.135602041411506 
682	 0.13521202507057 
683	 0.13485530517316 
684	 0.134568431109612 
685	 0.134239077358027 
686	 0.133956681320803 
687	 0.133731861280636 
688	 0.133312117838412 
689	 0.132847096612314 
690	 0.132305759409757 
691	 0.131662328953037 
692	 0.131057693185921 
693	 0.130483200075737 
694	 0.129911360402103 
695	 0.129310455047958 
696	 0.128765570464245 
697	 0.128224457214461 
698	 0.127633684279641 
699	 0.127019749657158 
700	 0.126420413361304 
701	 0.125852289590038 
702	 0.125305682667977 
703	 0.124679076892756 
704	 0.124168001253737 
705	 0.12377378171854 
706	 0.123280801395425 
707	 0.122916831916726 
708	 0.122625428904247 
709	 0.12233681092897 
710	 0.122120848642169 
711	 0.121930376349025 
712	 0.121796992994901 
713	 0.12178422089371 
714	 0.121800780026893 
715	 0.121869069497965 
716	 0.122016531450523 
717	 0.122254157899571 
718	 0.122515872286101 
719	 0.122821689095869 
720	 0.123179458325436 
721	 0.12353034556272 
722	 0.123909828959437 
723	 0.12436854731849 
724	 0.124905252768236 
725	 0.125488756535153 
726	 0.126114686360901 
727	 0.126819222307354 
728	 0.12764764833662 
729	 0.128510078835503 
730	 0.129385572096179 
731	 0.13028803258463 
732	 0.131288234834564 
733	 0.1323461359439 
734	 0.133485987741514 
735	 0.134758838544837 
736	 0.136203369006855 
737	 0.137735006505834 
738	 0.139346992884843 
739	 0.141141907071634 
740	 0.143086657207642 
741	 0.145190251966057 
742	 0.147471044256216 
743	 0.149951078762911 
744	 0.152648688324749 
745	 0.155614820317521 
746	 0.158877846104167 
747	 0.162391711828274 
748	 0.166186164513231 
749	 0.170303107679392 
750	 0.174769218157518 
751	 0.179594681523754 
752	 0.184746546497731 
753	 0.190187196439668 
754	 0.195887846730512 
755	 0.202021712909281 
756	 0.208242573695724 
757	 0.214167301760286 
758	 0.219722157882874 
759	 0.226477112875941 
760	 0.236127499169876 
761	 0.246201811255528 
762	 0.254433974728777 
763	 0.261646620400616 
764	 0.269342633224797 
765	 0.27655007475444 
766	 0.28327764812363 
767	 0.289856173920535 
768	 0.29659059095442 
769	 0.303384804049141 
770	 0.310229887101388 
771	 0.316994828983261 
772	 0.323554850932607 
773	 0.329957375899047 
774	 0.336152276899557 
775	 0.342124197887339 
776	 0.347952079309059 
777	 0.353492725570167 
778	 0.358794824511631 
779	 0.363924473227644 
780	 0.368865334870538 
781	 0.373568743855299 
782	 0.378038753540373 
783	 0.382311265710218 
784	 0.386453422419909 
785	 0.3904027751382 
786	 0.394126403265974 
787	 0.397646729803321 
788	 0.401057460736621 
789	 0.404330561395474 
790	 0.407440788173094 
791	 0.41046466784334 
792	 0.413329881837568 
793	 0.415994729395707 
794	 0.418464297066693 
795	 0.420902925675852 
796	 0.423200727617698 
797	 0.425349038671221 
798	 0.427429389316406 
799	 0.429369513622213 
800	 0.431172656040025 
801	 0.432887624047218 
802	 0.434628226875896 
803	 0.436325705030664 
804	 0.43797928734042 
805	 0.439583446002656 
806	 0.441051719395071 
807	 0.442493876673882 
808	 0.44396679265617 
809	 0.445444714954909 
810	 0.446709726037915 
811	 0.447919752416532 
812	 0.449142009919798 
813	 0.450328641205438 
814	 0.451647746720383 
815	 0.453059861035266 
816	 0.454504646639389 
817	 0.456015094277241 
818	 0.457345168976789 
819	 0.45850269069049 
820	 0.459633119896212 
821	 0.460953942264305 
822	 0.462236995333719 
823	 0.463355081645346 
824	 0.464295635180706 
825	 0.465379482691279 
826	 0.466455153426861 
827	 0.467429229937477 
828	 0.468270086571508 
829	 0.469162659137377 
830	 0.470041428499505 
831	 0.470858830240283 
832	 0.471673743228813 
833	 0.472498913860198 
834	 0.473214520976812 
835	 0.4738056990951 
836	 0.474617394573979 
837	 0.475324260354888 
838	 0.475889962750813 
839	 0.47641643042257 
840	 0.477023573917248 
841	 0.477553874197105 
842	 0.478033816631012 
843	 0.478606805096441 
844	 0.479043337060211 
845	 0.479359326881257 
846	 0.479672100348355 
847	 0.480180000987768 
848	 0.480442135685174 
849	 0.480636986744089 
850	 0.480932566755556 
851	 0.481102873851036 
852	 0.481396768666057 
853	 0.481711196830541 
854	 0.481865057707165 
855	 0.481821994782941 
856	 0.481934836749966 
857	 0.482180431234292 
858	 0.482332518883667 
859	 0.482396398285702 
860	 0.482525277101824 
861	 0.482711137369404 
862	 0.482810758794998 
863	 0.482968541509506 
864	 0.483145882103588 
865	 0.48327781818377 
866	 0.4833463308654 
867	 0.48353705721802 
868	 0.483735875563597 
869	 0.483874901654704 
870	 0.484154159654039 
871	 0.484357270992235 
872	 0.484478456690918 
873	 0.484590629815116 
874	 0.484701836382224 
875	 0.484807702533379 
876	 0.484913044342693 
877	 0.485014955180448 
878	 0.485173395540174 
879	 0.485089574406969 
880	 0.484832948779675 
881	 0.484775187410857 
882	 0.484719501891555 
883	 0.484703782413973 
884	 0.484694804372246 
885	 0.48456434584038 
886	 0.484323427145747 
887	 0.484079249123683 
888	 0.483924276473745 
889	 0.483837862453513 
890	 0.483511537852662 
891	 0.483227164080277 
892	 0.48314911179958 
893	 0.482721179344758 
894	 0.482148806404979 
895	 0.48156601346406 
896	 0.481103240267883 
897	 0.480881660904298 
898	 0.480621957528415 
899	 0.480243006741815 
900	 0.479801720167435 
901	 0.479433681687629 
902	 0.478863197193145 
903	 0.47823841033617 
904	 0.477940439635237 
905	 0.477936140793969 
906	 0.477807985488226 
907	 0.477379380431911 
908	 0.476775134941449 
909	 0.476366444255348 
910	 0.476022057697613 
911	 0.475745085393289 
912	 0.475812500193683 
913	 0.476021855154412 
914	 0.476083551804674 
915	 0.476018953279073 
916	 0.47635085902618 
917	 0.476699016564937 
918	 0.477183235506063 
919	 0.477826883150344 
920	 0.478175076313287 
921	 0.478585585839254 
922	 0.478999778380021 
923	 0.479288300299585 
924	 0.479505795333812 
925	 0.479854446972262 
926	 0.480111891514345 
927	 0.479986128986239 
928	 0.479924983942113 
929	 0.480052629946455 
930	 0.479910534942963 
931	 0.478937069684717 
932	 0.479324473295693 
933	 0.479291000658684 
934	 0.478504082968024 
935	 0.478277499351627 
936	 0.478922034710378 
937	 0.479607149653922 
938	 0.479808358001866 
939	 0.479571198096174 
940	 0.480368630640929 
941	 0.480989218447255 
942	 0.481015980019846 
943	 0.481107823712601 
944	 0.481725109761949 
945	 0.482080996067838 
946	 0.481766721882259 
947	 0.481195189902993 
948	 0.481077704836704 
949	 0.481135003186581 
950	 0.481482951481228 
951	 0.482971568868407 
952	 0.483470585423574 
953	 0.483484119474877 
954	 0.483699467697078 
955	 0.484097661126955 
956	 0.485241749492066 
957	 0.48585250567377 
958	 0.485523714687477 
959	 0.486028564154562 
960	 0.486889394426447 
961	 0.487411066880338 
962	 0.487449750610014 
963	 0.488011838967915 
964	 0.488720572498588 
965	 0.488983351760841 
966	 0.488618129794759 
967	 0.488436302706565 
968	 0.488571780135458 
969	 0.489193627502349 
970	 0.490132475476498 
971	 0.490516869744141 
972	 0.489809708260195 
973	 0.48950039456416 
974	 0.490595899529181 
975	 0.490617949840297 
976	 0.490354114325512 
977	 0.489900688143138 
978	 0.489418824735793 
979	 0.489935560250771 
980	 0.489923925083484 
981	 0.489381048902357 
982	 0.488994260623665 
983	 0.489672999761215 
984	 0.489736823572436 
985	 0.489184733648001 
986	 0.488732919593668 
987	 0.489025203242655 
988	 0.488959962367013 
989	 0.48872962198855 
990	 0.48891849890209 
991	 0.489585338095026 
992	 0.488768890517223 
993	 0.487716740027959 
994	 0.488138213576328 
995	 0.487950084725896 
996	 0.487834109803976 
997	 0.487600933324471 
998	 0.486861529745141 
999	 0.485747534369456 
1000	 0.48545361564577 
1001	 0.482013581317473 
1002	 0.48168374852247 
1003	 0.481533984652284 
1004	 0.481271485106535 
1005	 0.480756876143882 
1006	 0.480376675991291 
1007	 0.480070350530759 
1008	 0.479772154698613 
1009	 0.479427808239184 
1010	 0.479372150466597 
1011	 0.479226566915773 
1012	 0.478943755088492 
1013	 0.478753865905287 
1014	 0.478487113661004 
1015	 0.478377447963074 
1016	 0.478451074383046 
1017	 0.478429595093009 
1018	 0.478403300200005 
1019	 0.478414690353293 
1020	 0.478355400661733 
1021	 0.478214571031503 
1022	 0.47808635065312 
1023	 0.477974412096333 
1024	 0.477898688048581 
1025	 0.477962029343875 
1026	 0.478154207020305 
1027	 0.478322014925159 
1028	 0.478428801448626 
1029	 0.478487913067865 
1030	 0.478453697334214 
1031	 0.478518548637845 
1032	 0.478687916226204 
1033	 0.478896386306434 
1034	 0.478744662525734 
1035	 0.47869021271595 
1036	 0.478595905847966 
1037	 0.478422579636992 
1038	 0.478624823537171 
1039	 0.478780838681029 
1040	 0.478788549148469 
1041	 0.47882017891385 
1042	 0.478743101877029 
1043	 0.478724049453791 
1044	 0.478679080167171 
1045	 0.478644978713193 
1046	 0.47849219140579 
1047	 0.478359342344716 
1048	 0.478122920304584 
1049	 0.477798823896485 
1050	 0.477416721180159 
1051	 0.47704996419393 
1052	 0.476776466246275 
1053	 0.476439141436552 
1054	 0.476042195451434 
1055	 0.475532437495589 
1056	 0.474918032066882 
1057	 0.474296800349508 
1058	 0.473601094669903 
1059	 0.472912278360024 
1060	 0.472266912341466 
1061	 0.471460305556462 
1062	 0.470635837386181 
1063	 0.46992497805293 
1064	 0.469082474445581 
1065	 0.468112428507112 
1066	 0.467190102483796 
1067	 0.465936373515819 
1068	 0.464619411424744 
1069	 0.463396963725362 
1070	 0.461997912078393 
1071	 0.460405505222528 
1072	 0.458961684971383 
1073	 0.45749235274438 
1074	 0.455973462238135 
1075	 0.454555817118755 
1076	 0.452967022760476 
1077	 0.451300972826301 
1078	 0.449859022461889 
1079	 0.44848363852495 
1080	 0.447044449144335 
1081	 0.445562323094253 
1082	 0.44429608836925 
1083	 0.443222588854754 
1084	 0.442267617323787 
1085	 0.441435022350712 
1086	 0.440831599068288 
1087	 0.440196665660391 
1088	 0.439515172346807 
1089	 0.43907895099367 
1090	 0.438675249163739 
1091	 0.438586302260863 
1092	 0.438757625478625 
1093	 0.438828243008604 
1094	 0.439063104798629 
1095	 0.439505002465502 
1096	 0.439983921494481 
1097	 0.440537064604549 
1098	 0.441190886207316 
1099	 0.441995378890135 
1100	 0.442827935374228 
1101	 0.443846932891215 
1102	 0.444753810412426 
1103	 0.445820450226211 
1104	 0.446673897012494 
1105	 0.447281368505398 
1106	 0.448036368637191 
1107	 0.448893168470492 
1108	 0.449577207331711 
1109	 0.450314460696699 
1110	 0.451319429192205 
1111	 0.452097054319102 
1112	 0.452688647826302 
1113	 0.45346469097653 
1114	 0.454286667795297 
1115	 0.455109771437784 
1116	 0.456098404402743 
1117	 0.456938791605637 
1118	 0.45751415494091 
1119	 0.458411574177215 
1120	 0.459475785376663 
1121	 0.460467278393882 
1122	 0.461493651030249 
1123	 0.462717789449234 
1124	 0.463975062059295 
1125	 0.465135425139846 
1126	 0.466245170012685 
1127	 0.467568613258243 
1128	 0.468390704142614 
1129	 0.468480645671749 
1130	 0.469097388985932 
1131	 0.469616568987919 
1132	 0.470306576686149 
1133	 0.471271928802887 
1134	 0.472016720572301 
1135	 0.473044514800913 
1136	 0.47342885987997 
1137	 0.473373684954646 
1138	 0.47339659282658 
1139	 0.473178269862543 
1140	 0.472604917918795 
1141	 0.47275117220625 
1142	 0.473354423973603 
1143	 0.473526230358693 
1144	 0.473749894396803 
1145	 0.47402047703941 
1146	 0.474123405314308 
1147	 0.474250191992651 
1148	 0.474631609006253 
1149	 0.474737613934481 
1150	 0.474529177488205 
1151	 0.474527790591813 
1152	 0.474471726525813 
1153	 0.474578566384107 
1154	 0.474887682684284 
1155	 0.475068835338805 
1156	 0.475133274284005 
1157	 0.475179673711473 
1158	 0.475240865508135 
1159	 0.475224983628354 
1160	 0.475178055970263 
1161	 0.47511005885281 
1162	 0.475175042377988 
1163	 0.475215741790762 
1164	 0.475265585483199 
1165	 0.475577865866 
1166	 0.475538973500817 
1167	 0.475111930478207 
1168	 0.475009899007338 
1169	 0.474984604902253 
1170	 0.474874774183552 
1171	 0.474822135587735 
1172	 0.474915916413398 
1173	 0.474683924999559 
1174	 0.474473697526729 
1175	 0.47429682815926 
1176	 0.474123307675905 
1177	 0.473938844985043 
1178	 0.473758305326076 
1179	 0.473567837517314 
1180	 0.473352353982213 
1181	 0.473168190177069 
1182	 0.472946872442938 
1183	 0.472820104836049 
1184	 0.472797098343664 
1185	 0.472683183832742 
1186	 0.472590524109185 
1187	 0.472459422143635 
1188	 0.472260526438864 
1189	 0.4720888575939 
1190	 0.471972315499447 
1191	 0.471892087321053 
1192	 0.471971867105589 
1193	 0.472057362584381 
1194	 0.472113001916949 
1195	 0.472239091504653 
1196	 0.472256459758756 
1197	 0.47220715700345 
1198	 0.472154540340889 
1199	 0.471963678395027 
1200	 0.472037217627594 
1201	 0.472290855686848 
1202	 0.472375850643625 
1203	 0.472577826090357 
1204	 0.47265515258124 
1205	 0.472506123657894 
1206	 0.472456715744066 
1207	 0.472548446249664 
1208	 0.472717133337773 
1209	 0.47298575956926 
1210	 0.473183704267919 
1211	 0.473300696953066 
1212	 0.473402517412171 
1213	 0.473548028624261 
1214	 0.473736963463072 
1215	 0.473818408769173 
1216	 0.47384701275523 
1217	 0.47398398670409 
1218	 0.474086356403243 
1219	 0.474204806879797 
1220	 0.474463850349254 
1221	 0.474604692851079 
1222	 0.474678937486407 
1223	 0.474741955163371 
1224	 0.474773529769086 
1225	 0.474769545950253 
1226	 0.474874655103785 
1227	 0.474798450509836 
1228	 0.474545142631572 
1229	 0.474665716966373 
1230	 0.474850021548245 
1231	 0.474862351301319 
1232	 0.475025073483598 
1233	 0.47509025654446 
1234	 0.474954840337331 
1235	 0.474864450946703 
1236	 0.474803379577679 
1237	 0.474769246189156 
1238	 0.474738968002276 
1239	 0.474747175896255 
1240	 0.47467531758362 
1241	 0.474550237474571 
1242	 0.474469502944167 
1243	 0.474324843519087 
1244	 0.47434456397099 
1245	 0.474293062364307 
1246	 0.474230322113585 
1247	 0.474266332768851 
1248	 0.474163719009083 
1249	 0.473971348158341 
1250	 0.473882963050218 
1251	 0.473827030106744 
1252	 0.473714234641539 
1253	 0.473655906006939 
1254	 0.473656855213658 
1255	 0.473633139970997 
1256	 0.473474737714488 
1257	 0.473379644689401 
1258	 0.473409344287577 
1259	 0.47337592074045 
1260	 0.473226557699702 
1261	 0.47325845876836 
1262	 0.473474024063523 
1263	 0.47344646493194 
1264	 0.473426522945661 
1265	 0.473400260180735 
1266	 0.473115579882477 
1267	 0.47292934231596 
1268	 0.472660692722567 
1269	 0.472314725216542 
1270	 0.472283562767517 
1271	 0.47225086991728 
1272	 0.47216083702521 
1273	 0.472269885583844 
1274	 0.472076444686344 
1275	 0.471577026546721 
1276	 0.471348634861394 
1277	 0.471156598901421 
1278	 0.470879905808652 
1279	 0.470674062014953 
1280	 0.470443711585873 
1281	 0.470122727351779 
1282	 0.469827851116699 
1283	 0.469503153119914 
1284	 0.469331380302335 
1285	 0.469201600388345 
1286	 0.469046924818549 
1287	 0.468972527714559 
1288	 0.468834925536591 
1289	 0.468558648739729 
1290	 0.468302688923747 
1291	 0.467965533395185 
1292	 0.467660293297297 
1293	 0.467538308654405 
1294	 0.467410059798483 
1295	 0.467222196399434 
1296	 0.467099483899821 
1297	 0.467018632948117 
1298	 0.466966374733083 
1299	 0.466943848129859 
1300	 0.466783386429004 
1301	 0.466541595862845 
1302	 0.4662801349719 
1303	 0.466070379616775 
1304	 0.465968138136185 
1305	 0.465833728931269 
1306	 0.465735252785418 
1307	 0.46554203831029 
1308	 0.465374461984387 
1309	 0.465301226899749 
1310	 0.465240914749532 
1311	 0.465150037117539 
1312	 0.465105712119407 
1313	 0.464833749142155 
1314	 0.464466787636483 
1315	 0.464324433543492 
1316	 0.464194993935614 
1317	 0.464070154864087 
1318	 0.464151641942352 
1319	 0.463988280027805 
1320	 0.463488265357474 
1321	 0.463166427703033 
1322	 0.462974800248991 
1323	 0.462695965140429 
1324	 0.462457816365071 
1325	 0.462401086170761 
1326	 0.462073692991086 
1327	 0.461672303104531 
1328	 0.461741891957355 
1329	 0.46149416097659 
1330	 0.461036591809776 
1331	 0.46041355493527 
1332	 0.460011060757339 
1333	 0.459501927235626 
1334	 0.459214817390529 
1335	 0.459214225808099 
1336	 0.459006831797869 
1337	 0.458573130826293 
1338	 0.458015264635401 
1339	 0.45734513351255 
1340	 0.456945678919195 
1341	 0.456615231597892 
1342	 0.456255029129723 
1343	 0.456071813363065 
1344	 0.455591093645686 
1345	 0.454914124455914 
1346	 0.454366747322365 
1347	 0.453904601482466 
1348	 0.45347401077817 
1349	 0.453148060369323 
1350	 0.452436309308025 
1351	 0.451301044652825 
1352	 0.45110335883595 
1353	 0.450923848573188 
1354	 0.449553961565645 
1355	 0.44789076821084 
1356	 0.446451107728091 
1357	 0.445214876200877 
1358	 0.442854730675517 
1359	 0.440534771351029 
1360	 0.439909415138416 
1361	 0.436330800664463 
1362	 0.4262782596993 
1363	 0.430056888705388 
1364	 0.44165533332104 
1365	 0.428423780780626 
1366	 0.398804354483934 
1367	 0.375890569520168 
1368	 0.356624858279997 
1369	 0.383801670659407 
1370	 0.429352189246534 
1371	 0.424379388367184 
1372	 0.39395629824224 
1373	 0.361194454761268 
1374	 0.36782784007718 
1375	 0.437377736881641 
1376	 0.466308827008973 
1377	 0.423592235543991 
1378	 0.364417851247935 
1379	 0.322915768001191 
1380	 0.299421079713198 
1381	 0.306436217803949 
1382	 0.375444154299872 
1383	 0.426201999577919 
1384	 0.434343853533123 
1385	 0.431901747153432 
1386	 0.394088822604826 
1387	 0.374067647391948 
1388	 0.415682189053834 
1389	 0.422176365945843 
1390	 0.434543623415978 
1391	 0.427376768819165 
1392	 0.415699187499958 
1393	 0.383627225624979 
1394	 0.380090736855748 
1395	 0.401743715860655 
1396	 0.405516188037599 
1397	 0.406238180743031 
1398	 0.416999527421822 
1399	 0.425077332140696 
1400	 0.425128834261531 
1401	 0.424059909211207 
1402	 0.422198240537365 
1403	 0.410666517049141 
1404	 0.413375517726957 
1405	 0.427094393712458 
1406	 0.418135777032121 
1407	 0.414063539400846 
1408	 0.424186905450122 
1409	 0.420447385285035 
1410	 0.418683364535145 
1411	 0.426567323418128 
1412	 0.424079321963484 
1413	 0.419587316712747 
1414	 0.424592962444708 
1415	 0.426383305565065 
1416	 0.423882634536735 
1417	 0.427103125269324 
1418	 0.42931883117414 
1419	 0.425765808058545 
1420	 0.424860328621926 
1421	 0.42679376463041 
1422	 0.428626399577924 
1423	 0.431306151738987 
1424	 0.432190893103481 
1425	 0.431309326997615 
1426	 0.430984337207995 
1427	 0.429237702010602 
1428	 0.428455975620978 
1429	 0.43110548757967 
1430	 0.433393207488809 
1431	 0.433085086293269 
1432	 0.433060531731125 
1433	 0.432769020498179 
1434	 0.432562336174056 
1435	 0.433516003191802 
1436	 0.43423108713696 
1437	 0.434128193288913 
1438	 0.433560403402991 
1439	 0.433244083990242 
1440	 0.434210516472414 
1441	 0.43488216054111 
1442	 0.434308549472435 
1443	 0.434227479368971 
1444	 0.434533675528523 
1445	 0.43440101105876 
1446	 0.434635570868177 
1447	 0.434885620374132 
1448	 0.434416230318783 
1449	 0.434178061661069 
1450	 0.434701261411722 
1451	 0.435736536288041 
1452	 0.436186341194668 
1453	 0.435909758340002 
1454	 0.436171692906046 
1455	 0.436609138220789 
1456	 0.436613559903005 
1457	 0.436531947653545 
1458	 0.436714630088713 
1459	 0.436497795442533 
1460	 0.435832921209705 
1461	 0.43625763545697 
1462	 0.436788145381645 
1463	 0.436269308105483 
1464	 0.43604213428976 
1465	 0.436098751742313 
1466	 0.435719695940424 
1467	 0.43511958122863 
1468	 0.434675916307622 
1469	 0.434774664762303 
1470	 0.434829098413184 
1471	 0.434920084694374 
1472	 0.43503352390895 
1473	 0.435352669538644 
1474	 0.434914521938274 
1475	 0.434222732354317 
1476	 0.434610994561612 
1477	 0.435025409314224 
1478	 0.4348555731355 
1479	 0.434988471423945 
1480	 0.434877770888898 
1481	 0.434686897052924 
1482	 0.435288379443176 
1483	 0.435788874908437 
1484	 0.435814062900035 
1485	 0.435781107428957 
1486	 0.435633689964381 
1487	 0.435719798257189 
1488	 0.436105556103019 
1489	 0.436092104274814 
1490	 0.435977336412713 
1491	 0.436156533239476 
1492	 0.436187983661427 
1493	 0.436374706891808 
1494	 0.436697619156311 
1495	 0.436723481463319 
1496	 0.436632567067063 
1497	 0.436448845897663 
1498	 0.436366675143851 
1499	 0.43629466208991 
1500	 0.436113769210669 
1501	 0.436246962456245 
1502	 0.436368768223911 
1503	 0.436250587978665 
1504	 0.436225172007844 
1505	 0.436150857948522 
1506	 0.436141564045933 
1507	 0.436325009225321 
1508	 0.436318067160215 
1509	 0.436170232289389 
1510	 0.436066067484346 
1511	 0.435839780801942 
1512	 0.43575316211613 
1513	 0.435920418395603 
1514	 0.435843016188899 
1515	 0.435552935510625 
1516	 0.435325148582195 
1517	 0.435080874690655 
1518	 0.43494745799063 
1519	 0.434994366042455 
1520	 0.434958978045151 
1521	 0.434829908125822 
1522	 0.434769477630288 
1523	 0.434590053392751 
1524	 0.43436596966915 
1525	 0.434355933120622 
1526	 0.434280788446289 
1527	 0.434142050947847 
1528	 0.434123567486392 
1529	 0.433984444976093 
1530	 0.433807429723635 
1531	 0.43367314764967 
1532	 0.433587172242121 
1533	 0.433485831796151 
1534	 0.433441886148255 
1535	 0.433307194803823 
1536	 0.433141712249847 
1537	 0.432969119746307 
1538	 0.432716129919002 
1539	 0.43251713165512 
1540	 0.432485113053286 
1541	 0.432417498050373 
1542	 0.432273585638379 
1543	 0.432117962330729 
1544	 0.431835735587392 
1545	 0.431615535732572 
1546	 0.431671054336785 
1547	 0.431603081548993 
1548	 0.431365611988826 
1549	 0.431287795877498 
1550	 0.430960148894881 
1551	 0.430557235062653 
1552	 0.430549048773678 
1553	 0.430455886651183 
1554	 0.430230904143057 
1555	 0.430173673247806 
1556	 0.429924635344092 
1557	 0.429482499550187 
1558	 0.429291038413236 
1559	 0.429244149930988 
1560	 0.429054742522485 
1561	 0.428841344785908 
1562	 0.428726004353399 
1563	 0.42848135279396 
1564	 0.428228402882453 
1565	 0.428163710465864 
1566	 0.428017874952778 
1567	 0.427815587162638 
1568	 0.427717589278948 
1569	 0.42770573925228 
1570	 0.427698038166688 
1571	 0.427553541891314 
1572	 0.42726822581138 
1573	 0.42691415949066 
1574	 0.426741812438168 
1575	 0.426666618794132 
1576	 0.426462648779391 
1577	 0.426217014025442 
1578	 0.425791793054299 
1579	 0.425412730899779 
1580	 0.425300230418598 
1581	 0.425281098629882 
1582	 0.42524379241438 
1583	 0.425004815937035 
1584	 0.424560856176517 
1585	 0.424220627907469 
1586	 0.423978917967497 
1587	 0.42371138874665 
1588	 0.423869721395605 
1589	 0.423895046587053 
1590	 0.423292226456198 
1591	 0.422984443038731 
1592	 0.422741202393636 
1593	 0.422225670709731 
1594	 0.42219290797489 
1595	 0.422275217557596 
1596	 0.422068558264246 
1597	 0.422125864915983 
1598	 0.422076590570724 
1599	 0.421716022074414 
1600	 0.421495320156229 
1601	 0.421204074345912 
1602	 0.420885322368589 
1603	 0.420820553654868 
1604	 0.420800512390802 
1605	 0.420647434875507 
1606	 0.420469673655423 
1607	 0.420173600677596 
1608	 0.419669564351606 
1609	 0.419306872013953 
1610	 0.419137975223893 
1611	 0.419008339691759 
1612	 0.418944863760411 
1613	 0.418676096385498 
1614	 0.418268863426963 
1615	 0.417882686757143 
1616	 0.417282805890956 
1617	 0.41682686202126 
1618	 0.416808888511058 
1619	 0.416690955957428 
1620	 0.416405807521664 
1621	 0.416262989468143 
1622	 0.415937616374992 
1623	 0.415376018011175 
1624	 0.415115223604075 
1625	 0.414965134358863 
1626	 0.414592582216839 
1627	 0.414413579907622 
1628	 0.414230544750983 
1629	 0.413876342119618 
1630	 0.413617144208475 
1631	 0.41318293940719 
1632	 0.412835144445823 
1633	 0.412634985905351 
1634	 0.412392727176561 
1635	 0.412214659808286 
1636	 0.411922892290623 
1637	 0.411624017492204 
1638	 0.411241453917758 
1639	 0.410756704470289 
1640	 0.410457552719373 
1641	 0.410118489276388 
1642	 0.409658788159779 
1643	 0.409246940941258 
1644	 0.408922054867899 
1645	 0.408598837653268 
1646	 0.408165530936225 
1647	 0.407831355466694 
1648	 0.407366506250646 
1649	 0.406614337574041 
1650	 0.406105245471078 
1651	 0.405486221558202 
1652	 0.404561828392129 
1653	 0.403873803558566 
1654	 0.403090975313728 
1655	 0.402286453960339 
1656	 0.40177055180534 
1657	 0.400903058304646 
1658	 0.399815893998355 
1659	 0.398871026229891 
1660	 0.397681965715312 
1661	 0.396716944769327 
1662	 0.396245550373108 
1663	 0.395545096186369 
1664	 0.394569404215841 
1665	 0.393687242460788 
1666	 0.392637582734162 
1667	 0.391455516827257 
1668	 0.390456683019426 
1669	 0.389428074190804 
1670	 0.388251120584494 
1671	 0.387055002683422 
1672	 0.386052167880121 
1673	 0.385094272996366 
1674	 0.383895624341038 
1675	 0.382792344877971 
1676	 0.3818374650978 
1677	 0.380866329034106 
1678	 0.380186058157525 
1679	 0.379507325231061 
1680	 0.378411380184779 
1681	 0.377572147848804 
1682	 0.376856886207804 
1683	 0.375968439039984 
1684	 0.375564939960251 
1685	 0.3750688526504 
1686	 0.373975493209046 
1687	 0.373254595457239 
1688	 0.372868914818589 
1689	 0.372219160713221 
1690	 0.371796323566809 
1691	 0.371387877622653 
1692	 0.370437931336423 
1693	 0.369727313924097 
1694	 0.369344756595752 
1695	 0.368971951654617 
1696	 0.368761843461183 
1697	 0.368094448008812 
1698	 0.367161629292844 
1699	 0.366460197565452 
1700	 0.365852604784112 
1701	 0.365732475976235 
1702	 0.365853226938965 
1703	 0.365710296167679 
1704	 0.365435032934508 
1705	 0.365120345085691 
1706	 0.364695853240738 
1707	 0.364438810828509 
1708	 0.364180348409228 
1709	 0.363994907498012 
1710	 0.363969400949685 
1711	 0.363827308621637 
1712	 0.363579850887881 
1713	 0.36350752754718 
1714	 0.363645652902358 
1715	 0.363621031354742 
1716	 0.363604731667423 
1717	 0.36350929406766 
1718	 0.363097584068846 
1719	 0.363013716329771 
1720	 0.363262207941651 
1721	 0.363290756515564 
1722	 0.363350891118056 
1723	 0.363374826493459 
1724	 0.363150959912078 
1725	 0.363163385600996 
1726	 0.363371337476469 
1727	 0.363423483077674 
1728	 0.363531057548049 
1729	 0.36356302744388 
1730	 0.363448464749375 
1731	 0.363507538125067 
1732	 0.363690617061156 
1733	 0.363801686005096 
1734	 0.363799601898756 
1735	 0.363980038668914 
1736	 0.364355131037192 
1737	 0.364319444751095 
1738	 0.364317614251764 
1739	 0.364271458977767 
1740	 0.363707316197725 
1741	 0.363681422599124 
1742	 0.364036417368738 
1743	 0.364037028923956 
1744	 0.364070621268713 
1745	 0.364169158905781 
1746	 0.364051760455493 
1747	 0.364317117288104 
1748	 0.36497464697081 
1749	 0.365035643813363 
1750	 0.364967049905755 
1751	 0.364733595016794 
1752	 0.364640657469409 
1753	 0.364934780971864 
1754	 0.365175812978033 
1755	 0.36547797370081 
1756	 0.365630183720597 
1757	 0.365725088877876 
1758	 0.366243103819613 
1759	 0.366212278591099 
1760	 0.366145598256004 
1761	 0.366604873526487 
1762	 0.366437079410337 
1763	 0.366555558449599 
1764	 0.366897466336025 
1765	 0.366658828987389 
1766	 0.366825191444653 
1767	 0.367204026322054 
1768	 0.367784723683075 
1769	 0.368681176735396 
1770	 0.369010460694663 
1771	 0.368940897037136 
1772	 0.369086366756437 
1773	 0.369199003052788 
1774	 0.369171971535998 
1775	 0.369139852839815 
1776	 0.369076579316293 
1777	 0.368593433044702 
1778	 0.368476995794803 
1779	 0.368674916194258 
1780	 0.36901795814756 
1781	 0.369975040552326 
1782	 0.370139860708195 
1783	 0.370070856550019 
1784	 0.369685035084455 
1785	 0.367947352561434 
1786	 0.367444875970059 
1787	 0.367617315123349 
1788	 0.367667685356391 
1789	 0.368693089114611 
1790	 0.368963370099638 
1791	 0.36860411858849 
1792	 0.368402246407131 
1793	 0.368039866494704 
1794	 0.367397650422933 
1795	 0.366372987013487 
1796	 0.365928663810432 
1797	 0.365489576387631 
1798	 0.36520055071174 
1799	 0.365789641090961 
1800	 0.365438359517174 
1801	 0.364264844095552 
1802	 0.363463178269539 
1803	 0.362022882426681 
1804	 0.362078451524479 
1805	 0.36370981963101 
1806	 0.364129670038453 
1807	 0.365256171148377 
1808	 0.366280500392444 
1809	 0.365930982553892 
1810	 0.367303363174347 
1811	 0.369012562662478 
1812	 0.367575583978926 
1813	 0.366166525141359 
1814	 0.365979031374587 
1815	 0.370298874475566 
1816	 0.374245771332399 
1817	 0.370241142696347 
1818	 0.359143464004202 
1819	 0.353185458773361 
1820	 0.353248025498276 
1821	 0.351714163164123 
1822	 0.357723002277824 
1823	 0.357438153097757 
1824	 0.342412989073335 
1825	 0.337457061826614 
1826	 0.334124822263033 
1827	 0.34025884455567 
1828	 0.385121435054481 
1829	 0.397079497959365 
1830	 0.38409194484385 
1831	 0.287734065595309 
1832	 0.291260897645373 
1833	 0.306657535448882 
1834	 0.63978117139571 
1835	 1.01987044203174 
1836	 0.629103936558253 
1837	 0.810699130354605 
1838	 1.28049706156149 
1839	 1.21761126664646 
1840	 1.10333279871946 
1841	 1.60552403896767 
1842	 1.69936527389978 
1843	 0.346627318824618 
1844	-1.31011619304607E-02 
1845	-1.37765926059633 
1846	 8.64271369364062 
1847	-0.114407311370869 
1848	 0.17874347906806 
1849	 0.744555044041057 
1850	-2.25905021121598E-02 
1851	-0.043318154468163 
1852	-0.776105615741104 
1853	-0.529834843508326 
1854	 1.6957302576994 
1855	 2.65607580892792 
1856	 0.907580491659122 
1857	 0.578567204046415 
1858	 1.22872500306936 
1859	 2.27165677869452 
1860	 1.06269279185209 
1861	-2.16361084911689 
1862	-0.445138885057365 
1863	 0.309115552088993 
1864	 0.389180301325673 
1865	 0.869786903615601 
1866	 1.04347042991462 
1867	 1.04332518853432 
1868	 1.05774938933961 
1869	 0.45444244412827 
1870	 0.307477649886936 
1871	 0.468649691616063 
1872	 1.77259617124723 
1873	 1.61666444867696 
1874	 1.22119333220467 
1875	 1.20298994998112 
1876	 0.930996931640385 
1877	 0.761496368057656 
1878	 0.619413067795899 
1879	 0.677909487220946 
1880	 0.697664504338096 
1881	 0.589907312366758 
1882	 0.514580703941267 
1883	 0.549123923176296 
1884	 0.549194600079943 
1885	 0.426756584053308 
1886	 0.462251985760463 
1887	 0.618893615797462 
1888	 0.5532622441968 
1889	 0.323765680809349 
1890	 0.299371081904136 
1891	 0.292277263939486 
1892	 0.241429700370374 
1893	 0.226676415677599 
1894	 0.333824597780071 
1895	 0.397465361543487 
1896	 0.382784996208234 
1897	 0.590753869633458 
1898	 0.649924014532102 
1899	 0.568696931006391 
1900	 0.769403987895037 
1901	 0.673196377794845 
1902	 0.600296503603559 
1903	 0.911788605941158 
1904	 0.965840955912035 
1905	 0.629773804118522 
1906	 0.540938169381797 
1907	 0.73320687171702 
1908	 0.346971121937834 
1909	 0.242310209990142 
1910	 0.438950202690926 
1911	 0.368035427680539 
1912	 0.458864546036132 
1913	 0.522375844260005 
1914	 0.527066496321314 
1915	 0.447916523996913 
1916	 0.368106980287356 
1917	 0.387145899067689 
1918	 0.306438779695892 
1919	 0.359954275532043 
1920	 0.45618935056086 
1921	 0.421938421425549 
1922	 0.428838361534381 
1923	 0.434355131130258 
1924	 0.404864487693668 
1925	 0.3418138449589 
1926	 0.350828125662833 
1927	 0.353638109580299 
1928	 0.318848157901371 
1929	 0.310884915388488 
1930	 0.32365230995885 
1931	 0.332093728662637 
1932	 0.325989525239136 
1933	 0.3289092732194 
1934	 0.326771695279969 
1935	 0.3235257031268 
1936	 0.308735817904433 
1937	 0.313932060547985 
1938	 0.329893856880493 
1939	 0.339676520560291 
1940	 0.342062144901102 
1941	 0.342980375950088 
1942	 0.344205943463287 
1943	 0.340120055156375 
1944	 0.335328455653602 
1945	 0.333441901610303 
1946	 0.33391516624886 
1947	 0.332754626783249 
1948	 0.333870264473959 
1949	 0.335896374941457 
1950	 0.338125637298983 
1951	 0.336894378079728 
1952	 0.333759378167473 
1953	 0.336339011525281 
1954	 0.3383399114566 
1955	 0.337910453010436 
1956	 0.338409743080062 
1957	 0.337073624732181 
1958	 0.336957492435496 
1959	 0.336611257464306 
1960	 0.339259784982307 
1961	 0.340568854184337 
1962	 0.340383599311134 
1963	 0.340574491323412 
1964	 0.339619744349676 
1965	 0.339454323272777 
1966	 0.340829577499121 
1967	 0.341517586743246 
1968	 0.34061185212302 
1969	 0.340037888754372 
1970	 0.338734904950937 
1971	 0.338023644956629 
1972	 0.33891552174919 
1973	 0.340499119970594 
1974	 0.340766007725055 
1975	 0.340902223571881 
1976	 0.3403487455196 
1977	 0.339086259334558 
1978	 0.340095114670073 
1979	 0.341096757458623 
1980	 0.339946211650123 
1981	 0.339884796655746 
1982	 0.339857208971168 
1983	 0.339494622948456 
1984	 0.338265577856146 
1985	 0.338675183536701 
1986	 0.339298967075594 
1987	 0.339208273405904 
1988	 0.339115253251915 
1989	 0.339234331526704 
1990	 0.339427320819768 
1991	 0.339672601469326 
1992	 0.340269610860062 
1993	 0.340429587413369 
1994	 0.340589507618552 
1995	 0.340490004061633 
1996	 0.339615882492964 
1997	 0.339058617790519 
1998	 0.339621515072663 
1999	 0.340096059736338 
2000	 0.340465626182641 
2001	 0.341468696897455 
2002	 0.3425992964391 
2003	 0.343190333625849 
2004	 0.343484261861004 
2005	 0.343085135755588 
2006	 0.343248461895286 
2007	 0.343984547226328 
2008	 0.343682413577974 
2009	 0.342925927404679 
2010	 0.342389647935395 
2011	 0.341908551517254 
2012	 0.340663216123762 
2013	 0.341358279521644 
2014	 0.342051978551036 
2015	 0.34119563127732 
2016	 0.340864092049782 
2017	 0.341260194791354 
2018	 0.341016287955525 
2019	 0.340890093304117 
2020	 0.341202900050065 
2021	 0.340986666482044 
2022	 0.340234751229318 
2023	 0.340100822694122 
2024	 0.339535804909003 
2025	 0.339004267220845 
2026	 0.339243186726774 
2027	 0.338997872583285 
2028	 0.338234015877317 
2029	 0.338555804912324 
2030	 0.338995578104245 
2031	 0.338485036500963 
2032	 0.338167761936717 
2033	 0.338251583785723 
2034	 0.338043521732709 
2035	 0.337041261174767 
2036	 0.33732830266374 
2037	 0.337908232830273 
2038	 0.337207046467715 
2039	 0.336877780366795 
2040	 0.336477145673034 
2041	 0.335574052903544 
2042	 0.336094411978342 
2043	 0.336483524560936 
2044	 0.336065591681668 
2045	 0.335878499099694 
2046	 0.335656002211567 
2047	 0.335541833188602 
2048	 0.335513075073472 
2049	 0.335563719885394 
2050	 0.335992668029584 
2051	 0.335974184645669 
2052	 0.33533665483148 
2053	 0.334108577597309 
2054	 0.333714779318722 
2055	 0.334328760885209 
2056	 0.334606357031051 
2057	 0.335081397856329 
2058	 0.33510451029534 
2059	 0.334291809608124 
2060	 0.334428792622281 
2061	 0.335917696416887 
2062	 0.335957470266735 
2063	 0.335555708989093 
2064	 0.335359541620031 
2065	 0.334911147514667 
2066	 0.333239509427245 
2067	 0.332283895695257 
2068	 0.332351527760727 
2069	 0.331772365016131 
2070	 0.3316711365429 
2071	 0.332501366792771 
2072	 0.332313132680522 
2073	 0.331436566545762 
2074	 0.331465417903622 
2075	 0.331204230076458 
2076	 0.330632547147608 
2077	 0.330323997069322 
2078	 0.330205719208814 
2079	 0.330210466265057 
2080	 0.330588043259548 
2081	 0.330522721952685 
2082	 0.329890269596278 
2083	 0.329036282199684 
2084	 0.32799957068992 
2085	 0.327417869561757 
2086	 0.327416052391706 
2087	 0.327287826186367 
2088	 0.32728142874071 
2089	 0.327330792640614 
2090	 0.327024307081734 
2091	 0.32687661363392 
2092	 0.326428352238307 
2093	 0.325128108511469 
2094	 0.324372591066501 
2095	 0.323781315329814 
2096	 0.323364604468018 
2097	 0.32308665658187 
2098	 0.323235386914517 
2099	 0.322888640623217 
2100	 0.322189462784313 
2101	 0.321660506947963 
2102	 0.321286518738233 
2103	 0.321106376378741 
2104	 0.320179910673315 
2105	 0.319127347203773 
2106	 0.318741087482872 
2107	 0.318379131184033 
2108	 0.318715527079636 
2109	 0.318433526729291 
2110	 0.317689106035464 
2111	 0.317221088654171 
2112	 0.316901861957086 
2113	 0.316248521244648 
2114	 0.315570776175416 
2115	 0.314800172561973 
2116	 0.314059654959683 
2117	 0.313814561744648 
2118	 0.314011111424326 
2119	 0.313956984848901 
2120	 0.313780265613933 
2121	 0.313184710435812 
2122	 0.31257262340082 
2123	 0.312438096083979 
2124	 0.311796730728351 
2125	 0.310394816170076 
2126	 0.309809923303833 
2127	 0.309816636379886 
2128	 0.309306102436468 
2129	 0.308641857784803 
2130	 0.308683756942351 
2131	 0.309044904193882 
2132	 0.308463580597869 
2133	 0.307738149652583 
2134	 0.307635165243895 
2135	 0.307079625945799 
2136	 0.306330773855515 
2137	 0.305940368711406 
2138	 0.305904442987557 
2139	 0.30568460748496 
2140	 0.304602916129767 
2141	 0.304176772523901 
2142	 0.305041415333738 
2143	 0.304947506259918 
2144	 0.304263324163182 
2145	 0.303646917885533 
2146	 0.302496701649835 
2147	 0.302229861180798 
2148	 0.302360547727122 
2149	 0.302557984900607 
2150	 0.303821566126399 
2151	 0.303977522220698 
2152	 0.303387988304962 
2153	 0.302655916754203 
2154	 0.302379838590623 
2155	 0.302567822960251 
2156	 0.302213609500773 
2157	 0.302212054458254 
2158	 0.302492859085985 
2159	 0.301949451070869 
2160	 0.301916668345921 
2161	 0.302411102476133 
2162	 0.302506789200351 
2163	 0.302621572550425 
2164	 0.302444166899354 
2165	 0.301747311736362 
2166	 0.301684775807546 
2167	 0.30181997177576 
2168	 0.301696721081924 
2169	 0.302124097292373 
2170	 0.302211436209657 
2171	 0.301417972124738 
2172	 0.301137627070694 
2173	 0.30133583224295 
2174	 0.301208453932342 
2175	 0.300369950117913 
2176	 0.300227263886911 
2177	 0.300140626834429 
2178	 0.299308960380064 
2179	 0.298424753400805 
2180	 0.298402828660399 
2181	 0.298329929172256 
2182	 0.297634925341801 
2183	 0.298351648755435 
2184	 0.299746765153954 
2185	 0.299287527024271 
2186	 0.297322031181261 
2187	 0.296786537956861 
2188	 0.295617044886828 
2189	 0.294906290918152 
2190	 0.295800257604108 
2191	 0.295559863155041 
2192	 0.294483230018922 
2193	 0.293591457507172 
2194	 0.292460842870152 
2195	 0.291588278902279 
2196	 0.290987129533704 
2197	 0.289744294680725 
2198	 0.288217210054454 
2199	 0.28823471352374 
2200	 0.288510334691962 
2201	 0.287634169302378 
2202	 0.288041114782788 
2203	 0.288246694993156 
2204	 0.287298222721864 
2205	 0.286593771928121 
2206	 0.285280331784272 
2207	 0.283429059676091 
2208	 0.282054007936464 
2209	 0.281367002765024 
2210	 0.280141957508126 
2211	 0.278426508386848 
2212	 0.277651839734138 
2213	 0.277295166776177 
2214	 0.276459621182905 
2215	 0.276573075042486 
2216	 0.275710252270275 
2217	 0.273461064648018 
2218	 0.271959370399481 
2219	 0.271105613638747 
2220	 0.269510152839055 
2221	 0.267597198105791 
2222	 0.265603684719399 
2223	 0.263531159080121 
2224	 0.260410679363386 
2225	 0.258959720093065 
2226	 0.25887943643481 
2227	 0.257797730916382 
2228	 0.256345116223564 
2229	 0.254676717432103 
2230	 0.252065979137419 
2231	 0.249525166913148 
2232	 0.247645370296871 
2233	 0.245176877984519 
2234	 0.242332826269299 
2235	 0.239442734026634 
2236	 0.237027926574887 
2237	 0.235350162647672 
2238	 0.234504438458651 
2239	 0.232626601994091 
2240	 0.231085148899297 
2241	 0.229615086053594 
2242	 0.227231351266238 
2243	 0.225093446211326 
2244	 0.223630782247028 
2245	 0.22169363197639 
2246	 0.218808398821631 
2247	 0.217242955241643 
2248	 0.217011412948479 
2249	 0.215806519765743 
2250	 0.214627402179617 
2251	 0.213037470647559 
2252	 0.211207386992871 
2253	 0.209462984526265 
2254	 0.208276191955802 
2255	 0.207203735590088 
2256	 0.206995088802832 
2257	 0.206549691619319 
2258	 0.205136692370018 
2259	 0.203964257682903 
2260	 0.202774657543494 
2261	 0.203138427121747 
2262	 0.204524581246674 
2263	 0.205498571304291 
2264	 0.205340956058858 
2265	 0.20382961656193 
2266	 0.20202450141497 
2267	 0.200677766444371 
2268	 0.200980968877642 
2269	 0.200923030001988 
2270	 0.20024487333164 
2271	 0.200107152759224 
2272	 0.199900217840828 
2273	 0.199561649329084 
2274	 0.199249008259531 
2275	 0.198574061293498 
2276	 0.198361066067367 
2277	 0.198489028570481 
2278	 0.197775039352332 
2279	 0.197482430882453 
2280	 0.197308520706139 
2281	 0.196078627689153 
2282	 0.19530883655228 
2283	 0.19552932012025 
2284	 0.194432091332425 
2285	 0.192220741076194 
2286	 0.190991719672201 
2287	 0.188988916813973 
2288	 0.18842801577619 
2289	 0.190987183414842 
2290	 0.192060947496973 
2291	 0.191436137872828 
2292	 0.192213169031281 
2293	 0.19244494146387 
2294	 0.191843245043393 
2295	 0.193054001758136 
2296	 0.194950439321227 
2297	 0.19499418959948 
2298	 0.194289349242076 
2299	 0.19334414635739 
2300	 0.192954760181048 
2301	 0.193716466333594 
2302	 0.192760743286224 
2303	 0.193395987846922 
2304	 0.19702004707687 
2305	 0.197786876229884 
2306	 0.199970811166757 
2307	 0.203222164572059 
2308	 0.20058603613718 
2309	 0.19852384414037 
2310	 0.198069777939165 
2311	 0.196422371415349 
2312	 0.196675551516852 
2313	 0.196517580380583 
2314	 0.196917117233411 
2315	 0.200735232427865 
2316	 0.205391887361161 
2317	 0.206950897228723 
2318	 0.20525181894317 
2319	 0.205843763197468 
2320	 0.204593689484053 
2321	 0.204052851181188 
2322	 0.207143403084212 
2323	 0.208384885084289 
2324	 0.205865835178062 
2325	 0.205096149217552 
2326	 0.206246000684737 
2327	 0.206065792811763 
2328	 0.204398604874277 
2329	 0.205123061533881 
2330	 0.20789585778707 
2331	 0.208564161806261 
2332	 0.208501145329648 
2333	 0.209729744146197 
2334	 0.212374649104681 
2335	 0.210870786930925 
2336	 0.205639219489759 
2337	 0.206028609727016 
2338	 0.20730297023135 
2339	 0.205965626861292 
2340	 0.206255516131006 
2341	 0.210480211669107 
2342	 0.208323511105287 
2343	 0.20330316423244 
2344	 0.205065119832049 
2345	 0.20710530669618 
2346	 0.205264544755939 
2347	 0.206018996500239 
2348	 0.206107475147895 
2349	 0.203022538662682 
2350	 0.201918751683089 
2351	 0.202631906243794 
2352	 0.205322487727368 
2353	 0.206428327343442 
2354	 0.205423739311265 
2355	 0.204140171628082 
2356	 0.200554368109296 
2357	 0.201660290437526 
2358	 0.206102769824286 
2359	 0.206256547939772 
2360	 0.206707201307453 
2361	 0.208580857140136 
2362	 0.20769822487504 
2363	 0.207095636594272 
2364	 0.208616440733665 
2365	 0.207696080606935 
2366	 0.2022398348504 
2367	 0.201129698081597 
2368	 0.202894458612518 
2369	 0.199473974238672 
2370	 0.201786009241668 
2371	 0.20658361921074 
2372	 0.204222166381729 
2373	 0.201112798510957 
2374	 0.201625216636391 
2375	 0.205276318906691 
2376	 0.207006305980633 
2377	 0.208506793370504 
2378	 0.207971921723649 
2379	 0.202810196781732 
2380	 0.202963642700927 
2381	 0.208713100327725 
2382	 0.208365339786728 
2383	 0.204086458345541 
2384	 0.205560866351485 
2385	 0.206054926129583 
2386	 0.205522218314907 
2387	 0.206519614308923 
2388	 0.20486119783617 
2389	 0.203642066117473 
2390	 0.203402750385775 
2391	 0.205539718463183 
2392	 0.208904126153679 
2393	 0.207019894637592 
2394	 0.206985891359519 
2395	 0.21262912803687 
2396	 0.209788297054253 
2397	 0.203848443473056 
2398	 0.207373301606704 
2399	 0.207811299187235 
2400	 0.205384780450976 
2401	 0.21343327502167 
2402	 0.216408277214003 
2403	 0.210213899456434 
2404	 0.214459994436166 
2405	 0.212362689217795 
2406	 0.199666484414692 
2407	 0.200832284176215 
2408	 0.197316577452888 
2409	 0.189068986499161 
2410	 0.195178454436896 
2411	 0.199569455396656 
2412	 0.204563048709729 
2413	 0.212417823501461 
2414	 0.215395503902381 
2415	 0.21017015147327 
2416	 0.197923101647246 
2417	 0.19005455723033 
2418	 0.185866659764242 
2419	 0.190112141213919 
2420	 0.196839704584511 
2421	 0.195770663740768 
2422	 0.194247319212853 
2423	 0.189654420144075 
2424	 0.19266199927511 
2425	 0.199765009228932 
2426	 0.198901468897598 
2427	 0.202140912588334 
2428	 0.196129674166144 
2429	 0.191162985626069 
2430	 0.200460738711143 
2431	 0.203830992979394 
2432	 0.200056647775711 
2433	 0.187131609469619 
2434	 0.180441263770524 
2435	 0.193374908954509 
2436	 0.205777288113822 
2437	 0.217540519165257 
2438	 0.214225577341892 
2439	 0.189834974552948 
2440	 0.185627065742222 
2441	 0.189793533475434 
2442	 0.179613531549455 
2443	 0.177220983551691 
2444	 0.175057961764145 
2445	 0.175894561621718 
2446	 0.198582887491307 
2447	 0.220045526793548 
2448	 0.221904250582968 
2449	 0.211316539793105 
2450	 0.202756684413823 
2451	 0.187438714349789 
2452	 0.178287148617507 
2453	 0.183741883955688 
2454	 0.167992099418465 
2455	 0.162649319773931 
2456	 0.189064744252061 
2457	 0.198664386144224 
2458	 0.195974334138361 
2459	 0.204267984469326 
2460	 0.18143452222269 
2461	 0.160517517659078 
2462	 0.187439125648661 
2463	 0.203771141305616 
2464	 0.188435845690217 
2465	 0.183712724311567 
2466	 0.194304415545999 
2467	 0.212943755396474 
2468	 0.227635515482355 
2469	 0.217716951196049 
2470	 0.165900897015666 
2471	 0.152104160077029 
2472	 0.161443535823624 
2473	 0.175400434121948 
2474	 0.184680902816645 
2475	 0.202226677199953 
2476	 0.266900823621454 
2477	 0.263363294101585 
2478	 0.221822101234784 
2479	 0.209219661164993 
2480	 0.182530403983343 
2481	 0.248801311686363 
2482	 0.263822564979434 
2483	 0.239413749301875 
2484	 0.283626468218881 
2485	 0.331423891878167 
2486	 0.403325798110043 
2487	 0.356121830025852 
2488	 0.101386638625932 
2489	-9.87646235390445E-02 
2490	-0.020336008131201 
2491	-0.01025172785694 
2492	 0.112933104024977 
2493	 0.364147571308534 
2494	 0.195329916001567 
2495	 9.17482339263941E-02 
2496	 0.302236148535001 
2497	 0.158149191796968 
2498	-0.120803006536393 
2499	 8.81140282130952E-02 
2500	 0.1505536649531 
