Wavelength	09/27/123 at 12:21:23
350	 0.110318794652289 
351	 0.110265277284419 
352	 0.110510847577455 
353	 0.110822025661299 
354	 0.110649878062375 
355	 0.111224100837616 
356	 0.111857721259508 
357	 0.112130937815893 
358	 0.112556500826627 
359	 0.113289270869811 
360	 0.113885957053781 
361	 0.113795512781555 
362	 0.114388114812661 
363	 0.115059642073333 
364	 0.115369839173688 
365	 0.115610469524532 
366	 0.116061965770786 
367	 0.116561429137428 
368	 0.116801961599499 
369	 0.117474087281312 
370	 0.118258349276621 
371	 0.118863099177716 
372	 0.119288071943133 
373	 0.119798037593854 
374	 0.120492154989632 
375	 0.12132171834754 
376	 0.121821621776655 
377	 0.122400347870486 
378	 0.123279978137544 
379	 0.123985973316527 
380	 0.124633951334871 
381	 0.125283205805944 
382	 0.125993378031764 
383	 0.12694097372736 
384	 0.127859173294148 
385	 0.12857632603115 
386	 0.129320702204411 
387	 0.129727111996883 
388	 0.130177938630037 
389	 0.131232803974574 
390	 0.13195387139536 
391	 0.132609871863871 
392	 0.133378149131404 
393	 0.134018039808198 
394	 0.134794252457422 
395	 0.135585947890543 
396	 0.136158602939786 
397	 0.136646879832425 
398	 0.137101634764898 
399	 0.137598435798806 
400	 0.138325435798938 
401	 0.138865742720953 
402	 0.1392788784151 
403	 0.139763977336879 
404	 0.140103262646843 
405	 0.140535531727643 
406	 0.141159614563064 
407	 0.141768833695623 
408	 0.142356459273215 
409	 0.142970250584613 
410	 0.143660775193901 
411	 0.144263745161084 
412	 0.144802581110837 
413	 0.145311855437505 
414	 0.145788724875686 
415	 0.146440104574657 
416	 0.147139586937875 
417	 0.147668288935552 
418	 0.148158172184728 
419	 0.14874708100784 
420	 0.149450040376346 
421	 0.150102684061817 
422	 0.150677348684079 
423	 0.151238805092824 
424	 0.151871790648989 
425	 0.152504746355675 
426	 0.153165521952259 
427	 0.153872765162432 
428	 0.154621899056202 
429	 0.155415779207572 
430	 0.156164746633228 
431	 0.156787861498565 
432	 0.157403357540386 
433	 0.158097818038613 
434	 0.15882221687144 
435	 0.159349683552927 
436	 0.160045934149394 
437	 0.160802660109123 
438	 0.161413108244609 
439	 0.161988221768127 
440	 0.16263075930257 
441	 0.163313787763558 
442	 0.163838345502638 
443	 0.164443899725256 
444	 0.16508009686715 
445	 0.165652999918964 
446	 0.166291356375268 
447	 0.166926314691743 
448	 0.16749991917458 
449	 0.167991916412074 
450	 0.168510626614664 
451	 0.169070381943173 
452	 0.169630888934056 
453	 0.17006382393961 
454	 0.170485403993418 
455	 0.170947260003097 
456	 0.171416167878617 
457	 0.171895343844217 
458	 0.17236558237375 
459	 0.172804554391654 
460	 0.173175167622083 
461	 0.173571084416893 
462	 0.174014995855556 
463	 0.174434209629549 
464	 0.174809006093627 
465	 0.17519173961253 
466	 0.175620811901652 
467	 0.176004470813363 
468	 0.17640799383444 
469	 0.176828058078756 
470	 0.177200633028953 
471	 0.177597846493059 
472	 0.177994219774232 
473	 0.178367312386794 
474	 0.178795423547301 
475	 0.179169888785441 
476	 0.179506170140661 
477	 0.17991513981985 
478	 0.180376940692167 
479	 0.180867378907971 
480	 0.181361585802396 
481	 0.18182884238589 
482	 0.182257070343788 
483	 0.182703022216902 
484	 0.183260784798208 
485	 0.183797714503065 
486	 0.184359230839645 
487	 0.184965035207805 
488	 0.185496136347464 
489	 0.186059792922478 
490	 0.186646350184796 
491	 0.187189157835145 
492	 0.18771992892413 
493	 0.188296839365231 
494	 0.188931506198818 
495	 0.189498752354536 
496	 0.190128680381192 
497	 0.19078679467768 
498	 0.191380318543817 
499	 0.192044482838645 
500	 0.19269761368877 
501	 0.193295522042145 
502	 0.193891050923484 
503	 0.194515921838396 
504	 0.195174931584108 
505	 0.195855555780353 
506	 0.196516629235781 
507	 0.197150824233596 
508	 0.197761807070303 
509	 0.198370351485073 
510	 0.198979946498866 
511	 0.199637806706127 
512	 0.200365787407301 
513	 0.201002402491609 
514	 0.201620818533256 
515	 0.2022626326704 
516	 0.202912393974656 
517	 0.203572452459358 
518	 0.204278343141481 
519	 0.205021951501545 
520	 0.205657360882458 
521	 0.206291692444883 
522	 0.206969367739102 
523	 0.207672519045746 
524	 0.20835245757198 
525	 0.208994571398469 
526	 0.209614643469727 
527	 0.210277913743541 
528	 0.211018178141985 
529	 0.211772717642789 
530	 0.212436113366961 
531	 0.213153410381809 
532	 0.213891380565647 
533	 0.214617862171065 
534	 0.215411756376048 
535	 0.216172990290804 
536	 0.216901748933241 
537	 0.217647415634487 
538	 0.218358140310672 
539	 0.21912993610018 
540	 0.219998415477069 
541	 0.220834325485218 
542	 0.221670919456682 
543	 0.22250348923888 
544	 0.22331942868573 
545	 0.224108986110085 
546	 0.224909946431951 
547	 0.225746400070976 
548	 0.226601128175372 
549	 0.22749666298287 
550	 0.228407072506767 
551	 0.229299517487197 
552	 0.230180071342705 
553	 0.231028056224355 
554	 0.231871428625676 
555	 0.23280553955263 
556	 0.233668101387404 
557	 0.234511204293818 
558	 0.235410988987292 
559	 0.236300323556316 
560	 0.237143830338066 
561	 0.237954253586861 
562	 0.238799855699641 
563	 0.239584615534571 
564	 0.240341625194766 
565	 0.241129402001594 
566	 0.241982468529867 
567	 0.242885251647934 
568	 0.243775338594586 
569	 0.244573906700029 
570	 0.245405029609023 
571	 0.246248492999675 
572	 0.247044317666562 
573	 0.247714512765957 
574	 0.248395761204111 
575	 0.249117400785367 
576	 0.249846661303675 
577	 0.250568043017237 
578	 0.251254236733326 
579	 0.25188414219567 
580	 0.252434575457452 
581	 0.25298799534934 
582	 0.253518883970677 
583	 0.253992469172535 
584	 0.254547588078737 
585	 0.25514702203458 
586	 0.255755976170001 
587	 0.256371016454486 
588	 0.25690210887685 
589	 0.257417831624982 
590	 0.257959548532645 
591	 0.258447994158565 
592	 0.258951708848761 
593	 0.259520723400447 
594	 0.260175128774014 
595	 0.260854538671633 
596	 0.261478691190215 
597	 0.262018151427794 
598	 0.2625208250914 
599	 0.263066937710968 
600	 0.26360041114199 
601	 0.264029868410521 
602	 0.264423969893879 
603	 0.264780280340977 
604	 0.265102305024979 
605	 0.265400254842414 
606	 0.265652967608581 
607	 0.265900372420108 
608	 0.266188269569817 
609	 0.266527700295029 
610	 0.26682064928908 
611	 0.267057062975986 
612	 0.267309982616668 
613	 0.267526305744452 
614	 0.267770283448145 
615	 0.268077492874057 
616	 0.268343448068607 
617	 0.268638015587923 
618	 0.268920640289392 
619	 0.269113234068338 
620	 0.269320976094575 
621	 0.269587799425418 
622	 0.269888988956741 
623	 0.270093223618095 
624	 0.270327419868586 
625	 0.270568308856129 
626	 0.270758343744242 
627	 0.270976456372922 
628	 0.271262628731652 
629	 0.271573732897138 
630	 0.271777227134123 
631	 0.271999170469885 
632	 0.272197058905802 
633	 0.272335940630879 
634	 0.272549494661539 
635	 0.272790325395216 
636	 0.273011659865364 
637	 0.273178305511858 
638	 0.27333754534233 
639	 0.273508292729658 
640	 0.273687424753129 
641	 0.273833687132505 
642	 0.274002452459078 
643	 0.274176857185663 
644	 0.27431918948025 
645	 0.274414249219539 
646	 0.274519888659224 
647	 0.274649386701522 
648	 0.274756916918695 
649	 0.27496362720692 
650	 0.275183075127612 
651	 0.275332411581106 
652	 0.275501061957438 
653	 0.275654063832754 
654	 0.275788497166807 
655	 0.275929174105576 
656	 0.276239813714464 
657	 0.276532928357378 
658	 0.276677683839521 
659	 0.276739907757442 
660	 0.27685110267243 
661	 0.276974087314253 
662	 0.277038702826589 
663	 0.277137544341889 
664	 0.277230006355366 
665	 0.277297557852489 
666	 0.277342147603243 
667	 0.277444938799533 
668	 0.277560390818528 
669	 0.27765816328115 
670	 0.277832721574142 
671	 0.278036072522664 
672	 0.278193960147913 
673	 0.278251992539572 
674	 0.278450500595948 
675	 0.27864341220072 
676	 0.278759198090372 
677	 0.278906749033449 
678	 0.27903709351227 
679	 0.279185808434297 
680	 0.279390044292745 
681	 0.279589263767334 
682	 0.279783534954636 
683	 0.280037376532776 
684	 0.2804328064425 
685	 0.280709708015406 
686	 0.281128208660968 
687	 0.281829794867729 
688	 0.282338814555823 
689	 0.282665956396191 
690	 0.282947611396708 
691	 0.283301492581567 
692	 0.283571590242461 
693	 0.28390031668764 
694	 0.284330171899596 
695	 0.284776243579061 
696	 0.285219287118636 
697	 0.285595437858001 
698	 0.285916207288227 
699	 0.286311255854518 
700	 0.286731092486981 
701	 0.287146525790466 
702	 0.287531449497044 
703	 0.28781704809044 
704	 0.288113601827897 
705	 0.288450662327797 
706	 0.288746290445655 
707	 0.289074501227905 
708	 0.289378885413967 
709	 0.289618085443899 
710	 0.289838000120268 
711	 0.290030619162876 
712	 0.290235591098455 
713	 0.29050509197252 
714	 0.290707366900834 
715	 0.290751320012122 
716	 0.29067725554837 
717	 0.290704656203432 
718	 0.290904477612165 
719	 0.291249033127137 
720	 0.291607092580816 
721	 0.29183926177693 
722	 0.291874398204493 
723	 0.291812078039187 
724	 0.291832143793197 
725	 0.291966235724597 
726	 0.292111736448315 
727	 0.292227240555149 
728	 0.292374635162719 
729	 0.292423802048536 
730	 0.292516524908533 
731	 0.2927492340595 
732	 0.292888563627848 
733	 0.293003101290932 
734	 0.293111844576593 
735	 0.293209729175643 
736	 0.293323306960383 
737	 0.293431382227255 
738	 0.293523599272113 
739	 0.293606917435001 
740	 0.293722895683679 
741	 0.293852026520701 
742	 0.293979211565542 
743	 0.294176303151308 
744	 0.294323599555253 
745	 0.294411060000375 
746	 0.294490007186836 
747	 0.294569881378417 
748	 0.294654660538877 
749	 0.294747001160034 
750	 0.294856800295758 
751	 0.295056594386635 
752	 0.295267268930921 
753	 0.295406582792573 
754	 0.295486429608066 
755	 0.295653807097481 
756	 0.295890627532289 
757	 0.296082820947292 
758	 0.296019341413722 
759	 0.296050104278977 
760	 0.296800371513632 
761	 0.298628133080332 
762	 0.299040936052275 
763	 0.29878729099182 
764	 0.298707250856863 
765	 0.298435789227255 
766	 0.298131459913478 
767	 0.297846597437659 
768	 0.297627201631732 
769	 0.297618063556127 
770	 0.297640976441714 
771	 0.297659757260763 
772	 0.297758928640674 
773	 0.29785100110161 
774	 0.297951723271923 
775	 0.298076720612952 
776	 0.298215594394573 
777	 0.298318452291423 
778	 0.298436871820655 
779	 0.298618192292996 
780	 0.29879393954349 
781	 0.298882333107513 
782	 0.298925876334418 
783	 0.299036404120517 
784	 0.299189788053404 
785	 0.299336903928389 
786	 0.299448329128175 
787	 0.299532620906417 
788	 0.299675610378793 
789	 0.299820015881281 
790	 0.299915246998996 
791	 0.300023138377557 
792	 0.300149395002104 
793	 0.300298361068449 
794	 0.300465169538303 
795	 0.300613587839759 
796	 0.300729830092645 
797	 0.300820614223772 
798	 0.300910716249127 
799	 0.300988204510257 
800	 0.30109069370083 
801	 0.301236390112198 
802	 0.301403593345381 
803	 0.301583502683983 
804	 0.301769633390733 
805	 0.301938856562352 
806	 0.302006598303738 
807	 0.302057579551039 
808	 0.302177726942724 
809	 0.302392763290298 
810	 0.302415117031976 
811	 0.302362733338353 
812	 0.302359060925911 
813	 0.302495442292109 
814	 0.302647714739028 
815	 0.302801926322747 
816	 0.302976456859306 
817	 0.303218400490776 
818	 0.303369457030506 
819	 0.303476423459894 
820	 0.303609853358993 
821	 0.303690601691225 
822	 0.303703387196393 
823	 0.303810492748058 
824	 0.304166966047125 
825	 0.304332540195986 
826	 0.304405447345892 
827	 0.304454470426468 
828	 0.304492893606676 
829	 0.304687912004406 
830	 0.304900100395297 
831	 0.305032090340388 
832	 0.305151012122745 
833	 0.305287974095765 
834	 0.305405098145689 
835	 0.305494458070192 
836	 0.305654717651342 
837	 0.30584228391343 
838	 0.305987743315781 
839	 0.306045073221465 
840	 0.306152697129773 
841	 0.306301718059567 
842	 0.30645319132368 
843	 0.306552415674844 
844	 0.306646503744519 
845	 0.306753123674213 
846	 0.306860246995241 
847	 0.306929915024221 
848	 0.306988233118228 
849	 0.307081574767835 
850	 0.30720684490267 
851	 0.307222264811685 
852	 0.307337416692463 
853	 0.307501503026134 
854	 0.307622182441146 
855	 0.307805494435281 
856	 0.30801809363936 
857	 0.308149029253922 
858	 0.308102568224826 
859	 0.30810494759545 
860	 0.308197986357431 
861	 0.308372623735464 
862	 0.308576043835006 
863	 0.308667954228818 
864	 0.308624887155208 
865	 0.308559302159789 
866	 0.308753939072687 
867	 0.308980940732593 
868	 0.309196913809361 
869	 0.309382704838922 
870	 0.309474115407946 
871	 0.309505450597402 
872	 0.309574564898087 
873	 0.309730856531966 
874	 0.309721740454489 
875	 0.309704748770951 
876	 0.309848245901218 
877	 0.310202789585837 
878	 0.310279658135189 
879	 0.310312309738736 
880	 0.310421033166566 
881	 0.31060751112299 
882	 0.310789189852805 
883	 0.310875289502051 
884	 0.310895471240913 
885	 0.31100931537288 
886	 0.311109972156877 
887	 0.311222295533891 
888	 0.311341963202906 
889	 0.311344616831544 
890	 0.311438197363326 
891	 0.311569563835107 
892	 0.311614367410991 
893	 0.311482895473741 
894	 0.311335936620393 
895	 0.311235390664693 
896	 0.311232095418527 
897	 0.311488656157613 
898	 0.311679934951433 
899	 0.311817182711775 
900	 0.312068241182186 
901	 0.312364855797896 
902	 0.312497603353024 
903	 0.312484320544087 
904	 0.312471876729317 
905	 0.312387953163148 
906	 0.312433218819748 
907	 0.31252221964512 
908	 0.312308682538294 
909	 0.312408372088092 
910	 0.31264169325837 
911	 0.312800828098304 
912	 0.312840103197071 
913	 0.312816445249833 
914	 0.31277135893482 
915	 0.312839750022221 
916	 0.313282781535085 
917	 0.313478892498985 
918	 0.313624601242046 
919	 0.313932185490869 
920	 0.314162254793309 
921	 0.314297184045568 
922	 0.314284312409672 
923	 0.314142676065429 
924	 0.314118960737657 
925	 0.314232247562759 
926	 0.314155112677087 
927	 0.313523825277572 
928	 0.312680714164126 
929	 0.312265997643812 
930	 0.312054455839992 
931	 0.311287332663419 
932	 0.310805867648663 
933	 0.310461504913828 
934	 0.310430204741613 
935	 0.311043345753961 
936	 0.311532302877552 
937	 0.312096380653149 
938	 0.31272286858045 
939	 0.313201739054672 
940	 0.313812490722299 
941	 0.313998438233579 
942	 0.313702155215688 
943	 0.313399565790356 
944	 0.31285702689722 
945	 0.3124448913688 
946	 0.31262400942871 
947	 0.313658437750813 
948	 0.313666389934624 
949	 0.313441906628276 
950	 0.313743225522335 
951	 0.314541878066881 
952	 0.315145196871023 
953	 0.31496659415989 
954	 0.314361517249303 
955	 0.314943683020374 
956	 0.315138085398294 
957	 0.315195450135452 
958	 0.315486117591316 
959	 0.315815252644173 
960	 0.316170917068906 
961	 0.316471100706756 
962	 0.316762594185604 
963	 0.317350313778468 
964	 0.31773617783653 
965	 0.317732714503429 
966	 0.317427615507924 
967	 0.317279426236972 
968	 0.317249583501796 
969	 0.317497241634675 
970	 0.317952787698569 
971	 0.317885411276844 
972	 0.31737582760869 
973	 0.317459455100908 
974	 0.318519167419937 
975	 0.318019612781657 
976	 0.317922350993292 
977	 0.318332005204493 
978	 0.318830101619267 
979	 0.319678567611634 
980	 0.31992380248245 
981	 0.319794394677662 
982	 0.319791996000772 
983	 0.319627752207808 
984	 0.319948801181572 
985	 0.320403560741181 
986	 0.320523996435472 
987	 0.320942292378366 
988	 0.321202832859251 
989	 0.321222571657504 
990	 0.321150903210323 
991	 0.32138741846496 
992	 0.321319026184919 
993	 0.321164846014322 
994	 0.321290832433106 
995	 0.321165482417163 
996	 0.321111331880847 
997	 0.321224739978846 
998	 0.321292391304593 
999	 0.32031822866242 
1000	 0.319974070310004 
1001	 0.328163485893843 
1002	 0.328361833925922 
1003	 0.328551662812778 
1004	 0.328607616497108 
1005	 0.328542012728662 
1006	 0.328567309918861 
1007	 0.328605340931122 
1008	 0.328453643947068 
1009	 0.328349721523311 
1010	 0.328294909312791 
1011	 0.328114755903482 
1012	 0.328114077023761 
1013	 0.328281751608414 
1014	 0.328436151745532 
1015	 0.328654936625962 
1016	 0.328852120288244 
1017	 0.32906866020071 
1018	 0.329310156199679 
1019	 0.329569590802307 
1020	 0.329693306592062 
1021	 0.329720305523415 
1022	 0.329715875624457 
1023	 0.329714838610882 
1024	 0.329690327784734 
1025	 0.32971505557408 
1026	 0.329846854701985 
1027	 0.329900055748138 
1028	 0.329859491557894 
1029	 0.329956395124869 
1030	 0.33004439642925 
1031	 0.33011261060809 
1032	 0.330148161931445 
1033	 0.330308872300162 
1034	 0.330368477438617 
1035	 0.330356040306128 
1036	 0.330426771915905 
1037	 0.330576980656326 
1038	 0.330760833551539 
1039	 0.33094804285359 
1040	 0.331094247542141 
1041	 0.331284185788456 
1042	 0.331377340735265 
1043	 0.33142936556774 
1044	 0.331501877758475 
1045	 0.331556646512201 
1046	 0.331482224687419 
1047	 0.331707472207768 
1048	 0.331929009946952 
1049	 0.331987461352026 
1050	 0.332053384131746 
1051	 0.331872273459509 
1052	 0.331754913721424 
1053	 0.331829366005652 
1054	 0.331931203933881 
1055	 0.332004896755231 
1056	 0.331993267226456 
1057	 0.33201230288187 
1058	 0.331962990345727 
1059	 0.331954498961803 
1060	 0.331947864572099 
1061	 0.332035114911145 
1062	 0.332128518150163 
1063	 0.33238605762819 
1064	 0.332676032425737 
1065	 0.332908335916374 
1066	 0.33320097999866 
1067	 0.333283329358375 
1068	 0.3333511913307 
1069	 0.333647839001493 
1070	 0.33379383367773 
1071	 0.333870081737688 
1072	 0.333974019670747 
1073	 0.334035006886324 
1074	 0.334054271641809 
1075	 0.334026794403098 
1076	 0.334167717680488 
1077	 0.334043080771784 
1078	 0.333983595329807 
1079	 0.334178308558418 
1080	 0.334224381876288 
1081	 0.334340192759186 
1082	 0.334623295672818 
1083	 0.334783403805001 
1084	 0.334801356907506 
1085	 0.334886901186563 
1086	 0.335027741565639 
1087	 0.33512700009044 
1088	 0.335188726729208 
1089	 0.335257953166019 
1090	 0.335289445862506 
1091	 0.335376731342064 
1092	 0.335376522832856 
1093	 0.335344355595522 
1094	 0.335533565908551 
1095	 0.335593508561487 
1096	 0.335716448810162 
1097	 0.335965663326547 
1098	 0.336085879405573 
1099	 0.336135888031902 
1100	 0.336210095315867 
1101	 0.336307086439028 
1102	 0.336343452744881 
1103	 0.336324920157615 
1104	 0.336316412594745 
1105	 0.336293682122443 
1106	 0.336214430367373 
1107	 0.336123518203877 
1108	 0.335976844095087 
1109	 0.335908157331343 
1110	 0.335756320428412 
1111	 0.33574257921112 
1112	 0.335906046949287 
1113	 0.335941515857983 
1114	 0.336013238472964 
1115	 0.335988328397888 
1116	 0.335817183527485 
1117	 0.335704796185295 
1118	 0.335438014130658 
1119	 0.335359374133239 
1120	 0.335665247263455 
1121	 0.335605630110319 
1122	 0.335272462055328 
1123	 0.335141388565074 
1124	 0.334971985145523 
1125	 0.334431123312649 
1126	 0.33435628411633 
1127	 0.33467118377078 
1128	 0.334970853344891 
1129	 0.335546151691366 
1130	 0.335714412285579 
1131	 0.33592513261659 
1132	 0.335927364154429 
1133	 0.335158364486514 
1134	 0.335267740544747 
1135	 0.336104747300358 
1136	 0.336320953226524 
1137	 0.336490100308077 
1138	 0.336792892078297 
1139	 0.336943442396771 
1140	 0.336876733001878 
1141	 0.336961574370486 
1142	 0.337361043665736 
1143	 0.337506550661008 
1144	 0.337417676627477 
1145	 0.337398511327276 
1146	 0.337365465111251 
1147	 0.337484704611315 
1148	 0.337520930540819 
1149	 0.337728169446092 
1150	 0.33836037883233 
1151	 0.338552465289132 
1152	 0.338486560146133 
1153	 0.338560581280766 
1154	 0.338401344028618 
1155	 0.338450405081319 
1156	 0.338925889778794 
1157	 0.339130124601052 
1158	 0.339380870809914 
1159	 0.33978528479144 
1160	 0.339879631583958 
1161	 0.339685371180015 
1162	 0.339828145024277 
1163	 0.339989889589322 
1164	 0.340167597432426 
1165	 0.340589378080046 
1166	 0.340755198794645 
1167	 0.340671896322855 
1168	 0.340777307369236 
1169	 0.340930208030364 
1170	 0.341055147233353 
1171	 0.341293207879578 
1172	 0.341502600743195 
1173	 0.341386879277994 
1174	 0.341193216928898 
1175	 0.341203197712496 
1176	 0.341139420672463 
1177	 0.341221369222229 
1178	 0.341620287396696 
1179	 0.341772008913601 
1180	 0.341782023455029 
1181	 0.341850727364119 
1182	 0.341851384064777 
1183	 0.341897448838601 
1184	 0.342062729120873 
1185	 0.342102759313333 
1186	 0.342045732594041 
1187	 0.342082538320064 
1188	 0.342111196198469 
1189	 0.34206635752002 
1190	 0.342379291177 
1191	 0.342615460315591 
1192	 0.342718942612087 
1193	 0.342852002969713 
1194	 0.34295881792363 
1195	 0.342960341261192 
1196	 0.342997009045515 
1197	 0.343145137852381 
1198	 0.343178695151571 
1199	 0.343007337570822 
1200	 0.343003156408469 
1201	 0.343037555884386 
1202	 0.343090628799696 
1203	 0.343292948157729 
1204	 0.343406768095659 
1205	 0.343474149136017 
1206	 0.343575944002405 
1207	 0.343584545691845 
1208	 0.343678310746015 
1209	 0.343876878331725 
1210	 0.343883767552974 
1211	 0.343959779305121 
1212	 0.344073295459645 
1213	 0.344064775619945 
1214	 0.344196146810471 
1215	 0.34429188444301 
1216	 0.344375892993891 
1217	 0.344429737474517 
1218	 0.344493259435272 
1219	 0.344571864218934 
1220	 0.3446531325849 
1221	 0.344711154952919 
1222	 0.344754010076776 
1223	 0.344807155380671 
1224	 0.344800479564106 
1225	 0.344896771084129 
1226	 0.34497830214077 
1227	 0.34497938962035 
1228	 0.345087996308003 
1229	 0.345240767571393 
1230	 0.345255029578708 
1231	 0.345385615459101 
1232	 0.345501564475873 
1233	 0.345408997176591 
1234	 0.345408879006522 
1235	 0.345585003174564 
1236	 0.34566824006794 
1237	 0.345647683996586 
1238	 0.345708760729134 
1239	 0.345864927238987 
1240	 0.345925696721368 
1241	 0.345992106911023 
1242	 0.346034817890242 
1243	 0.346050916881782 
1244	 0.345954260696911 
1245	 0.345865135788224 
1246	 0.345925129952873 
1247	 0.346143720712874 
1248	 0.34628296801157 
1249	 0.346451657338932 
1250	 0.346662501449599 
1251	 0.346588093008986 
1252	 0.346535953212782 
1253	 0.346698122352328 
1254	 0.346759547813157 
1255	 0.346845189188557 
1256	 0.346903757630503 
1257	 0.346934582822379 
1258	 0.346811196442173 
1259	 0.346848843815604 
1260	 0.347006691479391 
1261	 0.347155183182811 
1262	 0.347407516668906 
1263	 0.34743978782128 
1264	 0.347454842935016 
1265	 0.347529251921376 
1266	 0.347614446740775 
1267	 0.347806250009583 
1268	 0.347962583183719 
1269	 0.348010454695912 
1270	 0.348014886313556 
1271	 0.347927948926596 
1272	 0.347829444104984 
1273	 0.347885424302002 
1274	 0.347983706129999 
1275	 0.348021923738566 
1276	 0.348166237646625 
1277	 0.34817654000359 
1278	 0.347948500007589 
1279	 0.347857799697615 
1280	 0.347800353264213 
1281	 0.347729485346813 
1282	 0.347695548431717 
1283	 0.347762037961796 
1284	 0.347741041511764 
1285	 0.34771934809477 
1286	 0.347913137488101 
1287	 0.34806500256238 
1288	 0.348037944715781 
1289	 0.347993642326924 
1290	 0.347956046852188 
1291	 0.34786268214088 
1292	 0.347846769645515 
1293	 0.347943553639708 
1294	 0.347968136632227 
1295	 0.347993260167167 
1296	 0.348171445282538 
1297	 0.348307042608285 
1298	 0.348316979932498 
1299	 0.348357940705044 
1300	 0.348419506927704 
1301	 0.348535669669486 
1302	 0.348683533129637 
1303	 0.348737710255687 
1304	 0.348711251971511 
1305	 0.34877226455787 
1306	 0.348831861496804 
1307	 0.348848473472645 
1308	 0.348899088508437 
1309	 0.348959798565617 
1310	 0.348942702229258 
1311	 0.348884780740043 
1312	 0.349023934442183 
1313	 0.349054888702243 
1314	 0.348952231315886 
1315	 0.349357671247767 
1316	 0.349704820396394 
1317	 0.349834756848603 
1318	 0.350170371112624 
1319	 0.349853488344835 
1320	 0.349234959214075 
1321	 0.349295431111477 
1322	 0.349496622849611 
1323	 0.349503509785843 
1324	 0.349536304911265 
1325	 0.349451246434887 
1326	 0.349214260310564 
1327	 0.349328361946753 
1328	 0.349681053466751 
1329	 0.349766044544328 
1330	 0.349687591532918 
1331	 0.34943310110897 
1332	 0.348974451195128 
1333	 0.348668153847763 
1334	 0.348791836582833 
1335	 0.34907171605896 
1336	 0.349155385090042 
1337	 0.349127076717902 
1338	 0.34908715198717 
1339	 0.348796506744265 
1340	 0.348773861188318 
1341	 0.348980162019902 
1342	 0.348757621720216 
1343	 0.348289379770314 
1344	 0.347973985412091 
1345	 0.347893828461425 
1346	 0.347554677642601 
1347	 0.347099803759859 
1348	 0.346918271297268 
1349	 0.345846191508787 
1350	 0.344810010770731 
1351	 0.345317070795699 
1352	 0.345079501386737 
1353	 0.344178798531114 
1354	 0.34437842169326 
1355	 0.342781408192454 
1356	 0.339397327403545 
1357	 0.338659119440184 
1358	 0.339235737290305 
1359	 0.337683653954096 
1360	 0.333372574051615 
1361	 0.330757418709829 
1362	 0.335667522937089 
1363	 0.330995188776053 
1364	 0.32100688305968 
1365	 0.343316739137843 
1366	 0.325543677049173 
1367	 0.258287629377246 
1368	 0.239922542998485 
1369	 0.229486918964358 
1370	 0.240396397221505 
1371	 0.294737685197469 
1372	 0.293160327724246 
1373	 0.272843430761866 
1374	 0.313451152700074 
1375	 0.346005587218338 
1376	 0.336718274302747 
1377	 0.368985043967309 
1378	 0.357230151468654 
1379	 0.308069580324332 
1380	 0.325516630331703 
1381	 0.332542788157128 
1382	 0.311930809688258 
1383	 0.31769271044028 
1384	 0.331763213312369 
1385	 0.344871576037483 
1386	 0.34561045680582 
1387	 0.273141903852968 
1388	 0.245057932040381 
1389	 0.260273797542331 
1390	 0.299952376165129 
1391	 0.298459210652808 
1392	 0.343281575199857 
1393	 0.366787049157632 
1394	 0.322950709392179 
1395	 0.315090717753237 
1396	 0.336292730393763 
1397	 0.344706575632739 
1398	 0.338645025956663 
1399	 0.333385982494677 
1400	 0.32457753592156 
1401	 0.308886399052979 
1402	 0.312972461792341 
1403	 0.330649823883177 
1404	 0.329720673994199 
1405	 0.317435651575889 
1406	 0.320768113575112 
1407	 0.321622548779543 
1408	 0.314140020937504 
1409	 0.320974141026058 
1410	 0.327087041926067 
1411	 0.323886667754828 
1412	 0.326111746701054 
1413	 0.326997792885296 
1414	 0.325025544987251 
1415	 0.327159423998853 
1416	 0.329723873444577 
1417	 0.331751649516705 
1418	 0.330826231480509 
1419	 0.326786457460117 
1420	 0.326287692322141 
1421	 0.328984566366689 
1422	 0.330445249785006 
1423	 0.331030489090828 
1424	 0.329688723754585 
1425	 0.326984798327197 
1426	 0.326957310404412 
1427	 0.327994972629724 
1428	 0.329859772003876 
1429	 0.330396670043563 
1430	 0.330796380036772 
1431	 0.329944137788467 
1432	 0.328554352808071 
1433	 0.328818946728363 
1434	 0.329957616538198 
1435	 0.330245468068343 
1436	 0.329756890699959 
1437	 0.329942749465331 
1438	 0.330894428787185 
1439	 0.331377714153416 
1440	 0.331402759549221 
1441	 0.331635564914271 
1442	 0.33126859856043 
1443	 0.330279244889046 
1444	 0.330078964666123 
1445	 0.330673669348777 
1446	 0.331167378407478 
1447	 0.331283139761269 
1448	 0.331818803974707 
1449	 0.332364627046759 
1450	 0.332404211951619 
1451	 0.332762792894852 
1452	 0.333556031694941 
1453	 0.333935217227632 
1454	 0.333788392614869 
1455	 0.334214779870021 
1456	 0.334593691604024 
1457	 0.334417409215639 
1458	 0.334818743130829 
1459	 0.335058790085008 
1460	 0.334687445068122 
1461	 0.334891349349617 
1462	 0.335220495072626 
1463	 0.334721852050737 
1464	 0.334364350911426 
1465	 0.334863407101971 
1466	 0.335194586260875 
1467	 0.335467279512326 
1468	 0.336186130365212 
1469	 0.336235657807469 
1470	 0.336368926209719 
1471	 0.336312224409052 
1472	 0.336953103879555 
1473	 0.337254342292074 
1474	 0.337300935910655 
1475	 0.337179044069872 
1476	 0.337289805585718 
1477	 0.337759540806931 
1478	 0.338339324189172 
1479	 0.33916428287534 
1480	 0.339527279601263 
1481	 0.33935122860232 
1482	 0.339453419561083 
1483	 0.339847454638526 
1484	 0.34012361765859 
1485	 0.34032189002539 
1486	 0.34065021844827 
1487	 0.341118592413477 
1488	 0.341344202343538 
1489	 0.341540875564201 
1490	 0.341808387302065 
1491	 0.341732141266328 
1492	 0.341941639251881 
1493	 0.342677090024629 
1494	 0.343154357065138 
1495	 0.343314265868802 
1496	 0.343590834348925 
1497	 0.343753246064493 
1498	 0.34381981485292 
1499	 0.34406918003904 
1500	 0.344249924528474 
1501	 0.344418546618755 
1502	 0.344664870858925 
1503	 0.344961443426233 
1504	 0.345389286716404 
1505	 0.345593154705396 
1506	 0.345701203903313 
1507	 0.345953831159666 
1508	 0.34614913615033 
1509	 0.346337943796382 
1510	 0.346635650589347 
1511	 0.346975084972761 
1512	 0.347044255037139 
1513	 0.347073084633692 
1514	 0.347351372594759 
1515	 0.347500987599456 
1516	 0.347529106303754 
1517	 0.347696877438785 
1518	 0.347907844378446 
1519	 0.348039091719375 
1520	 0.348164548026601 
1521	 0.348284001121952 
1522	 0.348399778615841 
1523	 0.348655071542709 
1524	 0.349025086373697 
1525	 0.349304712483041 
1526	 0.349389324489876 
1527	 0.349373757331117 
1528	 0.349551947055554 
1529	 0.349794336825838 
1530	 0.349823648450815 
1531	 0.349955874265782 
1532	 0.350039715787043 
1533	 0.350212687551883 
1534	 0.350580438343279 
1535	 0.350818275796269 
1536	 0.350955106626521 
1537	 0.35110718289807 
1538	 0.351161129391271 
1539	 0.351374077947954 
1540	 0.351596460422677 
1541	 0.351681180916407 
1542	 0.351624888494387 
1543	 0.351635668704915 
1544	 0.351750743454721 
1545	 0.352002777448079 
1546	 0.35223696328857 
1547	 0.352225841323554 
1548	 0.352316390558565 
1549	 0.352521859130944 
1550	 0.352636319016699 
1551	 0.352803512018535 
1552	 0.352820806485214 
1553	 0.352766476632416 
1554	 0.352975522800887 
1555	 0.35320305172794 
1556	 0.353324831236514 
1557	 0.353338558236777 
1558	 0.353259269424878 
1559	 0.353214342405844 
1560	 0.353223998838397 
1561	 0.353415072373751 
1562	 0.353575104153455 
1563	 0.353642288904691 
1564	 0.353806496151102 
1565	 0.353774626653668 
1566	 0.35379087861616 
1567	 0.354030406396059 
1568	 0.354150034065396 
1569	 0.354398962623213 
1570	 0.354586065595058 
1571	 0.354508104343354 
1572	 0.354541159772109 
1573	 0.354522766968399 
1574	 0.354434549823459 
1575	 0.35450413187871 
1576	 0.354651962503205 
1577	 0.354787865376744 
1578	 0.354752656702849 
1579	 0.354795782310837 
1580	 0.355035127844725 
1581	 0.355095285948988 
1582	 0.355300954232446 
1583	 0.355573527000314 
1584	 0.355563553832225 
1585	 0.355579056315575 
1586	 0.355530017818242 
1587	 0.355602425195278 
1588	 0.355875980749826 
1589	 0.355950459762522 
1590	 0.356119324479562 
1591	 0.356294022342492 
1592	 0.356230541090009 
1593	 0.356312802844869 
1594	 0.356453301575561 
1595	 0.356448821494472 
1596	 0.356604348691739 
1597	 0.356866504995723 
1598	 0.356784287633786 
1599	 0.356852363226453 
1600	 0.35716139651209 
1601	 0.357058282725491 
1602	 0.357080828715721 
1603	 0.357406260726903 
1604	 0.357501229293601 
1605	 0.357513304286117 
1606	 0.357710668305652 
1607	 0.357849014719375 
1608	 0.357750314346777 
1609	 0.357825325766697 
1610	 0.358184350015638 
1611	 0.3583230694803 
1612	 0.358129097651173 
1613	 0.357993326562143 
1614	 0.357946821669338 
1615	 0.357951019857877 
1616	 0.358180702237175 
1617	 0.358439253724566 
1618	 0.358433411603436 
1619	 0.358358865509736 
1620	 0.358492072422731 
1621	 0.358698895656757 
1622	 0.358931168391369 
1623	 0.358902857739069 
1624	 0.358614501038539 
1625	 0.358619686013965 
1626	 0.358819401299156 
1627	 0.359062446998025 
1628	 0.359331539467209 
1629	 0.359363414497368 
1630	 0.359088031024946 
1631	 0.358901439106687 
1632	 0.359133337858149 
1633	 0.35927851700601 
1634	 0.359274588125226 
1635	 0.359392442101014 
1636	 0.35915063949435 
1637	 0.359028131262087 
1638	 0.35943647202255 
1639	 0.359567401349751 
1640	 0.359748709678063 
1641	 0.360168552541889 
1642	 0.360160790349919 
1643	 0.360299608104193 
1644	 0.360617317105121 
1645	 0.360343461018565 
1646	 0.36016944160118 
1647	 0.360262036678599 
1648	 0.360197667919437 
1649	 0.360470956240163 
1650	 0.36082754065953 
1651	 0.360774023466292 
1652	 0.36057802702714 
1653	 0.360569936453879 
1654	 0.360656326862136 
1655	 0.360717281028421 
1656	 0.360972399908984 
1657	 0.361148719333254 
1658	 0.360979451112292 
1659	 0.360830348378631 
1660	 0.360768531838354 
1661	 0.360700151357065 
1662	 0.360798245029702 
1663	 0.361164177913024 
1664	 0.361485844198901 
1665	 0.36157227564831 
1666	 0.361637719403689 
1667	 0.361717268426962 
1668	 0.361595072073124 
1669	 0.36147126120144 
1670	 0.361491853976655 
1671	 0.361351080860184 
1672	 0.361283017610549 
1673	 0.361385365291647 
1674	 0.361331131122064 
1675	 0.361262723973188 
1676	 0.361321829166734 
1677	 0.361349759788669 
1678	 0.361456145489193 
1679	 0.361674508953707 
1680	 0.361768378296621 
1681	 0.361811515024329 
1682	 0.361533948864428 
1683	 0.36109029877766 
1684	 0.361028582535246 
1685	 0.361048738765916 
1686	 0.361182709231864 
1687	 0.361560288698301 
1688	 0.361602381918718 
1689	 0.361430673818051 
1690	 0.361379805276127 
1691	 0.361467606108486 
1692	 0.361539643027827 
1693	 0.36160278229865 
1694	 0.361806926251604 
1695	 0.361785864698713 
1696	 0.361764080092932 
1697	 0.361797224307933 
1698	 0.361824343425895 
1699	 0.361922396625271 
1700	 0.361999065476533 
1701	 0.362174592962191 
1702	 0.362093682358216 
1703	 0.362152677884529 
1704	 0.362283209033963 
1705	 0.362254686011584 
1706	 0.362149087741661 
1707	 0.362166508595276 
1708	 0.362117637872969 
1709	 0.362111191255781 
1710	 0.362357196464912 
1711	 0.362448427216091 
1712	 0.362304315821756 
1713	 0.362359929631628 
1714	 0.362690254930494 
1715	 0.362692564216731 
1716	 0.362502541199281 
1717	 0.362459965334362 
1718	 0.362282642529425 
1719	 0.362083334192901 
1720	 0.362052632095233 
1721	 0.362011197197213 
1722	 0.361716319593843 
1723	 0.361698336761287 
1724	 0.361978901818234 
1725	 0.362088486514921 
1726	 0.362419641527554 
1727	 0.362319778633376 
1728	 0.361734281793749 
1729	 0.361567323396769 
1730	 0.361270361582756 
1731	 0.361276758563407 
1732	 0.361878646762934 
1733	 0.362003659996697 
1734	 0.3618742758703 
1735	 0.361842550678732 
1736	 0.361626627237314 
1737	 0.361821641664703 
1738	 0.362556871751222 
1739	 0.362566683451019 
1740	 0.362265969166718 
1741	 0.362062912804153 
1742	 0.361310416887813 
1743	 0.361248105709841 
1744	 0.361895468010789 
1745	 0.361988520753023 
1746	 0.361994270618759 
1747	 0.361897910178062 
1748	 0.361436176684899 
1749	 0.361395036844528 
1750	 0.361639324494866 
1751	 0.361391872687279 
1752	 0.361407750374655 
1753	 0.361688416853563 
1754	 0.361540072951879 
1755	 0.361707264825092 
1756	 0.361948462963855 
1757	 0.361682780384743 
1758	 0.361721796148102 
1759	 0.361713295997766 
1760	 0.36165001975942 
1761	 0.361662954325843 
1762	 0.36124395788345 
1763	 0.361127180329762 
1764	 0.361170863795671 
1765	 0.3609379881 
1766	 0.36098993992823 
1767	 0.36092616393931 
1768	 0.360906326220922 
1769	 0.361126526225267 
1770	 0.361257328136287 
1771	 0.36129609220877 
1772	 0.36117889965691 
1773	 0.360647359755625 
1774	 0.360619116680852 
1775	 0.360931904338874 
1776	 0.361074629212944 
1777	 0.36172735935257 
1778	 0.36184398143618 
1779	 0.361011318101576 
1780	 0.360924245905413 
1781	 0.361233057312516 
1782	 0.361125060373329 
1783	 0.361384241913913 
1784	 0.361374071565486 
1785	 0.360623554414611 
1786	 0.360389472989222 
1787	 0.360407978787023 
1788	 0.360357525094295 
1789	 0.360563120926211 
1790	 0.360459314296388 
1791	 0.360097669718971 
1792	 0.35998789150897 
1793	 0.359828043232521 
1794	 0.359661949181945 
1795	 0.359729589817717 
1796	 0.359915923368319 
1797	 0.360196702565317 
1798	 0.36016980683172 
1799	 0.359973789067709 
1800	 0.360239146099173 
1801	 0.360924833765201 
1802	 0.360400708497721 
1803	 0.359547613332349 
1804	 0.358922202768972 
1805	 0.35626507951926 
1806	 0.354768733808448 
1807	 0.355078284861395 
1808	 0.355450791302727 
1809	 0.356031963836737 
1810	 0.355257771024637 
1811	 0.355662408700079 
1812	 0.353457803460851 
1813	 0.354300661601833 
1814	 0.361056247977649 
1815	 0.361254883170022 
1816	 0.357132497805956 
1817	 0.350816984771539 
1818	 0.33699201288949 
1819	 0.328517980918448 
1820	 0.322234244911782 
1821	 0.319008344751038 
1822	 0.329553238933084 
1823	 0.335549212396496 
1824	 0.344579162556853 
1825	 0.353101405790908 
1826	 0.357051253987182 
1827	 0.366299304811958 
1828	 0.393381886725161 
1829	 0.389317700728095 
1830	 0.344326930430938 
1831	 0.389706260896949 
1832	 0.492978333210108 
1833	 0.551880831896872 
1834	 0.765394795788668 
1835	 1.04921604977557 
1836	 0.668864212833363 
1837	 0.614458160091866 
1838	 0.297058502139737 
1839	 0.557432473716854 
1840	 0.763306228904231 
1841	 0.754189840654425 
1842	 1.23994736511351 
1843	 1.64545903141665 
1844	 2.09923761943362 
1845	 18.8757712859518 
1846	-85.1675494018336 
1847	 3.26300630853182 
1848	 3.51194821423641 
1849	 2.63445265564088 
1850	 0.884952832155513 
1851	 0.902297733308194 
1852	 4.24842552753327 
1853	 4.49381779894607 
1854	 6.15200957123468 
1855	 3.63907552626021 
1856	 1.11564911217908 
1857	 0.655246320039437 
1858	 1.30536427257779 
1859	 5.00788362682105 
1860	 3.42091287262597 
1861	 10.1914354066873 
1862	 4.5326915445402 
1863	 0.64543227854513 
1864	 0.594866757693913 
1865	 1.0578586947739 
1866	 1.19166569396121 
1867	 1.31684315312412 
1868	 1.08853694423601 
1869	 0.597692241813244 
1870	 0.567281900253714 
1871	 0.486170976682647 
1872	 0.335191992936071 
1873	 0.142804117235834 
1874	 0.118807338894056 
1875	 0.211692190310064 
1876	 0.448524349144207 
1877	 0.439733507047144 
1878	 0.524630901214403 
1879	 0.615820979742878 
1880	 0.586918414081665 
1881	 0.376229383628646 
1882	 0.444262377040978 
1883	 0.750685880249664 
1884	 0.69817280514732 
1885	 0.650910840284002 
1886	 0.375432938911592 
1887	 5.41468037345985E-02 
1888	 8.53688236309381E-02 
1889	 0.221102697857162 
1890	 0.36780841336063 
1891	 0.449176266099156 
1892	 0.511224449155106 
1893	 0.556433035508782 
1894	 0.677845440365708 
1895	 0.709690042943354 
1896	 0.65861347712688 
1897	 0.597383454124171 
1898	 0.758455272171311 
1899	 0.692731928937653 
1900	 0.623543672226655 
1901	 0.993414353996184 
1902	 0.945273707238511 
1903	-1.82216575196403E-03 
1904	-0.136957048451287 
1905	 9.01192130979684E-02 
1906	 0.358542442603722 
1907	 0.471159811977569 
1908	 0.517784744305328 
1909	 0.432287191961683 
1910	 0.271041869424897 
1911	 0.392552247752534 
1912	 0.54475373922281 
1913	 0.534442120272465 
1914	 0.483877205934324 
1915	 0.449633820828902 
1916	 0.351646056162121 
1917	 0.326140401283146 
1918	 0.314517353857812 
1919	 0.309497712518807 
1920	 0.344019292626126 
1921	 0.29567508756182 
1922	 0.267556021447401 
1923	 0.275520082003925 
1924	 0.273387423070757 
1925	 0.247987000149921 
1926	 0.252954217840943 
1927	 0.271858280906915 
1928	 0.273506808994412 
1929	 0.26033378770622 
1930	 0.261779613625611 
1931	 0.278753931270133 
1932	 0.280130198235829 
1933	 0.271421523779662 
1934	 0.273367175229389 
1935	 0.277335090277063 
1936	 0.27842253229606 
1937	 0.280513853105134 
1938	 0.292093687703884 
1939	 0.290190001092082 
1940	 0.279931905740539 
1941	 0.278455845803789 
1942	 0.275360685060268 
1943	 0.276999500763557 
1944	 0.279125030116754 
1945	 0.274355499981509 
1946	 0.273970275759139 
1947	 0.274611240553007 
1948	 0.273487431365041 
1949	 0.274475214838265 
1950	 0.281153549924086 
1951	 0.282328370564451 
1952	 0.280804350236994 
1953	 0.280845703321222 
1954	 0.28222624056967 
1955	 0.285306642193516 
1956	 0.289421248015114 
1957	 0.291988149166612 
1958	 0.292861665537052 
1959	 0.291180866093104 
1960	 0.291301568745028 
1961	 0.291147768294357 
1962	 0.290051224206644 
1963	 0.292730334407116 
1964	 0.293812799943691 
1965	 0.293083303243152 
1966	 0.295028707293756 
1967	 0.296259866587346 
1968	 0.295344737266514 
1969	 0.295787087450912 
1970	 0.297198006287363 
1971	 0.29853816889875 
1972	 0.297839501633836 
1973	 0.29794435842542 
1974	 0.298449598293227 
1975	 0.298455002438565 
1976	 0.298999608590166 
1977	 0.299770627512034 
1978	 0.300180250668362 
1979	 0.300008478783717 
1980	 0.300393422967065 
1981	 0.301006763721286 
1982	 0.301507086260652 
1983	 0.301786771739097 
1984	 0.303020203506616 
1985	 0.304483899346645 
1986	 0.305303899963825 
1987	 0.305738906378691 
1988	 0.305770493380683 
1989	 0.30581844481147 
1990	 0.306388823830425 
1991	 0.307484266849071 
1992	 0.30828306540544 
1993	 0.308824411597748 
1994	 0.308423224549001 
1995	 0.308519147995886 
1996	 0.308526144741311 
1997	 0.309628765730321 
1998	 0.310329968282941 
1999	 0.310838423660055 
2000	 0.31190435877642 
2001	 0.312111066597827 
2002	 0.31233252159991 
2003	 0.312419351668164 
2004	 0.313903127238218 
2005	 0.316944879709571 
2006	 0.317860861863974 
2007	 0.317254322351417 
2008	 0.318288294544361 
2009	 0.318269185929293 
2010	 0.318247289647553 
2011	 0.322018711734716 
2012	 0.325184096726482 
2013	 0.325645989208455 
2014	 0.324882207180216 
2015	 0.324270101914468 
2016	 0.324435790089903 
2017	 0.324038134025841 
2018	 0.323271428795547 
2019	 0.324019065669612 
2020	 0.325589631604044 
2021	 0.325898509859104 
2022	 0.326440515217836 
2023	 0.327474531913809 
2024	 0.327677510070887 
2025	 0.326857272303476 
2026	 0.326659765315256 
2027	 0.326868383656453 
2028	 0.326223476801645 
2029	 0.325321582834879 
2030	 0.325642422006351 
2031	 0.326182832810668 
2032	 0.326333873692741 
2033	 0.326559384492548 
2034	 0.326754859994536 
2035	 0.326704184696689 
2036	 0.326815213274998 
2037	 0.327356960438802 
2038	 0.327207218963067 
2039	 0.327008235873628 
2040	 0.327114086969284 
2041	 0.326745809034041 
2042	 0.32699407933815 
2043	 0.328241164449458 
2044	 0.328814656489855 
2045	 0.328841542825263 
2046	 0.328533037027435 
2047	 0.328416794295611 
2048	 0.327207937261913 
2049	 0.327207068802428 
2050	 0.328156190808951 
2051	 0.329217133343806 
2052	 0.329430426304394 
2053	 0.329246776648478 
2054	 0.328907110727648 
2055	 0.32842153682007 
2056	 0.328198288124051 
2057	 0.328184434679795 
2058	 0.328182894870769 
2059	 0.329494239106452 
2060	 0.330067747627361 
2061	 0.33081528927101 
2062	 0.330973436655933 
2063	 0.330154106599834 
2064	 0.330066313139563 
2065	 0.329907710349647 
2066	 0.330956322036941 
2067	 0.331145453887963 
2068	 0.330748247321998 
2069	 0.330428490740825 
2070	 0.330779912220864 
2071	 0.330884070318557 
2072	 0.330416646259174 
2073	 0.330612945569477 
2074	 0.330216601167468 
2075	 0.329865769884429 
2076	 0.330074819707161 
2077	 0.330262056002048 
2078	 0.32986947178207 
2079	 0.329975395808989 
2080	 0.330737961667318 
2081	 0.331235300139105 
2082	 0.331010812598439 
2083	 0.330482877038206 
2084	 0.330803413797226 
2085	 0.331634045095531 
2086	 0.331927100386382 
2087	 0.332132533056269 
2088	 0.331859351968557 
2089	 0.330728317804769 
2090	 0.33086611813414 
2091	 0.332453425890384 
2092	 0.332731843571129 
2093	 0.332899425943266 
2094	 0.332816786933357 
2095	 0.331495242265318 
2096	 0.331214421028954 
2097	 0.33138110254202 
2098	 0.331963006013169 
2099	 0.332262749320293 
2100	 0.33244191763039 
2101	 0.332436372025734 
2102	 0.332615134790674 
2103	 0.333719621836993 
2104	 0.334068566790718 
2105	 0.333995204125806 
2106	 0.334196532331145 
2107	 0.334342628940729 
2108	 0.334234718781756 
2109	 0.334499399965492 
2110	 0.335092900785277 
2111	 0.335591864125895 
2112	 0.336133287069755 
2113	 0.3360877134878 
2114	 0.335511309194653 
2115	 0.335864363067471 
2116	 0.336041983202475 
2117	 0.336093691127737 
2118	 0.335905358829177 
2119	 0.336104490571271 
2120	 0.336202497651523 
2121	 0.336251664637265 
2122	 0.337255360053939 
2123	 0.337466000549522 
2124	 0.337709219802048 
2125	 0.337280570257027 
2126	 0.337735232741878 
2127	 0.339080661825558 
2128	 0.339340405915114 
2129	 0.338910418564872 
2130	 0.339170451876287 
2131	 0.339662888125428 
2132	 0.339446557705534 
2133	 0.339040295524067 
2134	 0.339099667372645 
2135	 0.339245060473939 
2136	 0.338693648442051 
2137	 0.338514892432791 
2138	 0.338867317196031 
2139	 0.33848601688685 
2140	 0.338040813244875 
2141	 0.338474347961276 
2142	 0.339512811973422 
2143	 0.339679650387163 
2144	 0.3388524666153 
2145	 0.338980363687376 
2146	 0.339751395233588 
2147	 0.33950674019162 
2148	 0.33877179796298 
2149	 0.338989914263278 
2150	 0.339098983586325 
2151	 0.338879181666729 
2152	 0.339000227799583 
2153	 0.33958864091021 
2154	 0.339857779683089 
2155	 0.340010634976673 
2156	 0.339572224076652 
2157	 0.3395090003271 
2158	 0.339124380525726 
2159	 0.337921785535859 
2160	 0.337747283949373 
2161	 0.337941622955856 
2162	 0.338060290467426 
2163	 0.337885710528791 
2164	 0.337815481584584 
2165	 0.338147334487485 
2166	 0.33840473879878 
2167	 0.338160316992033 
2168	 0.338318077125071 
2169	 0.339613363747289 
2170	 0.339203879277314 
2171	 0.337170556033933 
2172	 0.336889453928673 
2173	 0.336907125733407 
2174	 0.33626715880533 
2175	 0.336770175677689 
2176	 0.337298245993434 
2177	 0.337221050069176 
2178	 0.337025417322281 
2179	 0.336721387374068 
2180	 0.336979366154405 
2181	 0.337113095275912 
2182	 0.337077480475639 
2183	 0.337083260093974 
2184	 0.336297982739915 
2185	 0.336118676494552 
2186	 0.335736977957167 
2187	 0.335549233105564 
2188	 0.336098013770437 
2189	 0.336343752000275 
2190	 0.336017629558149 
2191	 0.335726095704023 
2192	 0.335674978594114 
2193	 0.335598520053688 
2194	 0.335077046557555 
2195	 0.335219375694056 
2196	 0.336168822006805 
2197	 0.33639496572134 
2198	 0.335827180546506 
2199	 0.335677877830083 
2200	 0.334438960989846 
2201	 0.333672689769694 
2202	 0.335120771344099 
2203	 0.335264786486121 
2204	 0.334665730301777 
2205	 0.335392078496137 
2206	 0.335817554736948 
2207	 0.335231516286331 
2208	 0.335267626957535 
2209	 0.335564380082351 
2210	 0.335338741779256 
2211	 0.334160773415306 
2212	 0.333881317277748 
2213	 0.334308738369514 
2214	 0.333756899038308 
2215	 0.33254953517443 
2216	 0.332355112465628 
2217	 0.332104023814871 
2218	 0.331819208041234 
2219	 0.332419948903679 
2220	 0.332349314207171 
2221	 0.33123499650567 
2222	 0.33184733569101 
2223	 0.332114711017281 
2224	 0.331385032631411 
2225	 0.331427533117043 
2226	 0.331591128959366 
2227	 0.332235965073654 
2228	 0.333127625431489 
2229	 0.334231705828466 
2230	 0.334268549341156 
2231	 0.333002594754771 
2232	 0.33296845993104 
2233	 0.333169319654687 
2234	 0.332859808928988 
2235	 0.332511856443298 
2236	 0.332131552775933 
2237	 0.33226447052505 
2238	 0.332720646799476 
2239	 0.332617792344208 
2240	 0.332655362842093 
2241	 0.332487033170745 
2242	 0.331366143479803 
2243	 0.330946348487073 
2244	 0.331232410828633 
2245	 0.331501938391071 
2246	 0.332090342456823 
2247	 0.331664711656151 
2248	 0.33097165613024 
2249	 0.330662134814026 
2250	 0.329788632300582 
2251	 0.328920018728391 
2252	 0.329215272805003 
2253	 0.329028983285537 
2254	 0.329009462661636 
2255	 0.329715661140514 
2256	 0.330725914465528 
2257	 0.330453594465515 
2258	 0.329566895434431 
2259	 0.330357724242997 
2260	 0.329783097620704 
2261	 0.328554732801843 
2262	 0.328995854850963 
2263	 0.32772179124446 
2264	 0.326087068616688 
2265	 0.32630482681093 
2266	 0.326178476277156 
2267	 0.325503843087548 
2268	 0.326401293508289 
2269	 0.327274016840601 
2270	 0.325973251434034 
2271	 0.325163245851697 
2272	 0.324329233321578 
2273	 0.322390943932473 
2274	 0.321461440075041 
2275	 0.321017659766658 
2276	 0.321036023264837 
2277	 0.321873300199869 
2278	 0.322042701868531 
2279	 0.323129896209523 
2280	 0.322973003313936 
2281	 0.32094215952301 
2282	 0.320359032093913 
2283	 0.319944702031745 
2284	 0.320051659382927 
2285	 0.32191245492804 
2286	 0.321773784545196 
2287	 0.320756175392073 
2288	 0.319767461606274 
2289	 0.318062258814228 
2290	 0.315851244962289 
2291	 0.316430730145701 
2292	 0.317512721464777 
2293	 0.316975814466956 
2294	 0.317741612121891 
2295	 0.317633085604923 
2296	 0.317141004280727 
2297	 0.316962080557861 
2298	 0.316536687395765 
2299	 0.318087202373538 
2300	 0.318345029560443 
2301	 0.316097692832011 
2302	 0.314181100134862 
2303	 0.314305665544427 
2304	 0.314578689207522 
2305	 0.31657038498498 
2306	 0.320419480616585 
2307	 0.320487539594748 
2308	 0.319593556962595 
2309	 0.318674746895425 
2310	 0.316488115906577 
2311	 0.31459408121454 
2312	 0.312547886605948 
2313	 0.312228937962926 
2314	 0.31380325295684 
2315	 0.313971148326572 
2316	 0.313707634559905 
2317	 0.314542258512579 
2318	 0.314377616072857 
2319	 0.314422332826603 
2320	 0.316520282566285 
2321	 0.316327017495639 
2322	 0.31271304913853 
2323	 0.312452373114154 
2324	 0.314720295069596 
2325	 0.314218365468275 
2326	 0.313117531224795 
2327	 0.313038918184036 
2328	 0.311485984990449 
2329	 0.311241967550653 
2330	 0.313765873818731 
2331	 0.314208548425549 
2332	 0.312326391270817 
2333	 0.311672240511637 
2334	 0.312200179351377 
2335	 0.312097917456276 
2336	 0.312013574115807 
2337	 0.312144403978761 
2338	 0.309869543402021 
2339	 0.309356388476732 
2340	 0.310657688551651 
2341	 0.313455347375885 
2342	 0.309800744163743 
2343	 0.311119181475367 
2344	 0.312414292239317 
2345	 0.307177765253672 
2346	 0.308976473612655 
2347	 0.311311235555488 
2348	 0.307058074000856 
2349	 0.308252240029937 
2350	 0.311501915356172 
2351	 0.308905606661176 
2352	 0.308344818480339 
2353	 0.309230688342601 
2354	 0.308111983080184 
2355	 0.309832593755736 
2356	 0.310140864733974 
2357	 0.308297785177359 
2358	 0.306803192247112 
2359	 0.304299826431889 
2360	 0.304069328227023 
2361	 0.305864533344679 
2362	 0.305609887519641 
2363	 0.30479303548699 
2364	 0.306957989270764 
2365	 0.310567801640459 
2366	 0.313498157508673 
2367	 0.310981387408229 
2368	 0.305163209324292 
2369	 0.301608950904387 
2370	 0.297049075987433 
2371	 0.299248149133356 
2372	 0.306895055770953 
2373	 0.30574491627005 
2374	 0.308825513641351 
2375	 0.314347833099083 
2376	 0.306240094637359 
2377	 0.304338503871913 
2378	 0.308672207932191 
2379	 0.302773524163614 
2380	 0.304268262715104 
2381	 0.30917644758102 
2382	 0.301886658071214 
2383	 0.296979989067509 
2384	 0.300094576028751 
2385	 0.300203770143674 
2386	 0.294632630326842 
2387	 0.296428029128927 
2388	 0.30052301658606 
2389	 0.294018911773006 
2390	 0.295258922198039 
2391	 0.305793155037196 
2392	 0.301162567432341 
2393	 0.295941784131881 
2394	 0.298229172756322 
2395	 0.292053267057565 
2396	 0.297795483725712 
2397	 0.308532996026813 
2398	 0.30621063590796 
2399	 0.301967702966144 
2400	 0.296649386642733 
2401	 0.295064212434844 
2402	 0.292565688317683 
2403	 0.286745945541476 
2404	 0.282746952676037 
2405	 0.279382884023429 
2406	 0.284057391501463 
2407	 0.292737665335098 
2408	 0.296736680821384 
2409	 0.296043772882318 
2410	 0.29217198814122 
2411	 0.294830282320271 
2412	 0.299233609411963 
2413	 0.295744664132274 
2414	 0.297248410867426 
2415	 0.29384757747754 
2416	 0.284132850694434 
2417	 0.282849795303777 
2418	 0.286502061704725 
2419	 0.297741672340492 
2420	 0.300979302560842 
2421	 0.295261177710118 
2422	 0.287997460366991 
2423	 0.278627265006374 
2424	 0.286532187839086 
2425	 0.30092939444905 
2426	 0.305048780400962 
2427	 0.313690514474821 
2428	 0.305346290629195 
2429	 0.276481209469469 
2430	 0.28260550105157 
2431	 0.29560777743764 
2432	 0.281942162869114 
2433	 0.284797518440598 
2434	 0.284500538453535 
2435	 0.263569061542857 
2436	 0.258814678358125 
2437	 0.268849591577474 
2438	 0.274098743446692 
2439	 0.283147389258635 
2440	 0.289733220543177 
2441	 0.284115618114444 
2442	 0.277252272523011 
2443	 0.262968378430903 
2444	 0.259734899314106 
2445	 0.27496645137614 
2446	 0.274002495560583 
2447	 0.253350803799902 
2448	 0.233768209967154 
2449	 0.234097089818049 
2450	 0.264641448390527 
2451	 0.297771138358319 
2452	 0.309248196826349 
2453	 0.315921328213437 
2454	 0.283998481650614 
2455	 0.242303874707402 
2456	 0.24804603595088 
2457	 0.245569130684958 
2458	 0.253789806058361 
2459	 0.269326481427243 
2460	 0.25155341259596 
2461	 0.263161751153681 
2462	 0.28247693617309 
2463	 0.281310643710629 
2464	 0.272334500112087 
2465	 0.241334525876678 
2466	 0.219626573089498 
2467	 0.218631429907434 
2468	 0.257500882925383 
2469	 0.270699227811955 
2470	 0.277588754610858 
2471	 0.282772810519005 
2472	 0.270273835844599 
2473	 0.2813788574631 
2474	 0.298142286026479 
2475	 0.308293482467996 
2476	 0.345032270559545 
2477	 0.367578075864882 
2478	 0.383354576740123 
2479	 0.334550241152966 
2480	 0.289374878854431 
2481	 0.248403826388484 
2482	 0.213980120861819 
2483	 0.211641911986522 
2484	 0.199435519163928 
2485	 0.156851793624976 
2486	 0.118512665500374 
2487	 0.194099447774537 
2488	 0.275569819316768 
2489	 0.314394132091758 
2490	 0.394121430983616 
2491	 0.358629536699357 
2492	 0.291070924271104 
2493	 0.214928702704396 
2494	 0.126966564770244 
2495	 0.303136820792564 
2496	 0.504632897908594 
2497	 0.662565916636573 
2498	 0.824055594669031 
2499	 0.58674147322946 
2500	 0.267674146571292 
