Wavelength	09/27/123 at 12:21:28
350	 0.109352954509068 
351	 0.109503170089551 
352	 0.109989123726294 
353	 0.110527857717139 
354	 0.110705101949038 
355	 0.111119008663489 
356	 0.111571777709467 
357	 0.111894966653929 
358	 0.11214277423632 
359	 0.112571750175029 
360	 0.112978870112002 
361	 0.113048200939864 
362	 0.113557186080236 
363	 0.114219336490009 
364	 0.114724615013019 
365	 0.114923145189048 
366	 0.115079221437273 
367	 0.115444069370882 
368	 0.116195141109966 
369	 0.116856631646238 
370	 0.117314923999924 
371	 0.11762898977115 
372	 0.118085255846331 
373	 0.118777335775929 
374	 0.119655791060943 
375	 0.120545432615225 
376	 0.121161396350885 
377	 0.121730386284431 
378	 0.122458769283065 
379	 0.123345083589056 
380	 0.124036986053625 
381	 0.124676139630493 
382	 0.125619100585364 
383	 0.126658285097448 
384	 0.127485540950731 
385	 0.127979531184011 
386	 0.128441261754254 
387	 0.129060376109593 
388	 0.129845672426287 
389	 0.130697206494633 
390	 0.131548627875063 
391	 0.132332027663701 
392	 0.133031939047662 
393	 0.133706797378052 
394	 0.134570368385729 
395	 0.135292153475992 
396	 0.135462227226638 
397	 0.135801464358186 
398	 0.136313504311941 
399	 0.136923715610011 
400	 0.137608039355678 
401	 0.138133312576979 
402	 0.138569010439653 
403	 0.139088049849583 
404	 0.139668256940687 
405	 0.140242343972235 
406	 0.140785336712337 
407	 0.141356158367309 
408	 0.141942058162175 
409	 0.142498592359134 
410	 0.142991474965242 
411	 0.143534909527253 
412	 0.144128312369535 
413	 0.144760741486904 
414	 0.145429996959312 
415	 0.146036410622971 
416	 0.146567902379278 
417	 0.147055254016998 
418	 0.147575667823877 
419	 0.148122046837213 
420	 0.148712710875649 
421	 0.149448640488609 
422	 0.150058665035795 
423	 0.150611970100325 
424	 0.15128419591035 
425	 0.152052166199027 
426	 0.152806377975888 
427	 0.153521687215967 
428	 0.154318840973956 
429	 0.155097890653026 
430	 0.155757555625865 
431	 0.156253687739598 
432	 0.156820955189843 
433	 0.157467599151742 
434	 0.158150576443471 
435	 0.158787847321667 
436	 0.159539976872438 
437	 0.160291484327296 
438	 0.16089017447373 
439	 0.161477649558316 
440	 0.162103579424594 
441	 0.162752022106748 
442	 0.163327622089425 
443	 0.163923811571169 
444	 0.164536242312562 
445	 0.165138923357024 
446	 0.165739692563721 
447	 0.166298027569448 
448	 0.166809074622234 
449	 0.167326067602264 
450	 0.167929928835532 
451	 0.168536361942483 
452	 0.16903541229029 
453	 0.169470701916831 
454	 0.169936474817513 
455	 0.170436558986229 
456	 0.170870597761515 
457	 0.171380170543143 
458	 0.171873632175255 
459	 0.172248670331254 
460	 0.172618028792453 
461	 0.172989370944063 
462	 0.173391890736542 
463	 0.17386221521157 
464	 0.17431279805352 
465	 0.174728315769764 
466	 0.175121216509883 
467	 0.175543790113399 
468	 0.175931116658868 
469	 0.176278445021632 
470	 0.176640896322373 
471	 0.177016674136153 
472	 0.177426897746636 
473	 0.177867283826979 
474	 0.178247955586045 
475	 0.17866420503995 
476	 0.179095947885989 
477	 0.179439019423828 
478	 0.179836131635174 
479	 0.180295319841202 
480	 0.180789275959244 
481	 0.181251798347801 
482	 0.181736937622966 
483	 0.182286165390616 
484	 0.182920692662371 
485	 0.183536481777666 
486	 0.184114877721202 
487	 0.184642381855977 
488	 0.185067739610075 
489	 0.185580045925295 
490	 0.18619417707615 
491	 0.186823352889409 
492	 0.187416171103067 
493	 0.188002637179784 
494	 0.188608723321547 
495	 0.189196944399376 
496	 0.189818662791083 
497	 0.190447680576703 
498	 0.191036740045527 
499	 0.191716546098159 
500	 0.192418549751245 
501	 0.193091130409676 
502	 0.193747934988692 
503	 0.194352615066426 
504	 0.194951053475035 
505	 0.19560834917634 
506	 0.196271336530082 
507	 0.196929724101046 
508	 0.197572792977968 
509	 0.198189538235771 
510	 0.198811266033236 
511	 0.199457063334806 
512	 0.200135960509868 
513	 0.200853014308368 
514	 0.201547547437838 
515	 0.202224761086804 
516	 0.202978375748123 
517	 0.203694275148508 
518	 0.204372500665255 
519	 0.205026498441404 
520	 0.205637829166498 
521	 0.2062708831725 
522	 0.20693741569825 
523	 0.207603172081818 
524	 0.208312528718839 
525	 0.20906329864241 
526	 0.20982846299086 
527	 0.210535657640004 
528	 0.211197177521189 
529	 0.211841965567204 
530	 0.212523889608095 
531	 0.213311299415509 
532	 0.21411684194788 
533	 0.214861033796098 
534	 0.215573149275821 
535	 0.216315434301576 
536	 0.217076770175656 
537	 0.217809011894944 
538	 0.218598451531828 
539	 0.219471095551349 
540	 0.220392228703877 
541	 0.221218180815106 
542	 0.222034009386213 
543	 0.222852267149543 
544	 0.223666074255862 
545	 0.224507656573788 
546	 0.225375397902238 
547	 0.226246188651397 
548	 0.227048485904897 
549	 0.227931798291203 
550	 0.228849038930117 
551	 0.229713536019823 
552	 0.230597723835088 
553	 0.231474177593134 
554	 0.232335540954504 
555	 0.233212524174297 
556	 0.234057725629294 
557	 0.234906564585407 
558	 0.235790179914826 
559	 0.236634094191447 
560	 0.237498907358517 
561	 0.238408352935038 
562	 0.239363015727339 
563	 0.240271681512586 
564	 0.241156247384014 
565	 0.242046241315009 
566	 0.242884559503966 
567	 0.243819718622819 
568	 0.244811305628209 
569	 0.245702631565771 
570	 0.246569418260542 
571	 0.247421374571027 
572	 0.248236642410864 
573	 0.24895990177725 
574	 0.249737044666017 
575	 0.250526295086749 
576	 0.251211258810099 
577	 0.251938976953092 
578	 0.252628400616787 
579	 0.253225223097415 
580	 0.2537402428668 
581	 0.254250841972358 
582	 0.254776294228685 
583	 0.25530645850362 
584	 0.255838861964785 
585	 0.256369864313125 
586	 0.256880383695204 
587	 0.257354885429309 
588	 0.257835482488704 
589	 0.258371400555887 
590	 0.258965329365294 
591	 0.259605204456842 
592	 0.260193791816302 
593	 0.260746748900753 
594	 0.26133583073001 
595	 0.261843044505825 
596	 0.262301152663998 
597	 0.262760173499846 
598	 0.263225728037133 
599	 0.263708108643506 
600	 0.264177508054663 
601	 0.264614645975845 
602	 0.265120971390758 
603	 0.265533761304205 
604	 0.265830729458287 
605	 0.266216670826343 
606	 0.266567118931161 
607	 0.266914161750177 
608	 0.267301232135256 
609	 0.267630212286129 
610	 0.267938056449496 
611	 0.268243679427598 
612	 0.268537079038232 
613	 0.268799243412695 
614	 0.269073514571221 
615	 0.269391011778518 
616	 0.269734757783905 
617	 0.270014922214078 
618	 0.270226295692065 
619	 0.270431093226502 
620	 0.270679933784411 
621	 0.270953265795999 
622	 0.271223092025128 
623	 0.271479802218382 
624	 0.271718383796058 
625	 0.271957510411347 
626	 0.272214564266734 
627	 0.272441221320128 
628	 0.272691279504747 
629	 0.272965720409553 
630	 0.273198072705193 
631	 0.2734165204162 
632	 0.273614042517188 
633	 0.273789718255629 
634	 0.273996104070096 
635	 0.274219051845179 
636	 0.274428319119191 
637	 0.274591793833437 
638	 0.274735976627554 
639	 0.274920865193781 
640	 0.275157224409382 
641	 0.275348629192995 
642	 0.27549934339448 
643	 0.275612170277122 
644	 0.275714407958347 
645	 0.275925838598965 
646	 0.276095633567416 
647	 0.276194007438724 
648	 0.276357652508139 
649	 0.276550097944368 
650	 0.276743374618881 
651	 0.276927176894751 
652	 0.27714998858367 
653	 0.277290233210004 
654	 0.277382310856975 
655	 0.277562101589577 
656	 0.277889960967154 
657	 0.278184490518936 
658	 0.27832846832519 
659	 0.278383511202495 
660	 0.27842821646148 
661	 0.278522420121997 
662	 0.27868029130435 
663	 0.278736230775282 
664	 0.278826857933287 
665	 0.278974080387378 
666	 0.279061180941465 
667	 0.279156831055862 
668	 0.279231189646477 
669	 0.279283283872658 
670	 0.279446515289643 
671	 0.279652817919892 
672	 0.279815162444954 
673	 0.279869024420676 
674	 0.280039680118991 
675	 0.280219920009747 
676	 0.280355699493475 
677	 0.280534162024287 
678	 0.280753611858635 
679	 0.280968413746574 
680	 0.28114753796416 
681	 0.281353197265758 
682	 0.281531761911492 
683	 0.281759067549913 
684	 0.282172664204328 
685	 0.282453681776833 
686	 0.282921698323973 
687	 0.283727528006739 
688	 0.284217782754829 
689	 0.284565680610859 
690	 0.284868844645594 
691	 0.285177463619424 
692	 0.285458411136539 
693	 0.285803630909585 
694	 0.286242439376971 
695	 0.286717446098252 
696	 0.287187687791414 
697	 0.287619754625712 
698	 0.288020383956873 
699	 0.288394385815594 
700	 0.288802892469167 
701	 0.289228078587093 
702	 0.289618367041682 
703	 0.289950103002924 
704	 0.290291426378887 
705	 0.290640873620591 
706	 0.290906224686332 
707	 0.291263878321635 
708	 0.291592339549282 
709	 0.2918064375025 
710	 0.292084614304046 
711	 0.292351844584281 
712	 0.292608298958846 
713	 0.292888762510399 
714	 0.293106092064829 
715	 0.293157939271164 
716	 0.293076189521895 
717	 0.293083408297909 
718	 0.29316756128701 
719	 0.29342228519187 
720	 0.29381871681186 
721	 0.294068846151454 
722	 0.29410510118912 
723	 0.294051537446926 
724	 0.294114264044285 
725	 0.294222645118392 
726	 0.294378838384849 
727	 0.294568132957811 
728	 0.294741778030451 
729	 0.294871053438916 
730	 0.295011188225677 
731	 0.295199267313683 
732	 0.295374806914377 
733	 0.295456695383417 
734	 0.295512847480682 
735	 0.295672088421163 
736	 0.295865484105879 
737	 0.296018375826455 
738	 0.296117079473377 
739	 0.296225658287747 
740	 0.296380410566373 
741	 0.296530698015811 
742	 0.296637818276111 
743	 0.296793255860035 
744	 0.296896424898196 
745	 0.296977065732105 
746	 0.297120235283456 
747	 0.297253161036098 
748	 0.297356861028968 
749	 0.297440184413233 
750	 0.29754707671819 
751	 0.297680235389553 
752	 0.297848983266262 
753	 0.298032750649225 
754	 0.298124311854491 
755	 0.298323933406127 
756	 0.298589340120199 
757	 0.298793466773387 
758	 0.299091906983404 
759	 0.299712942697499 
760	 0.300756765192742 
761	 0.30142089103893 
762	 0.301698681295204 
763	 0.301622516736791 
764	 0.301334330507793 
765	 0.301058938137026 
766	 0.300767456756756 
767	 0.300549067143964 
768	 0.300470330513415 
769	 0.300393140818658 
770	 0.300382051169989 
771	 0.300438181351413 
772	 0.300514053809581 
773	 0.300691936633538 
774	 0.30085811510643 
775	 0.300955965188493 
776	 0.30108991919075 
777	 0.301157345223887 
778	 0.301230839002138 
779	 0.301396857404231 
780	 0.301610252507795 
781	 0.301758134861529 
782	 0.301833840978898 
783	 0.301909191202713 
784	 0.302076337702463 
785	 0.3022306639927 
786	 0.302329216668109 
787	 0.302443691534192 
788	 0.302490960353581 
789	 0.302619596429984 
790	 0.302895387768684 
791	 0.303012792411304 
792	 0.303164394250099 
793	 0.303303564993913 
794	 0.303337823702245 
795	 0.303461498133421 
796	 0.303609216080616 
797	 0.30375745355728 
798	 0.303925390688934 
799	 0.304010205593362 
800	 0.304077818550853 
801	 0.304182227613741 
802	 0.304313160920947 
803	 0.304514052342089 
804	 0.304706135767724 
805	 0.304817048948973 
806	 0.304906080237929 
807	 0.304979031746376 
808	 0.305131669303557 
809	 0.305425899267582 
810	 0.305471762537796 
811	 0.305445458247974 
812	 0.3054492485881 
813	 0.305466831613823 
814	 0.305535033712153 
815	 0.305626883168478 
816	 0.30575840116828 
817	 0.306064510995097 
818	 0.306211942842861 
819	 0.306257615977636 
820	 0.306354400935106 
821	 0.306548493440008 
822	 0.306726999760442 
823	 0.306825340245943 
824	 0.306851880354269 
825	 0.307034685946676 
826	 0.307294462151058 
827	 0.307523155530249 
828	 0.307614842112643 
829	 0.307646138723791 
830	 0.307738474408726 
831	 0.307940175710795 
832	 0.308166400532608 
833	 0.308344782322466 
834	 0.308455823285505 
835	 0.308537487745094 
836	 0.308690113546405 
837	 0.308853170000468 
838	 0.309003963231042 
839	 0.309136937873551 
840	 0.309256590146702 
841	 0.309373115637465 
842	 0.309513093486593 
843	 0.309691950586318 
844	 0.309783141004411 
845	 0.309800883158389 
846	 0.309856084474191 
847	 0.310149350203213 
848	 0.310199896666737 
849	 0.310233115042306 
850	 0.310435155057397 
851	 0.310490618253406 
852	 0.31063129285691 
853	 0.310793924034092 
854	 0.310874734687872 
855	 0.310997120460561 
856	 0.311106013504162 
857	 0.311179908452759 
858	 0.311230630248148 
859	 0.311369214894612 
860	 0.311566201345328 
861	 0.311722865388024 
862	 0.311722572367439 
863	 0.311819605364953 
864	 0.311899290991537 
865	 0.311917678342145 
866	 0.31203908963423 
867	 0.312204490808565 
868	 0.312338239241561 
869	 0.3124255723279 
870	 0.31260568901264 
871	 0.312566554262183 
872	 0.312505431070078 
873	 0.312678062493126 
874	 0.31285872791015 
875	 0.312977130362826 
876	 0.313095948998711 
877	 0.313307974347935 
878	 0.313523352569978 
879	 0.313608161617079 
880	 0.313605702877509 
881	 0.313701491744054 
882	 0.313744059094318 
883	 0.313954454537424 
884	 0.314266735402418 
885	 0.314279131627121 
886	 0.314367076009352 
887	 0.314479958704389 
888	 0.31453389964516 
889	 0.314490742770931 
890	 0.314603441665335 
891	 0.31470949079993 
892	 0.314656114009456 
893	 0.314678298389196 
894	 0.314636896985858 
895	 0.314566850352506 
896	 0.314592814677424 
897	 0.314915688064826 
898	 0.315012816734789 
899	 0.314888223988625 
900	 0.31485517252665 
901	 0.315085560252589 
902	 0.315259250357904 
903	 0.315285232714699 
904	 0.315265850343576 
905	 0.315400974390124 
906	 0.315693482250433 
907	 0.315964535411555 
908	 0.315895351159037 
909	 0.315691146028112 
910	 0.315602575861749 
911	 0.315655254140679 
912	 0.315565020318834 
913	 0.315658354063163 
914	 0.315921292346821 
915	 0.316254901058301 
916	 0.316524722868032 
917	 0.31654986342951 
918	 0.316615335594013 
919	 0.316859543917853 
920	 0.316809144862401 
921	 0.316822791147536 
922	 0.316874300136624 
923	 0.316885091566277 
924	 0.317031254110694 
925	 0.317054417172542 
926	 0.316615715711441 
927	 0.315621844910448 
928	 0.315260322550789 
929	 0.315646756980366 
930	 0.315984301447408 
931	 0.315089823354559 
932	 0.314620326507177 
933	 0.314392550150135 
934	 0.314150100188607 
935	 0.313834990775365 
936	 0.314322465229852 
937	 0.314293779665793 
938	 0.31396307487012 
939	 0.314636300497096 
940	 0.315610953612817 
941	 0.31598020758783 
942	 0.315675219898429 
943	 0.315463387253058 
944	 0.315731234486262 
945	 0.31558273953293 
946	 0.315015125846821 
947	 0.315307147679035 
948	 0.315564118403928 
949	 0.315788660445781 
950	 0.316138562718342 
951	 0.316762090254902 
952	 0.316824389422049 
953	 0.31679949418503 
954	 0.316853066961755 
955	 0.316224830053809 
956	 0.316862989019734 
957	 0.317690724892826 
958	 0.317964318229895 
959	 0.318775457552799 
960	 0.319357309734357 
961	 0.319149628336637 
962	 0.318545927954429 
963	 0.319591856414072 
964	 0.320349726044167 
965	 0.320434169986162 
966	 0.320003546332793 
967	 0.3193615732407 
968	 0.319640066145577 
969	 0.320471855863378 
970	 0.32110346898556 
971	 0.321120055186476 
972	 0.320893157632087 
973	 0.320922459130879 
974	 0.321382129099413 
975	 0.321469982603728 
976	 0.321061038339453 
977	 0.320766882959487 
978	 0.321197990900197 
979	 0.322032803944043 
980	 0.322434933172651 
981	 0.322262468319968 
982	 0.321938590303052 
983	 0.322697652301387 
984	 0.322891195980343 
985	 0.322716221103808 
986	 0.322988964030983 
987	 0.324004251059836 
988	 0.324231478962389 
989	 0.324063642301092 
990	 0.324380322142167 
991	 0.324646085315031 
992	 0.324785659886028 
993	 0.324664272165194 
994	 0.324325614706264 
995	 0.324428461885915 
996	 0.324676227248273 
997	 0.324954131895474 
998	 0.325060697029147 
999	 0.324103717274561 
1000	 0.323936700044311 
1001	 0.323773455754852 
1002	 0.324004070339047 
1003	 0.323892691415057 
1004	 0.323920629089032 
1005	 0.323893178673377 
1006	 0.323915881849928 
1007	 0.323908249905813 
1008	 0.32406338109852 
1009	 0.324350523054603 
1010	 0.324412341290614 
1011	 0.324520734384585 
1012	 0.324632326309776 
1013	 0.324494189527736 
1014	 0.324545991212676 
1015	 0.324749227854355 
1016	 0.324881853530758 
1017	 0.325002726140808 
1018	 0.325242254554087 
1019	 0.325215952623518 
1020	 0.325046860245309 
1021	 0.325032917335179 
1022	 0.324967208515207 
1023	 0.325025458379646 
1024	 0.325218457144656 
1025	 0.325293133072561 
1026	 0.325339496339235 
1027	 0.325458125383796 
1028	 0.325445414590421 
1029	 0.325557909077849 
1030	 0.325752590352794 
1031	 0.325804304129089 
1032	 0.325764388497368 
1033	 0.325783921799564 
1034	 0.32576906839571 
1035	 0.325790745608926 
1036	 0.326028987889547 
1037	 0.326313127411198 
1038	 0.326450847124442 
1039	 0.326500313635503 
1040	 0.326427965160171 
1041	 0.326359028387462 
1042	 0.326564269814865 
1043	 0.326890287221009 
1044	 0.32710183259075 
1045	 0.327411936324177 
1046	 0.327575200528755 
1047	 0.327393325564068 
1048	 0.327241829878222 
1049	 0.327178159122331 
1050	 0.327212045138974 
1051	 0.327475108552041 
1052	 0.327651263955177 
1053	 0.327777490115814 
1054	 0.327834583251276 
1055	 0.327899178131915 
1056	 0.32800266653519 
1057	 0.328057058266197 
1058	 0.327995629889289 
1059	 0.328143574016595 
1060	 0.328385701321021 
1061	 0.328616671918862 
1062	 0.328794534294126 
1063	 0.329069739493688 
1064	 0.329250683619903 
1065	 0.32925551181864 
1066	 0.329423459789813 
1067	 0.329523525603357 
1068	 0.329425398970056 
1069	 0.329422101803577 
1070	 0.329469160694468 
1071	 0.329537661941929 
1072	 0.329630805919868 
1073	 0.329844770208297 
1074	 0.329946054049483 
1075	 0.329971356505821 
1076	 0.330060286266741 
1077	 0.330253394385198 
1078	 0.330448503071972 
1079	 0.330666565346372 
1080	 0.330855775824353 
1081	 0.330943323210137 
1082	 0.330993947156576 
1083	 0.330998846079367 
1084	 0.330876391599359 
1085	 0.330949568709881 
1086	 0.331062929623211 
1087	 0.33115585666941 
1088	 0.331399427646437 
1089	 0.331546642396746 
1090	 0.331671576109037 
1091	 0.331616287876267 
1092	 0.331577690559773 
1093	 0.331638375625531 
1094	 0.331495402040043 
1095	 0.331478753317059 
1096	 0.33147295132081 
1097	 0.331451556667738 
1098	 0.331531304288696 
1099	 0.331742159387324 
1100	 0.331853772898266 
1101	 0.332042992380631 
1102	 0.332126987016266 
1103	 0.332144476801142 
1104	 0.332121680616918 
1105	 0.332077582298266 
1106	 0.331972082934128 
1107	 0.331713921338611 
1108	 0.331483031389574 
1109	 0.331474536024645 
1110	 0.331325358122611 
1111	 0.331298939311812 
1112	 0.331518149667397 
1113	 0.331472417238186 
1114	 0.331234594773712 
1115	 0.331134695775656 
1116	 0.330961050541468 
1117	 0.330854808042618 
1118	 0.330917592531906 
1119	 0.330857390459394 
1120	 0.330803701020963 
1121	 0.330632949355049 
1122	 0.330226956888559 
1123	 0.32992997506055 
1124	 0.329626446589899 
1125	 0.329174550185356 
1126	 0.329102074717681 
1127	 0.329293916225615 
1128	 0.329492700479137 
1129	 0.329894913181073 
1130	 0.33025583999273 
1131	 0.330748657903994 
1132	 0.331037375913329 
1133	 0.331426948476043 
1134	 0.331508300328663 
1135	 0.331249832621445 
1136	 0.331136831755407 
1137	 0.330672044253156 
1138	 0.330673173809069 
1139	 0.331068691252242 
1140	 0.33130002070749 
1141	 0.33167597380563 
1142	 0.332492392965295 
1143	 0.332621159385261 
1144	 0.332327417500732 
1145	 0.332413978908129 
1146	 0.332232014434255 
1147	 0.332449450105479 
1148	 0.333226739075068 
1149	 0.333528559600189 
1150	 0.333748264513811 
1151	 0.333890525190581 
1152	 0.333575933412709 
1153	 0.333714478968232 
1154	 0.333903521538035 
1155	 0.334451941039299 
1156	 0.334943218614358 
1157	 0.335209525448057 
1158	 0.335502372556932 
1159	 0.335690198256256 
1160	 0.335815580198714 
1161	 0.335977775478386 
1162	 0.33609208701716 
1163	 0.336004756952586 
1164	 0.336133980415786 
1165	 0.336328669849162 
1166	 0.336490884488999 
1167	 0.336793947164009 
1168	 0.336956366994543 
1169	 0.337057118316947 
1170	 0.337178237489956 
1171	 0.3372953899693 
1172	 0.337289017177294 
1173	 0.337365774188279 
1174	 0.337405337896478 
1175	 0.337467595101229 
1176	 0.337511089015472 
1177	 0.337589542215445 
1178	 0.337747624257347 
1179	 0.337783554690516 
1180	 0.337682807765359 
1181	 0.337768870165343 
1182	 0.337924080017482 
1183	 0.33799399057859 
1184	 0.338154707239907 
1185	 0.338259906883437 
1186	 0.338243437876609 
1187	 0.338259978189906 
1188	 0.338331563585157 
1189	 0.338381433299989 
1190	 0.338443989825173 
1191	 0.338516408000441 
1192	 0.33860639543192 
1193	 0.338831564532508 
1194	 0.339013858585053 
1195	 0.339204747803162 
1196	 0.339320251405082 
1197	 0.339463790559003 
1198	 0.339540834775938 
1199	 0.339520830538738 
1200	 0.339570613115053 
1201	 0.33961076184653 
1202	 0.339620512995302 
1203	 0.339621127814301 
1204	 0.339647296964619 
1205	 0.339552689328223 
1206	 0.339773390626032 
1207	 0.339996124484066 
1208	 0.340120490902763 
1209	 0.340347472257159 
1210	 0.340325910212419 
1211	 0.340365453324439 
1212	 0.340530966958399 
1213	 0.340479333476227 
1214	 0.34062900595981 
1215	 0.340689898523041 
1216	 0.34058614336528 
1217	 0.34058267675225 
1218	 0.340663693110154 
1219	 0.340765836313946 
1220	 0.340968453861161 
1221	 0.341084804830177 
1222	 0.341135052926398 
1223	 0.341225337014234 
1224	 0.341273223261325 
1225	 0.341315363657096 
1226	 0.341501398963653 
1227	 0.341745204285605 
1228	 0.341594726794538 
1229	 0.341562508825327 
1230	 0.341704025030632 
1231	 0.341606363938786 
1232	 0.341793237020047 
1233	 0.342038938775631 
1234	 0.341931260636108 
1235	 0.34203608424084 
1236	 0.342140102410867 
1237	 0.342231623631529 
1238	 0.342272217658155 
1239	 0.342356927089648 
1240	 0.342415114421294 
1241	 0.342460084136214 
1242	 0.342520993789688 
1243	 0.342607368128294 
1244	 0.34263860613266 
1245	 0.342777681764014 
1246	 0.342728312337244 
1247	 0.342739397279587 
1248	 0.342959308890328 
1249	 0.342909689869868 
1250	 0.342850729692173 
1251	 0.34303422668325 
1252	 0.343044289182995 
1253	 0.343139100992593 
1254	 0.343390429951719 
1255	 0.343376924201039 
1256	 0.343345007986706 
1257	 0.343423380998465 
1258	 0.343500849551617 
1259	 0.343605958436616 
1260	 0.343966488841221 
1261	 0.344107390505724 
1262	 0.344133981955299 
1263	 0.344098124865464 
1264	 0.344154601025933 
1265	 0.344174867964523 
1266	 0.344239165927709 
1267	 0.344452264519874 
1268	 0.344606910691742 
1269	 0.34455631044238 
1270	 0.344430866652961 
1271	 0.344439051764612 
1272	 0.344489583613941 
1273	 0.344509226312462 
1274	 0.344678987176908 
1275	 0.344760201300379 
1276	 0.344628035664409 
1277	 0.344527091474473 
1278	 0.344578045425987 
1279	 0.344640592087072 
1280	 0.344666366813547 
1281	 0.344857665993254 
1282	 0.344882436754028 
1283	 0.344766501763394 
1284	 0.344583018232431 
1285	 0.344506374335672 
1286	 0.344423649816971 
1287	 0.344512944787878 
1288	 0.344740711911476 
1289	 0.344853668767444 
1290	 0.344930753240955 
1291	 0.344912178335201 
1292	 0.344831936852199 
1293	 0.344880971184774 
1294	 0.344914996747673 
1295	 0.344922121685645 
1296	 0.345085044839431 
1297	 0.345234265096095 
1298	 0.345219391893311 
1299	 0.34520008017007 
1300	 0.345159230286474 
1301	 0.345147976412218 
1302	 0.345341272559568 
1303	 0.345434568895972 
1304	 0.345505331535532 
1305	 0.345625925665933 
1306	 0.345756763521274 
1307	 0.345817424502746 
1308	 0.345886836653409 
1309	 0.346045291423806 
1310	 0.345916375317617 
1311	 0.345715161354296 
1312	 0.345737755423947 
1313	 0.345840662020158 
1314	 0.345978579948986 
1315	 0.346048191756613 
1316	 0.346162826740704 
1317	 0.346258110262627 
1318	 0.346226628305993 
1319	 0.346299081222973 
1320	 0.346271582047257 
1321	 0.346065814942628 
1322	 0.345957279640556 
1323	 0.345787386720177 
1324	 0.345600173866675 
1325	 0.345640762688156 
1326	 0.345691951425192 
1327	 0.345726862346567 
1328	 0.345885018757387 
1329	 0.345826829130557 
1330	 0.345696556565495 
1331	 0.345374335542183 
1332	 0.345302792537904 
1333	 0.34514828609472 
1334	 0.345041590042734 
1335	 0.345362953757894 
1336	 0.345216973866231 
1337	 0.344770038465284 
1338	 0.344624947735633 
1339	 0.344241449303492 
1340	 0.344005913489094 
1341	 0.344031326502012 
1342	 0.343882057849608 
1343	 0.343715544161619 
1344	 0.343506264108277 
1345	 0.343511081074103 
1346	 0.343653924235494 
1347	 0.343430998442693 
1348	 0.342700400652826 
1349	 0.341599600256319 
1350	 0.341142987206903 
1351	 0.340853396565822 
1352	 0.340382882900828 
1353	 0.340789505314078 
1354	 0.340364243712545 
1355	 0.338557170665337 
1356	 0.338652182471696 
1357	 0.340220745189715 
1358	 0.33925615452706 
1359	 0.33809262852631 
1360	 0.336544733458595 
1361	 0.332489715513542 
1362	 0.326627506410706 
1363	 0.325447677118119 
1364	 0.328090681430254 
1365	 0.334896348227355 
1366	 0.313327214427766 
1367	 0.303044670431832 
1368	 0.325926560436901 
1369	 0.284798411134162 
1370	 0.278538901327023 
1371	 0.345659321644254 
1372	 0.361432853260452 
1373	 0.389471218159178 
1374	 0.414601174741415 
1375	 0.375335387797661 
1376	 0.368875198547867 
1377	 0.329893755305347 
1378	 0.278134021026619 
1379	 0.286943079337681 
1380	 0.252222394233686 
1381	 0.243429732180549 
1382	 0.270901424875437 
1383	 0.25231797435659 
1384	 0.257085386401651 
1385	 0.310582589980507 
1386	 0.334400457721462 
1387	 0.332855677634523 
1388	 0.355382830863973 
1389	 0.351847710198856 
1390	 0.311716032016884 
1391	 0.306320718766339 
1392	 0.371036949436786 
1393	 0.370368374503073 
1394	 0.344832895231287 
1395	 0.354668505706284 
1396	 0.324356313895873 
1397	 0.300665622606587 
1398	 0.316256988013916 
1399	 0.32933096827289 
1400	 0.327005187495807 
1401	 0.323340166096293 
1402	 0.341071695638927 
1403	 0.3417634033014 
1404	 0.330899132187215 
1405	 0.336385249788487 
1406	 0.329685780316983 
1407	 0.318880465986909 
1408	 0.321948389091157 
1409	 0.326077254087696 
1410	 0.321393788864496 
1411	 0.318266859504288 
1412	 0.323756980850033 
1413	 0.324458114403085 
1414	 0.323565861959948 
1415	 0.326486182649906 
1416	 0.324612702378906 
1417	 0.321638800182524 
1418	 0.322087575922552 
1419	 0.325104423582228 
1420	 0.326521238890763 
1421	 0.324116650164953 
1422	 0.323381401708137 
1423	 0.324393634134397 
1424	 0.32468317132896 
1425	 0.325852557842588 
1426	 0.32623036803461 
1427	 0.326506112756077 
1428	 0.324501331643501 
1429	 0.324146462517787 
1430	 0.325630314242271 
1431	 0.325790037774056 
1432	 0.325520502909768 
1433	 0.32495630554293 
1434	 0.323672514923834 
1435	 0.324109734617892 
1436	 0.324945839861312 
1437	 0.324867392890955 
1438	 0.32538324735266 
1439	 0.325309717731793 
1440	 0.325535427239511 
1441	 0.326855073750959 
1442	 0.326595463007593 
1443	 0.326050440480794 
1444	 0.326064695810076 
1445	 0.325999731302534 
1446	 0.327354282717829 
1447	 0.328390690957965 
1448	 0.328171303024727 
1449	 0.328547072139522 
1450	 0.328940989063713 
1451	 0.328540753396921 
1452	 0.3290292807841 
1453	 0.330040941482208 
1454	 0.329824300417732 
1455	 0.330037333058553 
1456	 0.330872548328408 
1457	 0.330636159163062 
1458	 0.330622295488998 
1459	 0.330961620383322 
1460	 0.330404222488775 
1461	 0.330113169428139 
1462	 0.330474576436267 
1463	 0.330812849828441 
1464	 0.331128866060052 
1465	 0.331322585570985 
1466	 0.331373602046724 
1467	 0.331306378404752 
1468	 0.33136530347504 
1469	 0.331645220784148 
1470	 0.331947995773025 
1471	 0.332191131167735 
1472	 0.332361732484113 
1473	 0.332765625328314 
1474	 0.333121170663868 
1475	 0.333181930384876 
1476	 0.333564644222904 
1477	 0.334112127153511 
1478	 0.334515324571175 
1479	 0.335057193168758 
1480	 0.335296279981018 
1481	 0.335112948253179 
1482	 0.33523742050899 
1483	 0.336163092512854 
1484	 0.336894092547563 
1485	 0.336970431904068 
1486	 0.33734155893728 
1487	 0.337551626974702 
1488	 0.337271767966653 
1489	 0.337520031277853 
1490	 0.338097988333135 
1491	 0.338427942706918 
1492	 0.338876852006196 
1493	 0.339402114353612 
1494	 0.339706256433157 
1495	 0.339986227370569 
1496	 0.340310696405733 
1497	 0.340638376517884 
1498	 0.341153118665686 
1499	 0.341387294296514 
1500	 0.341287392320188 
1501	 0.341523113170096 
1502	 0.341766318805387 
1503	 0.341818089281393 
1504	 0.342210395587258 
1505	 0.342658003329439 
1506	 0.342784192877721 
1507	 0.342980866733665 
1508	 0.343350490554481 
1509	 0.343497095925528 
1510	 0.343621030216732 
1511	 0.343992167001761 
1512	 0.344073580771075 
1513	 0.344149235568174 
1514	 0.344586247713489 
1515	 0.344752461313459 
1516	 0.344789672770278 
1517	 0.345116601568191 
1518	 0.34541329100083 
1519	 0.345480054192436 
1520	 0.34562334397643 
1521	 0.345779941657441 
1522	 0.345722482976017 
1523	 0.345815498203462 
1524	 0.346211944097392 
1525	 0.346530563060681 
1526	 0.346663661891335 
1527	 0.346807235474532 
1528	 0.346954289777086 
1529	 0.347083419608699 
1530	 0.347234069981252 
1531	 0.347375250334214 
1532	 0.347581814427408 
1533	 0.347716522120828 
1534	 0.347725596544776 
1535	 0.347817206320311 
1536	 0.347938792156784 
1537	 0.348077244204186 
1538	 0.348172592876073 
1539	 0.348532589132493 
1540	 0.348895418723222 
1541	 0.348925792078012 
1542	 0.349016953843262 
1543	 0.349169689137345 
1544	 0.349047688455976 
1545	 0.349071841146333 
1546	 0.349290128537246 
1547	 0.349270863214833 
1548	 0.34935458934771 
1549	 0.349624136657898 
1550	 0.349559797010685 
1551	 0.349582401112588 
1552	 0.349867452604733 
1553	 0.350060832061616 
1554	 0.350259847759488 
1555	 0.350420002065444 
1556	 0.350370419610449 
1557	 0.350265904426344 
1558	 0.35040052152343 
1559	 0.350518081857101 
1560	 0.350546500397318 
1561	 0.350730493332518 
1562	 0.350797958979614 
1563	 0.350782377854066 
1564	 0.350944858775146 
1565	 0.351138126814844 
1566	 0.351244018298484 
1567	 0.351317350841772 
1568	 0.351490846575822 
1569	 0.35152889696311 
1570	 0.35146926507419 
1571	 0.351742231893486 
1572	 0.351841825509724 
1573	 0.351700007346875 
1574	 0.351838396421379 
1575	 0.351988284743347 
1576	 0.35204071888754 
1577	 0.352195240041697 
1578	 0.352400127666667 
1579	 0.352416827391342 
1580	 0.352310515742448 
1581	 0.352430185141086 
1582	 0.35251541639367 
1583	 0.352436482723029 
1584	 0.352573485658664 
1585	 0.352625851107759 
1586	 0.352492852321636 
1587	 0.352708048241662 
1588	 0.353061284728721 
1589	 0.353161656505833 
1590	 0.353130389829638 
1591	 0.353105458289652 
1592	 0.353083276504028 
1593	 0.35301594110972 
1594	 0.353184319554401 
1595	 0.353510510518301 
1596	 0.353646412848497 
1597	 0.353853896720542 
1598	 0.354140917772789 
1599	 0.354118683991929 
1600	 0.354019400151034 
1601	 0.354155412660067 
1602	 0.354133473384722 
1603	 0.354078583068673 
1604	 0.354338351770829 
1605	 0.354554555327004 
1606	 0.354727138328886 
1607	 0.355020709963372 
1608	 0.355010326163192 
1609	 0.354730332886618 
1610	 0.35484328514505 
1611	 0.355161550200407 
1612	 0.355433965876216 
1613	 0.355672113920703 
1614	 0.355539781362735 
1615	 0.355367690491581 
1616	 0.355446665874588 
1617	 0.355516314282013 
1618	 0.35567832768768 
1619	 0.355789048660912 
1620	 0.355535402017777 
1621	 0.355543027452552 
1622	 0.355856815991299 
1623	 0.355842834364983 
1624	 0.35587308796242 
1625	 0.355921342012615 
1626	 0.355778368935754 
1627	 0.355909009130112 
1628	 0.356230374517248 
1629	 0.356334496503782 
1630	 0.356324369575675 
1631	 0.356332569345326 
1632	 0.356232992810329 
1633	 0.356250783853353 
1634	 0.356427781715548 
1635	 0.356434137067343 
1636	 0.356608992425096 
1637	 0.356939570146527 
1638	 0.356907969503685 
1639	 0.356811942223696 
1640	 0.356593505026137 
1641	 0.356240086178394 
1642	 0.356343547543805 
1643	 0.356621675651848 
1644	 0.356948736916723 
1645	 0.357306017732377 
1646	 0.357301923171604 
1647	 0.3573121213335 
1648	 0.357460084835249 
1649	 0.357403622510368 
1650	 0.357459239464633 
1651	 0.357699533292427 
1652	 0.357860410399656 
1653	 0.358029965599619 
1654	 0.35797310964223 
1655	 0.357713563838254 
1656	 0.357640199733562 
1657	 0.357497329164752 
1658	 0.357490975865067 
1659	 0.357889863083262 
1660	 0.357944909749399 
1661	 0.3578031205318 
1662	 0.357914853554589 
1663	 0.357782807341141 
1664	 0.357621507451315 
1665	 0.357979926563505 
1666	 0.358308422117912 
1667	 0.358356846011268 
1668	 0.358377008420283 
1669	 0.358288239671879 
1670	 0.358243901421159 
1671	 0.35837556221782 
1672	 0.358603547400201 
1673	 0.358470283649765 
1674	 0.358078729062794 
1675	 0.358014360466088 
1676	 0.358058202983259 
1677	 0.358338826176641 
1678	 0.358856664004716 
1679	 0.359017357385593 
1680	 0.358885119504131 
1681	 0.358777842492804 
1682	 0.358374960272325 
1683	 0.357924629333051 
1684	 0.357872466513993 
1685	 0.357998452898527 
1686	 0.358387770679374 
1687	 0.35881642561294 
1688	 0.358976169881828 
1689	 0.358849161400048 
1690	 0.358358186992405 
1691	 0.358145783193912 
1692	 0.358326836403765 
1693	 0.358364655006771 
1694	 0.358553346101447 
1695	 0.358694923446151 
1696	 0.358351819564153 
1697	 0.358240155206491 
1698	 0.358470452370756 
1699	 0.358509712185187 
1700	 0.358923505678316 
1701	 0.359327438194181 
1702	 0.358921064875348 
1703	 0.358933301806433 
1704	 0.358848392949401 
1705	 0.35880661442886 
1706	 0.359265448108004 
1707	 0.359368691396626 
1708	 0.359118194825644 
1709	 0.358987162696383 
1710	 0.358658825741845 
1711	 0.358543488520576 
1712	 0.358644086700751 
1713	 0.358655149441697 
1714	 0.358790945032367 
1715	 0.358898290604348 
1716	 0.358988845281788 
1717	 0.358995741116928 
1718	 0.358900604473135 
1719	 0.358874386334298 
1720	 0.358755547993565 
1721	 0.358737573842364 
1722	 0.359032161887871 
1723	 0.359030746011466 
1724	 0.358760569817438 
1725	 0.358742906323941 
1726	 0.358754412041801 
1727	 0.358690604799355 
1728	 0.358781146152449 
1729	 0.358751204657113 
1730	 0.358532592498989 
1731	 0.358328828790972 
1732	 0.358021195802826 
1733	 0.358013681114665 
1734	 0.358155372209347 
1735	 0.35817375767391 
1736	 0.358495574859496 
1737	 0.358439563775252 
1738	 0.357888668085779 
1739	 0.357822471704599 
1740	 0.357957521160785 
1741	 0.357961904447294 
1742	 0.358122982852137 
1743	 0.358076043780222 
1744	 0.357656768964137 
1745	 0.357780115275109 
1746	 0.358298002672006 
1747	 0.358544310300333 
1748	 0.358984254940256 
1749	 0.358904332557693 
1750	 0.35836473393193 
1751	 0.357734929272069 
1752	 0.357676260445743 
1753	 0.358029758387311 
1754	 0.358095017614991 
1755	 0.358465740353585 
1756	 0.358539028475465 
1757	 0.357860272070645 
1758	 0.35756278610225 
1759	 0.357366749924214 
1760	 0.35752173424243 
1761	 0.358156997124814 
1762	 0.358126454143407 
1763	 0.357948395904871 
1764	 0.357669242502041 
1765	 0.357019012120075 
1766	 0.35711468425353 
1767	 0.357453077262069 
1768	 0.357385722002011 
1769	 0.357403930173565 
1770	 0.357177904173719 
1771	 0.356804030269463 
1772	 0.356709510120661 
1773	 0.356961230938119 
1774	 0.357317115446697 
1775	 0.358296386253418 
1776	 0.35822818359131 
1777	 0.357633518168888 
1778	 0.357144061363449 
1779	 0.355273824005581 
1780	 0.354713996516068 
1781	 0.35533196503554 
1782	 0.355395208811997 
1783	 0.355944043925899 
1784	 0.35609780645062 
1785	 0.355828408044132 
1786	 0.355725462241245 
1787	 0.355364982154548 
1788	 0.355453502779255 
1789	 0.356023038900213 
1790	 0.356047929859933 
1791	 0.356051833993864 
1792	 0.356095692807472 
1793	 0.355783093308886 
1794	 0.355220790920104 
1795	 0.354757382479651 
1796	 0.354320490016176 
1797	 0.352911143735419 
1798	 0.352670694921226 
1799	 0.353755697547937 
1800	 0.353990457127159 
1801	 0.354640973086265 
1802	 0.354360078429053 
1803	 0.352881316003083 
1804	 0.351848465215552 
1805	 0.350074995762763 
1806	 0.349209114315858 
1807	 0.349596007869051 
1808	 0.34851410108025 
1809	 0.346550977382296 
1810	 0.343883907546128 
1811	 0.343081463147586 
1812	 0.348584020205357 
1813	 0.356050516175091 
1814	 0.364990607635062 
1815	 0.371375626895558 
1816	 0.363157905454254 
1817	 0.355470969033438 
1818	 0.343747446644548 
1819	 0.334516203323911 
1820	 0.329013229729766 
1821	 0.326887915874544 
1822	 0.331022272495636 
1823	 0.33604111075804 
1824	 0.365592857759669 
1825	 0.376065063935282 
1826	 0.361889708652768 
1827	 0.356308646369607 
1828	 0.322490127377129 
1829	 0.307409292592366 
1830	 0.329217066528155 
1831	 0.384011836554987 
1832	 0.400447917650027 
1833	 0.423048317853055 
1834	 0.721897961104191 
1835	 0.919324262304135 
1836	 0.259042577840529 
1837	 0.1661333023417 
1838	 0.289234282299153 
1839	 0.28517860881941 
1840	 0.405740080316257 
1841	 0.96998724241026 
1842	 1.40881455278212 
1843	 0.880211316155977 
1844	 0.943417512834177 
1845	 7.37889976545033 
1846	-35.083013717797 
1847	 1.71888846164293 
1848	 3.91059316072899 
1849	 3.33582251999662 
1850	 0.61326794884303 
1851	 0.739638536471353 
1852	 3.17135775071394 
1853	 3.54977220457163 
1854	 11.8345899842371 
1855	 8.96699850990192 
1856	 1.20202549248209 
1857	 0.448146255077043 
1858	 1.47455241221547 
1859	 5.04707580637681 
1860	 3.10160472680026 
1861	 13.6175399564822 
1862	 4.23522330426201 
1863	-0.239270145469652 
1864	-0.216394704195302 
1865	 0.513926115472973 
1866	 0.594244156049761 
1867	 0.603745992649107 
1868	 0.533139978737158 
1869	-0.266516361276569 
1870	-1.14719695098918 
1871	-1.22305556274205 
1872	-0.263007199396264 
1873	 0.494737023782657 
1874	 0.769454487447551 
1875	 0.93722529707189 
1876	 1.0751876772438 
1877	 0.572365357960424 
1878	 0.247678845993847 
1879	 0.523294994286194 
1880	 0.625024498255645 
1881	 0.603792509472613 
1882	 0.554728551722229 
1883	 0.61391297684017 
1884	 0.539279211197362 
1885	 0.266407910357599 
1886	 0.177605786706365 
1887	 0.284357257026321 
1888	 0.30147445901419 
1889	 0.347881373322971 
1890	 0.408642439661656 
1891	 0.404048645105944 
1892	 0.310674228581158 
1893	 0.271711165756337 
1894	 0.190069675122837 
1895	 0.191898089227124 
1896	 0.253425823613297 
1897	 0.36878010343166 
1898	 0.490625223032829 
1899	 0.506410791278937 
1900	 0.644822646180512 
1901	 0.619394350148396 
1902	 0.566486044830114 
1903	 0.62166236663074 
1904	 0.680293631660547 
1905	 0.570928136022958 
1906	 0.499665048180239 
1907	 0.735696875105351 
1908	 0.567147480385875 
1909	 0.502586142240689 
1910	 0.565771226057226 
1911	 0.476216838581581 
1912	 0.381072938933701 
1913	 0.337675457813412 
1914	 0.251527666672177 
1915	 0.228736918400604 
1916	 0.251653438105314 
1917	 0.28072904255819 
1918	 0.247497107003398 
1919	 0.271193424057135 
1920	 0.296963039388521 
1921	 0.254117516766415 
1922	 0.250665576162607 
1923	 0.266773737547874 
1924	 0.250993577261167 
1925	 0.20000017683083 
1926	 0.213337587775668 
1927	 0.261333205551703 
1928	 0.243592220691633 
1929	 0.249480304793001 
1930	 0.276293866908296 
1931	 0.259407438729565 
1932	 0.25046945519039 
1933	 0.271315810349187 
1934	 0.277044914057378 
1935	 0.276846357873297 
1936	 0.273327817213505 
1937	 0.278182493784258 
1938	 0.274053039548783 
1939	 0.268394953750644 
1940	 0.26786504390538 
1941	 0.269009174772524 
1942	 0.268947799844916 
1943	 0.268042508722894 
1944	 0.267344193061464 
1945	 0.267984786423889 
1946	 0.269702237532106 
1947	 0.272272074120674 
1948	 0.273844705239403 
1949	 0.278637377134594 
1950	 0.282537792815437 
1951	 0.283369718028923 
1952	 0.283134507343883 
1953	 0.279802645755278 
1954	 0.280296420451694 
1955	 0.283212971481137 
1956	 0.284519341496452 
1957	 0.285453784793626 
1958	 0.286548640910858 
1959	 0.286241326504959 
1960	 0.285353958872398 
1961	 0.286228690689513 
1962	 0.288282496100185 
1963	 0.290297872083783 
1964	 0.292122428786306 
1965	 0.292635911419111 
1966	 0.2932741263428 
1967	 0.294059312426941 
1968	 0.293579484703242 
1969	 0.293622033625853 
1970	 0.293968153347057 
1971	 0.294777298098612 
1972	 0.294779027716762 
1973	 0.295340520827416 
1974	 0.296496521997338 
1975	 0.296694683423758 
1976	 0.296793593694401 
1977	 0.298333550623823 
1978	 0.299303506090133 
1979	 0.299259897136458 
1980	 0.300395439015712 
1981	 0.301027146440078 
1982	 0.301372238705843 
1983	 0.301043405711386 
1984	 0.302573990814464 
1985	 0.303793098708665 
1986	 0.303169583005729 
1987	 0.302924221034233 
1988	 0.303776749910041 
1989	 0.304253888586336 
1990	 0.30467836786993 
1991	 0.306034612110053 
1992	 0.307026178698241 
1993	 0.307695493412312 
1994	 0.30830243608454 
1995	 0.308899673434881 
1996	 0.309506326550579 
1997	 0.308736182906288 
1998	 0.30891002294926 
1999	 0.309924583916446 
2000	 0.310854799341572 
2001	 0.311319936058794 
2002	 0.311198903158978 
2003	 0.311425897348165 
2004	 0.312388928013587 
2005	 0.313426436056438 
2006	 0.314859045177143 
2007	 0.317300329275496 
2008	 0.318738271102975 
2009	 0.319067628672503 
2010	 0.320770006038581 
2011	 0.32347295935088 
2012	 0.32420967257843 
2013	 0.323147948088642 
2014	 0.323638639693362 
2015	 0.323814437692197 
2016	 0.323853323054006 
2017	 0.325717189855828 
2018	 0.32567774578874 
2019	 0.325201223286797 
2020	 0.323254259663297 
2021	 0.323534968901086 
2022	 0.324484847063077 
2023	 0.324453993596912 
2024	 0.325174880800256 
2025	 0.325322324900795 
2026	 0.324027043240533 
2027	 0.323299745722382 
2028	 0.323772659923583 
2029	 0.324359604785857 
2030	 0.324419228686176 
2031	 0.324782772380913 
2032	 0.324749647380765 
2033	 0.324006668030871 
2034	 0.323824606107545 
2035	 0.323610316760503 
2036	 0.323956464801594 
2037	 0.324356963040961 
2038	 0.324887109166446 
2039	 0.32512373639672 
2040	 0.324974726748437 
2041	 0.325350712366123 
2042	 0.325156483235251 
2043	 0.324934904086206 
2044	 0.325735352737157 
2045	 0.325862157002143 
2046	 0.325506832999578 
2047	 0.325743425923165 
2048	 0.326338030121197 
2049	 0.326384605488654 
2050	 0.326582329623956 
2051	 0.326393934420083 
2052	 0.325832161862879 
2053	 0.325352807486281 
2054	 0.325257294568096 
2055	 0.326388938571056 
2056	 0.327098509240017 
2057	 0.327152148971126 
2058	 0.327491401362919 
2059	 0.32793954153374 
2060	 0.328160424768486 
2061	 0.3284665100746 
2062	 0.3285867334946 
2063	 0.328314714290045 
2064	 0.328306771105138 
2065	 0.328559372273313 
2066	 0.32853920102885 
2067	 0.328231361777263 
2068	 0.327559489141923 
2069	 0.32661740129213 
2070	 0.326810263593668 
2071	 0.327622990370666 
2072	 0.327479989494129 
2073	 0.327079231797583 
2074	 0.327542221120039 
2075	 0.327836477935937 
2076	 0.328094865418185 
2077	 0.328262984891769 
2078	 0.328614294700915 
2079	 0.328664730899627 
2080	 0.328241841640885 
2081	 0.328304557572675 
2082	 0.328707923783203 
2083	 0.328970635962911 
2084	 0.32897561424413 
2085	 0.329448788020558 
2086	 0.329672572216911 
2087	 0.329776074209914 
2088	 0.330174683981163 
2089	 0.330125969444973 
2090	 0.330098836439608 
2091	 0.330020696826876 
2092	 0.329997035303557 
2093	 0.329672148109263 
2094	 0.329740773534658 
2095	 0.33024075438848 
2096	 0.330274909806928 
2097	 0.330111821005509 
2098	 0.330380987583542 
2099	 0.330305028095129 
2100	 0.329974492761055 
2101	 0.330310944790224 
2102	 0.330645629452934 
2103	 0.330643364757565 
2104	 0.331139475926125 
2105	 0.331608221820258 
2106	 0.332006029200044 
2107	 0.332137323606857 
2108	 0.332043109517219 
2109	 0.332113272781638 
2110	 0.332126455480812 
2111	 0.332127643338651 
2112	 0.332204545228054 
2113	 0.332246495925358 
2114	 0.33211102411642 
2115	 0.331956762211227 
2116	 0.33225382117236 
2117	 0.332984240857057 
2118	 0.333646489955542 
2119	 0.333895435546483 
2120	 0.333902783025787 
2121	 0.334068015695937 
2122	 0.333938996089564 
2123	 0.333949394862123 
2124	 0.334177445909653 
2125	 0.334666014481923 
2126	 0.33476334892958 
2127	 0.33457757737327 
2128	 0.334791853573505 
2129	 0.33494573851462 
2130	 0.335204381596799 
2131	 0.336067370431671 
2132	 0.336560756295238 
2133	 0.336917074386257 
2134	 0.337068624441926 
2135	 0.33633524539341 
2136	 0.336447730011055 
2137	 0.337080193995981 
2138	 0.336633648668981 
2139	 0.336486413049978 
2140	 0.33701910618513 
2141	 0.337108037472079 
2142	 0.336834032897213 
2143	 0.336641140334337 
2144	 0.336469318374815 
2145	 0.336465789131358 
2146	 0.336369198086759 
2147	 0.336553505684136 
2148	 0.337143913748061 
2149	 0.337585099460795 
2150	 0.338291493263987 
2151	 0.338485394525468 
2152	 0.338295987697086 
2153	 0.338329567865024 
2154	 0.33895805193784 
2155	 0.338292902583796 
2156	 0.337114236001957 
2157	 0.336831613622267 
2158	 0.336896222539623 
2159	 0.337018023068022 
2160	 0.336566066895729 
2161	 0.336225215578147 
2162	 0.336249347431579 
2163	 0.335301736879012 
2164	 0.334808309628501 
2165	 0.335536763636311 
2166	 0.335906360258842 
2167	 0.335420237315619 
2168	 0.33530979804393 
2169	 0.336463237373026 
2170	 0.336188632043929 
2171	 0.334280035984445 
2172	 0.333905116092906 
2173	 0.333890030977675 
2174	 0.333733564201916 
2175	 0.334434954221554 
2176	 0.334702939143939 
2177	 0.334024019868927 
2178	 0.333577952058804 
2179	 0.333976049973826 
2180	 0.334328776401784 
2181	 0.334180342188937 
2182	 0.334796514656237 
2183	 0.335067744660181 
2184	 0.334001923418934 
2185	 0.333850260077794 
2186	 0.334846201383065 
2187	 0.334470903771734 
2188	 0.332908085945445 
2189	 0.332877199627709 
2190	 0.333442651468621 
2191	 0.332941912087767 
2192	 0.332794137880945 
2193	 0.332750764321687 
2194	 0.331537783344296 
2195	 0.330995772354065 
2196	 0.331456641797298 
2197	 0.331392862530575 
2198	 0.330317587298254 
2199	 0.33043260636986 
2200	 0.33091854684397 
2201	 0.330711348686867 
2202	 0.332098412764996 
2203	 0.332944055446734 
2204	 0.331168874205146 
2205	 0.32995602858186 
2206	 0.329989478698351 
2207	 0.330023355961196 
2208	 0.330923150618391 
2209	 0.332232918706921 
2210	 0.332394451594104 
2211	 0.330453299494881 
2212	 0.330385116810811 
2213	 0.331499523943518 
2214	 0.331606168839132 
2215	 0.331296487415836 
2216	 0.331563107116976 
2217	 0.332247051049463 
2218	 0.332025883063222 
2219	 0.331682102505831 
2220	 0.331761339170435 
2221	 0.331737734522742 
2222	 0.330036716211718 
2223	 0.329494228914281 
2224	 0.330394974399367 
2225	 0.330448021563734 
2226	 0.330823045853239 
2227	 0.331661194850639 
2228	 0.332385631342711 
2229	 0.332987380299754 
2230	 0.332929781448447 
2231	 0.332708093520825 
2232	 0.331346341207532 
2233	 0.329507376515443 
2234	 0.329093870403227 
2235	 0.328219721160938 
2236	 0.32763134830716 
2237	 0.327765201733085 
2238	 0.328410282549159 
2239	 0.328675749406975 
2240	 0.329977773215493 
2241	 0.330328151620796 
2242	 0.329832785635346 
2243	 0.329247341326865 
2244	 0.32824178471114 
2245	 0.327717055842823 
2246	 0.326681866686741 
2247	 0.326547857228933 
2248	 0.327805558779592 
2249	 0.327707735779527 
2250	 0.326864973319393 
2251	 0.327256945702114 
2252	 0.327458371652789 
2253	 0.327169529371429 
2254	 0.327223839592815 
2255	 0.327288975990631 
2256	 0.325825754450684 
2257	 0.323372871239735 
2258	 0.323325751740097 
2259	 0.323554934577235 
2260	 0.322436328292397 
2261	 0.32336201969125 
2262	 0.324184416644294 
2263	 0.322840337043843 
2264	 0.322612470876047 
2265	 0.323346939303791 
2266	 0.321213016907137 
2267	 0.318884672818353 
2268	 0.320370344708776 
2269	 0.320972015152492 
2270	 0.32015571684807 
2271	 0.32103962424081 
2272	 0.32116188672756 
2273	 0.319609721916469 
2274	 0.319118168299662 
2275	 0.319286440433529 
2276	 0.319594330840255 
2277	 0.320378542349216 
2278	 0.319994580852779 
2279	 0.319266627836844 
2280	 0.319190439654385 
2281	 0.318735876806725 
2282	 0.318166618007261 
2283	 0.318624936565057 
2284	 0.318798549197322 
2285	 0.31704112621704 
2286	 0.316592619777509 
2287	 0.317566344490567 
2288	 0.31769946527221 
2289	 0.317376822099583 
2290	 0.318480750681968 
2291	 0.318342039728087 
2292	 0.318610137492584 
2293	 0.318644112295795 
2294	 0.318773945155217 
2295	 0.319368111819285 
2296	 0.317921021938742 
2297	 0.31667787728997 
2298	 0.31636217074955 
2299	 0.314890537260263 
2300	 0.313340762166056 
2301	 0.313348006607793 
2302	 0.312914437966426 
2303	 0.31156862138661 
2304	 0.311258809321228 
2305	 0.311578432856185 
2306	 0.311788354906671 
2307	 0.311893990290184 
2308	 0.31111570763694 
2309	 0.308755467585395 
2310	 0.307908493710121 
2311	 0.309765929595897 
2312	 0.309872702679759 
2313	 0.308515255460923 
2314	 0.309061408949566 
2315	 0.309756883196637 
2316	 0.309637540484602 
2317	 0.310535152389132 
2318	 0.310660346977002 
2319	 0.310941104431876 
2320	 0.310708750836339 
2321	 0.310141508558451 
2322	 0.308696212644536 
2323	 0.308325755239837 
2324	 0.307087963828466 
2325	 0.307147952191654 
2326	 0.3107555368393 
2327	 0.311301372513424 
2328	 0.30927883035407 
2329	 0.309425338652701 
2330	 0.31060719721654 
2331	 0.309873553210273 
2332	 0.308121734354325 
2333	 0.307401986291668 
2334	 0.306072996118006 
2335	 0.305549926149483 
2336	 0.306144766684772 
2337	 0.306990621112181 
2338	 0.308489069378964 
2339	 0.307718182020856 
2340	 0.305015547417652 
2341	 0.308066407802508 
2342	 0.309865593802795 
2343	 0.307277488776766 
2344	 0.311153298839307 
2345	 0.311836000070721 
2346	 0.304058449030051 
2347	 0.302836516126711 
2348	 0.303053891841688 
2349	 0.300863853486562 
2350	 0.304846344320086 
2351	 0.309607823157941 
2352	 0.30679214884726 
2353	 0.301990645261151 
2354	 0.30273101940312 
2355	 0.301516207336086 
2356	 0.298262169937018 
2357	 0.302463838232334 
2358	 0.306115010854312 
2359	 0.302754974664732 
2360	 0.301957644193229 
2361	 0.304261214565063 
2362	 0.303005895593472 
2363	 0.302231639023373 
2364	 0.305012530745428 
2365	 0.307174965509103 
2366	 0.306169768284668 
2367	 0.302318887387524 
2368	 0.298317773653317 
2369	 0.296376487806719 
2370	 0.294884400061627 
2371	 0.296901585245592 
2372	 0.300134435240562 
2373	 0.297603219762026 
2374	 0.296896991373127 
2375	 0.299630740928318 
2376	 0.30303392548577 
2377	 0.305611993078469 
2378	 0.303193558901003 
2379	 0.299680758115169 
2380	 0.299653160651633 
2381	 0.304080544543454 
2382	 0.304949327233315 
2383	 0.30363652334081 
2384	 0.300628010591033 
2385	 0.296388078357458 
2386	 0.30484643070761 
2387	 0.312350286923785 
2388	 0.308561726387742 
2389	 0.30069800527948 
2390	 0.293199847234964 
2391	 0.288243722785081 
2392	 0.286674038983052 
2393	 0.290289752358712 
2394	 0.289760237566498 
2395	 0.28357023851686 
2396	 0.285950093854656 
2397	 0.291895343466985 
2398	 0.294084330105237 
2399	 0.299139827886144 
2400	 0.295623709660909 
2401	 0.285937422367186 
2402	 0.285201128699696 
2403	 0.282981224431715 
2404	 0.279746166888495 
2405	 0.283127006724881 
2406	 0.283121903688997 
2407	 0.282832902957566 
2408	 0.285426057729978 
2409	 0.286363549060529 
2410	 0.286904418480605 
2411	 0.286382162741474 
2412	 0.289446951567587 
2413	 0.287103581280299 
2414	 0.280899895046614 
2415	 0.275231818691293 
2416	 0.265647459735387 
2417	 0.272684210690152 
2418	 0.279055810447269 
2419	 0.267876700028828 
2420	 0.271921810132284 
2421	 0.279113983223869 
2422	 0.275995786423076 
2423	 0.281185303911254 
2424	 0.279508493697344 
2425	 0.27319198612138 
2426	 0.280265065991527 
2427	 0.287735130730509 
2428	 0.294464042736586 
2429	 0.293610150116258 
2430	 0.287388406437019 
2431	 0.291750036582701 
2432	 0.288274936847857 
2433	 0.283953495914515 
2434	 0.287153446724426 
2435	 0.273802104634457 
2436	 0.259671585957261 
2437	 0.262432769498609 
2438	 0.255871533698303 
2439	 0.257537559574962 
2440	 0.278074320584625 
2441	 0.273799298556891 
2442	 0.266611056928137 
2443	 0.265330302507354 
2444	 0.26082389209683 
2445	 0.270158733103779 
2446	 0.264564107810272 
2447	 0.254187671401408 
2448	 0.250255514524174 
2449	 0.236442326922891 
2450	 0.228760713865782 
2451	 0.226329548378336 
2452	 0.236925154987991 
2453	 0.259126593395741 
2454	 0.264842616374014 
2455	 0.263156152976482 
2456	 0.263806396234005 
2457	 0.249317065688491 
2458	 0.24324718859191 
2459	 0.253194520602997 
2460	 0.232736121417993 
2461	 0.213004552736231 
2462	 0.227818531772999 
2463	 0.240610511720971 
2464	 0.25362541624487 
2465	 0.270024306737258 
2466	 0.271610113045539 
2467	 0.277849529270821 
2468	 0.275043032475021 
2469	 0.265116469203226 
2470	 0.23683046049351 
2471	 0.240227533812666 
2472	 0.283704029006848 
2473	 0.294701335067557 
2474	 0.279614551834495 
2475	 0.272932490666273 
2476	 0.254448948822644 
2477	 0.247892147491624 
2478	 0.288550037948631 
2479	 0.311901856150746 
2480	 0.196577175665668 
2481	 0.12369661149042 
2482	 0.168492112817759 
2483	 0.22200515102265 
2484	 0.314185084541757 
2485	 0.324982954442366 
2486	 0.261719590602998 
2487	 0.268426843274814 
2488	 0.366903663876852 
2489	 0.427547589687061 
2490	 0.341959996823643 
2491	 0.329657456902368 
2492	 0.245250132323741 
2493	 0.304123249952545 
2494	 0.511949421382947 
2495	 0.54425264444801 
2496	 0.421649652239937 
2497	 0.34425504807627 
2498	 0.466491686677173 
2499	 0.374800932521054 
2500	 0.244056440887869 
