Wavelength	09/27/123 at 12:21:44
350	 8.95663275066143E-02 
351	 8.95659963584682E-02 
352	 8.99020512058446E-02 
353	 0.090228121896855 
354	 9.00635302180168E-02 
355	 9.06290749829975E-02 
356	 9.11158325337298E-02 
357	 9.11079781802356E-02 
358	 0.091392023421634 
359	 9.19292308921071E-02 
360	 9.24483432216834E-02 
361	 9.26263881626324E-02 
362	 9.30237247783712E-02 
363	 0.093309714359036 
364	 9.33857573758864E-02 
365	 9.38463201282556E-02 
366	 0.094153060928478 
367	 9.43030244401597E-02 
368	 9.45607087583379E-02 
369	 9.53045187199316E-02 
370	 9.59728849529393E-02 
371	 9.62672658900812E-02 
372	 9.67152582298405E-02 
373	 9.70472068822947E-02 
374	 9.74004164252812E-02 
375	 9.80496159519863E-02 
376	 9.86049563207823E-02 
377	 9.90604862708774E-02 
378	 9.94992172141688E-02 
379	 0.100067130434399 
380	 0.100471683632182 
381	 0.100901810532671 
382	 0.10172376510746 
383	 0.10247355697974 
384	 0.103180251964083 
385	 0.103862454320733 
386	 0.104401260038621 
387	 0.104890994858824 
388	 0.105414762921929 
389	 0.106020723212473 
390	 0.106485028025148 
391	 0.106975190868609 
392	 0.107536275763271 
393	 0.107890571136754 
394	 0.108438334510137 
395	 0.109058152023223 
396	 0.109486721410756 
397	 0.110073148893205 
398	 0.110626463850228 
399	 0.111072643773781 
400	 0.111648585748146 
401	 0.111954785285606 
402	 0.112144570740131 
403	 0.112511815461609 
404	 0.112722202716256 
405	 0.113057088850428 
406	 0.113602873939861 
407	 0.113997435252649 
408	 0.114477094536144 
409	 0.114988312178388 
410	 0.115405154060285 
411	 0.115869160234988 
412	 0.116291068995445 
413	 0.11665767590387 
414	 0.117106430023725 
415	 0.117635315511327 
416	 0.118143643108772 
417	 0.118516196026531 
418	 0.118870376667631 
419	 0.119266585669144 
420	 0.119733506505814 
421	 0.120277645898197 
422	 0.120769833511355 
423	 0.121242619585814 
424	 0.121771495135229 
425	 0.12228700242919 
426	 0.122784166414989 
427	 0.123267243290046 
428	 0.123739591298709 
429	 0.124302581005948 
430	 0.124915786747495 
431	 0.125502506414015 
432	 0.126095935825508 
433	 0.126645486349291 
434	 0.127124854878436 
435	 0.12754174136193 
436	 0.128011917129549 
437	 0.12852146415223 
438	 0.129018360679881 
439	 0.129502558285029 
440	 0.130026200694898 
441	 0.130558407597492 
442	 0.130951498435349 
443	 0.131401488473138 
444	 0.131867357211297 
445	 0.132274662114791 
446	 0.132734925397101 
447	 0.133259454348258 
448	 0.13378118461803 
449	 0.134153793345475 
450	 0.134533967760007 
451	 0.134919188331912 
452	 0.135275370064804 
453	 0.135661488718306 
454	 0.136045560216874 
455	 0.136412781234672 
456	 0.136776450107735 
457	 0.137094826081832 
458	 0.1374424876937 
459	 0.137867051289164 
460	 0.138144130005735 
461	 0.138444295422241 
462	 0.138803903726669 
463	 0.13909356069376 
464	 0.139365630949802 
465	 0.139663798162702 
466	 0.14000019181316 
467	 0.140269863046314 
468	 0.140574461698816 
469	 0.140909667246423 
470	 0.141175500670993 
471	 0.14146920412803 
472	 0.141771419132036 
473	 0.142053812134796 
474	 0.142349336632607 
475	 0.142670525632672 
476	 0.143015772939359 
477	 0.143370010687324 
478	 0.143713219890715 
479	 0.144078139614291 
480	 0.144477365120788 
481	 0.144821134587861 
482	 0.145144348393823 
483	 0.145487959436733 
484	 0.145891108318809 
485	 0.146272526531931 
486	 0.146725856624868 
487	 0.147277164069571 
488	 0.14771431074307 
489	 0.148136597048255 
490	 0.14857001986137 
491	 0.149002096057373 
492	 0.149409126055022 
493	 0.149869424119972 
494	 0.150405908631895 
495	 0.15087603718014 
496	 0.151354682427984 
497	 0.15184211537989 
498	 0.15231000542881 
499	 0.152779854804569 
500	 0.153274584781674 
501	 0.153800934155273 
502	 0.154332829328178 
503	 0.154822495461497 
504	 0.155296577660547 
505	 0.155810467319435 
506	 0.156381590852561 
507	 0.156890508230852 
508	 0.157319735688973 
509	 0.157821574822635 
510	 0.158325539794975 
511	 0.158857069765156 
512	 0.159437161767196 
513	 0.159923502347607 
514	 0.160419867200412 
515	 0.160943775369475 
516	 0.161384915232533 
517	 0.16193679955709 
518	 0.162562792062281 
519	 0.163150400402052 
520	 0.163628078775018 
521	 0.164083345900852 
522	 0.164599380949582 
523	 0.165246700014719 
524	 0.165759020748983 
525	 0.166201374886757 
526	 0.166702075823768 
527	 0.16732688604631 
528	 0.167966033374086 
529	 0.168545074218689 
530	 0.169041715906173 
531	 0.169588351964646 
532	 0.170166255024788 
533	 0.170747258741109 
534	 0.171374231990362 
535	 0.171978800569473 
536	 0.172551161059089 
537	 0.173116119691789 
538	 0.173706138632523 
539	 0.174349026842346 
540	 0.175035625961334 
541	 0.175681793450415 
542	 0.176350570848549 
543	 0.177025557604781 
544	 0.177664218476977 
545	 0.178259529969187 
546	 0.1788642030127 
547	 0.179517175866474 
548	 0.180222307754083 
549	 0.180895894115223 
550	 0.181575450749002 
551	 0.182319835348367 
552	 0.183041690179853 
553	 0.183744435985214 
554	 0.184435578088219 
555	 0.185126212271561 
556	 0.185833655014585 
557	 0.186537246846215 
558	 0.187224821371799 
559	 0.187989639217796 
560	 0.188710018867977 
561	 0.189383264323904 
562	 0.190127576612676 
563	 0.19081657027451 
564	 0.191453892167004 
565	 0.192075477655325 
566	 0.192713772633875 
567	 0.193379610067429 
568	 0.19404211400519 
569	 0.194649136752968 
570	 0.195256087578507 
571	 0.195889118282953 
572	 0.196522567481473 
573	 0.197043235667303 
574	 0.197587806105827 
575	 0.198164186476698 
576	 0.198726935679246 
577	 0.199364765479703 
578	 0.19998569845531 
579	 0.200542203074108 
580	 0.201079136256226 
581	 0.201559791684877 
582	 0.202023351856517 
583	 0.20251140121938 
584	 0.20297592492421 
585	 0.203447316264799 
586	 0.203938024644723 
587	 0.204450942362141 
588	 0.204858581938017 
589	 0.205241680276119 
590	 0.205667731342591 
591	 0.206055876521528 
592	 0.206438872475723 
593	 0.206859630272739 
594	 0.207353327820867 
595	 0.207842766087809 
596	 0.208303620878092 
597	 0.208733857862216 
598	 0.209131917257916 
599	 0.209547394914162 
600	 0.209958691625201 
601	 0.210328065555216 
602	 0.210682947796246 
603	 0.210970029431244 
604	 0.211202143802647 
605	 0.211490937759881 
606	 0.211697049196164 
607	 0.2118922050026 
608	 0.212169271704788 
609	 0.212419380758127 
610	 0.212654003247007 
611	 0.212884733547972 
612	 0.213113020379054 
613	 0.213284310854341 
614	 0.213465021513745 
615	 0.213700435123741 
616	 0.213907117143863 
617	 0.214116712040485 
618	 0.214323661694109 
619	 0.214513717653331 
620	 0.214728087285258 
621	 0.214936458382047 
622	 0.215119810636284 
623	 0.215309131699847 
624	 0.215492919712789 
625	 0.215679016719084 
626	 0.215874419651261 
627	 0.216039030143336 
628	 0.216258061863636 
629	 0.216515791106305 
630	 0.216673351752052 
631	 0.216834468489837 
632	 0.216968701349184 
633	 0.217061766827775 
634	 0.217268505829834 
635	 0.217474622696042 
636	 0.217634723846853 
637	 0.217761559209148 
638	 0.217906311825097 
639	 0.218058576903616 
640	 0.21819107508406 
641	 0.218251330594443 
642	 0.218409441886877 
643	 0.218583564466091 
644	 0.218638723074944 
645	 0.2187358650524 
646	 0.218824659631938 
647	 0.21890441340551 
648	 0.219047951052444 
649	 0.219226581939239 
650	 0.219373927614852 
651	 0.219464855821344 
652	 0.219619848685931 
653	 0.219804064869584 
654	 0.219961348004595 
655	 0.220037472407715 
656	 0.220283938234075 
657	 0.220510814933042 
658	 0.220595914441137 
659	 0.220651445193516 
660	 0.220759113556452 
661	 0.22089677945808 
662	 0.221006312081045 
663	 0.22106229410306 
664	 0.221147373380066 
665	 0.221252763106193 
666	 0.221271357954775 
667	 0.221384040869821 
668	 0.221499346820829 
669	 0.22155756286461 
670	 0.221753838898408 
671	 0.221944052097077 
672	 0.22206620986599 
673	 0.222124996031529 
674	 0.222302135439552 
675	 0.222451257857825 
676	 0.222528244230041 
677	 0.222696853946737 
678	 0.222856101079113 
679	 0.223014744016748 
680	 0.223192605727023 
681	 0.223318953689607 
682	 0.223453840734313 
683	 0.223635426852252 
684	 0.223872154760443 
685	 0.224094485046573 
686	 0.224424870722987 
687	 0.224926941457094 
688	 0.225357437420926 
689	 0.225622791243432 
690	 0.225813702486269 
691	 0.226042733236179 
692	 0.226236309564584 
693	 0.22645395483394 
694	 0.226759562603466 
695	 0.227191246445048 
696	 0.227646164452496 
697	 0.227991942055562 
698	 0.228217909650091 
699	 0.228544343852803 
700	 0.228884389321098 
701	 0.229206613537286 
702	 0.22950691252721 
703	 0.229796663928054 
704	 0.23009397611703 
705	 0.230384564355859 
706	 0.23061212949145 
707	 0.230852595261763 
708	 0.231118401622018 
709	 0.231388384676443 
710	 0.231559032846373 
711	 0.231713922493975 
712	 0.231906171261731 
713	 0.232161647833459 
714	 0.232372820035952 
715	 0.232419654347235 
716	 0.232307034191747 
717	 0.232214884618452 
718	 0.232290314496544 
719	 0.232557730840494 
720	 0.232911891780809 
721	 0.233216981944314 
722	 0.233275848261805 
723	 0.233156045747696 
724	 0.233071229831652 
725	 0.233217230076492 
726	 0.233386962634188 
727	 0.233494107181906 
728	 0.233683073562525 
729	 0.23381000828961 
730	 0.23394759929623 
731	 0.234162575988733 
732	 0.234351685184098 
733	 0.234506961653741 
734	 0.23461993060361 
735	 0.234690562063548 
736	 0.2347931241779 
737	 0.234917477099595 
738	 0.235044740208218 
739	 0.235155050654008 
740	 0.235311942260051 
741	 0.235443894028763 
742	 0.235501352876777 
743	 0.235615299279548 
744	 0.2357414188874 
745	 0.235866885692138 
746	 0.2359920096343 
747	 0.236094978448285 
748	 0.23619852419646 
749	 0.236297091627613 
750	 0.236350775876245 
751	 0.236468852845756 
752	 0.236622297591784 
753	 0.236765031923715 
754	 0.236912046501485 
755	 0.23706369597566 
756	 0.237283612621144 
757	 0.237618467131431 
758	 0.237722504508075 
759	 0.237744314397144 
760	 0.238122562778461 
761	 0.239485990171933 
762	 0.239897030004186 
763	 0.239692005081874 
764	 0.239497495315564 
765	 0.239379708123244 
766	 0.239160382124166 
767	 0.238965300583013 
768	 0.238926691114327 
769	 0.238911402482599 
770	 0.238934637937028 
771	 0.238995457708223 
772	 0.239076637111147 
773	 0.239138788875385 
774	 0.23924183746183 
775	 0.239399088451246 
776	 0.239513479554445 
777	 0.239631713451592 
778	 0.239750187469958 
779	 0.239860822606877 
780	 0.240003835472672 
781	 0.240179671218852 
782	 0.240332744889874 
783	 0.240392221831618 
784	 0.240471864273323 
785	 0.24056676126603 
786	 0.240665416025674 
787	 0.240769706252474 
788	 0.240897796103552 
789	 0.241039467554879 
790	 0.241180588828525 
791	 0.241318374233261 
792	 0.241430579309902 
793	 0.241519017397221 
794	 0.241610230121263 
795	 0.241784121590904 
796	 0.241952558203984 
797	 0.242070515975543 
798	 0.242150384802264 
799	 0.242283281714907 
800	 0.242413500471917 
801	 0.242508689733191 
802	 0.242618314505829 
803	 0.242773802324278 
804	 0.242962929409923 
805	 0.243146153588205 
806	 0.243250514590997 
807	 0.243318115139131 
808	 0.243416227509534 
809	 0.243580943281392 
810	 0.243607058870942 
811	 0.243598844553105 
812	 0.243604323368686 
813	 0.243594819185628 
814	 0.243626207307764 
815	 0.243694950941618 
816	 0.243828751362815 
817	 0.244145386634258 
818	 0.244346856924165 
819	 0.244478157372594 
820	 0.244629848175387 
821	 0.244656997075378 
822	 0.244635733571078 
823	 0.244779317835935 
824	 0.245245857828797 
825	 0.245498217974652 
826	 0.245564357262242 
827	 0.245565869982586 
828	 0.245659920000235 
829	 0.245829911886346 
830	 0.246001270455748 
831	 0.246144526330502 
832	 0.246325897849386 
833	 0.246550853535693 
834	 0.246727337121162 
835	 0.24680725983374 
836	 0.246900869147481 
837	 0.247087093614266 
838	 0.24731408206601 
839	 0.247480871561254 
840	 0.247600441929601 
841	 0.247676416994321 
842	 0.247775316418506 
843	 0.247977749178914 
844	 0.248081594064166 
845	 0.248156229820226 
846	 0.248268781693989 
847	 0.248432970708334 
848	 0.248466622162111 
849	 0.248546409581332 
850	 0.248764671829569 
851	 0.248807177378675 
852	 0.248870954182501 
853	 0.248976485483878 
854	 0.249101648369512 
855	 0.249277858936328 
856	 0.249514518647331 
857	 0.249701950241833 
858	 0.249718328138715 
859	 0.249743400749834 
860	 0.24984057420765 
861	 0.250021736822683 
862	 0.250244718766186 
863	 0.250337215141029 
864	 0.250263263930108 
865	 0.250156936585433 
866	 0.250358332801262 
867	 0.250544308639302 
868	 0.250668276926254 
869	 0.250775961873973 
870	 0.250971755547668 
871	 0.251020061192602 
872	 0.251032033480587 
873	 0.2511866445119 
874	 0.251448444978627 
875	 0.251459275149881 
876	 0.251458949651056 
877	 0.251850407588785 
878	 0.252167493440984 
879	 0.252193672726526 
880	 0.252049057332906 
881	 0.252094924341114 
882	 0.252209119870937 
883	 0.252378438284973 
884	 0.252555689644686 
885	 0.252660634636874 
886	 0.252781136206283 
887	 0.252874459746571 
888	 0.252941351783182 
889	 0.253069375151419 
890	 0.253105011022101 
891	 0.253109507083452 
892	 0.253131093679427 
893	 0.253041396809961 
894	 0.252955589145976 
895	 0.252807017998013 
896	 0.252575184339476 
897	 0.252686719728732 
898	 0.252961931548707 
899	 0.253206333407181 
900	 0.253307517105981 
901	 0.253578812767585 
902	 0.253784662667262 
903	 0.253880867806431 
904	 0.253959671868886 
905	 0.254050618983967 
906	 0.254031992045045 
907	 0.253810482553407 
908	 0.253405157019496 
909	 0.253763215242249 
910	 0.254131655681522 
911	 0.254089682816028 
912	 0.254087891881022 
913	 0.253971403361725 
914	 0.254022752314263 
915	 0.254337289087351 
916	 0.254533202033635 
917	 0.254851671392478 
918	 0.25513797538743 
919	 0.2552312755641 
920	 0.255162393023621 
921	 0.255438226238293 
922	 0.255705737527725 
923	 0.255572332036332 
924	 0.255473331605746 
925	 0.255548077735989 
926	 0.255425087371766 
927	 0.254659205421978 
928	 0.253791357951919 
929	 0.253365285449365 
930	 0.253146473541702 
931	 0.25238187418457 
932	 0.251564398668682 
933	 0.250578615129304 
934	 0.250140722342166 
935	 0.251179219005905 
936	 0.251579214052661 
937	 0.252293782348035 
938	 0.253143522998822 
939	 0.253141811890319 
940	 0.253869300412274 
941	 0.253731230708662 
942	 0.252768885556146 
943	 0.252752010651511 
944	 0.2531506077641 
945	 0.253362055331887 
946	 0.253253781873901 
947	 0.253330667392493 
948	 0.25336330194667 
949	 0.253843913011749 
950	 0.254618767354186 
951	 0.25462107303507 
952	 0.254616792632508 
953	 0.254740789659142 
954	 0.254911376743787 
955	 0.254880309729251 
956	 0.255312317059745 
957	 0.255608801453411 
958	 0.255638649434089 
959	 0.256562022885552 
960	 0.257031770340579 
961	 0.257054490234184 
962	 0.257051622557982 
963	 0.257522619051327 
964	 0.25779755059674 
965	 0.258157024162407 
966	 0.258726438894478 
967	 0.258712480999847 
968	 0.258922622131493 
969	 0.259499106806639 
970	 0.260097542480007 
971	 0.259662409371127 
972	 0.25893730056011 
973	 0.258997383551557 
974	 0.260085799688875 
975	 0.259685303841273 
976	 0.259564875571375 
977	 0.259956339282395 
978	 0.260443640756227 
979	 0.260422507756914 
980	 0.260549239022207 
981	 0.260623963896528 
982	 0.260456127357244 
983	 0.261002332926715 
984	 0.261342633033042 
985	 0.261857547678541 
986	 0.262724242064637 
987	 0.261541122038298 
988	 0.260943908368373 
989	 0.2613063386009 
990	 0.261955220408294 
991	 0.262419667737776 
992	 0.262421930829234 
993	 0.262340768028851 
994	 0.262636693629683 
995	 0.262938096299288 
996	 0.263055816628688 
997	 0.262755567081152 
998	 0.262115779713984 
999	 0.262287718093246 
1000	 0.262258739082583 
1001	 0.272826185969828 
1002	 0.272747713351397 
1003	 0.272751544888269 
1004	 0.272842167184589 
1005	 0.273046516931149 
1006	 0.273090513210393 
1007	 0.273110345739115 
1008	 0.273184044986482 
1009	 0.273202370793754 
1010	 0.273315681645418 
1011	 0.273546090320806 
1012	 0.273783492071886 
1013	 0.273978595953233 
1014	 0.274064474963413 
1015	 0.274126816550674 
1016	 0.274273961748105 
1017	 0.274386522400715 
1018	 0.274523070236561 
1019	 0.274531655830651 
1020	 0.274489594473301 
1021	 0.274444997198455 
1022	 0.274419411211346 
1023	 0.274509321298809 
1024	 0.274757941720675 
1025	 0.274893677101068 
1026	 0.274835957680755 
1027	 0.274926595805203 
1028	 0.274983238076464 
1029	 0.275111121404744 
1030	 0.275294688005148 
1031	 0.275364310573789 
1032	 0.275283801848747 
1033	 0.275351298708284 
1034	 0.27537883720122 
1035	 0.275354280290503 
1036	 0.275514608334599 
1037	 0.275517745472732 
1038	 0.275375727595811 
1039	 0.275409187398742 
1040	 0.275536327703773 
1041	 0.275705405068989 
1042	 0.276079831713352 
1043	 0.276466338334514 
1044	 0.276692100238575 
1045	 0.27686616397428 
1046	 0.276895749784508 
1047	 0.276823224064728 
1048	 0.276832145052627 
1049	 0.276708317484971 
1050	 0.276628542442415 
1051	 0.276724703148001 
1052	 0.27670118097352 
1053	 0.276884605008142 
1054	 0.27709824352533 
1055	 0.277182120544567 
1056	 0.277146991905957 
1057	 0.277116398781732 
1058	 0.277012914497366 
1059	 0.277035823701564 
1060	 0.277050317684878 
1061	 0.277122686188572 
1062	 0.277383141606566 
1063	 0.277367757260736 
1064	 0.277397410936283 
1065	 0.277596921553488 
1066	 0.277723620051567 
1067	 0.277880177872886 
1068	 0.27803941955479 
1069	 0.278151282058533 
1070	 0.278249259712166 
1071	 0.278388984925447 
1072	 0.278400218914209 
1073	 0.278256128881926 
1074	 0.278234422988813 
1075	 0.278202685789003 
1076	 0.278158429747779 
1077	 0.278269432777323 
1078	 0.278360867971884 
1079	 0.278405998102992 
1080	 0.27849802974582 
1081	 0.278679588039781 
1082	 0.278961254624334 
1083	 0.279077958618939 
1084	 0.279113846404603 
1085	 0.279244337283577 
1086	 0.279373369137223 
1087	 0.279371852863881 
1088	 0.279390803877921 
1089	 0.279380345360024 
1090	 0.279191484892798 
1091	 0.279003548498788 
1092	 0.279113621630234 
1093	 0.279176631650477 
1094	 0.279130470153091 
1095	 0.279246531271093 
1096	 0.279325644835535 
1097	 0.27942211179618 
1098	 0.279451090126298 
1099	 0.279482910618969 
1100	 0.279495563428829 
1101	 0.279432806753811 
1102	 0.279382042866992 
1103	 0.279416304063448 
1104	 0.279360158828473 
1105	 0.279141637005285 
1106	 0.279041266298334 
1107	 0.279019120387484 
1108	 0.278925820852334 
1109	 0.278766183456702 
1110	 0.27875127817516 
1111	 0.278796378587482 
1112	 0.278912045085915 
1113	 0.278884431270142 
1114	 0.279019161834827 
1115	 0.278902964055754 
1116	 0.278227603952593 
1117	 0.278057583827709 
1118	 0.278197085083228 
1119	 0.278155358284947 
1120	 0.278405864349962 
1121	 0.278432970626207 
1122	 0.278134910491876 
1123	 0.277875001054659 
1124	 0.277566531171921 
1125	 0.277177471415144 
1126	 0.276964194824208 
1127	 0.276659051146612 
1128	 0.276739656499633 
1129	 0.277314987811505 
1130	 0.277437726081325 
1131	 0.2775296031733 
1132	 0.277652767769087 
1133	 0.277536282023367 
1134	 0.277596118872876 
1135	 0.277724736257155 
1136	 0.278006186323012 
1137	 0.278432532023904 
1138	 0.278761192305064 
1139	 0.279352046409483 
1140	 0.279659738886886 
1141	 0.27991083699756 
1142	 0.280025707850812 
1143	 0.280110640690948 
1144	 0.280105577723507 
1145	 0.280101547472233 
1146	 0.279921137050769 
1147	 0.279995656711842 
1148	 0.280158738763976 
1149	 0.280329371305727 
1150	 0.280644595104678 
1151	 0.280879951956902 
1152	 0.281019104432663 
1153	 0.281251668682495 
1154	 0.281471165236246 
1155	 0.28180128943407 
1156	 0.282108819212623 
1157	 0.282385305985914 
1158	 0.282547299349476 
1159	 0.282615639172593 
1160	 0.282748012523885 
1161	 0.282743686371241 
1162	 0.2830092463764 
1163	 0.283495640133566 
1164	 0.283776429558124 
1165	 0.284105188414793 
1166	 0.284310388219159 
1167	 0.284370730375346 
1168	 0.28446633703039 
1169	 0.284550288991013 
1170	 0.284646745776682 
1171	 0.284764794504141 
1172	 0.284784335522795 
1173	 0.284867283829688 
1174	 0.285026583325899 
1175	 0.285093821811693 
1176	 0.285118168614162 
1177	 0.285190139755877 
1178	 0.285229467762804 
1179	 0.285337029936841 
1180	 0.285584826253043 
1181	 0.285638372487935 
1182	 0.285539334269788 
1183	 0.285570270533793 
1184	 0.285565183038046 
1185	 0.2855883927285 
1186	 0.285752617828336 
1187	 0.285876912727238 
1188	 0.286050641189203 
1189	 0.28598022759832 
1190	 0.286115052704145 
1191	 0.286202744836316 
1192	 0.286135097120457 
1193	 0.286325354792014 
1194	 0.286454792332991 
1195	 0.286569425807155 
1196	 0.286710080159463 
1197	 0.286984472977325 
1198	 0.287024717022851 
1199	 0.286867031207619 
1200	 0.286925641547553 
1201	 0.287049289439955 
1202	 0.287075708798965 
1203	 0.287194539998525 
1204	 0.28723439251527 
1205	 0.287096152064858 
1206	 0.286956246333945 
1207	 0.287085276400028 
1208	 0.287451459068958 
1209	 0.287729865603297 
1210	 0.287754889934316 
1211	 0.287751496340664 
1212	 0.287795414655028 
1213	 0.287854671424135 
1214	 0.28803768337361 
1215	 0.288136901469321 
1216	 0.288218439223192 
1217	 0.288225850655556 
1218	 0.288112407111959 
1219	 0.288156466409107 
1220	 0.288234876959309 
1221	 0.288321044235638 
1222	 0.288583691188524 
1223	 0.288713715812329 
1224	 0.288774102974585 
1225	 0.288752623254497 
1226	 0.288800658954721 
1227	 0.288744974350128 
1228	 0.288821326486174 
1229	 0.289043279220931 
1230	 0.289141762804688 
1231	 0.2892585510415 
1232	 0.289344809319172 
1233	 0.289320871974554 
1234	 0.289333484104841 
1235	 0.289370002961182 
1236	 0.289430742506259 
1237	 0.289494803944332 
1238	 0.289580660705768 
1239	 0.289773230216795 
1240	 0.289838644209733 
1241	 0.289764342941602 
1242	 0.289791535165979 
1243	 0.289775222399524 
1244	 0.289909574902881 
1245	 0.290083695771559 
1246	 0.290137225485858 
1247	 0.290120323865689 
1248	 0.290107580460997 
1249	 0.290099501757677 
1250	 0.290230034136989 
1251	 0.290502456354732 
1252	 0.290691569391255 
1253	 0.290599089775122 
1254	 0.290495220788689 
1255	 0.29057206610699 
1256	 0.290467473790492 
1257	 0.290518752834183 
1258	 0.290951261608729 
1259	 0.291089299908307 
1260	 0.291030819086025 
1261	 0.291130318831554 
1262	 0.291325611106027 
1263	 0.291123356813939 
1264	 0.291059810234796 
1265	 0.291218728935268 
1266	 0.291172883866432 
1267	 0.291401813966924 
1268	 0.291818917309088 
1269	 0.291898228360997 
1270	 0.291831673547595 
1271	 0.291762633045801 
1272	 0.291689368846901 
1273	 0.291706723882547 
1274	 0.291977174353588 
1275	 0.292228178293356 
1276	 0.292197374858084 
1277	 0.292186159431385 
1278	 0.292078701951701 
1279	 0.29182932656788 
1280	 0.291780513499302 
1281	 0.291968026181403 
1282	 0.29197400216498 
1283	 0.291939873527213 
1284	 0.292007510663761 
1285	 0.2919157674418 
1286	 0.291774990937882 
1287	 0.291773111753435 
1288	 0.291910480653999 
1289	 0.292020923671801 
1290	 0.292019633424154 
1291	 0.292063481617326 
1292	 0.292001620627753 
1293	 0.291977363911658 
1294	 0.291989830741599 
1295	 0.291844860458583 
1296	 0.291825516948928 
1297	 0.291856393991389 
1298	 0.291929995104275 
1299	 0.292160853295838 
1300	 0.292194620077736 
1301	 0.292062827473628 
1302	 0.292018553347907 
1303	 0.291984484341289 
1304	 0.29189315352766 
1305	 0.291904089676484 
1306	 0.292013138826975 
1307	 0.292160998321622 
1308	 0.292149858917675 
1309	 0.292101985387057 
1310	 0.292017773529864 
1311	 0.291870358055507 
1312	 0.291858118694503 
1313	 0.291971135470668 
1314	 0.291925916829062 
1315	 0.2918462311126 
1316	 0.291837319858212 
1317	 0.291699367943592 
1318	 0.291721539199845 
1319	 0.291790475323969 
1320	 0.291579426264584 
1321	 0.291487082022276 
1322	 0.291630976106669 
1323	 0.291553012249712 
1324	 0.291518801373944 
1325	 0.291732186413927 
1326	 0.291603390445802 
1327	 0.291391534926175 
1328	 0.291386979866187 
1329	 0.291174893778207 
1330	 0.290988187823753 
1331	 0.290790996740701 
1332	 0.290941105392002 
1333	 0.290841526533528 
1334	 0.290473755474426 
1335	 0.29074863753859 
1336	 0.290807698546673 
1337	 0.290309571654646 
1338	 0.290404890008683 
1339	 0.290449047096896 
1340	 0.289939061251368 
1341	 0.289756664348434 
1342	 0.289905538330165 
1343	 0.289644525002962 
1344	 0.28950501091155 
1345	 0.289689497759324 
1346	 0.28941704923917 
1347	 0.289285614950878 
1348	 0.289406119711872 
1349	 0.289226630190296 
1350	 0.289007452889021 
1351	 0.28853901334688 
1352	 0.287808758279314 
1353	 0.286839355436551 
1354	 0.287358944209614 
1355	 0.288230093992432 
1356	 0.285752160742462 
1357	 0.285370425044066 
1358	 0.287881731825462 
1359	 0.289061665340408 
1360	 0.289148519036141 
1361	 0.296282239069604 
1362	 0.303516190441627 
1363	 0.29628812249442 
1364	 0.300201449201032 
1365	 0.335219071459304 
1366	 0.360012408001729 
1367	 0.376769563456165 
1368	 0.384195030605334 
1369	 0.319941976426017 
1370	 0.275660801611519 
1371	 0.284207150906783 
1372	 0.339488134144185 
1373	 0.378892377561007 
1374	 0.336548774701201 
1375	 0.33972291182933 
1376	 0.344201677353531 
1377	 0.271473925241108 
1378	 0.282519652979538 
1379	 0.361189448758628 
1380	 0.360242738531575 
1381	 0.326707425703577 
1382	 0.324565712054713 
1383	 0.280109273605509 
1384	 0.2052770492006 
1385	 0.22251055245553 
1386	 0.291866723098524 
1387	 0.308578730321267 
1388	 0.298423659949479 
1389	 0.308923634195746 
1390	 0.325651708701255 
1391	 0.307745979265523 
1392	 0.291850401271708 
1393	 0.305863960165294 
1394	 0.29231413670335 
1395	 0.274618468028003 
1396	 0.279327986724825 
1397	 0.278201987423415 
1398	 0.283084288377002 
1399	 0.298557887046645 
1400	 0.293286429744613 
1401	 0.285681237941953 
1402	 0.290701439138366 
1403	 0.284001559316977 
1404	 0.281336696627843 
1405	 0.285607495538334 
1406	 0.274826088013864 
1407	 0.267309972701387 
1408	 0.268170668093084 
1409	 0.26579813185544 
1410	 0.267647921961374 
1411	 0.271600171005385 
1412	 0.273544094271767 
1413	 0.275607635350702 
1414	 0.27520907123907 
1415	 0.27296355856872 
1416	 0.272646640222769 
1417	 0.274029951324209 
1418	 0.275989303936621 
1419	 0.278524004644948 
1420	 0.27770703115064 
1421	 0.274293821288303 
1422	 0.274300629230006 
1423	 0.274963488838591 
1424	 0.273736077742616 
1425	 0.274089656294359 
1426	 0.275123075841345 
1427	 0.275987825889336 
1428	 0.27581004569861 
1429	 0.276362704090678 
1430	 0.277349605228852 
1431	 0.276578423215814 
1432	 0.275096967860354 
1433	 0.276246012883359 
1434	 0.276957322934139 
1435	 0.275840357303598 
1436	 0.276291879918385 
1437	 0.2771652831144 
1438	 0.277174274054731 
1439	 0.278309673379617 
1440	 0.278921342159518 
1441	 0.277206560933429 
1442	 0.276017016440412 
1443	 0.276412555666503 
1444	 0.276720670757924 
1445	 0.277024036251816 
1446	 0.277910090427422 
1447	 0.278505054566459 
1448	 0.27894862796467 
1449	 0.279443522846157 
1450	 0.27968985769016 
1451	 0.27980443643494 
1452	 0.279668034381899 
1453	 0.279946470464722 
1454	 0.280309597400513 
1455	 0.280086170413266 
1456	 0.280334066094519 
1457	 0.28066738703088 
1458	 0.280708692788725 
1459	 0.281117417012333 
1460	 0.281317381480197 
1461	 0.281133115382437 
1462	 0.281302264136512 
1463	 0.281698325099412 
1464	 0.281723169350969 
1465	 0.28157639753934 
1466	 0.281516938365591 
1467	 0.281645159581026 
1468	 0.281897850634316 
1469	 0.28208577289531 
1470	 0.282291028064131 
1471	 0.282495862976269 
1472	 0.282469810662697 
1473	 0.282542764939972 
1474	 0.283124904324557 
1475	 0.28355495050247 
1476	 0.283540785161616 
1477	 0.283595086159962 
1478	 0.283516496703784 
1479	 0.283917524724267 
1480	 0.284863569187389 
1481	 0.285253564996911 
1482	 0.285587583385688 
1483	 0.286049885161492 
1484	 0.28611839499729 
1485	 0.286329641989249 
1486	 0.286715525619059 
1487	 0.287084504537215 
1488	 0.287456259269328 
1489	 0.287697282186933 
1490	 0.288013371590267 
1491	 0.28831344908384 
1492	 0.288409745379615 
1493	 0.288810988813429 
1494	 0.289473343373697 
1495	 0.289781552426125 
1496	 0.289947830074765 
1497	 0.290223698409216 
1498	 0.29050603141368 
1499	 0.290772715162178 
1500	 0.29099876022735 
1501	 0.291285009341918 
1502	 0.291601496566019 
1503	 0.291837752198693 
1504	 0.292145163753477 
1505	 0.292455822747044 
1506	 0.292635736603982 
1507	 0.292870677440962 
1508	 0.29311360536911 
1509	 0.293196635927126 
1510	 0.293350219563759 
1511	 0.29361490796204 
1512	 0.293742065304036 
1513	 0.293882472881556 
1514	 0.294131188516895 
1515	 0.29429110347502 
1516	 0.294464381825562 
1517	 0.29468893430569 
1518	 0.294766554161697 
1519	 0.29487148635088 
1520	 0.295099604783686 
1521	 0.295279290262205 
1522	 0.295409470088388 
1523	 0.295470081414155 
1524	 0.295682843547711 
1525	 0.296040861188031 
1526	 0.296153702580375 
1527	 0.296201281537877 
1528	 0.296445046752534 
1529	 0.296626768311973 
1530	 0.29678097849151 
1531	 0.296986946549665 
1532	 0.297324873826899 
1533	 0.297400736446871 
1534	 0.297307124337757 
1535	 0.297423475354876 
1536	 0.297517919988498 
1537	 0.297602533200394 
1538	 0.297739220469646 
1539	 0.297986653328459 
1540	 0.298050335401808 
1541	 0.298104411617253 
1542	 0.298271772697303 
1543	 0.29839613717931 
1544	 0.298419862677241 
1545	 0.298534155154565 
1546	 0.29864690357584 
1547	 0.298570270678151 
1548	 0.298685125018727 
1549	 0.298870092289014 
1550	 0.298976545844513 
1551	 0.299264081598492 
1552	 0.299498729219846 
1553	 0.299513052830836 
1554	 0.299539165669543 
1555	 0.299679392189299 
1556	 0.299742664712852 
1557	 0.299900432525829 
1558	 0.300182321262419 
1559	 0.300138501913141 
1560	 0.300091186357626 
1561	 0.300312277931705 
1562	 0.300420440795547 
1563	 0.300539672874724 
1564	 0.300769048808435 
1565	 0.30084201003978 
1566	 0.300784482784517 
1567	 0.300788160291826 
1568	 0.300813572320579 
1569	 0.300922413672779 
1570	 0.30118817192913 
1571	 0.301405895416888 
1572	 0.301562119799037 
1573	 0.301559386122901 
1574	 0.301455155840631 
1575	 0.301534649201456 
1576	 0.301606563464929 
1577	 0.301783691851347 
1578	 0.302076694760055 
1579	 0.302061634650845 
1580	 0.302151752377702 
1581	 0.302275254264256 
1582	 0.302129559358951 
1583	 0.30239543260766 
1584	 0.302624102328497 
1585	 0.302364991374151 
1586	 0.302264181960042 
1587	 0.302325655244142 
1588	 0.302527620730973 
1589	 0.302757441189544 
1590	 0.302839458471795 
1591	 0.303003921514522 
1592	 0.303007173788558 
1593	 0.302926888465375 
1594	 0.303188166669156 
1595	 0.303310869872586 
1596	 0.303224855079605 
1597	 0.303447925070774 
1598	 0.303607339430371 
1599	 0.303659325404869 
1600	 0.303931431842693 
1601	 0.303966691543251 
1602	 0.303902168393481 
1603	 0.30422199130032 
1604	 0.304469120226976 
1605	 0.304515597702669 
1606	 0.304720653968224 
1607	 0.304697874079347 
1608	 0.304544746467987 
1609	 0.304853892426648 
1610	 0.305208005179212 
1611	 0.305282979932533 
1612	 0.305248662120464 
1613	 0.305135326205212 
1614	 0.305018372472958 
1615	 0.305095556286331 
1616	 0.305322241145104 
1617	 0.305336075577854 
1618	 0.305286948082647 
1619	 0.3054097413634 
1620	 0.305439745818874 
1621	 0.30545959879831 
1622	 0.305540966706734 
1623	 0.305477368542229 
1624	 0.305511377719596 
1625	 0.305680232224495 
1626	 0.30582463694376 
1627	 0.305870024928337 
1628	 0.305801986652087 
1629	 0.305991909082603 
1630	 0.306083930209558 
1631	 0.306066903714405 
1632	 0.306519495985753 
1633	 0.306642336037963 
1634	 0.306649737942152 
1635	 0.307018072884994 
1636	 0.306871573261256 
1637	 0.30676753382074 
1638	 0.306965208054867 
1639	 0.306906867487364 
1640	 0.307028310997721 
1641	 0.307085155245356 
1642	 0.307034234459747 
1643	 0.307197185265856 
1644	 0.307267185841909 
1645	 0.307334338936203 
1646	 0.307319297156755 
1647	 0.307300996867421 
1648	 0.307388748616335 
1649	 0.307417062377837 
1650	 0.307697058612312 
1651	 0.307849782810545 
1652	 0.307692650079102 
1653	 0.307827643587293 
1654	 0.307927150213448 
1655	 0.307814267191637 
1656	 0.307958739120326 
1657	 0.308145395896113 
1658	 0.308207496482584 
1659	 0.308396065905839 
1660	 0.308574420784502 
1661	 0.308659788773454 
1662	 0.308606797988271 
1663	 0.308494745096148 
1664	 0.308543023831901 
1665	 0.308614947929894 
1666	 0.308699577347007 
1667	 0.30882743792626 
1668	 0.308841349935446 
1669	 0.308884986662943 
1670	 0.308957434488408 
1671	 0.308982111488425 
1672	 0.309083557861891 
1673	 0.309012565754937 
1674	 0.308859408920724 
1675	 0.309071977229411 
1676	 0.309409275513762 
1677	 0.309431967759117 
1678	 0.309337444148173 
1679	 0.309212275451246 
1680	 0.308876116818198 
1681	 0.309010315301383 
1682	 0.309559764665039 
1683	 0.309695117483597 
1684	 0.309751533806626 
1685	 0.309754126217395 
1686	 0.309329971774879 
1687	 0.309131383546277 
1688	 0.309251931615442 
1689	 0.30922075662139 
1690	 0.30926483552412 
1691	 0.309441203073561 
1692	 0.309350768910359 
1693	 0.309286649523936 
1694	 0.309512287803654 
1695	 0.309521992112827 
1696	 0.309444112269234 
1697	 0.309414495219615 
1698	 0.309294252728728 
1699	 0.309398458746728 
1700	 0.309736706069914 
1701	 0.310029136257554 
1702	 0.309997179420943 
1703	 0.309994657894244 
1704	 0.309790521624068 
1705	 0.309778114492519 
1706	 0.310029011263729 
1707	 0.310087628532142 
1708	 0.310125857018894 
1709	 0.310117084652 
1710	 0.309771484637438 
1711	 0.309690474181877 
1712	 0.309854644493382 
1713	 0.309882705575203 
1714	 0.310083990349048 
1715	 0.310191865767929 
1716	 0.310134104843201 
1717	 0.310074574099286 
1718	 0.309857080080107 
1719	 0.309868765583642 
1720	 0.310164772403284 
1721	 0.310081488719145 
1722	 0.309882945259695 
1723	 0.309842428551488 
1724	 0.30950309358589 
1725	 0.309484880053112 
1726	 0.31002889792113 
1727	 0.310008395693673 
1728	 0.309601439337822 
1729	 0.309533609225676 
1730	 0.309335963605483 
1731	 0.309410309449638 
1732	 0.31000065522921 
1733	 0.310038657350939 
1734	 0.309846051197994 
1735	 0.309759848203653 
1736	 0.309445982663756 
1737	 0.309353967825553 
1738	 0.309462043848392 
1739	 0.309427165660071 
1740	 0.309269463207613 
1741	 0.309350488020694 
1742	 0.309619866466665 
1743	 0.309669282264525 
1744	 0.309839424872909 
1745	 0.309670078563478 
1746	 0.308990412460136 
1747	 0.30897665466308 
1748	 0.309157554368362 
1749	 0.309350057537016 
1750	 0.310004400495045 
1751	 0.309986694823982 
1752	 0.309906805217197 
1753	 0.309943934319924 
1754	 0.309656083229721 
1755	 0.309584822989142 
1756	 0.309729217427814 
1757	 0.309929711227439 
1758	 0.310192866363668 
1759	 0.310149585174106 
1760	 0.309988302260455 
1761	 0.309948547893539 
1762	 0.309961785403694 
1763	 0.310323300239647 
1764	 0.310923409687199 
1765	 0.31094004513989 
1766	 0.310670560395781 
1767	 0.310218187992888 
1768	 0.309426481839777 
1769	 0.309154682861856 
1770	 0.309333241609545 
1771	 0.309757679982218 
1772	 0.309998445260525 
1773	 0.310253116020088 
1774	 0.310239986714374 
1775	 0.309946945114099 
1776	 0.309843728828404 
1777	 0.309332760414715 
1778	 0.309238371746556 
1779	 0.30981155288427 
1780	 0.309937780819167 
1781	 0.310207551962291 
1782	 0.310049732898553 
1783	 0.309138440516362 
1784	 0.308682327471152 
1785	 0.308205485813362 
1786	 0.30791428803467 
1787	 0.30799055044013 
1788	 0.307927813378942 
1789	 0.307763912562565 
1790	 0.307792620036409 
1791	 0.30792841986877 
1792	 0.308121190275321 
1793	 0.308543614086406 
1794	 0.308786751552067 
1795	 0.309486181101274 
1796	 0.30927814579442 
1797	 0.308143117834485 
1798	 0.307541216560209 
1799	 0.305916614275079 
1800	 0.305538506796384 
1801	 0.30671404036424 
1802	 0.306897574330741 
1803	 0.307236482828034 
1804	 0.307569222586406 
1805	 0.307507203703119 
1806	 0.307918746111211 
1807	 0.309405947608432 
1808	 0.308848797918599 
1809	 0.306560739360722 
1810	 0.303274760674271 
1811	 0.301432356780625 
1812	 0.303580526156102 
1813	 0.304304295217844 
1814	 0.305601333915496 
1815	 0.305406589413995 
1816	 0.300387213504851 
1817	 0.298527051719873 
1818	 0.300190568656661 
1819	 0.302398390542302 
1820	 0.311829096688358 
1821	 0.31709313032225 
1822	 0.317613721011948 
1823	 0.319282313695798 
1824	 0.317410957593176 
1825	 0.314619698021603 
1826	 0.3106217415229 
1827	 0.310533203067899 
1828	 0.316443580619497 
1829	 0.309389436453183 
1830	 0.28463786263591 
1831	 0.259848541570029 
1832	 0.29177367915165 
1833	 0.303570432808482 
1834	 0.444334509675558 
1835	 0.565808170664408 
1836	 0.237559884424837 
1837	 0.223754401919567 
1838	 0.365283553456875 
1839	 0.435906437830995 
1840	 0.760281733133244 
1841	 1.27516929772418 
1842	 1.77610934483913 
1843	 1.37986052304146 
1844	 1.5694305047818 
1845	 10.4427634423557 
1846	-39.7142049877594 
1847	 1.19721550869776 
1848	 1.12603170205584 
1849	-0.765131127884857 
1850	-0.401649472863066 
1851	-0.253513352377865 
1852	 2.07456749913169 
1853	 1.90585253010465 
1854	 1.77419017897631 
1855	 1.23359233762753 
1856	-0.122457566697207 
1857	-0.392635477414287 
1858	-8.48020368685419E-02 
1859	 3.16667181107592 
1860	 2.8369917198902 
1861	 9.01642285258516 
1862	 2.34658930261175 
1863	-0.363714165908472 
1864	-0.364457954275547 
1865	-0.102095639856684 
1866	-0.182494243850605 
1867	-0.380437488149682 
1868	-0.353960284167027 
1869	-4.79015289465112E-02 
1870	 0.187198129530593 
1871	 0.200816298470714 
1872	 1.05926118856196 
1873	 1.16956963671535 
1874	 0.482520710700913 
1875	 0.29060480643925 
1876	 0.1726864252898 
1877	 0.163059545686907 
1878	 0.103684113747002 
1879	-9.10977713570651E-03 
1880	 3.54871187439533E-02 
1881	 0.253594258352651 
1882	 0.32332431045674 
1883	 0.380330405010857 
1884	 0.363891233743317 
1885	 0.312372816960144 
1886	 0.345097700046569 
1887	 0.200750127621313 
1888	 0.173133733387748 
1889	 0.234516314181889 
1890	 0.142872340729569 
1891	 0.107553252313378 
1892	 0.120011530976778 
1893	 9.23034518407538E-02 
1894	-1.76529130679732E-02 
1895	-1.07067336727462E-02 
1896	 0.128658967314197 
1897	 6.58938233574896E-02 
1898	 0.106135839501946 
1899	 0.362279169039808 
1900	 0.39201863003118 
1901	 0.169741792030484 
1902	 4.98260289700955E-02 
1903	-0.371160859156306 
1904	-0.357053790987904 
1905	-0.102152970608687 
1906	 0.221696995838053 
1907	 0.623706186641136 
1908	 0.654881404639436 
1909	 0.405705301725901 
1910	 0.230029177296124 
1911	 0.126010299216349 
1912	 6.86364895428145E-02 
1913	 0.10380001998383 
1914	 0.28836919285968 
1915	 0.308745026315249 
1916	 0.306828949886809 
1917	 0.294234999695412 
1918	 0.238167401655211 
1919	 0.214411451722465 
1920	 0.225265229955464 
1921	 0.221115367231655 
1922	 0.238387200157344 
1923	 0.232749806939124 
1924	 0.229650470340375 
1925	 0.222725699588704 
1926	 0.240739440357777 
1927	 0.21350258182201 
1928	 0.197213477081129 
1929	 0.217770937784883 
1930	 0.213603216787938 
1931	 0.214984338514505 
1932	 0.225452949671529 
1933	 0.226751560178548 
1934	 0.228316959773992 
1935	 0.225879283402772 
1936	 0.223800140431825 
1937	 0.223305249657318 
1938	 0.228514748453321 
1939	 0.232307391427097 
1940	 0.231151820988035 
1941	 0.232744861117773 
1942	 0.228511760227379 
1943	 0.222898468834676 
1944	 0.225329839455911 
1945	 0.229586898172633 
1946	 0.232880779554419 
1947	 0.238095372810079 
1948	 0.236830534658116 
1949	 0.23680443849907 
1950	 0.241990011373466 
1951	 0.239334911320992 
1952	 0.240996907009475 
1953	 0.247736505630812 
1954	 0.245047975398638 
1955	 0.243893409484316 
1956	 0.247829209656174 
1957	 0.247925597956468 
1958	 0.247735638872748 
1959	 0.247741030196052 
1960	 0.250030810922363 
1961	 0.251541985660354 
1962	 0.250690537341531 
1963	 0.25008666220993 
1964	 0.251698319847499 
1965	 0.251253671757491 
1966	 0.250787782953969 
1967	 0.253438067508517 
1968	 0.255646711360227 
1969	 0.256562443589863 
1970	 0.257113631787756 
1971	 0.257363008412243 
1972	 0.25680236189093 
1973	 0.2570820679174 
1974	 0.257633408325982 
1975	 0.258043136162088 
1976	 0.258671815718655 
1977	 0.259229591720107 
1978	 0.25969872132324 
1979	 0.260064889672032 
1980	 0.261054235254783 
1981	 0.261900480022219 
1982	 0.262546730359118 
1983	 0.262832995865146 
1984	 0.263941930949538 
1985	 0.2645055455075 
1986	 0.264745221486766 
1987	 0.265136955136863 
1988	 0.265249466142302 
1989	 0.265968382059832 
1990	 0.266528651038785 
1991	 0.266723347677356 
1992	 0.267118123178086 
1993	 0.267588809258284 
1994	 0.26822754405941 
1995	 0.268734939352248 
1996	 0.269306008304812 
1997	 0.269843958286747 
1998	 0.270087858835919 
1999	 0.270151871099634 
2000	 0.270942777492131 
2001	 0.271926196170101 
2002	 0.273444066795341 
2003	 0.274365559559151 
2004	 0.274438676840974 
2005	 0.275128274163975 
2006	 0.275903651119944 
2007	 0.276819417408643 
2008	 0.278146040467574 
2009	 0.280394649607163 
2010	 0.280459013384865 
2011	 0.281791714807698 
2012	 0.281338367882192 
2013	 0.279993550864187 
2014	 0.282418108325572 
2015	 0.28431507493504 
2016	 0.284238589184916 
2017	 0.283644528675496 
2018	 0.282366384054911 
2019	 0.282110980518386 
2020	 0.281628184479675 
2021	 0.282026912014459 
2022	 0.28368190649928 
2023	 0.28418834157643 
2024	 0.284326333102833 
2025	 0.284387621143564 
2026	 0.284186489739921 
2027	 0.284864422371716 
2028	 0.285507149933624 
2029	 0.285253211280046 
2030	 0.285127118099505 
2031	 0.285300486107547 
2032	 0.2853282654777 
2033	 0.285130326587958 
2034	 0.285274215142428 
2035	 0.285836507198406 
2036	 0.285856817164007 
2037	 0.285621051821265 
2038	 0.285530589275066 
2039	 0.284965473379203 
2040	 0.284332566047093 
2041	 0.284275052048559 
2042	 0.284702607751262 
2043	 0.28534314289967 
2044	 0.286043124647744 
2045	 0.286083155665581 
2046	 0.28518150073669 
2047	 0.285085466794706 
2048	 0.285176334194195 
2049	 0.284984784110861 
2050	 0.284989674092285 
2051	 0.285243224280356 
2052	 0.284767857672428 
2053	 0.284671453400938 
2054	 0.285211321034552 
2055	 0.286009712718017 
2056	 0.286619531154534 
2057	 0.286421617140113 
2058	 0.286531267042842 
2059	 0.287082165944605 
2060	 0.287350412810192 
2061	 0.287919921391324 
2062	 0.288055216061597 
2063	 0.287520655766325 
2064	 0.287541560123475 
2065	 0.287827181250428 
2066	 0.28783718573613 
2067	 0.287466693974143 
2068	 0.286780161308926 
2069	 0.286692438987466 
2070	 0.287094943670993 
2071	 0.287902995525833 
2072	 0.288730112708742 
2073	 0.288399516514811 
2074	 0.288021288612608 
2075	 0.288018094618089 
2076	 0.288148590431514 
2077	 0.288347157952534 
2078	 0.288975604850111 
2079	 0.288945887086986 
2080	 0.288338708792199 
2081	 0.288556127857485 
2082	 0.288966365190624 
2083	 0.288974416529538 
2084	 0.289366336451204 
2085	 0.289872737384134 
2086	 0.289113208410229 
2087	 0.288445971046071 
2088	 0.289053430710549 
2089	 0.28889014410743 
2090	 0.288819596368113 
2091	 0.289102823663302 
2092	 0.289556759951955 
2093	 0.289876920251093 
2094	 0.290059854751185 
2095	 0.290778778606654 
2096	 0.290785954072001 
2097	 0.289991479790183 
2098	 0.289576203713731 
2099	 0.289520250814524 
2100	 0.289014524996358 
2101	 0.289197026687369 
2102	 0.289354385183783 
2103	 0.288976547370051 
2104	 0.28964693253981 
2105	 0.290461836448188 
2106	 0.290383887545569 
2107	 0.290609390295413 
2108	 0.291107492134639 
2109	 0.291308724134975 
2110	 0.291180622779347 
2111	 0.291386393108519 
2112	 0.291476048197911 
2113	 0.291772501084029 
2114	 0.292280762005042 
2115	 0.292988435741514 
2116	 0.293157371720548 
2117	 0.293098966730398 
2118	 0.293415338803525 
2119	 0.293644499451427 
2120	 0.293247941569599 
2121	 0.293330341126459 
2122	 0.293571005518753 
2123	 0.293062955439218 
2124	 0.292878799008104 
2125	 0.293424045836309 
2126	 0.293792787689552 
2127	 0.293634682676656 
2128	 0.293689787980348 
2129	 0.294275628745769 
2130	 0.29447563681868 
2131	 0.294277426562118 
2132	 0.294278185289018 
2133	 0.2944934350587 
2134	 0.294631085276117 
2135	 0.294170087462041 
2136	 0.29384767666003 
2137	 0.293954862315196 
2138	 0.294283990474842 
2139	 0.294316793777129 
2140	 0.294089813869369 
2141	 0.294698680826227 
2142	 0.295301068279819 
2143	 0.295055697882139 
2144	 0.294414960195121 
2145	 0.294548148805709 
2146	 0.294147328613766 
2147	 0.293954693114397 
2148	 0.294924322185785 
2149	 0.2951428768195 
2150	 0.294434745376289 
2151	 0.294291250427298 
2152	 0.294478903463341 
2153	 0.294252934894277 
2154	 0.294510628021491 
2155	 0.294740067189967 
2156	 0.294369855396436 
2157	 0.294438706052898 
2158	 0.29411736108797 
2159	 0.293131822403578 
2160	 0.29302295171234 
2161	 0.293801196184784 
2162	 0.294008909106636 
2163	 0.293137213826839 
2164	 0.293057550434341 
2165	 0.292622471914337 
2166	 0.292678545417226 
2167	 0.293937569636747 
2168	 0.294265627825808 
2169	 0.293669988117565 
2170	 0.293245292222686 
2171	 0.292610699263343 
2172	 0.292405376204715 
2173	 0.292497390298282 
2174	 0.292582226256832 
2175	 0.292716957086045 
2176	 0.292605416924477 
2177	 0.291866752086079 
2178	 0.291455375345308 
2179	 0.291250334559177 
2180	 0.290606745270622 
2181	 0.290958323654831 
2182	 0.292355280462256 
2183	 0.292689082136289 
2184	 0.292588935065182 
2185	 0.292709131802032 
2186	 0.292408744096657 
2187	 0.292019412410434 
2188	 0.291734171037711 
2189	 0.291479068409895 
2190	 0.290664528852137 
2191	 0.29049925245715 
2192	 0.291189482625965 
2193	 0.291316183086502 
2194	 0.291296384008781 
2195	 0.291417799288517 
2196	 0.291448743757323 
2197	 0.291210229628971 
2198	 0.291263533603411 
2199	 0.290746250356534 
2200	 0.289688955497614 
2201	 0.289847223004184 
2202	 0.291109084719465 
2203	 0.29121382674926 
2204	 0.290664672474868 
2205	 0.290361503681255 
2206	 0.289805001169891 
2207	 0.288955475123474 
2208	 0.289256472704965 
2209	 0.290415858932289 
2210	 0.290011217465393 
2211	 0.287935029117705 
2212	 0.287987114771727 
2213	 0.288442134203636 
2214	 0.288596028954767 
2215	 0.290017311217462 
2216	 0.291099855692714 
2217	 0.291661567090241 
2218	 0.291698383142338 
2219	 0.292198946950999 
2220	 0.292118091105794 
2221	 0.291080639983249 
2222	 0.28980410552949 
2223	 0.289128394911962 
2224	 0.28923418158945 
2225	 0.28983464162048 
2226	 0.290144267327791 
2227	 0.291130492252401 
2228	 0.291655181460745 
2229	 0.290797979379829 
2230	 0.290453681737919 
2231	 0.290293540027267 
2232	 0.289454489898689 
2233	 0.288416530600038 
2234	 0.288180047607489 
2235	 0.288482396605875 
2236	 0.288519638623203 
2237	 0.288390054583271 
2238	 0.288672742691222 
2239	 0.288881550910979 
2240	 0.2890091607461 
2241	 0.288606756281255 
2242	 0.28802902788018 
2243	 0.28761028167 
2244	 0.285742648480075 
2245	 0.285633472090183 
2246	 0.288620060157481 
2247	 0.28858394515615 
2248	 0.286220710115054 
2249	 0.286050755550674 
2250	 0.285586961281867 
2251	 0.285510014925784 
2252	 0.285563344946416 
2253	 0.28506660701186 
2254	 0.283245670118156 
2255	 0.280824305045449 
2256	 0.281061632953254 
2257	 0.282407935986414 
2258	 0.282341041123193 
2259	 0.282300654072988 
2260	 0.282213207200887 
2261	 0.281624091213152 
2262	 0.281719322749783 
2263	 0.281609465213991 
2264	 0.281202779731996 
2265	 0.281275472150765 
2266	 0.280608217736302 
2267	 0.28030786913108 
2268	 0.281170028458004 
2269	 0.281385912950141 
2270	 0.280997445779923 
2271	 0.280954797913395 
2272	 0.280285231707752 
2273	 0.277428366685085 
2274	 0.277028631288096 
2275	 0.278176810941794 
2276	 0.277631741398703 
2277	 0.277230151585841 
2278	 0.277466117459438 
2279	 0.277665949817292 
2280	 0.276890809253562 
2281	 0.27569929888199 
2282	 0.275261870676471 
2283	 0.273773923164238 
2284	 0.273399992923844 
2285	 0.275307097796216 
2286	 0.2756921149329 
2287	 0.274861216535706 
2288	 0.275161601223 
2289	 0.275267634895974 
2290	 0.274347358562236 
2291	 0.273123280245516 
2292	 0.272673286984951 
2293	 0.273045522882143 
2294	 0.274047947108368 
2295	 0.274788607981287 
2296	 0.273778844651543 
2297	 0.271602009382211 
2298	 0.270539878405967 
2299	 0.271136840079084 
2300	 0.271054773720261 
2301	 0.270517682658317 
2302	 0.269717136121007 
2303	 0.269711779510558 
2304	 0.270217123122648 
2305	 0.271459113662137 
2306	 0.272975067946991 
2307	 0.271899013633276 
2308	 0.271026384961064 
2309	 0.271058046044471 
2310	 0.271362551045924 
2311	 0.271465187539349 
2312	 0.270494141357197 
2313	 0.26865004500222 
2314	 0.266251608705742 
2315	 0.267411577156397 
2316	 0.271625615077157 
2317	 0.272021274222342 
2318	 0.269828274151323 
2319	 0.269691433458598 
2320	 0.266586323698805 
2321	 0.26531989726809 
2322	 0.268537268779582 
2323	 0.268290294214322 
2324	 0.264437878860414 
2325	 0.264324890511257 
2326	 0.265916944782478 
2327	 0.265562454917489 
2328	 0.264833285027256 
2329	 0.265973595095235 
2330	 0.267992073982334 
2331	 0.268348250707092 
2332	 0.270191666139303 
2333	 0.270558281825559 
2334	 0.266575232115791 
2335	 0.26576116622728 
2336	 0.268518672679395 
2337	 0.26829137171172 
2338	 0.266403188677617 
2339	 0.266506540031762 
2340	 0.26692357688831 
2341	 0.266050091753715 
2342	 0.266667128660974 
2343	 0.267023103588192 
2344	 0.266834354241763 
2345	 0.265950361698115 
2346	 0.266208604957181 
2347	 0.26391189283147 
2348	 0.25931467960876 
2349	 0.260442926479634 
2350	 0.263520773490721 
2351	 0.261785889415847 
2352	 0.258966218599651 
2353	 0.259748888020111 
2354	 0.261012881742904 
2355	 0.261744538755485 
2356	 0.26301792779701 
2357	 0.263250769471611 
2358	 0.259685512638171 
2359	 0.256158844252582 
2360	 0.259429257980876 
2361	 0.262273249026765 
2362	 0.26170864128987 
2363	 0.262751846214462 
2364	 0.263020372858662 
2365	 0.26137728255586 
2366	 0.260203835145214 
2367	 0.260486645523844 
2368	 0.260028311216662 
2369	 0.258252494851581 
2370	 0.255767013708133 
2371	 0.255539379593854 
2372	 0.257833360505583 
2373	 0.256756060750618 
2374	 0.256368386889103 
2375	 0.256276771686603 
2376	 0.256239124069735 
2377	 0.257447317600798 
2378	 0.259048061417428 
2379	 0.264083090803824 
2380	 0.263645088077339 
2381	 0.259058457750746 
2382	 0.255448919708822 
2383	 0.257916341025592 
2384	 0.266864313416512 
2385	 0.266866766344266 
2386	 0.261175268225601 
2387	 0.256056194235952 
2388	 0.250657404059321 
2389	 0.251099095048902 
2390	 0.256825159920086 
2391	 0.260912544704882 
2392	 0.254799602598432 
2393	 0.250765274707573 
2394	 0.254792985852357 
2395	 0.251374547977864 
2396	 0.249593261657286 
2397	 0.249999286199088 
2398	 0.247450576836923 
2399	 0.24876369199991 
2400	 0.246316384008712 
2401	 0.242365765901438 
2402	 0.239835182854397 
2403	 0.23578749634599 
2404	 0.235543289753778 
2405	 0.239854989170956 
2406	 0.240380322410702 
2407	 0.236396634666338 
2408	 0.239721096727416 
2409	 0.244930445440937 
2410	 0.240768204833253 
2411	 0.240566931421871 
2412	 0.237793869869336 
2413	 0.219406614656924 
2414	 0.222876821626735 
2415	 0.231610358149844 
2416	 0.219187260942168 
2417	 0.230529621009204 
2418	 0.245947306576456 
2419	 0.233882063461664 
2420	 0.235984486239043 
2421	 0.246788881190368 
2422	 0.236903387373249 
2423	 0.242080697159029 
2424	 0.253029960345121 
2425	 0.24587900317556 
2426	 0.236409046868275 
2427	 0.23364585613832 
2428	 0.237130806049371 
2429	 0.231881565140204 
2430	 0.234319902509835 
2431	 0.240940858556645 
2432	 0.230508181269785 
2433	 0.230127699288091 
2434	 0.233624598184678 
2435	 0.223181128762259 
2436	 0.22688694893595 
2437	 0.235559592075565 
2438	 0.229517186329093 
2439	 0.228558778019242 
2440	 0.224779616607826 
2441	 0.219781502942715 
2442	 0.242511299830956 
2443	 0.257980471331374 
2444	 0.243206243165224 
2445	 0.235924491533653 
2446	 0.222754476852569 
2447	 0.215020811007537 
2448	 0.237732340980544 
2449	 0.236131911397697 
2450	 0.204073073844612 
2451	 0.183626526236692 
2452	 0.186666025968697 
2453	 0.201898512601973 
2454	 0.217494808571217 
2455	 0.220026093150399 
2456	 0.215542607267966 
2457	 0.22334400053358 
2458	 0.240422871753196 
2459	 0.248949937755456 
2460	 0.224887025438223 
2461	 0.203591198897759 
2462	 0.208772722981504 
2463	 0.208826467192779 
2464	 0.209293818210572 
2465	 0.211688187250479 
2466	 0.207240248621653 
2467	 0.217984216096021 
2468	 0.24065094820298 
2469	 0.240441262885144 
2470	 0.21855622416024 
2471	 0.215386498683088 
2472	 0.204744259910609 
2473	 0.227695682738867 
2474	 0.284627300828381 
2475	 0.279047192557618 
2476	 0.272304679680894 
2477	 0.280415013868095 
2478	 0.25775124418954 
2479	 0.295928365165068 
2480	 0.261378039595886 
2481	 0.179151627284423 
2482	 0.149784149616047 
2483	 0.156463868992764 
2484	 0.141264436308242 
2485	 0.138284375582556 
2486	 0.190863712482121 
2487	 0.120254440565905 
2488	 1.88161641964857E-02 
2489	 0.100411750945222 
2490	 0.084160538265955 
2491	 5.30760221559737E-02 
2492	 0.344400962693247 
2493	 0.541538942355341 
2494	 0.381904940347702 
2495	 0.150092131810105 
2496	 0.168118885700317 
2497	-1.34705036215621E-02 
2498	-0.187513326647245 
2499	 7.61248131046584E-02 
2500	-5.31480488174068E-02 
