Wavelength	09/27/123 at 12:21:29
350	 0.109695470776267 
351	 0.11006344727811 
352	 0.110479147175653 
353	 0.11079301448024 
354	 0.111043066990881 
355	 0.111812605747259 
356	 0.112473458755202 
357	 0.112686113234122 
358	 0.112889856968999 
359	 0.113407962020021 
360	 0.113999951371485 
361	 0.114221395816257 
362	 0.114506810805016 
363	 0.1149537764813 
364	 0.115524368822417 
365	 0.115997704167158 
366	 0.116412673014544 
367	 0.116853494193149 
368	 0.117410048393104 
369	 0.117911547611737 
370	 0.118455989517848 
371	 0.119099326507693 
372	 0.119734131890297 
373	 0.120321615049534 
374	 0.120820318039027 
375	 0.121223651020196 
376	 0.121894159429159 
377	 0.122691566081463 
378	 0.123473552825444 
379	 0.124228148513664 
380	 0.124840506936295 
381	 0.125455576618127 
382	 0.126326675806292 
383	 0.127324656270816 
384	 0.128347697659795 
385	 0.129197774036637 
386	 0.129432245072221 
387	 0.129941669962287 
388	 0.130837665243359 
389	 0.131824333209782 
390	 0.132502894289959 
391	 0.133150506129518 
392	 0.133942499033708 
393	 0.134750404117426 
394	 0.135547132901439 
395	 0.136228710535556 
396	 0.136712154396489 
397	 0.137283863989176 
398	 0.137739645248456 
399	 0.138067894067411 
400	 0.138677343353676 
401	 0.139195872684133 
402	 0.13964601645974 
403	 0.140176680204835 
404	 0.140770745462456 
405	 0.141339881159678 
406	 0.14186042793075 
407	 0.142439861949073 
408	 0.142991451099047 
409	 0.143517761629992 
410	 0.1440587508156 
411	 0.14464566957611 
412	 0.145256867364012 
413	 0.145875281060463 
414	 0.146496971237333 
415	 0.14710882490636 
416	 0.147659961199342 
417	 0.148115993580601 
418	 0.148669951762881 
419	 0.149277319588273 
420	 0.149894990409007 
421	 0.150525761005839 
422	 0.151165235204291 
423	 0.151802216346238 
424	 0.152428929324826 
425	 0.153086323721916 
426	 0.153806576348048 
427	 0.154600895055592 
428	 0.15546538149338 
429	 0.156245859831941 
430	 0.156902886483332 
431	 0.157471109164038 
432	 0.158090409464242 
433	 0.158722277667215 
434	 0.159348582491872 
435	 0.160000716822876 
436	 0.160739592317091 
437	 0.161498893967289 
438	 0.162182610386244 
439	 0.162788358396058 
440	 0.163366780038378 
441	 0.163950696321986 
442	 0.164541426432391 
443	 0.165212988792313 
444	 0.165866936231811 
445	 0.16640575747643 
446	 0.166996196838233 
447	 0.167580592035964 
448	 0.168128732405603 
449	 0.168671624026661 
450	 0.169251906591484 
451	 0.169829304628296 
452	 0.170346112609836 
453	 0.170806471551856 
454	 0.171300024415845 
455	 0.171823374830278 
456	 0.172264817360205 
457	 0.172726374656739 
458	 0.173189836984364 
459	 0.173612831702029 
460	 0.173967044168763 
461	 0.174362847452906 
462	 0.174809033172004 
463	 0.175188131905365 
464	 0.175589803736808 
465	 0.176013506150765 
466	 0.176438567110621 
467	 0.176872496695915 
468	 0.177265169373403 
469	 0.177621915798962 
470	 0.178001866594613 
471	 0.178394146914517 
472	 0.178797734027159 
473	 0.179209785108805 
474	 0.179631237159006 
475	 0.180063228681913 
476	 0.180475187213121 
477	 0.180818518516758 
478	 0.181219639762261 
479	 0.181699900564106 
480	 0.182227881758747 
481	 0.182671202053841 
482	 0.183093883837839 
483	 0.183583531218232 
484	 0.184226701546223 
485	 0.184809849337964 
486	 0.185371316022793 
487	 0.185943722628794 
488	 0.186421135003714 
489	 0.186978782488607 
490	 0.187607799322705 
491	 0.188198228969492 
492	 0.188711068598646 
493	 0.189254400447395 
494	 0.189892902816622 
495	 0.190541881337749 
496	 0.191143514184069 
497	 0.191733977115481 
498	 0.192391859620959 
499	 0.193116602162562 
500	 0.193841228789645 
501	 0.194509423067178 
502	 0.195078789313932 
503	 0.195673529211544 
504	 0.196283523507163 
505	 0.196871674686197 
506	 0.197576046357027 
507	 0.198288702654814 
508	 0.198935011245436 
509	 0.199518641613609 
510	 0.200135556317663 
511	 0.200806978056194 
512	 0.201507558693872 
513	 0.202141151514896 
514	 0.202782855224116 
515	 0.203478100351537 
516	 0.204222594489634 
517	 0.204934828100264 
518	 0.205619630021694 
519	 0.206287341728753 
520	 0.206909462310639 
521	 0.207568058575925 
522	 0.208258971499887 
523	 0.208901930049226 
524	 0.209570705778485 
525	 0.21029360761116 
526	 0.21105750546343 
527	 0.211742108677521 
528	 0.212436299976519 
529	 0.213140953926388 
530	 0.213810917412004 
531	 0.214538820429977 
532	 0.215304267490003 
533	 0.216070399625828 
534	 0.216830663339827 
535	 0.217584752236905 
536	 0.218323996578125 
537	 0.219039852292859 
538	 0.219804260809403 
539	 0.22065538644567 
540	 0.22156577457076 
541	 0.222379461513204 
542	 0.223214863042987 
543	 0.22406549533729 
544	 0.224886658409533 
545	 0.225716507206704 
546	 0.226557783494471 
547	 0.227407941611715 
548	 0.22824686761967 
549	 0.229111936047543 
550	 0.230003956700234 
551	 0.230910706378332 
552	 0.231808703131933 
553	 0.23267344095925 
554	 0.233516186700806 
555	 0.234397453845871 
556	 0.235269434201164 
557	 0.236129616145573 
558	 0.236987517069772 
559	 0.237867252226349 
560	 0.238745941857755 
561	 0.239621943426967 
562	 0.240528156407345 
563	 0.241374671290994 
564	 0.242209290278601 
565	 0.243078191602561 
566	 0.243900643665645 
567	 0.244841900667031 
568	 0.245828106118881 
569	 0.246650158102163 
570	 0.247526716901506 
571	 0.248416602756587 
572	 0.249241895057206 
573	 0.249947698375121 
574	 0.250700771700957 
575	 0.251472473965084 
576	 0.252152408198622 
577	 0.252868117078272 
578	 0.253515631402382 
579	 0.254068100631392 
580	 0.25464692831179 
581	 0.255177304831889 
582	 0.255681807291256 
583	 0.256200037599552 
584	 0.256727247723758 
585	 0.257301912935155 
586	 0.257889070901104 
587	 0.258393783300432 
588	 0.25892462042565 
589	 0.259465628869292 
590	 0.259971424419687 
591	 0.260534909326041 
592	 0.261121523296964 
593	 0.261736214127047 
594	 0.26238950132177 
595	 0.262971221570683 
596	 0.263487476279223 
597	 0.26396858573733 
598	 0.264414066622567 
599	 0.264912366819542 
600	 0.265419254106517 
601	 0.265857077513274 
602	 0.266303457298665 
603	 0.266685358347244 
604	 0.267003337386954 
605	 0.267374024092226 
606	 0.267687704247763 
607	 0.267986255708343 
608	 0.268329414893256 
609	 0.268660376220372 
610	 0.268955717581814 
611	 0.269239541791888 
612	 0.269570319381498 
613	 0.269815056779197 
614	 0.27005007420435 
615	 0.270346028790661 
616	 0.270635572976503 
617	 0.270928755354521 
618	 0.271187147954791 
619	 0.271371876355272 
620	 0.271602483910024 
621	 0.271869793014453 
622	 0.27213934279272 
623	 0.272371992661778 
624	 0.272632121314826 
625	 0.272924942928176 
626	 0.273217557818893 
627	 0.27341352827314 
628	 0.273618351472934 
629	 0.273867944943498 
630	 0.274101602991016 
631	 0.274369410794871 
632	 0.274588104686903 
633	 0.274712874762063 
634	 0.274940506388084 
635	 0.275152402769398 
636	 0.275328774177726 
637	 0.275520282047343 
638	 0.275708321562146 
639	 0.275909519379307 
640	 0.276118800581082 
641	 0.276275312436905 
642	 0.27644009143435 
643	 0.276589486658335 
644	 0.27668968387643 
645	 0.27681694627003 
646	 0.276938574022092 
647	 0.277044144380785 
648	 0.277159246157108 
649	 0.277408379919417 
650	 0.277664083600494 
651	 0.277810118059165 
652	 0.277962420935534 
653	 0.278100880285709 
654	 0.278243037364633 
655	 0.2784335857555 
656	 0.278794094511094 
657	 0.279057745738307 
658	 0.279114316521486 
659	 0.279200531165585 
660	 0.279281742681887 
661	 0.279374777266094 
662	 0.279498038794225 
663	 0.279625444942439 
664	 0.279733265965969 
665	 0.279806973080925 
666	 0.279835413639358 
667	 0.27995383688843 
668	 0.280062998501128 
669	 0.280110693615414 
670	 0.280327649736525 
671	 0.280505608366415 
672	 0.280614560152085 
673	 0.280722968371546 
674	 0.280903900437062 
675	 0.281078397213548 
676	 0.281219338029462 
677	 0.281413877012338 
678	 0.281592586839696 
679	 0.281788336911339 
680	 0.282031240767074 
681	 0.282212419208371 
682	 0.282376164529065 
683	 0.28259884594076 
684	 0.282953681456049 
685	 0.283249681030214 
686	 0.283676251788123 
687	 0.284348395603065 
688	 0.284930506373334 
689	 0.285348708653963 
690	 0.285638304296217 
691	 0.285874040686675 
692	 0.28613457346093 
693	 0.28650917407613 
694	 0.286987693026628 
695	 0.287446602141633 
696	 0.287893283208522 
697	 0.288299593824821 
698	 0.288674359238943 
699	 0.289039435423699 
700	 0.289440551218062 
701	 0.289850819936919 
702	 0.290217323368422 
703	 0.290541908485766 
704	 0.290877613979028 
705	 0.291225100676164 
706	 0.29151542696124 
707	 0.291826585879093 
708	 0.292124952663292 
709	 0.292388062549173 
710	 0.292665954507975 
711	 0.292887836646805 
712	 0.293094606941554 
713	 0.293372559814056 
714	 0.293582907967976 
715	 0.293627806569993 
716	 0.293530757084331 
717	 0.293477641455166 
718	 0.293584524094759 
719	 0.293913119448702 
720	 0.29434659288102 
721	 0.294544348587882 
722	 0.294539609920013 
723	 0.294488008624488 
724	 0.294590975991229 
725	 0.294735361750727 
726	 0.294885148955194 
727	 0.295025292526584 
728	 0.295151327119455 
729	 0.295277522130047 
730	 0.295427623996308 
731	 0.295605371623097 
732	 0.295775328973253 
733	 0.295912570611783 
734	 0.296015625222398 
735	 0.29610488076687 
736	 0.296281206165272 
737	 0.296417633999553 
738	 0.296487274308576 
739	 0.296626324921865 
740	 0.2967841064602 
741	 0.296929740126736 
742	 0.297050828951084 
743	 0.297194867405782 
744	 0.297305662413092 
745	 0.297387217216702 
746	 0.29747578490653 
747	 0.29757802598126 
748	 0.297690972146377 
749	 0.29780494862063 
750	 0.297911355263764 
751	 0.298041032495885 
752	 0.298198907921029 
753	 0.298363850950531 
754	 0.298460103775864 
755	 0.298653656321361 
756	 0.298903099291285 
757	 0.299080999210372 
758	 0.299177532330719 
759	 0.299597608856569 
760	 0.300675504828109 
761	 0.301710298027313 
762	 0.302093395972127 
763	 0.302004674527923 
764	 0.301738592154851 
765	 0.301326580761009 
766	 0.301050625648449 
767	 0.300866443604819 
768	 0.300692925418447 
769	 0.300610590129172 
770	 0.300630244474142 
771	 0.300737095159258 
772	 0.300891010081211 
773	 0.300979017995823 
774	 0.301049574351043 
775	 0.30115346193051 
776	 0.30129966212853 
777	 0.301364207076032 
778	 0.301437682233337 
779	 0.301616946241723 
780	 0.301769670990705 
781	 0.301908687943427 
782	 0.302044087573925 
783	 0.302178438932823 
784	 0.30227664001235 
785	 0.302390559147787 
786	 0.302531312144969 
787	 0.302650542728395 
788	 0.302745607003107 
789	 0.302876332913615 
790	 0.303065062438292 
791	 0.303189681628781 
792	 0.303318361374075 
793	 0.303450766318417 
794	 0.303564856329736 
795	 0.30366850164777 
796	 0.303767242985738 
797	 0.30387735804081 
798	 0.304020950942299 
799	 0.304136678749903 
800	 0.304279311921648 
801	 0.304452018227494 
802	 0.304545779411897 
803	 0.304687726180738 
804	 0.304845089970576 
805	 0.304965093446518 
806	 0.305084730549895 
807	 0.305176402632451 
808	 0.305285047214685 
809	 0.305446859608707 
810	 0.305433856517839 
811	 0.305445285077046 
812	 0.305524796933857 
813	 0.305527896787697 
814	 0.305538005120288 
815	 0.305616409089125 
816	 0.305809841344563 
817	 0.306148288078042 
818	 0.306321974538437 
819	 0.306401685574948 
820	 0.306531011896078 
821	 0.306671510710785 
822	 0.306753164937812 
823	 0.306844929549669 
824	 0.307046658901016 
825	 0.307166530404738 
826	 0.307301641891865 
827	 0.307478560589118 
828	 0.307635558703031 
829	 0.307713921441185 
830	 0.307768245663322 
831	 0.307882316422556 
832	 0.308144953611218 
833	 0.308349948007216 
834	 0.308444127925873 
835	 0.308485314567885 
836	 0.308662498494216 
837	 0.308902699717428 
838	 0.30909057046551 
839	 0.309146924495692 
840	 0.309298174430207 
841	 0.309421371555435 
842	 0.309502167667958 
843	 0.30961728577679 
844	 0.309776125087222 
845	 0.309906904514503 
846	 0.309997138326402 
847	 0.310132333796996 
848	 0.310196409007759 
849	 0.310264528621476 
850	 0.310390731109603 
851	 0.310468555492116 
852	 0.310582651492992 
853	 0.310709803723672 
854	 0.310813171827016 
855	 0.310931061141643 
856	 0.311036442851768 
857	 0.311141643911527 
858	 0.311265881844024 
859	 0.311371105319167 
860	 0.311498002867917 
861	 0.311625519841848 
862	 0.311690931309846 
863	 0.311846252375088 
864	 0.311921256158947 
865	 0.311863522562045 
866	 0.311887297812211 
867	 0.312009276884388 
868	 0.312197001923942 
869	 0.312375763211875 
870	 0.312422222021863 
871	 0.312370073612306 
872	 0.312436382150534 
873	 0.312753779295856 
874	 0.312887414601791 
875	 0.312951429160377 
876	 0.313052582712975 
877	 0.313244134027336 
878	 0.313390918455242 
879	 0.313409514661892 
880	 0.313383594591854 
881	 0.31352019758769 
882	 0.313679807369493 
883	 0.313891027017823 
884	 0.314119046548384 
885	 0.314246410360636 
886	 0.314235844291849 
887	 0.314282963178095 
888	 0.314453732735342 
889	 0.3144855902349 
890	 0.314366320089916 
891	 0.314365333998216 
892	 0.314585429740166 
893	 0.314486116010922 
894	 0.314336371606167 
895	 0.314182113886513 
896	 0.314064275604485 
897	 0.314301724779867 
898	 0.314456786845785 
899	 0.314522023572512 
900	 0.314709663328271 
901	 0.315006961034648 
902	 0.31515751548659 
903	 0.315103229073097 
904	 0.314975883793091 
905	 0.315238405267516 
906	 0.315494966969512 
907	 0.315523946948766 
908	 0.315378855001627 
909	 0.31527483450147 
910	 0.315335215657884 
911	 0.315530246736473 
912	 0.315648099983101 
913	 0.315503659176232 
914	 0.315548055073998 
915	 0.315926053527332 
916	 0.316001006590126 
917	 0.316219168528709 
918	 0.316423453298058 
919	 0.316445241349405 
920	 0.316445991700104 
921	 0.316457119442531 
922	 0.316576981195771 
923	 0.316807576841034 
924	 0.316802170387147 
925	 0.316599457438812 
926	 0.316231651128414 
927	 0.315751295300284 
928	 0.315152895262885 
929	 0.315240369501972 
930	 0.315537990345197 
931	 0.314773329321878 
932	 0.313962096172231 
933	 0.313027647853586 
934	 0.312495658273998 
935	 0.31311066737442 
936	 0.313749539884812 
937	 0.314166678303733 
938	 0.31428609499534 
939	 0.314247366038472 
940	 0.315398403690118 
941	 0.315758436643234 
942	 0.315024766092106 
943	 0.31478071918362 
944	 0.315247523177331 
945	 0.314871078767736 
946	 0.313850150750168 
947	 0.314687146413966 
948	 0.314890938236715 
949	 0.314897397810159 
950	 0.315106905112992 
951	 0.315211611548122 
952	 0.316001834125832 
953	 0.316339703377677 
954	 0.315749335950092 
955	 0.315350350371798 
956	 0.315479113835743 
957	 0.316250894359372 
958	 0.317414118052724 
959	 0.318279395333654 
960	 0.318382291010139 
961	 0.31818753648284 
962	 0.318281773057475 
963	 0.318939878512153 
964	 0.319719156343282 
965	 0.320042472974646 
966	 0.319733294517579 
967	 0.319455125362498 
968	 0.319994487523133 
969	 0.320706878107076 
970	 0.320918366997163 
971	 0.321179747215465 
972	 0.320660099356393 
973	 0.320411575692043 
974	 0.321209868340687 
975	 0.321156140039865 
976	 0.32084919522393 
977	 0.320744406935182 
978	 0.32112989777401 
979	 0.321860940415926 
980	 0.322409928947871 
981	 0.322429810257611 
982	 0.322039214674731 
983	 0.322499200028856 
984	 0.322800345136607 
985	 0.322759910425571 
986	 0.32270078646274 
987	 0.323502228794941 
988	 0.323805195816301 
989	 0.323629584826844 
990	 0.323578744252018 
991	 0.324076444910611 
992	 0.324239278022761 
993	 0.323936308851092 
994	 0.323573177664032 
995	 0.3240947260581 
996	 0.324585615398926 
997	 0.324475720962886 
998	 0.323730722486117 
999	 0.323397892332561 
1000	 0.323955222020669 
1001	 0.325228696700063 
1002	 0.325185109711055 
1003	 0.325256414560752 
1004	 0.325288423328275 
1005	 0.325145622554879 
1006	 0.32521642418127 
1007	 0.325412233557128 
1008	 0.325586534255734 
1009	 0.325853709482754 
1010	 0.326049158217743 
1011	 0.326030117197123 
1012	 0.326203111900581 
1013	 0.326330817156661 
1014	 0.326401566429295 
1015	 0.326448027385915 
1016	 0.326376048508816 
1017	 0.326422187013953 
1018	 0.326453607890155 
1019	 0.326567753823274 
1020	 0.3267497728242 
1021	 0.326867996022192 
1022	 0.326845390060132 
1023	 0.326867362494852 
1024	 0.326925660773431 
1025	 0.327019917949697 
1026	 0.327092238680543 
1027	 0.327199316923194 
1028	 0.327175752812082 
1029	 0.327074939960306 
1030	 0.327174514604055 
1031	 0.327293990608213 
1032	 0.327395673969435 
1033	 0.327654690970324 
1034	 0.327950499004655 
1035	 0.328046981118637 
1036	 0.328049999897081 
1037	 0.328019347641057 
1038	 0.328162885777607 
1039	 0.32846841683315 
1040	 0.328742842345532 
1041	 0.328872353141775 
1042	 0.328859820832613 
1043	 0.328776070479888 
1044	 0.328765946888041 
1045	 0.328716259900599 
1046	 0.328922034436489 
1047	 0.329078013922404 
1048	 0.328982570011118 
1049	 0.328948693893663 
1050	 0.328947786150814 
1051	 0.329030861244608 
1052	 0.329217777464768 
1053	 0.329440079985544 
1054	 0.329517257783305 
1055	 0.329437377126508 
1056	 0.329392075287158 
1057	 0.329357186165576 
1058	 0.329225445028574 
1059	 0.329310466588478 
1060	 0.329555671648884 
1061	 0.329648130218963 
1062	 0.32989810702853 
1063	 0.330291782051444 
1064	 0.330425540481986 
1065	 0.330646911861228 
1066	 0.331067000245962 
1067	 0.331216186455739 
1068	 0.331124691162093 
1069	 0.3312475682593 
1070	 0.331304758233481 
1071	 0.331198106413681 
1072	 0.331166851806008 
1073	 0.331178576465462 
1074	 0.331235426983301 
1075	 0.331244721659166 
1076	 0.331419894310096 
1077	 0.331705807689594 
1078	 0.331999474444883 
1079	 0.332184924935209 
1080	 0.332305925213991 
1081	 0.332294816962394 
1082	 0.332506813569752 
1083	 0.332621806255791 
1084	 0.332714243577208 
1085	 0.332741423226223 
1086	 0.332693439241968 
1087	 0.332700075702858 
1088	 0.332632295884644 
1089	 0.332721410634082 
1090	 0.33299546679056 
1091	 0.333133023994458 
1092	 0.333084939197469 
1093	 0.333131683790506 
1094	 0.333117812859734 
1095	 0.333237024501923 
1096	 0.333362080164465 
1097	 0.333708089834114 
1098	 0.333827434635548 
1099	 0.333833929634174 
1100	 0.333819718436685 
1101	 0.333656646720292 
1102	 0.333670206534537 
1103	 0.333812283968177 
1104	 0.333860412032046 
1105	 0.334100941212572 
1106	 0.334106059182613 
1107	 0.333871978494338 
1108	 0.333544394173702 
1109	 0.33343443225711 
1110	 0.333227579120631 
1111	 0.333172436953344 
1112	 0.333375654489936 
1113	 0.33338189617489 
1114	 0.333358310500912 
1115	 0.33325977517957 
1116	 0.333000646933596 
1117	 0.33290260102396 
1118	 0.332769877646145 
1119	 0.332697755568478 
1120	 0.332982059530256 
1121	 0.332931559990851 
1122	 0.332486605386042 
1123	 0.332298872383189 
1124	 0.332130887116138 
1125	 0.331881737623194 
1126	 0.33168348582143 
1127	 0.331760627975079 
1128	 0.331596739901872 
1129	 0.331149574789655 
1130	 0.330997027341973 
1131	 0.330746716660565 
1132	 0.330995098054939 
1133	 0.331756343490628 
1134	 0.332142652496024 
1135	 0.332781220521829 
1136	 0.333139733264905 
1137	 0.333183981544373 
1138	 0.333219970892395 
1139	 0.333228250264352 
1140	 0.333135348544766 
1141	 0.333176242738329 
1142	 0.33312535344776 
1143	 0.333251666633361 
1144	 0.333618896796685 
1145	 0.333729378801134 
1146	 0.333641549490404 
1147	 0.333853984429367 
1148	 0.334095515375289 
1149	 0.334332112954787 
1150	 0.334990325989036 
1151	 0.335150275331039 
1152	 0.334739587330728 
1153	 0.334847366648081 
1154	 0.335072330328385 
1155	 0.33517875275953 
1156	 0.33560985902655 
1157	 0.336036772074983 
1158	 0.336296158529466 
1159	 0.336380243819648 
1160	 0.336582515330736 
1161	 0.336759090788882 
1162	 0.337048070814655 
1163	 0.337449183264191 
1164	 0.337697718662789 
1165	 0.338013087569576 
1166	 0.338151442827395 
1167	 0.338005496587294 
1168	 0.338078044627653 
1169	 0.338260587460867 
1170	 0.338336486786757 
1171	 0.338345281770586 
1172	 0.338594665468804 
1173	 0.338635973619631 
1174	 0.338615310637839 
1175	 0.338693207970959 
1176	 0.338859686737396 
1177	 0.338909561575345 
1178	 0.338891821976382 
1179	 0.338979816706601 
1180	 0.33906898353918 
1181	 0.339162023516447 
1182	 0.33936434117057 
1183	 0.339445004223683 
1184	 0.339421788316035 
1185	 0.339462498309475 
1186	 0.339486383375716 
1187	 0.339557525561748 
1188	 0.339835862175313 
1189	 0.339735124518134 
1190	 0.339732412790821 
1191	 0.339916882227626 
1192	 0.339895701753884 
1193	 0.340016429721315 
1194	 0.340120804989241 
1195	 0.340209860520615 
1196	 0.340259779242104 
1197	 0.340316076793507 
1198	 0.340452346725661 
1199	 0.340629301108371 
1200	 0.340721793566189 
1201	 0.340852977564804 
1202	 0.34094501849972 
1203	 0.340907183713807 
1204	 0.340980187660187 
1205	 0.341148229012429 
1206	 0.34127814380776 
1207	 0.341359693989565 
1208	 0.341336732467469 
1209	 0.341441766542884 
1210	 0.341597407121746 
1211	 0.341692944448588 
1212	 0.34184955322239 
1213	 0.341985168827225 
1214	 0.342006698392898 
1215	 0.342041905987862 
1216	 0.342087486605454 
1217	 0.34215747398989 
1218	 0.342192219857299 
1219	 0.342256800013448 
1220	 0.342408180584156 
1221	 0.34247206764968 
1222	 0.342463839483529 
1223	 0.342482911195081 
1224	 0.342452816087158 
1225	 0.342438614331903 
1226	 0.342702696516244 
1227	 0.342921413990864 
1228	 0.342895692599023 
1229	 0.343105274614831 
1230	 0.343128804208326 
1231	 0.342977932309424 
1232	 0.34317142907413 
1233	 0.343282089207202 
1234	 0.343280527718354 
1235	 0.343378820335234 
1236	 0.343481885606492 
1237	 0.343627899631564 
1238	 0.343655036694427 
1239	 0.343644966474327 
1240	 0.34367974712806 
1241	 0.343648235852499 
1242	 0.343633604232444 
1243	 0.343640903136749 
1244	 0.343725769634084 
1245	 0.34374267067963 
1246	 0.343736525991674 
1247	 0.343993404602504 
1248	 0.344204395926232 
1249	 0.34430500470458 
1250	 0.344384343603207 
1251	 0.344383491413101 
1252	 0.344423434060774 
1253	 0.344423717693746 
1254	 0.344493761746697 
1255	 0.344666780807514 
1256	 0.344731330007269 
1257	 0.344831946678029 
1258	 0.345079870409984 
1259	 0.345171351536997 
1260	 0.345112449099902 
1261	 0.345167049989577 
1262	 0.345250281138127 
1263	 0.345248527234973 
1264	 0.345226823209908 
1265	 0.345322135597165 
1266	 0.345474943027478 
1267	 0.345736412904535 
1268	 0.345918158922117 
1269	 0.34584696753557 
1270	 0.345786641728049 
1271	 0.345724615529833 
1272	 0.345754585829866 
1273	 0.346045271425463 
1274	 0.346147250091249 
1275	 0.345898687609192 
1276	 0.345764264656183 
1277	 0.345768646064518 
1278	 0.345669458881459 
1279	 0.345729747924918 
1280	 0.345750975219255 
1281	 0.345673239037089 
1282	 0.345607410030435 
1283	 0.345561987388344 
1284	 0.345611861552392 
1285	 0.345470778459555 
1286	 0.345614762704923 
1287	 0.345766632887992 
1288	 0.345653236855891 
1289	 0.345734443682926 
1290	 0.345834258196062 
1291	 0.345831455485195 
1292	 0.345897540056221 
1293	 0.345899863271184 
1294	 0.345907711356794 
1295	 0.345988981885213 
1296	 0.346072321613866 
1297	 0.346247756108785 
1298	 0.346356847103855 
1299	 0.346215668395541 
1300	 0.346100626865442 
1301	 0.346145046277561 
1302	 0.346224942897231 
1303	 0.346249879505802 
1304	 0.346317022986634 
1305	 0.346446979536612 
1306	 0.346548483186191 
1307	 0.346735404508962 
1308	 0.346923336979401 
1309	 0.34703444192202 
1310	 0.347176242276749 
1311	 0.347013477450704 
1312	 0.346880422820442 
1313	 0.347140645772925 
1314	 0.347198612835769 
1315	 0.347220258679888 
1316	 0.347327323507794 
1317	 0.34728527040945 
1318	 0.347275490531464 
1319	 0.347220104944805 
1320	 0.347269380437466 
1321	 0.34746253363512 
1322	 0.347385410940995 
1323	 0.347156040136275 
1324	 0.347077235325866 
1325	 0.347147689804498 
1326	 0.347148826516621 
1327	 0.347161681765312 
1328	 0.347291198392379 
1329	 0.346990706758576 
1330	 0.346762956626224 
1331	 0.346518371342098 
1332	 0.346688379707635 
1333	 0.346510870098793 
1334	 0.346325361721731 
1335	 0.346541077756757 
1336	 0.346488322965756 
1337	 0.34611637755442 
1338	 0.346000090073811 
1339	 0.345843081738714 
1340	 0.345312711266507 
1341	 0.34516793078554 
1342	 0.345313105439616 
1343	 0.34492391624635 
1344	 0.344742887956033 
1345	 0.344928971679341 
1346	 0.34448703656485 
1347	 0.343932588052868 
1348	 0.34406342181116 
1349	 0.343578944493967 
1350	 0.342947822494747 
1351	 0.343329969112541 
1352	 0.342316549170171 
1353	 0.341189903276979 
1354	 0.341936263869208 
1355	 0.341932215170705 
1356	 0.34178186831124 
1357	 0.340919595463276 
1358	 0.338009672333215 
1359	 0.335891446764473 
1360	 0.333188002165395 
1361	 0.332317269156935 
1362	 0.335819614832671 
1363	 0.337010534099482 
1364	 0.331814509381143 
1365	 0.3430888295407 
1366	 0.357723006343756 
1367	 0.350234162317802 
1368	 0.353660944330693 
1369	 0.361608250753424 
1370	 0.329051629208459 
1371	 0.319753179998266 
1372	 0.369947297935191 
1373	 0.375385480161206 
1374	 0.332002689212264 
1375	 0.317221845522542 
1376	 0.300308885023257 
1377	 0.282740222452149 
1378	 0.331615268583535 
1379	 0.398055211726195 
1380	 0.393819900970365 
1381	 0.306659130770538 
1382	 0.228426925232619 
1383	 0.282019963151881 
1384	 0.317797231016358 
1385	 0.324436435192676 
1386	 0.378281286565214 
1387	 0.345016272452194 
1388	 0.313756331808549 
1389	 0.317154626683884 
1390	 0.36278411050617 
1391	 0.349730608339519 
1392	 0.358087679130625 
1393	 0.366243752672968 
1394	 0.337510369695016 
1395	 0.354328799988586 
1396	 0.356693757943135 
1397	 0.319450515292795 
1398	 0.33587615417703 
1399	 0.360012403250155 
1400	 0.33442732163451 
1401	 0.332645745587576 
1402	 0.343040631650617 
1403	 0.317282343137356 
1404	 0.311838749337594 
1405	 0.334207246489595 
1406	 0.335831793759269 
1407	 0.327070919778564 
1408	 0.326302667585765 
1409	 0.321850647129841 
1410	 0.31337690463545 
1411	 0.317709585658834 
1412	 0.327344957367678 
1413	 0.328615784726467 
1414	 0.329594455491485 
1415	 0.328339671565972 
1416	 0.323127503618832 
1417	 0.323226511242849 
1418	 0.323514291899885 
1419	 0.320792155072158 
1420	 0.3215042089754 
1421	 0.323148749048229 
1422	 0.323097233648095 
1423	 0.324193659755784 
1424	 0.325639970792257 
1425	 0.325924196214601 
1426	 0.325939383505375 
1427	 0.32592017841801 
1428	 0.326356378268145 
1429	 0.327205407233477 
1430	 0.327672906472458 
1431	 0.327047916853557 
1432	 0.326170116005405 
1433	 0.32617884484564 
1434	 0.326783161387972 
1435	 0.326929486765066 
1436	 0.327176815507181 
1437	 0.327281302572417 
1438	 0.326477547374476 
1439	 0.326383796065772 
1440	 0.327843443553232 
1441	 0.328235080053573 
1442	 0.3270782202531 
1443	 0.326560156010755 
1444	 0.327236425989346 
1445	 0.328515796149398 
1446	 0.329095815534499 
1447	 0.328857292747744 
1448	 0.328955365483149 
1449	 0.328835830755896 
1450	 0.328751619188553 
1451	 0.329739621624892 
1452	 0.330506872795853 
1453	 0.330649418269978 
1454	 0.330852833501972 
1455	 0.330995675807469 
1456	 0.3309761624518 
1457	 0.33089046031989 
1458	 0.331060812735349 
1459	 0.331213245440953 
1460	 0.331025937644354 
1461	 0.330974377692576 
1462	 0.331287917014878 
1463	 0.331797052235267 
1464	 0.332216594715074 
1465	 0.332141840225074 
1466	 0.331981069429411 
1467	 0.331785862391338 
1468	 0.331205479917257 
1469	 0.331567014907167 
1470	 0.331934815787668 
1471	 0.332443956517108 
1472	 0.332206745666084 
1473	 0.333083650310128 
1474	 0.333584337881935 
1475	 0.333306358047078 
1476	 0.333983704112758 
1477	 0.334408269800238 
1478	 0.334566042765275 
1479	 0.335288228868908 
1480	 0.335903467215999 
1481	 0.336421309830829 
1482	 0.336766990527471 
1483	 0.336838029108501 
1484	 0.337079024653673 
1485	 0.337331920036742 
1486	 0.337529856007546 
1487	 0.338014040195375 
1488	 0.338502905927805 
1489	 0.338670843980939 
1490	 0.33876636580998 
1491	 0.339060193009699 
1492	 0.33934406271976 
1493	 0.3397874484244 
1494	 0.340541602332841 
1495	 0.341009039911413 
1496	 0.341104210669158 
1497	 0.341166403679384 
1498	 0.341354237682094 
1499	 0.341541828085707 
1500	 0.34166096070642 
1501	 0.341845785222238 
1502	 0.342027471408687 
1503	 0.342344316127829 
1504	 0.342850709409293 
1505	 0.343209040068136 
1506	 0.3432662712721 
1507	 0.343323216348437 
1508	 0.343770086726715 
1509	 0.344218500636996 
1510	 0.344420884592613 
1511	 0.344653893667637 
1512	 0.344690646799086 
1513	 0.344726311042337 
1514	 0.345161131410072 
1515	 0.345508804219083 
1516	 0.345571051646939 
1517	 0.345773547034338 
1518	 0.345951683247776 
1519	 0.345915859059671 
1520	 0.346064365029375 
1521	 0.346332247021529 
1522	 0.346462194979381 
1523	 0.34664241130375 
1524	 0.346943352565322 
1525	 0.34708529502775 
1526	 0.347164241485229 
1527	 0.347392994261465 
1528	 0.347565226292711 
1529	 0.347742177253213 
1530	 0.347867406064974 
1531	 0.347989792577878 
1532	 0.348133407296981 
1533	 0.348336744302951 
1534	 0.348485227633758 
1535	 0.348634938902862 
1536	 0.3488427714036 
1537	 0.348944130479635 
1538	 0.348897522783645 
1539	 0.349193150730113 
1540	 0.349441363848193 
1541	 0.349361046173137 
1542	 0.349333810853659 
1543	 0.349530075344414 
1544	 0.349723771411407 
1545	 0.34998205090964 
1546	 0.350249653196238 
1547	 0.350208589518355 
1548	 0.350018259300125 
1549	 0.35008885187817 
1550	 0.350291490988824 
1551	 0.350411968239879 
1552	 0.350489819911772 
1553	 0.35051314655854 
1554	 0.350509916268392 
1555	 0.350610252520639 
1556	 0.350843346002744 
1557	 0.350832075252668 
1558	 0.350778064219818 
1559	 0.35103373559766 
1560	 0.351203108769771 
1561	 0.351411049991158 
1562	 0.351664972232633 
1563	 0.351507112759623 
1564	 0.351297140214017 
1565	 0.351509607095014 
1566	 0.351865723835969 
1567	 0.352035777728976 
1568	 0.3520949664882 
1569	 0.352219764665378 
1570	 0.352266121597186 
1571	 0.352299372748258 
1572	 0.352519299829235 
1573	 0.352553182348895 
1574	 0.352383921910781 
1575	 0.352412915362733 
1576	 0.352611133342486 
1577	 0.352755361645321 
1578	 0.352831253385275 
1579	 0.352985486880204 
1580	 0.353119665251551 
1581	 0.353036898062034 
1582	 0.353036390103471 
1583	 0.353045138520038 
1584	 0.352861870045039 
1585	 0.353050695539303 
1586	 0.353356402846855 
1587	 0.353423237315062 
1588	 0.353727702711397 
1589	 0.353805629699503 
1590	 0.353491120202176 
1591	 0.353559124988087 
1592	 0.353733867706585 
1593	 0.353776858115082 
1594	 0.353938260251235 
1595	 0.353979114512048 
1596	 0.353987557015094 
1597	 0.354119900518143 
1598	 0.354328482623809 
1599	 0.354441469576536 
1600	 0.354310317935578 
1601	 0.354165814308827 
1602	 0.354278142844993 
1603	 0.35465011639766 
1604	 0.354933880673103 
1605	 0.354972577969127 
1606	 0.354862455690401 
1607	 0.354866273770413 
1608	 0.355092658194996 
1609	 0.355406234675024 
1610	 0.355690936726991 
1611	 0.355713403070113 
1612	 0.355658199345704 
1613	 0.355765608039986 
1614	 0.355826553594955 
1615	 0.355749532869969 
1616	 0.355636839533564 
1617	 0.355607774440457 
1618	 0.355733932635245 
1619	 0.355868143656544 
1620	 0.355988394868332 
1621	 0.356057608568539 
1622	 0.356043993577506 
1623	 0.35624932459847 
1624	 0.356538661037647 
1625	 0.356497268736585 
1626	 0.356397653232273 
1627	 0.35635579190065 
1628	 0.356377255621179 
1629	 0.356732760498342 
1630	 0.356883860549982 
1631	 0.356817234587589 
1632	 0.35688778288864 
1633	 0.356805975877399 
1634	 0.356822179043504 
1635	 0.356858310816594 
1636	 0.356807267124994 
1637	 0.356910105331746 
1638	 0.357113108718166 
1639	 0.357486953130845 
1640	 0.357578041774408 
1641	 0.357339699958509 
1642	 0.357309722241073 
1643	 0.357304484421336 
1644	 0.357475206630223 
1645	 0.357732488241937 
1646	 0.357640539755612 
1647	 0.357668426378594 
1648	 0.357886986716077 
1649	 0.357879290303167 
1650	 0.357957516967511 
1651	 0.358069962434107 
1652	 0.357822926949664 
1653	 0.357806130881369 
1654	 0.357973005717157 
1655	 0.357963627903056 
1656	 0.358203020934831 
1657	 0.358305275610559 
1658	 0.358369424884005 
1659	 0.358665254879965 
1660	 0.358682071144361 
1661	 0.358648736879128 
1662	 0.358376815535844 
1663	 0.358048216641624 
1664	 0.358263497057073 
1665	 0.35846778687238 
1666	 0.358517734736808 
1667	 0.358761228812542 
1668	 0.358722848071369 
1669	 0.358518005769331 
1670	 0.358842129701785 
1671	 0.358975092002191 
1672	 0.358639149521333 
1673	 0.358445138691293 
1674	 0.358363383361942 
1675	 0.358552827415858 
1676	 0.359012335623935 
1677	 0.359359065953139 
1678	 0.359292538331957 
1679	 0.358873781711805 
1680	 0.358609617967116 
1681	 0.358637945444403 
1682	 0.358787519565873 
1683	 0.359075228747988 
1684	 0.35914866453127 
1685	 0.358775255976044 
1686	 0.358425028695966 
1687	 0.35842359913935 
1688	 0.358500394662905 
1689	 0.358677440727784 
1690	 0.358845371237399 
1691	 0.358790330249615 
1692	 0.35885846433989 
1693	 0.358880280505272 
1694	 0.358798453348457 
1695	 0.358853147357166 
1696	 0.358838955935279 
1697	 0.358696495352469 
1698	 0.358657707713163 
1699	 0.35886176214244 
1700	 0.359066191213082 
1701	 0.359078802047629 
1702	 0.359006572434926 
1703	 0.359083065026791 
1704	 0.359116128309743 
1705	 0.359181640320264 
1706	 0.359599790065081 
1707	 0.359622567001116 
1708	 0.359126051344963 
1709	 0.359028961381467 
1710	 0.35906297441802 
1711	 0.359041722542507 
1712	 0.359234609679024 
1713	 0.359245287971174 
1714	 0.359025875441457 
1715	 0.358991284200461 
1716	 0.359065560086441 
1717	 0.35911526512473 
1718	 0.359221106769896 
1719	 0.359198369658738 
1720	 0.359006460776207 
1721	 0.359074726478498 
1722	 0.359419877553519 
1723	 0.359458076341946 
1724	 0.359560497768713 
1725	 0.359413149641383 
1726	 0.358655014220692 
1727	 0.358412671825325 
1728	 0.358296140190118 
1729	 0.358346074575719 
1730	 0.358946107619248 
1731	 0.359096485925083 
1732	 0.359161929171174 
1733	 0.35909734269099 
1734	 0.358567247098905 
1735	 0.358355953849728 
1736	 0.3582497851831 
1737	 0.35825507689817 
1738	 0.358535059992402 
1739	 0.358643411112497 
1740	 0.35869744839878 
1741	 0.358633909587157 
1742	 0.358521052953385 
1743	 0.358304961065073 
1744	 0.35785412699241 
1745	 0.357841912534933 
1746	 0.357959866399854 
1747	 0.357993349294951 
1748	 0.358287982550379 
1749	 0.358416039513237 
1750	 0.358396723824024 
1751	 0.358224406128798 
1752	 0.358282353317222 
1753	 0.358298018256017 
1754	 0.357906235772144 
1755	 0.357906137391266 
1756	 0.35801610354709 
1757	 0.358090414337993 
1758	 0.358365558699827 
1759	 0.358147131278192 
1760	 0.358011245597837 
1761	 0.358160009980202 
1762	 0.357966746123897 
1763	 0.357911454100631 
1764	 0.357779660758515 
1765	 0.357386283378752 
1766	 0.357114133830594 
1767	 0.357092889984314 
1768	 0.357323797529785 
1769	 0.35728880132075 
1770	 0.357319051504421 
1771	 0.357926300367295 
1772	 0.358101575212327 
1773	 0.358201669548373 
1774	 0.358225591167908 
1775	 0.357756245577043 
1776	 0.357389956873049 
1777	 0.356998923230426 
1778	 0.356913088088875 
1779	 0.357158375496148 
1780	 0.357073529834779 
1781	 0.357144325243018 
1782	 0.356922841651154 
1783	 0.35587133619457 
1784	 0.355583762108865 
1785	 0.3557763298885 
1786	 0.355788417807907 
1787	 0.356293674933793 
1788	 0.356345328243903 
1789	 0.356030536222356 
1790	 0.355771502009038 
1791	 0.354939110864763 
1792	 0.354868344063085 
1793	 0.355440730838176 
1794	 0.355364838737248 
1795	 0.355904616089879 
1796	 0.355606842733791 
1797	 0.353802954467384 
1798	 0.353250529649562 
1799	 0.35299508845244 
1800	 0.352518812246359 
1801	 0.352602597423481 
1802	 0.352329442122092 
1803	 0.351696946726529 
1804	 0.351189419310716 
1805	 0.350493320643089 
1806	 0.350916284247208 
1807	 0.352217617069077 
1808	 0.353096958231603 
1809	 0.355964452159822 
1810	 0.357073887191134 
1811	 0.353664595516291 
1812	 0.352117715964472 
1813	 0.349831380364972 
1814	 0.346746373262418 
1815	 0.349094142881038 
1816	 0.35095294320184 
1817	 0.345927165670277 
1818	 0.349964396613941 
1819	 0.352492283584839 
1820	 0.361084765888052 
1821	 0.36781042887783 
1822	 0.367686043114876 
1823	 0.368989077362217 
1824	 0.369104558645796 
1825	 0.371482989370155 
1826	 0.379048883897882 
1827	 0.380679420486862 
1828	 0.378873217709579 
1829	 0.370495709851616 
1830	 0.337580716674728 
1831	 0.341236527653263 
1832	 0.350743777032965 
1833	 0.338521608794674 
1834	 0.359249974625645 
1835	 0.320540387804348 
1836	 9.08449819191981E-02 
1837	-4.93134443691707E-03 
1838	 0.268876248356043 
1839	 0.107393388175124 
1840	-1.95557048629369E-02 
1841	 0.0734125731124 
1842	-0.145065319835693 
1843	-0.54406013319664 
1844	-0.633063683198182 
1845	-3.98376444079419 
1846	 16.4428573946731 
1847	-5.78681828238161E-02 
1848	 1.79374349984175 
1849	 0.252631791563467 
1850	 0.160791731629136 
1851	 0.130046799985522 
1852	-0.114661682347153 
1853	-0.420878663136694 
1854	-3.40380661246938 
1855	-2.16633466618176 
1856	 6.12813086534265E-03 
1857	 0.277408913776646 
1858	 1.10713681053745 
1859	 2.06425352034499 
1860	 1.40655169259599 
1861	 0.232428594122861 
1862	-1.40331984360592 
1863	-0.18097120404989 
1864	-0.172872333321892 
1865	-0.803559278319393 
1866	-0.828256256269348 
1867	 3.4182676527021E-03 
1868	 0.524900644609106 
1869	 0.795452387404006 
1870	 1.10426511537878 
1871	 1.1627570077712 
1872	 0.509059925283933 
1873	 0.555508760110368 
1874	 0.863018977564525 
1875	 0.740423101737192 
1876	 0.642360050727152 
1877	 0.436354013919808 
1878	 0.142960894397083 
1879	-4.00093052158827E-02 
1880	 0.112044192544811 
1881	 0.649957461654619 
1882	 0.614798798967773 
1883	 0.400948243558206 
1884	 0.364192626996315 
1885	 0.2152276496927 
1886	-2.06606823504487E-02 
1887	 0.268938311746319 
1888	 0.570638750461015 
1889	 0.480188018804758 
1890	 0.407714940257916 
1891	 0.419218936819281 
1892	 0.339955815607402 
1893	 0.322104213026556 
1894	 0.516383341708141 
1895	 0.594222166893098 
1896	 0.636744284900631 
1897	 0.499338795768976 
1898	 0.432362262284804 
1899	 0.43342487986823 
1900	 0.438146354585809 
1901	 0.233338856489908 
1902	 0.174730725486954 
1903	 0.251137110902565 
1904	 0.23904057944058 
1905	 0.206137077376603 
1906	 0.319709493211476 
1907	 0.440586617975935 
1908	 0.346719263588488 
1909	 0.394546130481997 
1910	 0.439509095824352 
1911	 0.445101922903973 
1912	 0.449255663522896 
1913	 0.401798226546983 
1914	 0.327995436326799 
1915	 0.316470631450651 
1916	 0.322246983033001 
1917	 0.265293862428939 
1918	 0.229446944514676 
1919	 0.221797984407893 
1920	 0.224097576459499 
1921	 0.206184588917967 
1922	 0.243314053122582 
1923	 0.251209901437349 
1924	 0.251504106944475 
1925	 0.224080424675758 
1926	 0.253856219929743 
1927	 0.258367012680543 
1928	 0.266112276880361 
1929	 0.290081395885778 
1930	 0.274760705529321 
1931	 0.266382916537377 
1932	 0.272700093898673 
1933	 0.2603043846919 
1934	 0.250987873898259 
1935	 0.253136942827887 
1936	 0.260087757517495 
1937	 0.26621003108899 
1938	 0.2745845741558 
1939	 0.276619697933229 
1940	 0.271901297657422 
1941	 0.267097409604315 
1942	 0.266001414857597 
1943	 0.272358567567215 
1944	 0.277941958223004 
1945	 0.271846192383442 
1946	 0.270383891518366 
1947	 0.265178583617481 
1948	 0.268210448694463 
1949	 0.269034616432148 
1950	 0.272216825775872 
1951	 0.280611546941287 
1952	 0.278438426302065 
1953	 0.27583718204319 
1954	 0.279197698292456 
1955	 0.281172986802573 
1956	 0.283484532372327 
1957	 0.283857267437421 
1958	 0.284223412001218 
1959	 0.284295942759543 
1960	 0.284130886852725 
1961	 0.283814692687972 
1962	 0.285507933402851 
1963	 0.287863228698259 
1964	 0.288035839439991 
1965	 0.287690989826103 
1966	 0.289249696901278 
1967	 0.290800408080403 
1968	 0.291859077725137 
1969	 0.292475138942536 
1970	 0.293026783579341 
1971	 0.292920479893331 
1972	 0.293222159259688 
1973	 0.293932974434713 
1974	 0.29475217879035 
1975	 0.295241043142029 
1976	 0.294982197543156 
1977	 0.295245483131439 
1978	 0.296517232673497 
1979	 0.297781170918759 
1980	 0.29874403031315 
1981	 0.299579707553551 
1982	 0.300378376449165 
1983	 0.30074547587444 
1984	 0.301274266111747 
1985	 0.302229581649737 
1986	 0.302276487052619 
1987	 0.301999627681082 
1988	 0.303079543261198 
1989	 0.303510616713208 
1990	 0.303303911567436 
1991	 0.30478964761212 
1992	 0.306107863404335 
1993	 0.306854696889323 
1994	 0.308439130444527 
1995	 0.309359209108314 
1996	 0.309512744910252 
1997	 0.308188648947879 
1998	 0.308557521387024 
1999	 0.308492786493602 
2000	 0.30811756794222 
2001	 0.308603785710825 
2002	 0.30951980956058 
2003	 0.311434753984357 
2004	 0.311683188217243 
2005	 0.312696544122271 
2006	 0.314660035408744 
2007	 0.315984047617502 
2008	 0.316259446741447 
2009	 0.3178343728807 
2010	 0.318678313776612 
2011	 0.317585601749207 
2012	 0.319378290487221 
2013	 0.322137712962577 
2014	 0.324094240901139 
2015	 0.324537663399342 
2016	 0.323561592205825 
2017	 0.323990239633715 
2018	 0.324354009263966 
2019	 0.323959150907951 
2020	 0.322792786846294 
2021	 0.32292091334809 
2022	 0.323103432662728 
2023	 0.323062012961983 
2024	 0.323897638697246 
2025	 0.324845048435948 
2026	 0.324341890881452 
2027	 0.323711494700613 
2028	 0.324104581115297 
2029	 0.324016271049612 
2030	 0.323637268531587 
2031	 0.324015777586377 
2032	 0.324260002094047 
2033	 0.324337476556651 
2034	 0.324381379953827 
2035	 0.324514499829469 
2036	 0.324964791513911 
2037	 0.325277092743524 
2038	 0.324904017921575 
2039	 0.32480391282041 
2040	 0.324927069766675 
2041	 0.324282906899052 
2042	 0.324059699511945 
2043	 0.324841281719462 
2044	 0.325377417118199 
2045	 0.325522851133286 
2046	 0.325768785942278 
2047	 0.325906190774059 
2048	 0.325341099504317 
2049	 0.325312531078863 
2050	 0.325562158672158 
2051	 0.326210762974936 
2052	 0.326763242105759 
2053	 0.326989599067746 
2054	 0.326523490565418 
2055	 0.326221066387787 
2056	 0.326485234410947 
2057	 0.326309588509562 
2058	 0.326649335612763 
2059	 0.328138769843551 
2060	 0.328561749483461 
2061	 0.327938965806832 
2062	 0.32815335942628 
2063	 0.328527740263621 
2064	 0.328355896478605 
2065	 0.327970669637653 
2066	 0.328735735872651 
2067	 0.328165694288275 
2068	 0.326997556230242 
2069	 0.326980830622623 
2070	 0.326948552615707 
2071	 0.326646363342688 
2072	 0.327125044285217 
2073	 0.328073338700273 
2074	 0.328329515583504 
2075	 0.327970314295512 
2076	 0.326834649283726 
2077	 0.326883403878845 
2078	 0.327029748278936 
2079	 0.327021028628859 
2080	 0.32762957486292 
2081	 0.32821917059427 
2082	 0.328380073134019 
2083	 0.327299109934377 
2084	 0.327050159212184 
2085	 0.327660380438241 
2086	 0.327245072492972 
2087	 0.327619009132086 
2088	 0.328450047779816 
2089	 0.328700782552246 
2090	 0.328960467709543 
2091	 0.329216992346545 
2092	 0.329424342805356 
2093	 0.329616868090904 
2094	 0.32958493013091 
2095	 0.329224798131089 
2096	 0.329461280897288 
2097	 0.329745881217116 
2098	 0.33004441371005 
2099	 0.331053862398931 
2100	 0.331255340062491 
2101	 0.330980572497382 
2102	 0.331243160870442 
2103	 0.331145961185045 
2104	 0.331911603540674 
2105	 0.332839337037178 
2106	 0.331899076525976 
2107	 0.331778527907701 
2108	 0.331839268503694 
2109	 0.331710887609259 
2110	 0.331539779769202 
2111	 0.331748212367324 
2112	 0.331688294958311 
2113	 0.331631529552294 
2114	 0.331546227410423 
2115	 0.33242182203921 
2116	 0.333043440203734 
2117	 0.333296371823 
2118	 0.334085736855208 
2119	 0.334695860708245 
2120	 0.334352671080804 
2121	 0.334162620267368 
2122	 0.33428353909715 
2123	 0.333971594095796 
2124	 0.33376751232544 
2125	 0.333795643264848 
2126	 0.334026122870614 
2127	 0.334043037753475 
2128	 0.334096631072062 
2129	 0.334542415564273 
2130	 0.334894768911388 
2131	 0.335254397041637 
2132	 0.335350036176847 
2133	 0.335565187548226 
2134	 0.335296087619805 
2135	 0.334825062920491 
2136	 0.334974959785819 
2137	 0.335684626422859 
2138	 0.3359916079416 
2139	 0.335265305813198 
2140	 0.335329838846645 
2141	 0.335699963011023 
2142	 0.335078242025803 
2143	 0.334874035241281 
2144	 0.335100514542897 
2145	 0.335324854441798 
2146	 0.335414128205424 
2147	 0.335326077091496 
2148	 0.335501968957474 
2149	 0.335461061744772 
2150	 0.334827720578126 
2151	 0.334692532080212 
2152	 0.334859183993368 
2153	 0.335234924509037 
2154	 0.335361576056855 
2155	 0.335174387425996 
2156	 0.336083498982825 
2157	 0.336315117557075 
2158	 0.335704493713917 
2159	 0.335985956562883 
2160	 0.33638695408787 
2161	 0.336055680716639 
2162	 0.336322408415274 
2163	 0.336810289502498 
2164	 0.336623101348621 
2165	 0.335606376256956 
2166	 0.335389733613693 
2167	 0.335343895239297 
2168	 0.334907345434419 
2169	 0.334109130342387 
2170	 0.334020997670931 
2171	 0.334306469723051 
2172	 0.334366460426555 
2173	 0.334802038180856 
2174	 0.335465229543939 
2175	 0.335632883198018 
2176	 0.335127281355812 
2177	 0.334889961126489 
2178	 0.335362244041307 
2179	 0.335275391463032 
2180	 0.333778180809574 
2181	 0.333051903050787 
2182	 0.333302390449811 
2183	 0.333836521119461 
2184	 0.334818083475138 
2185	 0.335046337413315 
2186	 0.334889854493108 
2187	 0.33466465921316 
2188	 0.33421239733539 
2189	 0.333772665873683 
2190	 0.332829697474329 
2191	 0.332736158287853 
2192	 0.333447318101633 
2193	 0.332755348817512 
2194	 0.331455310428216 
2195	 0.331299119673583 
2196	 0.330781409024314 
2197	 0.330461069732503 
2198	 0.330780697488063 
2199	 0.330946006219621 
2200	 0.330968954297997 
2201	 0.330786318236739 
2202	 0.330565347820847 
2203	 0.330553226015904 
2204	 0.329948577622023 
2205	 0.328909102815892 
2206	 0.328856054461857 
2207	 0.328988111233314 
2208	 0.329402987579327 
2209	 0.33032433061903 
2210	 0.330598613264122 
2211	 0.331132722340056 
2212	 0.3311382552917 
2213	 0.329959681667782 
2214	 0.329732853862185 
2215	 0.329578100741383 
2216	 0.329738005133549 
2217	 0.33095754744501 
2218	 0.331424503311638 
2219	 0.332068320160955 
2220	 0.331955545363496 
2221	 0.331241211421292 
2222	 0.329969788660472 
2223	 0.329164677693957 
2224	 0.32879813570036 
2225	 0.330363750375714 
2226	 0.331818147976399 
2227	 0.331359614599982 
2228	 0.331891187635506 
2229	 0.332533541679887 
2230	 0.3310046434556 
2231	 0.329834996566676 
2232	 0.330547117863063 
2233	 0.330290923147026 
2234	 0.329369434600511 
2235	 0.329861441254409 
2236	 0.329808327250398 
2237	 0.329650763686499 
2238	 0.328918193417137 
2239	 0.328780827092654 
2240	 0.32921428446604 
2241	 0.329013341889524 
2242	 0.328050272570509 
2243	 0.328472937414283 
2244	 0.330263354237318 
2245	 0.329664380745786 
2246	 0.328126743462422 
2247	 0.327354597403561 
2248	 0.325417302505504 
2249	 0.324092405647386 
2250	 0.323201920616488 
2251	 0.323776271249076 
2252	 0.32462132428669 
2253	 0.324396613677884 
2254	 0.324408186338562 
2255	 0.323545731232084 
2256	 0.32172656033785 
2257	 0.321247329434707 
2258	 0.322426315364142 
2259	 0.323731547389692 
2260	 0.323911586042299 
2261	 0.323677925812085 
2262	 0.322407914003774 
2263	 0.320612501407981 
2264	 0.320583600855737 
2265	 0.321336850072131 
2266	 0.32152360593178 
2267	 0.320932660811183 
2268	 0.320931569258414 
2269	 0.321117332947597 
2270	 0.319747768972219 
2271	 0.318903061890621 
2272	 0.318728729315127 
2273	 0.31794817627437 
2274	 0.317665586722745 
2275	 0.31888449034517 
2276	 0.318770000663034 
2277	 0.318175359790849 
2278	 0.317042682138386 
2279	 0.314535277737973 
2280	 0.314143182035496 
2281	 0.314217868543988 
2282	 0.314193074134899 
2283	 0.31559637821669 
2284	 0.316316177243838 
2285	 0.317343602902787 
2286	 0.317228794795684 
2287	 0.316516742419759 
2288	 0.314848552098513 
2289	 0.313218952772087 
2290	 0.312786067825981 
2291	 0.311576274886067 
2292	 0.311918375278678 
2293	 0.314634185205031 
2294	 0.314051657703375 
2295	 0.313858262322851 
2296	 0.316139185810758 
2297	 0.315245295472022 
2298	 0.313662652087703 
2299	 0.314112011128572 
2300	 0.314210877624244 
2301	 0.313973640232996 
2302	 0.313861475001161 
2303	 0.3130366887945 
2304	 0.312553424695209 
2305	 0.313867922471316 
2306	 0.314738063668158 
2307	 0.313032996192914 
2308	 0.310998879834939 
2309	 0.310850779751999 
2310	 0.310395632504928 
2311	 0.310326657265489 
2312	 0.311595561089407 
2313	 0.310664816167365 
2314	 0.310520065475218 
2315	 0.311929405734492 
2316	 0.310007951279693 
2317	 0.309292497769268 
2318	 0.311969895279642 
2319	 0.312965395978802 
2320	 0.316211640447729 
2321	 0.315081268836519 
2322	 0.308750570248094 
2323	 0.306500840964413 
2324	 0.304309978243086 
2325	 0.30381086632427 
2326	 0.307106906945989 
2327	 0.307593919918998 
2328	 0.305549629950387 
2329	 0.305789557251738 
2330	 0.308485240681653 
2331	 0.308757906948217 
2332	 0.308702980940069 
2333	 0.307917933625636 
2334	 0.303834475484962 
2335	 0.302494465910091 
2336	 0.301868477574185 
2337	 0.302759890960319 
2338	 0.308116519423438 
2339	 0.308213187052565 
2340	 0.305092621614882 
2341	 0.306157115822585 
2342	 0.308807055030386 
2343	 0.306994392627108 
2344	 0.309077844257336 
2345	 0.31238067410312 
2346	 0.305389555485561 
2347	 0.300277475538134 
2348	 0.303780579434069 
2349	 0.302507257911451 
2350	 0.298140997384065 
2351	 0.301851509390726 
2352	 0.305106415873704 
2353	 0.30264343145134 
2354	 0.304559341609752 
2355	 0.305791023685022 
2356	 0.303113956679732 
2357	 0.302596037626242 
2358	 0.302641394896283 
2359	 0.303674134718217 
2360	 0.307129533522343 
2361	 0.308006927154443 
2362	 0.307351098323145 
2363	 0.309508142961663 
2364	 0.307448415655754 
2365	 0.305019208654919 
2366	 0.30781903760706 
2367	 0.306158907767309 
2368	 0.303590013192504 
2369	 0.301782191023244 
2370	 0.296532950448601 
2371	 0.297974672142788 
2372	 0.303698216250268 
2373	 0.304870220252119 
2374	 0.307529174873098 
2375	 0.308471081007127 
2376	 0.304353777390761 
2377	 0.305216456317178 
2378	 0.305565364492636 
2379	 0.301823699438453 
2380	 0.301075221661116 
2381	 0.29405884365369 
2382	 0.285194091067792 
2383	 0.284616967823363 
2384	 0.283817600629842 
2385	 0.287293740115434 
2386	 0.29688634155333 
2387	 0.300229540090172 
2388	 0.292545060715459 
2389	 0.278347729279704 
2390	 0.277496527086074 
2391	 0.29021297779393 
2392	 0.300107123851162 
2393	 0.304516451200418 
2394	 0.299835861831473 
2395	 0.291869897666261 
2396	 0.289947035137024 
2397	 0.29202136110144 
2398	 0.293906572867439 
2399	 0.29062012561439 
2400	 0.289950995798124 
2401	 0.297017706797254 
2402	 0.298879736620907 
2403	 0.298785624704713 
2404	 0.293821171962765 
2405	 0.285213016549117 
2406	 0.29523348125549 
2407	 0.297152502958431 
2408	 0.28791054089554 
2409	 0.295175469284143 
2410	 0.288588364549653 
2411	 0.280928470697632 
2412	 0.290890843861411 
2413	 0.275896916019617 
2414	 0.261279781437089 
2415	 0.278767159908583 
2416	 0.278854315910455 
2417	 0.270055927391709 
2418	 0.279262636646818 
2419	 0.267753090837979 
2420	 0.256388458018455 
2421	 0.277619394864758 
2422	 0.287207192720926 
2423	 0.272235919093902 
2424	 0.275682912699265 
2425	 0.277181489877233 
2426	 0.260288970032922 
2427	 0.269921360374282 
2428	 0.267432615307408 
2429	 0.247557027368808 
2430	 0.266358405551765 
2431	 0.274053596687587 
2432	 0.265934158889253 
2433	 0.28063840553357 
2434	 0.270720020533484 
2435	 0.256061949088817 
2436	 0.267188904234868 
2437	 0.268643560266773 
2438	 0.266803257980856 
2439	 0.272595987899618 
2440	 0.2626838380151 
2441	 0.230200268204803 
2442	 0.21929480400617 
2443	 0.223836040606763 
2444	 0.22860218051441 
2445	 0.268539916578797 
2446	 0.292304575321485 
2447	 0.273937723522329 
2448	 0.266062753852418 
2449	 0.268771007602908 
2450	 0.26469456773862 
2451	 0.257984007813632 
2452	 0.276774699170981 
2453	 0.287587574976631 
2454	 0.259888235037081 
2455	 0.261672887955355 
2456	 0.27393643213308 
2457	 0.254383902006065 
2458	 0.253368571298408 
2459	 0.259763828881057 
2460	 0.231989903786636 
2461	 0.211814636197928 
2462	 0.225443750999139 
2463	 0.248250242388774 
2464	 0.248308680883337 
2465	 0.225174962804267 
2466	 0.213279507950999 
2467	 0.209387629633535 
2468	 0.217036765000269 
2469	 0.225949176070603 
2470	 0.21847752077854 
2471	 0.221196848628399 
2472	 0.259623173836936 
2473	 0.273709788972124 
2474	 0.271404378413102 
2475	 0.253597124001821 
2476	 0.196076617386046 
2477	 0.183911069855694 
2478	 0.186515719118447 
2479	 0.223480587149942 
2480	 0.263363014029401 
2481	 0.276585571342686 
2482	 0.324122792781705 
2483	 0.299028927002971 
2484	 0.194927149422572 
2485	 0.225895857317331 
2486	 0.232164321906084 
2487	 0.194332112066051 
2488	 0.241159335963961 
2489	 0.212558655813496 
2490	 0.108156630673163 
2491	 0.238366163037088 
2492	 0.609776065677189 
2493	 0.677058128204697 
2494	 0.624896351518109 
2495	 0.577646535693181 
2496	 0.532523649192232 
2497	 0.468060607801665 
2498	 0.454153319466069 
2499	 0.560401871098477 
2500	 0.392464918042688 
