Wavelength	09/27/123 at 12:21:43
350	 9.09331014587715E-02 
351	 9.13074408254502E-02 
352	 9.20619028530083E-02 
353	 9.26174005343092E-02 
354	 9.24441569216029E-02 
355	 9.28131938072986E-02 
356	 9.32591644693061E-02 
357	 9.34378098904678E-02 
358	 9.36706941622859E-02 
359	 9.36837490834885E-02 
360	 9.37938355526633E-02 
361	 9.44726706268184E-02 
362	 9.50347493141842E-02 
363	 9.53987122104084E-02 
364	 9.56659768687468E-02 
365	 9.61560948552148E-02 
366	 9.65126668821056E-02 
367	 9.66683613813644E-02 
368	 9.67461309491776E-02 
369	 0.09737636366227 
370	 9.79846273011357E-02 
371	 9.82648186536718E-02 
372	 9.88296320912627E-02 
373	 9.94352738165332E-02 
374	 9.99503440748204E-02 
375	 0.100302359147788 
376	 0.100670066721307 
377	 0.10132702742949 
378	 0.102237191832922 
379	 0.102619202175211 
380	 0.103087105188324 
381	 0.103723220745754 
382	 0.104364727182983 
383	 0.105001572834743 
384	 0.105772053857998 
385	 0.1066006815516 
386	 0.106917221519251 
387	 0.107260154956921 
388	 0.10779078888437 
389	 0.108486262650463 
390	 0.109290765646855 
391	 0.110039835016918 
392	 0.110623861081752 
393	 0.110994803174199 
394	 0.11166687661642 
395	 0.11234749159129 
396	 0.112545004177152 
397	 0.112919647971596 
398	 0.113268824149933 
399	 0.113560748260696 
400	 0.114226169413798 
401	 0.114811956625735 
402	 0.115228544026588 
403	 0.115539077912938 
404	 0.115901289231175 
405	 0.116354225869786 
406	 0.116854534352688 
407	 0.117233045271443 
408	 0.117626030889328 
409	 0.118106194621016 
410	 0.118693097344736 
411	 0.119201519187848 
412	 0.119576081516433 
413	 0.119871891732753 
414	 0.120278711539122 
415	 0.120917762418675 
416	 0.121572063618567 
417	 0.121940968597516 
418	 0.122177288332233 
419	 0.122566307227639 
420	 0.123182936232153 
421	 0.12377907223093 
422	 0.124250273377044 
423	 0.124691802145169 
424	 0.125250117789545 
425	 0.125793432760853 
426	 0.126372439728492 
427	 0.127012016793441 
428	 0.127687762489588 
429	 0.128265500816035 
430	 0.128749377494233 
431	 0.129200256807959 
432	 0.129631854165014 
433	 0.130159415743948 
434	 0.130766771970562 
435	 0.131265560314441 
436	 0.131791837757569 
437	 0.132358320229521 
438	 0.132928912323523 
439	 0.13341662171869 
440	 0.133908427144977 
441	 0.134428026055518 
442	 0.134901952522722 
443	 0.135386159349662 
444	 0.135865304925453 
445	 0.136315656708127 
446	 0.136760044732389 
447	 0.137235514483448 
448	 0.137724465229901 
449	 0.138153563848155 
450	 0.138563939972449 
451	 0.138987075422283 
452	 0.139432332038602 
453	 0.139831547283575 
454	 0.140193847571717 
455	 0.140551738558773 
456	 0.140963505680826 
457	 0.141343320810147 
458	 0.141708947122303 
459	 0.142085926642967 
460	 0.1423876166196 
461	 0.1426950935098 
462	 0.143034246790501 
463	 0.143354142232608 
464	 0.143654158204035 
465	 0.143965401741154 
466	 0.144309498395035 
467	 0.144648103614143 
468	 0.144949438778157 
469	 0.145229448404204 
470	 0.145548384598027 
471	 0.145877410217029 
472	 0.146214223032138 
473	 0.146552633488014 
474	 0.146865445025217 
475	 0.147183209612399 
476	 0.147497930491054 
477	 0.147774398627769 
478	 0.148078361890979 
479	 0.14846892483532 
480	 0.148939960817181 
481	 0.149295152442879 
482	 0.149605240241311 
483	 0.149967614793353 
484	 0.150487607267845 
485	 0.151032204397787 
486	 0.151518478203671 
487	 0.151918893340514 
488	 0.152322052970272 
489	 0.1527631322077 
490	 0.15325668125994 
491	 0.153788936979682 
492	 0.154223135567505 
493	 0.154650799664585 
494	 0.155134925487462 
495	 0.155579006966946 
496	 0.156122329292954 
497	 0.156688722205925 
498	 0.157132132612851 
499	 0.157670059635199 
500	 0.158254567339016 
501	 0.158824096408813 
502	 0.159342346976685 
503	 0.159796019178792 
504	 0.160248589482222 
505	 0.1607811280628 
506	 0.161356942518575 
507	 0.16191525673879 
508	 0.162438291732622 
509	 0.162980400116242 
510	 0.163484748759414 
511	 0.164001696680743 
512	 0.164579646969827 
513	 0.165072571142807 
514	 0.165578818148571 
515	 0.166142260521012 
516	 0.166720633589805 
517	 0.167296551669391 
518	 0.167862767232582 
519	 0.168410205835899 
520	 0.168952927431588 
521	 0.169480714318016 
522	 0.170001101641902 
523	 0.170539592252029 
524	 0.171108458727546 
525	 0.171688554790591 
526	 0.172264408464578 
527	 0.172855306210275 
528	 0.173448267204185 
529	 0.174021423389154 
530	 0.174564427024201 
531	 0.17517351212739 
532	 0.175785503216922 
533	 0.17635886896621 
534	 0.17700079653622 
535	 0.177663455190697 
536	 0.178296416542353 
537	 0.178858797436856 
538	 0.179481900685998 
539	 0.18015817213613 
540	 0.180855061327248 
541	 0.181527863745387 
542	 0.182249501521803 
543	 0.182985544486043 
544	 0.183670636241793 
545	 0.184345912379039 
546	 0.185037911804473 
547	 0.185745377291153 
548	 0.186411189826699 
549	 0.187118616416792 
550	 0.187872543535002 
551	 0.188646081325326 
552	 0.189390540541483 
553	 0.190085433688068 
554	 0.190756815137282 
555	 0.191488887853167 
556	 0.192208769651071 
557	 0.192930806046128 
558	 0.193673439610536 
559	 0.194389903841002 
560	 0.195073874578325 
561	 0.19576961871324 
562	 0.196570525997185 
563	 0.197292980929105 
564	 0.197967458789999 
565	 0.198663116466972 
566	 0.199402570076075 
567	 0.200206063317613 
568	 0.201020279844379 
569	 0.201750611560873 
570	 0.202443251990002 
571	 0.203127334954379 
572	 0.20379461290981 
573	 0.204373652287119 
574	 0.204983947067085 
575	 0.205624506157803 
576	 0.206234384941928 
577	 0.206835026069787 
578	 0.207409461018777 
579	 0.207951549698965 
580	 0.208470541006863 
581	 0.208925409232428 
582	 0.209358957311366 
583	 0.209822262771119 
584	 0.210280671800316 
585	 0.210779097274704 
586	 0.211307949232139 
587	 0.211810850361731 
588	 0.212259737778712 
589	 0.212721963815113 
590	 0.213217508352789 
591	 0.213619687915055 
592	 0.214073674245927 
593	 0.214594905700311 
594	 0.215099010893316 
595	 0.215585999079247 
596	 0.216031601678824 
597	 0.216437857936843 
598	 0.216845060836537 
599	 0.217257942780905 
600	 0.217672806775915 
601	 0.218087550604261 
602	 0.218462830894308 
603	 0.218796881984481 
604	 0.219098728394845 
605	 0.219376215452617 
606	 0.219620092507942 
607	 0.219878914475665 
608	 0.220192976979097 
609	 0.22050685900619 
610	 0.22076957524002 
611	 0.221002099403621 
612	 0.221285805623039 
613	 0.221489930890072 
614	 0.221692544155912 
615	 0.221960333680617 
616	 0.222208165405422 
617	 0.222418610353706 
618	 0.22261843944517 
619	 0.222858511790793 
620	 0.223046969672311 
621	 0.223248772861843 
622	 0.223486146840252 
623	 0.223669553220541 
624	 0.223876132935739 
625	 0.22411253205857 
626	 0.22434975517614 
627	 0.224522520059517 
628	 0.224717683115711 
629	 0.22494523438532 
630	 0.22511602753047 
631	 0.225331326498324 
632	 0.225542645715595 
633	 0.225695250738563 
634	 0.225838408377102 
635	 0.22603564113994 
636	 0.226247014533446 
637	 0.226378761183532 
638	 0.226568269779195 
639	 0.226757830363889 
640	 0.22690297329845 
641	 0.227044902584716 
642	 0.227189045796714 
643	 0.22731964217244 
644	 0.227424062723204 
645	 0.227544769873053 
646	 0.227653217363305 
647	 0.227750070154352 
648	 0.227876326213225 
649	 0.228090939921715 
650	 0.228294754159777 
651	 0.228416362586652 
652	 0.228597172684176 
653	 0.228732230434258 
654	 0.228819564228902 
655	 0.228932654908076 
656	 0.229244080354492 
657	 0.229507068897257 
658	 0.229596749258867 
659	 0.229707592899982 
660	 0.229826559657976 
661	 0.229936814302105 
662	 0.230027713207724 
663	 0.230150260354338 
664	 0.230273031890425 
665	 0.230375852602404 
666	 0.230448993674274 
667	 0.230562189079486 
668	 0.230648009595164 
669	 0.230684978804758 
670	 0.230859815917156 
671	 0.231077870264873 
672	 0.231240907979093 
673	 0.231285301837478 
674	 0.231459087826272 
675	 0.231651646179259 
676	 0.231801896267636 
677	 0.231988458804243 
678	 0.232148074635056 
679	 0.232289646241763 
680	 0.232442454693903 
681	 0.232614326880446 
682	 0.232787237489792 
683	 0.232988405991852 
684	 0.233265529464656 
685	 0.233525907230932 
686	 0.233929061516559 
687	 0.234529752018994 
688	 0.234925795395761 
689	 0.235200771231239 
690	 0.235444571509132 
691	 0.23571645649248 
692	 0.235947145729896 
693	 0.236197347250548 
694	 0.236515415265086 
695	 0.236914102105545 
696	 0.237386788554641 
697	 0.237782380181184 
698	 0.238052269321007 
699	 0.238375007651485 
700	 0.238737075160298 
701	 0.239108578043691 
702	 0.239445562356693 
703	 0.239687444888558 
704	 0.239986809613453 
705	 0.240357422223367 
706	 0.24063709584418 
707	 0.240934450762662 
708	 0.241218715407062 
709	 0.241456126939173 
710	 0.241657107485887 
711	 0.241841887710409 
712	 0.242051320451931 
713	 0.242317903196121 
714	 0.242472007032118 
715	 0.242454479994353 
716	 0.242319466674248 
717	 0.242269710813869 
718	 0.242358742295476 
719	 0.242643513949729 
720	 0.243048437344095 
721	 0.243333124696553 
722	 0.243383304474473 
723	 0.243328250059275 
724	 0.243403403524388 
725	 0.24353134834903 
726	 0.243679371893721 
727	 0.243825438667547 
728	 0.243952657068641 
729	 0.244070368943827 
730	 0.244213570252236 
731	 0.244408228616294 
732	 0.244665728909508 
733	 0.244841881952465 
734	 0.244942215052555 
735	 0.245051226489383 
736	 0.245205053721316 
737	 0.245345037609975 
738	 0.245451187636663 
739	 0.245567108022606 
740	 0.245694724303639 
741	 0.245834577784957 
742	 0.245988567190569 
743	 0.246187375991254 
744	 0.246327687352278 
745	 0.246401164907577 
746	 0.246458560830761 
747	 0.246547292309709 
748	 0.246672740124185 
749	 0.24681296570744 
750	 0.246925490931853 
751	 0.247044966141157 
752	 0.247174802346129 
753	 0.247310081941811 
754	 0.247443530474677 
755	 0.247655935167775 
756	 0.247908800545149 
757	 0.24811246440898 
758	 0.248214880080097 
759	 0.248503939917918 
760	 0.249307295718218 
761	 0.250363489317759 
762	 0.250668756574723 
763	 0.250542623543308 
764	 0.250401287321042 
765	 0.250233465209313 
766	 0.24997115510792 
767	 0.249771595907051 
768	 0.249761853617139 
769	 0.249735836411566 
770	 0.249740613912811 
771	 0.249792274330187 
772	 0.249879206612139 
773	 0.250031844295126 
774	 0.250167433999424 
775	 0.250259696111858 
776	 0.250418305103057 
777	 0.250530052237685 
778	 0.250637042629675 
779	 0.250797616092182 
780	 0.250960806294907 
781	 0.251101686828437 
782	 0.251200775409909 
783	 0.251257719276219 
784	 0.251391049560154 
785	 0.251515146966785 
786	 0.251593567189116 
787	 0.251689384476636 
788	 0.25189308846498 
789	 0.252081079514704 
790	 0.252170598726338 
791	 0.252338340938019 
792	 0.252473762700827 
793	 0.252573476969177 
794	 0.252685409710269 
795	 0.252869563742362 
796	 0.253032713319597 
797	 0.25314312740009 
798	 0.25323420862547 
799	 0.253312974666918 
800	 0.253430493128238 
801	 0.253597494495254 
802	 0.253752322282036 
803	 0.253918683863379 
804	 0.25408861008373 
805	 0.254238238114134 
806	 0.254316881202046 
807	 0.254372319192737 
808	 0.254482479237702 
809	 0.254687285024575 
810	 0.254737943642639 
811	 0.254734973460255 
812	 0.254731949188511 
813	 0.254710034928844 
814	 0.254665707665176 
815	 0.254756554059995 
816	 0.255046259085215 
817	 0.25536219574389 
818	 0.255497419688431 
819	 0.255543025816814 
820	 0.255656500307718 
821	 0.255875927725752 
822	 0.256027622781721 
823	 0.256165002340685 
824	 0.256415106917595 
825	 0.25655928898572 
826	 0.2567154277402 
827	 0.256851689280253 
828	 0.256804169359992 
829	 0.256942855219073 
830	 0.257180287417826 
831	 0.257392848870493 
832	 0.257541967031025 
833	 0.257735524860654 
834	 0.257911614958489 
835	 0.258027241673983 
836	 0.258192467623249 
837	 0.258417071268021 
838	 0.258588736515836 
839	 0.258614186839069 
840	 0.258809068631856 
841	 0.258976875178118 
842	 0.25905227644554 
843	 0.259107741557429 
844	 0.259312643961574 
845	 0.259481658752394 
846	 0.259553992427784 
847	 0.259701964535316 
848	 0.259761245708455 
849	 0.259880903385368 
850	 0.260122477587787 
851	 0.260166905552098 
852	 0.260240401351507 
853	 0.260396487682435 
854	 0.260599979356042 
855	 0.26070739023957 
856	 0.260830808826055 
857	 0.260942416781264 
858	 0.260967757898542 
859	 0.261058781650892 
860	 0.261222242790652 
861	 0.261407277579343 
862	 0.261531166478895 
863	 0.261632641202302 
864	 0.261675762588908 
865	 0.261695775580829 
866	 0.261857214530811 
867	 0.262051876008144 
868	 0.262234812518114 
869	 0.262393631907951 
870	 0.262559117883441 
871	 0.262626210895048 
872	 0.262618242116016 
873	 0.262623425296873 
874	 0.262742082082466 
875	 0.262873426448113 
876	 0.263041948231156 
877	 0.26328958571672 
878	 0.26344276273817 
879	 0.263529772522216 
880	 0.263624667974299 
881	 0.263807098626925 
882	 0.263778424412027 
883	 0.263765506710558 
884	 0.263921450507889 
885	 0.264214016436117 
886	 0.264272958637835 
887	 0.264327031112371 
888	 0.264522500108373 
889	 0.264633455287861 
890	 0.264493371641231 
891	 0.264392255324481 
892	 0.264512807827932 
893	 0.26441130344695 
894	 0.264264860407662 
895	 0.264079715835833 
896	 0.263912385789738 
897	 0.264218371346888 
898	 0.264637187034371 
899	 0.264864954429173 
900	 0.264781474757774 
901	 0.264836513087317 
902	 0.265140164098362 
903	 0.265447829241929 
904	 0.265365769880624 
905	 0.265275952087407 
906	 0.26532824417589 
907	 0.265419727298962 
908	 0.265252142848552 
909	 0.265311381902897 
910	 0.265405384380908 
911	 0.265386814013672 
912	 0.265330171673873 
913	 0.265239959381377 
914	 0.265437319711794 
915	 0.265945690771075 
916	 0.266172449825998 
917	 0.266130582690577 
918	 0.266232103099858 
919	 0.266676826102403 
920	 0.266953013758402 
921	 0.267115775656948 
922	 0.267098922037602 
923	 0.266916082453152 
924	 0.266917958971706 
925	 0.266913060570795 
926	 0.266670773541447 
927	 0.266032669785609 
928	 0.265280159525694 
929	 0.264870337594765 
930	 0.264480657821172 
931	 0.263439751277585 
932	 0.26334153317629 
933	 0.262950687003059 
934	 0.262225551937783 
935	 0.262235995712434 
936	 0.26227688618777 
937	 0.262636687049409 
938	 0.263315179648697 
939	 0.264027328407974 
940	 0.264733757113256 
941	 0.264760656914253 
942	 0.264311007339247 
943	 0.264373818503733 
944	 0.264300542100158 
945	 0.264108898327936 
946	 0.264074425256892 
947	 0.264576484975767 
948	 0.264679369878751 
949	 0.264507702446895 
950	 0.264421456181474 
951	 0.264807973510539 
952	 0.265930253818097 
953	 0.266247820206305 
954	 0.265382257274275 
955	 0.26525633926728 
956	 0.265949154616137 
957	 0.266456904085983 
958	 0.266574772485201 
959	 0.267953401530185 
960	 0.268683873849601 
961	 0.268567634215201 
962	 0.268184527372402 
963	 0.268652979042835 
964	 0.2693207641956 
965	 0.269890133736829 
966	 0.270298718318989 
967	 0.270853419936282 
968	 0.270531370393575 
969	 0.270594067871558 
970	 0.271781772540352 
971	 0.271737749963882 
972	 0.270846192248671 
973	 0.270506322432014 
974	 0.271488665965961 
975	 0.271580751599474 
976	 0.27159700768737 
977	 0.271656700661178 
978	 0.271810862415837 
979	 0.272621849501046 
980	 0.273243559535859 
981	 0.272956988651648 
982	 0.271854464801317 
983	 0.27226939130908 
984	 0.273063920531626 
985	 0.273592081626415 
986	 0.273628673208134 
987	 0.273707544757456 
988	 0.273383741888179 
989	 0.273236590974041 
990	 0.273836675771703 
991	 0.274289357445266 
992	 0.274054256924161 
993	 0.273605494569127 
994	 0.273696762774167 
995	 0.274300166077398 
996	 0.274798743564426 
997	 0.274852696114854 
998	 0.274448216439668 
999	 0.274110927994897 
1000	 0.273603439887325 
1001	 0.278427637578633 
1002	 0.278648457421282 
1003	 0.2788367502371 
1004	 0.278938519044047 
1005	 0.278899635403379 
1006	 0.279031023588106 
1007	 0.279226360923017 
1008	 0.279310253692931 
1009	 0.279367925319267 
1010	 0.27947742386422 
1011	 0.279665514261149 
1012	 0.279703184718797 
1013	 0.279818909808596 
1014	 0.27992725658994 
1015	 0.27985460607027 
1016	 0.279828261861015 
1017	 0.279840311010377 
1018	 0.279901950519521 
1019	 0.279994957849103 
1020	 0.280021364306458 
1021	 0.280107757005212 
1022	 0.280341191257061 
1023	 0.280499036838194 
1024	 0.280712154259724 
1025	 0.280884166826001 
1026	 0.280872029220534 
1027	 0.281025600205989 
1028	 0.281129127264551 
1029	 0.281061490251302 
1030	 0.281163166256121 
1031	 0.281253716616594 
1032	 0.28126545968704 
1033	 0.281323883594006 
1034	 0.281661893886503 
1035	 0.281800192390346 
1036	 0.281787784351412 
1037	 0.281726364125072 
1038	 0.281626866334074 
1039	 0.281602264206709 
1040	 0.281561823944082 
1041	 0.281679005082575 
1042	 0.2817543988099 
1043	 0.281835144308545 
1044	 0.281961897211646 
1045	 0.282221728611294 
1046	 0.282333136718129 
1047	 0.282297419782944 
1048	 0.282255603408597 
1049	 0.282260553563141 
1050	 0.282246911864215 
1051	 0.282300568116207 
1052	 0.282470085111179 
1053	 0.282676170905832 
1054	 0.282892736257949 
1055	 0.28307966014117 
1056	 0.283056278426306 
1057	 0.283075318453532 
1058	 0.282907528437025 
1059	 0.282905251952748 
1060	 0.282925708500526 
1061	 0.283144557880048 
1062	 0.283368976829781 
1063	 0.283445512071768 
1064	 0.283602368108313 
1065	 0.283734985852226 
1066	 0.283970858374564 
1067	 0.284232683384042 
1068	 0.284377209669262 
1069	 0.284546739491181 
1070	 0.284630305349714 
1071	 0.28458340041502 
1072	 0.284537195824374 
1073	 0.284343439576683 
1074	 0.284359410185217 
1075	 0.284416333552616 
1076	 0.284550953644637 
1077	 0.284835431207065 
1078	 0.285170072583321 
1079	 0.285322043709423 
1080	 0.285342052298642 
1081	 0.285226329509314 
1082	 0.285184907399892 
1083	 0.285198596801808 
1084	 0.285210925833048 
1085	 0.285267038542248 
1086	 0.285397255362384 
1087	 0.285486466455084 
1088	 0.285568413066701 
1089	 0.285660158914878 
1090	 0.285752139868702 
1091	 0.285882862510462 
1092	 0.285855499478792 
1093	 0.285913147200357 
1094	 0.285933487706752 
1095	 0.285921106204488 
1096	 0.286045043541275 
1097	 0.286354949511678 
1098	 0.286456747454681 
1099	 0.286546177719539 
1100	 0.286599223705977 
1101	 0.286520673847751 
1102	 0.286497235195122 
1103	 0.286494517745367 
1104	 0.286514283938918 
1105	 0.286617174755654 
1106	 0.28657813736 
1107	 0.286410885995553 
1108	 0.286351754344726 
1109	 0.28640707871543 
1110	 0.286209344114516 
1111	 0.286047161738839 
1112	 0.285937773986778 
1113	 0.285817438157039 
1114	 0.285514937547232 
1115	 0.285317414059527 
1116	 0.285337257362752 
1117	 0.285158272322153 
1118	 0.284798660085444 
1119	 0.284473637722066 
1120	 0.283924657645762 
1121	 0.283651036676017 
1122	 0.283343172917632 
1123	 0.283362450951828 
1124	 0.283679394230048 
1125	 0.284787638803015 
1126	 0.284877613601428 
1127	 0.284899218581802 
1128	 0.284596482263511 
1129	 0.283133905077795 
1130	 0.282957828138737 
1131	 0.28334688069935 
1132	 0.283590448453509 
1133	 0.284476817243164 
1134	 0.284808275130748 
1135	 0.284857317995671 
1136	 0.284897158013278 
1137	 0.28445980053732 
1138	 0.284558821882655 
1139	 0.28489340911551 
1140	 0.285282007975302 
1141	 0.285700164181771 
1142	 0.286639823291138 
1143	 0.286813292828039 
1144	 0.286426673863221 
1145	 0.286585334384592 
1146	 0.286630479512997 
1147	 0.286887430725255 
1148	 0.287643316776792 
1149	 0.287976908251925 
1150	 0.28810903570682 
1151	 0.288270131995371 
1152	 0.288340470264101 
1153	 0.288409110624639 
1154	 0.288362661102511 
1155	 0.288476171808973 
1156	 0.288602303478718 
1157	 0.288816938958777 
1158	 0.289100887661298 
1159	 0.289512506217484 
1160	 0.289857869782304 
1161	 0.290214642562976 
1162	 0.290554518636728 
1163	 0.291037018939348 
1164	 0.291212958188556 
1165	 0.29121500208458 
1166	 0.291279095368295 
1167	 0.291059431563037 
1168	 0.291130238748888 
1169	 0.291496897607753 
1170	 0.291677091935822 
1171	 0.291855791432179 
1172	 0.292082868000149 
1173	 0.292138947195745 
1174	 0.292077891030733 
1175	 0.292096076522363 
1176	 0.292059071508903 
1177	 0.292187035841459 
1178	 0.292423477162972 
1179	 0.292579129550001 
1180	 0.292864721705846 
1181	 0.292938083291097 
1182	 0.292771251389374 
1183	 0.292795383744651 
1184	 0.292815916052632 
1185	 0.292891113309866 
1186	 0.293130804682222 
1187	 0.293275025202046 
1188	 0.293433398577794 
1189	 0.293473059903607 
1190	 0.293529836221447 
1191	 0.293609325761807 
1192	 0.293645502282771 
1193	 0.293595628567967 
1194	 0.293646448660744 
1195	 0.293671706246784 
1196	 0.293809169270132 
1197	 0.294135166971455 
1198	 0.294283657596665 
1199	 0.294405829296003 
1200	 0.29449697613821 
1201	 0.294477467962555 
1202	 0.294474401387669 
1203	 0.294406065349817 
1204	 0.294484196812938 
1205	 0.294606890954006 
1206	 0.294798034167713 
1207	 0.294989813124848 
1208	 0.295109606529157 
1209	 0.295016180689442 
1210	 0.294934208289604 
1211	 0.294992821361057 
1212	 0.294988642077891 
1213	 0.295042338822599 
1214	 0.295193312105194 
1215	 0.295346342353468 
1216	 0.295558780524782 
1217	 0.295694547844399 
1218	 0.295854718415097 
1219	 0.295919993261882 
1220	 0.295881183859346 
1221	 0.295898275489831 
1222	 0.295855157192903 
1223	 0.295946316357017 
1224	 0.296171684707035 
1225	 0.296193965246934 
1226	 0.296338923593437 
1227	 0.296491923513674 
1228	 0.29643804578138 
1229	 0.296445403937847 
1230	 0.296444836905843 
1231	 0.296484089274283 
1232	 0.29665436119356 
1233	 0.296823253764129 
1234	 0.29693121562368 
1235	 0.296924820714372 
1236	 0.296956501787296 
1237	 0.296865422953319 
1238	 0.296929721173305 
1239	 0.29713650777948 
1240	 0.29719951781054 
1241	 0.297283803274962 
1242	 0.297340415811309 
1243	 0.297272338820891 
1244	 0.297257917023289 
1245	 0.297475200705531 
1246	 0.297575304306671 
1247	 0.297676599574758 
1248	 0.297802177785221 
1249	 0.297858578481028 
1250	 0.297861713846553 
1251	 0.297821427011109 
1252	 0.29794743121159 
1253	 0.298039069498569 
1254	 0.298076785689833 
1255	 0.298305100757981 
1256	 0.29843197092433 
1257	 0.298517548614693 
1258	 0.298618328069379 
1259	 0.298713176322437 
1260	 0.298712695460929 
1261	 0.298811024207734 
1262	 0.299019230372731 
1263	 0.299109525645342 
1264	 0.299208767743213 
1265	 0.299241597240369 
1266	 0.299231202311956 
1267	 0.299315904921275 
1268	 0.299349799416491 
1269	 0.299340829287275 
1270	 0.299435182299337 
1271	 0.29951009205521 
1272	 0.299514885968946 
1273	 0.299556387559943 
1274	 0.299541772736789 
1275	 0.299598231701579 
1276	 0.299709393609525 
1277	 0.29971743534797 
1278	 0.299772315775084 
1279	 0.299626892821352 
1280	 0.299550383423654 
1281	 0.29951141509734 
1282	 0.299494306958331 
1283	 0.299446533971414 
1284	 0.299458258821847 
1285	 0.29958801484507 
1286	 0.299443733684795 
1287	 0.299318265186062 
1288	 0.29944324846574 
1289	 0.299465674678285 
1290	 0.299492437957263 
1291	 0.299607773812593 
1292	 0.299562533203274 
1293	 0.299508066935807 
1294	 0.299552821420755 
1295	 0.299608423252813 
1296	 0.29967847475253 
1297	 0.299812706149675 
1298	 0.299955928123149 
1299	 0.300001097885524 
1300	 0.300020320322157 
1301	 0.29991432111913 
1302	 0.299763656223541 
1303	 0.299793956839175 
1304	 0.300012571870067 
1305	 0.300052650199401 
1306	 0.300120055457603 
1307	 0.300324019928775 
1308	 0.300192633990256 
1309	 0.299932724501273 
1310	 0.300031014203333 
1311	 0.300018875337987 
1312	 0.299843309986102 
1313	 0.30011868373236 
1314	 0.300503610280239 
1315	 0.300360718691412 
1316	 0.300188475821253 
1317	 0.300230378340393 
1318	 0.299955403013222 
1319	 0.299821394559867 
1320	 0.300149621613878 
1321	 0.300090213263895 
1322	 0.299896130184368 
1323	 0.30015530541246 
1324	 0.300183734172355 
1325	 0.300165881841794 
1326	 0.300426219977245 
1327	 0.300124612468628 
1328	 0.29971873655405 
1329	 0.299858059131 
1330	 0.299788943765091 
1331	 0.299641195346388 
1332	 0.299511899691293 
1333	 0.299680553986213 
1334	 0.299391402368931 
1335	 0.298914779883372 
1336	 0.299065619673996 
1337	 0.298970523649325 
1338	 0.298484016194982 
1339	 0.298550938267532 
1340	 0.298431928590657 
1341	 0.29791239154547 
1342	 0.297837667929156 
1343	 0.297763601111285 
1344	 0.297564589998692 
1345	 0.297764735638256 
1346	 0.297635207375719 
1347	 0.296916722775256 
1348	 0.296424717387615 
1349	 0.295639093314349 
1350	 0.294644320148416 
1351	 0.295147460072132 
1352	 0.295767756885701 
1353	 0.294699305692316 
1354	 0.294150282690992 
1355	 0.294386153517896 
1356	 0.292691138336179 
1357	 0.293305480793291 
1358	 0.29714621302259 
1359	 0.298290976015935 
1360	 0.292462374311242 
1361	 0.289670997269998 
1362	 0.290692161769275 
1363	 0.284086547359424 
1364	 0.304092298997545 
1365	 0.325591256373785 
1366	 0.30375053199586 
1367	 0.336234316803217 
1368	 0.412782292232544 
1369	 0.38963983287031 
1370	 0.381046449660153 
1371	 0.383278176514885 
1372	 0.285273196151439 
1373	 0.240391502824444 
1374	 0.265983890850257 
1375	 0.265517194759196 
1376	 0.277423722986297 
1377	 0.328018709426065 
1378	 0.391054201196561 
1379	 0.367136011703452 
1380	 0.318534954654642 
1381	 0.318715594160901 
1382	 0.315318596113431 
1383	 0.363145893799405 
1384	 0.403204863376014 
1385	 0.35032309506731 
1386	 0.307862717964165 
1387	 0.283073903338416 
1388	 0.272386219469964 
1389	 0.274777920811595 
1390	 0.311959825748121 
1391	 0.33230217144355 
1392	 0.329021146630941 
1393	 0.301684433266935 
1394	 0.26982959138007 
1395	 0.255770998089274 
1396	 0.255097531974467 
1397	 0.261087359930456 
1398	 0.275876261185487 
1399	 0.288089995737248 
1400	 0.281296178167818 
1401	 0.281561950835268 
1402	 0.290591704044453 
1403	 0.282297545845604 
1404	 0.276653221197772 
1405	 0.281376389838208 
1406	 0.278414014910835 
1407	 0.271303221970797 
1408	 0.275303307098034 
1409	 0.279283037410154 
1410	 0.271778069831874 
1411	 0.271620060667822 
1412	 0.277282820087981 
1413	 0.274924611565027 
1414	 0.274276396348085 
1415	 0.277841236928539 
1416	 0.278655324500666 
1417	 0.279065872046553 
1418	 0.279427768621336 
1419	 0.279391320421741 
1420	 0.280192476798912 
1421	 0.280858062985439 
1422	 0.281926480844939 
1423	 0.283749992012225 
1424	 0.283619507408238 
1425	 0.28087909659551 
1426	 0.280620303467011 
1427	 0.281170157742106 
1428	 0.282523016436009 
1429	 0.282590576897073 
1430	 0.283941458912548 
1431	 0.283937097260352 
1432	 0.281770362062428 
1433	 0.281668595475212 
1434	 0.282257945242431 
1435	 0.282349133073998 
1436	 0.283061354038724 
1437	 0.283218280532548 
1438	 0.283484361952997 
1439	 0.284337343269621 
1440	 0.284658059609312 
1441	 0.28455372730752 
1442	 0.284317421939237 
1443	 0.284343079318343 
1444	 0.284610622971284 
1445	 0.284653686076586 
1446	 0.28506145728773 
1447	 0.285792808909107 
1448	 0.286346958284302 
1449	 0.286914183133504 
1450	 0.287419620165818 
1451	 0.287339658892292 
1452	 0.28685693635307 
1453	 0.286931487070078 
1454	 0.287433787378835 
1455	 0.287522248917232 
1456	 0.287752427157818 
1457	 0.28832908117888 
1458	 0.288253763410019 
1459	 0.288337483477316 
1460	 0.289003670075051 
1461	 0.289109627762513 
1462	 0.289024098954606 
1463	 0.289119881031942 
1464	 0.289108396306019 
1465	 0.289004088251562 
1466	 0.289097207321608 
1467	 0.289233011260383 
1468	 0.288941721758265 
1469	 0.28915007358021 
1470	 0.289353348622462 
1471	 0.289816308194212 
1472	 0.289671694280047 
1473	 0.28966452602568 
1474	 0.289594360665259 
1475	 0.289496154919809 
1476	 0.290247792780352 
1477	 0.291175585479098 
1478	 0.291488115052439 
1479	 0.29200777718537 
1480	 0.292702830063033 
1481	 0.292759514992998 
1482	 0.292948461404551 
1483	 0.293626696274314 
1484	 0.293820258800888 
1485	 0.293926227531447 
1486	 0.29438245573159 
1487	 0.294583082008446 
1488	 0.294702577464426 
1489	 0.295084806576684 
1490	 0.295502381906194 
1491	 0.295758409861869 
1492	 0.295944432832108 
1493	 0.296385574630158 
1494	 0.296932189781534 
1495	 0.297262267436457 
1496	 0.297517469217515 
1497	 0.297631675470229 
1498	 0.297784058216454 
1499	 0.298142530394893 
1500	 0.298458692927151 
1501	 0.298814409472621 
1502	 0.299218117760212 
1503	 0.299477187725502 
1504	 0.299638652218563 
1505	 0.299861462098784 
1506	 0.300076847821959 
1507	 0.3002247479021 
1508	 0.300399407898075 
1509	 0.300569950997681 
1510	 0.300876720229746 
1511	 0.301230145311145 
1512	 0.301330239974182 
1513	 0.301436889253676 
1514	 0.301653461783285 
1515	 0.301777193173096 
1516	 0.301942398467766 
1517	 0.302196085771581 
1518	 0.302329974021874 
1519	 0.302469452316153 
1520	 0.30277512378614 
1521	 0.303025424457975 
1522	 0.303042886512591 
1523	 0.302999376161494 
1524	 0.303175846365201 
1525	 0.303308781290919 
1526	 0.303401836308848 
1527	 0.303693164952239 
1528	 0.303856577375308 
1529	 0.30402283476524 
1530	 0.304353232022186 
1531	 0.304598106676825 
1532	 0.30483548077471 
1533	 0.304956258348291 
1534	 0.304938740447783 
1535	 0.304991327294311 
1536	 0.304927005181437 
1537	 0.305023478758974 
1538	 0.305228673980528 
1539	 0.305498834834619 
1540	 0.305578826321186 
1541	 0.305604572829093 
1542	 0.305730453016218 
1543	 0.305834183688895 
1544	 0.305937116251471 
1545	 0.3062928505334 
1546	 0.306436875829325 
1547	 0.306219435294837 
1548	 0.306333122577884 
1549	 0.306546228992335 
1550	 0.306506102998736 
1551	 0.306748071858475 
1552	 0.306997576059827 
1553	 0.306816636697584 
1554	 0.30685486678279 
1555	 0.30708709857928 
1556	 0.307051703036396 
1557	 0.307157499221373 
1558	 0.30725582416849 
1559	 0.307139062262563 
1560	 0.307425096852994 
1561	 0.307834074190637 
1562	 0.307896051607832 
1563	 0.308059858785181 
1564	 0.308261388472002 
1565	 0.308091634575449 
1566	 0.308052919936705 
1567	 0.308382796287067 
1568	 0.308458326087787 
1569	 0.308486388822808 
1570	 0.308747671790778 
1571	 0.308752979553199 
1572	 0.308606404864303 
1573	 0.308679233691677 
1574	 0.30890652482947 
1575	 0.308950375737118 
1576	 0.308859516127119 
1577	 0.30898833552848 
1578	 0.308971088885943 
1579	 0.308761657133372 
1580	 0.308920732174426 
1581	 0.309220897493403 
1582	 0.309447834047432 
1583	 0.309672251016574 
1584	 0.30958723741816 
1585	 0.309357166593669 
1586	 0.30929963331436 
1587	 0.309385246148868 
1588	 0.309782857135699 
1589	 0.310091018356212 
1590	 0.309878395622973 
1591	 0.30973621638003 
1592	 0.309837746934972 
1593	 0.309894128396376 
1594	 0.310147333744244 
1595	 0.310505151759892 
1596	 0.310554894652542 
1597	 0.310595427584233 
1598	 0.310699720593628 
1599	 0.310728564794386 
1600	 0.310839093421979 
1601	 0.310847226408377 
1602	 0.310957073370737 
1603	 0.311090789521369 
1604	 0.311076245771746 
1605	 0.311284984823934 
1606	 0.311328361430553 
1607	 0.311278738167476 
1608	 0.311490965308075 
1609	 0.311573288476057 
1610	 0.311636656301732 
1611	 0.311866463573638 
1612	 0.311917507748176 
1613	 0.311769903893403 
1614	 0.311869499795779 
1615	 0.311969569723334 
1616	 0.311913899111069 
1617	 0.312073881983685 
1618	 0.312140188288641 
1619	 0.312065945277984 
1620	 0.312213768278733 
1621	 0.312352316284743 
1622	 0.31245086181574 
1623	 0.312645141645804 
1624	 0.312630243771621 
1625	 0.312535092105862 
1626	 0.31251968568963 
1627	 0.312510573736563 
1628	 0.312645256794486 
1629	 0.312782770925661 
1630	 0.312885008788093 
1631	 0.312990849601015 
1632	 0.312973881338961 
1633	 0.313054137884666 
1634	 0.313323775298683 
1635	 0.313375734772392 
1636	 0.313296609038871 
1637	 0.313500067386462 
1638	 0.313612970406827 
1639	 0.313595124181486 
1640	 0.313785682702322 
1641	 0.31381074021602 
1642	 0.313693920515402 
1643	 0.313703039248898 
1644	 0.313871336868423 
1645	 0.313939253674538 
1646	 0.313811325252185 
1647	 0.313967708885569 
1648	 0.314319349229056 
1649	 0.314416350437381 
1650	 0.314365209936003 
1651	 0.314373209325027 
1652	 0.314160755001426 
1653	 0.31395900677883 
1654	 0.314309167323361 
1655	 0.314577431410317 
1656	 0.314587277278069 
1657	 0.314959744780529 
1658	 0.315071115357991 
1659	 0.314903870391328 
1660	 0.314960056713984 
1661	 0.31468104651102 
1662	 0.314373866893061 
1663	 0.314652349509709 
1664	 0.314933510741331 
1665	 0.314911557949617 
1666	 0.315054798186573 
1667	 0.315150680260612 
1668	 0.314953257804723 
1669	 0.315004788613482 
1670	 0.315263336849741 
1671	 0.315276162291703 
1672	 0.315136950478285 
1673	 0.315137620007622 
1674	 0.315077248540338 
1675	 0.314932126296255 
1676	 0.315157288005073 
1677	 0.315429421779714 
1678	 0.31533233227371 
1679	 0.315299779243012 
1680	 0.315317125089661 
1681	 0.315298021539732 
1682	 0.31557075005376 
1683	 0.315699168109459 
1684	 0.315395542717594 
1685	 0.315197226162311 
1686	 0.315105517702424 
1687	 0.315125515262117 
1688	 0.315365851828792 
1689	 0.315419071779143 
1690	 0.315265708827662 
1691	 0.315157999547674 
1692	 0.315184519488472 
1693	 0.315392805460073 
1694	 0.315589324559723 
1695	 0.315639239052277 
1696	 0.315675548093989 
1697	 0.315649241433601 
1698	 0.315511894094158 
1699	 0.315535511971697 
1700	 0.315693910997741 
1701	 0.315599972611365 
1702	 0.315662654186365 
1703	 0.315755903101084 
1704	 0.315740289264954 
1705	 0.315736042270454 
1706	 0.315888251041484 
1707	 0.315906187934488 
1708	 0.31566164383466 
1709	 0.315651867110662 
1710	 0.315782635940235 
1711	 0.315773491264753 
1712	 0.315873585205061 
1713	 0.315886739972879 
1714	 0.315669702219828 
1715	 0.315694892611966 
1716	 0.315924601394326 
1717	 0.315944180277949 
1718	 0.316020242498956 
1719	 0.315999863289955 
1720	 0.315715569361506 
1721	 0.315584398504632 
1722	 0.315554993034556 
1723	 0.315460931794135 
1724	 0.31535865338365 
1725	 0.315168543121987 
1726	 0.314778690210101 
1727	 0.314799208449195 
1728	 0.31510830384364 
1729	 0.315179994255056 
1730	 0.31542237961062 
1731	 0.315460919805367 
1732	 0.315090308165533 
1733	 0.315079193624433 
1734	 0.31542040584301 
1735	 0.315343024588588 
1736	 0.315097396766657 
1737	 0.315028418981609 
1738	 0.314768447173262 
1739	 0.314651329366457 
1740	 0.314574645473954 
1741	 0.314767786170306 
1742	 0.315272517995542 
1743	 0.315405078136491 
1744	 0.315723255156155 
1745	 0.315795106633266 
1746	 0.315333085825499 
1747	 0.315276678443631 
1748	 0.315536239235361 
1749	 0.31541180530093 
1750	 0.31508696900127 
1751	 0.314979122583528 
1752	 0.314725943756046 
1753	 0.314799379222221 
1754	 0.314816123866268 
1755	 0.314924077269619 
1756	 0.315326699082308 
1757	 0.315298565754151 
1758	 0.315390309597235 
1759	 0.315152648898003 
1760	 0.314640686079114 
1761	 0.314583028523515 
1762	 0.314528699905065 
1763	 0.314639139567133 
1764	 0.314516384391296 
1765	 0.314514484862253 
1766	 0.31463640348157 
1767	 0.314474972881822 
1768	 0.31485473846383 
1769	 0.315126290769938 
1770	 0.315110200020825 
1771	 0.314919809259683 
1772	 0.314806066537701 
1773	 0.314545594639276 
1774	 0.314291225785943 
1775	 0.314053925438521 
1776	 0.31400079921684 
1777	 0.314038197026055 
1778	 0.31395338589631 
1779	 0.313999364362764 
1780	 0.313999065497201 
1781	 0.313801366133661 
1782	 0.313691352722962 
1783	 0.313746127778101 
1784	 0.313757253274636 
1785	 0.313864338539778 
1786	 0.313516936791988 
1787	 0.313011694121418 
1788	 0.31235419528601 
1789	 0.310569968849583 
1790	 0.310289187898325 
1791	 0.310858879609104 
1792	 0.311250868912147 
1793	 0.313142568372864 
1794	 0.313476193103575 
1795	 0.312818660167544 
1796	 0.312357648184313 
1797	 0.310683951837813 
1798	 0.310331524778758 
1799	 0.310810365335947 
1800	 0.310630836899813 
1801	 0.3112625036518 
1802	 0.310765562605535 
1803	 0.308498387147563 
1804	 0.30829965184082 
1805	 0.30930680251119 
1806	 0.308547086706517 
1807	 0.307882113557167 
1808	 0.307982027932032 
1809	 0.306019749305821 
1810	 0.308697899841634 
1811	 0.312462483144354 
1812	 0.313401241182463 
1813	 0.314507074467221 
1814	 0.319522526307408 
1815	 0.323311174090141 
1816	 0.320005833931722 
1817	 0.318835652531785 
1818	 0.307257324561095 
1819	 0.301641397262604 
1820	 0.307141942004907 
1821	 0.310040134491469 
1822	 0.321648266790765 
1823	 0.324414930682694 
1824	 0.313604611785027 
1825	 0.310074765456547 
1826	 0.299936955600111 
1827	 0.292899151027422 
1828	 0.301724513229252 
1829	 0.300222785290798 
1830	 0.302542479586006 
1831	 0.221173564239637 
1832	 0.145889571127803 
1833	 0.140140293173682 
1834	 0.721906597667183 
1835	 1.32251695797809 
1836	 0.732853828255025 
1837	 0.787756318561457 
1838	 0.657192849839518 
1839	 0.502134987526801 
1840	 0.519967854147422 
1841	 0.807426647641511 
1842	 1.08159341055662 
1843	 0.752617781690403 
1844	 0.957575329520864 
1845	 11.0211101141653 
1846	-53.1737835689239 
1847	 2.45973421123826 
1848	 7.03438578337427 
1849	 1.49567714670197 
1850	-0.217208111896081 
1851	-6.45138512914023E-02 
1852	 2.42853293601647 
1853	 2.81937154165292 
1854	 12.5847022942304 
1855	 10.0257736416476 
1856	 0.946336078259549 
1857	 1.41508626190423E-02 
1858	 0.114615540447791 
1859	 2.44157184939341 
1860	 2.86097864326303 
1861	 25.0695499836277 
1862	 11.0573687151777 
1863	 0.742396372050237 
1864	 0.683626588894318 
1865	 1.52475853262496 
1866	 1.87004690747326 
1867	 2.94074422770103 
1868	 3.08548280607147 
1869	 1.76857957130525 
1870	 0.753337020919748 
1871	 0.346968622700242 
1872	-1.13059183167251 
1873	-0.615058037223142 
1874	 1.03462414016232 
1875	 1.08923374630276 
1876	 0.895058371537256 
1877	 0.535121476821886 
1878	 0.492095496602356 
1879	 0.993056968860235 
1880	 0.959253642264768 
1881	 0.898859393853993 
1882	 0.881558967241537 
1883	 0.587285068338348 
1884	 0.398367436082374 
1885	 0.16273403826916 
1886	 0.358675253423727 
1887	 0.487756182007302 
1888	 0.40643239649406 
1889	 0.435487436252316 
1890	 0.471230087971037 
1891	 0.417380971020364 
1892	 0.192402867487707 
1893	 0.165371139772911 
1894	 0.21852253868154 
1895	 0.221751663433074 
1896	 0.312022813422815 
1897	 0.397271656069954 
1898	 0.365919929813016 
1899	 0.279519485699347 
1900	 0.393704123641392 
1901	 0.617348001444035 
1902	 0.744667467660992 
1903	 0.917940977363943 
1904	 0.86871637037437 
1905	 0.641811382239803 
1906	 0.36267802377317 
1907	 0.125373288780556 
1908	 0.355472117503248 
1909	 0.481572456905456 
1910	 0.425289696509493 
1911	 0.39369765391356 
1912	 0.232775137430904 
1913	 0.181116622902504 
1914	 0.17973358374933 
1915	 0.200424332377647 
1916	 0.258288562264621 
1917	 0.22810289390563 
1918	 0.240073429730612 
1919	 0.249362223255671 
1920	 0.223074867097026 
1921	 0.226472692386566 
1922	 0.226621731565727 
1923	 0.217982543002852 
1924	 0.214823745905213 
1925	 0.219060976744647 
1926	 0.223065799871484 
1927	 0.236765225284847 
1928	 0.231112685074602 
1929	 0.21281032230857 
1930	 0.226416750554894 
1931	 0.23195792524587 
1932	 0.22900155867676 
1933	 0.249331163354001 
1934	 0.254883323625464 
1935	 0.254903396991827 
1936	 0.246986828207213 
1937	 0.25218448885995 
1938	 0.252798409889844 
1939	 0.25063839220992 
1940	 0.253839898171271 
1941	 0.253260918149737 
1942	 0.251116913440351 
1943	 0.251896218772799 
1944	 0.254307385804778 
1945	 0.255468088640292 
1946	 0.253523839647979 
1947	 0.248832954440684 
1948	 0.245500582880285 
1949	 0.246027701157698 
1950	 0.246881131621744 
1951	 0.248065199958928 
1952	 0.251278449831157 
1953	 0.25170872016478 
1954	 0.250737893414786 
1955	 0.253124760817248 
1956	 0.252811662190126 
1957	 0.249478140237088 
1958	 0.249359472380968 
1959	 0.249684803749138 
1960	 0.250325234071663 
1961	 0.251641572937312 
1962	 0.256099022561121 
1963	 0.257658018634913 
1964	 0.256528764855704 
1965	 0.257527707331952 
1966	 0.257965787456825 
1967	 0.258520982141868 
1968	 0.260082369315945 
1969	 0.261230752543828 
1970	 0.262371134810244 
1971	 0.263206650993168 
1972	 0.263555167747675 
1973	 0.263699961184272 
1974	 0.26396266198534 
1975	 0.264091858492968 
1976	 0.263616898065393 
1977	 0.263433428699865 
1978	 0.264504290651668 
1979	 0.265560818542816 
1980	 0.266162820488401 
1981	 0.266877554803051 
1982	 0.267409928975993 
1983	 0.267212442482789 
1984	 0.266850319341082 
1985	 0.267961842021943 
1986	 0.269177335565031 
1987	 0.269248631288586 
1988	 0.269587869371708 
1989	 0.270060036037966 
1990	 0.270177725588262 
1991	 0.271070486385632 
1992	 0.271992710845038 
1993	 0.272262271039774 
1994	 0.27120980823397 
1995	 0.271230801471373 
1996	 0.271420017540038 
1997	 0.27191355044346 
1998	 0.272894572195421 
1999	 0.274185859958613 
2000	 0.275052329386299 
2001	 0.275845036015843 
2002	 0.27650262746118 
2003	 0.277213456530714 
2004	 0.279414512497874 
2005	 0.281362508289565 
2006	 0.28220507908165 
2007	 0.281790887327886 
2008	 0.282589973098077 
2009	 0.28224660709521 
2010	 0.283465817345875 
2011	 0.286506949725545 
2012	 0.287478566579472 
2013	 0.286642988937298 
2014	 0.285022128895748 
2015	 0.284831114105637 
2016	 0.286940051760128 
2017	 0.288239523977517 
2018	 0.287494717772962 
2019	 0.287148505563745 
2020	 0.284914572754652 
2021	 0.284551914752239 
2022	 0.284896306880512 
2023	 0.286051158524591 
2024	 0.286894336057904 
2025	 0.286620539618658 
2026	 0.287228673946814 
2027	 0.28827979438897 
2028	 0.28725489471256 
2029	 0.286913395598125 
2030	 0.28779044234066 
2031	 0.287353457803682 
2032	 0.287054594450116 
2033	 0.287644975892373 
2034	 0.288047487874654 
2035	 0.287778489928607 
2036	 0.287582835544466 
2037	 0.288353468992282 
2038	 0.28827184489811 
2039	 0.28729848925784 
2040	 0.286999401295558 
2041	 0.287103497086608 
2042	 0.287175352407984 
2043	 0.287146856202846 
2044	 0.287147080232614 
2045	 0.28742056765692 
2046	 0.287972430176655 
2047	 0.288113907127378 
2048	 0.288460942792886 
2049	 0.288617875341164 
2050	 0.288247854511031 
2051	 0.288086012944089 
2052	 0.288060824021197 
2053	 0.288279274537765 
2054	 0.289204700701137 
2055	 0.28955529774739 
2056	 0.289077930795118 
2057	 0.288354521407926 
2058	 0.28775215134049 
2059	 0.288227406398223 
2060	 0.28840786245115 
2061	 0.289988452633492 
2062	 0.29006246309671 
2063	 0.288267815233669 
2064	 0.287925983581842 
2065	 0.287771861116583 
2066	 0.28879859731486 
2067	 0.28865816745732 
2068	 0.288364412635369 
2069	 0.288616551605551 
2070	 0.288016505403133 
2071	 0.289110414765356 
2072	 0.291347635175312 
2073	 0.290986389058506 
2074	 0.290403779584055 
2075	 0.290367079837131 
2076	 0.289608411467207 
2077	 0.289304576683943 
2078	 0.28981891047654 
2079	 0.290263254628939 
2080	 0.290780075375113 
2081	 0.291097421944594 
2082	 0.290512356040094 
2083	 0.290380560063334 
2084	 0.290914622353849 
2085	 0.290948126343581 
2086	 0.291219713478734 
2087	 0.291591291791226 
2088	 0.291334306978444 
2089	 0.290480492982434 
2090	 0.290346954511402 
2091	 0.291366356061055 
2092	 0.291464823354783 
2093	 0.29134332292786 
2094	 0.291059068209475 
2095	 0.289770239161989 
2096	 0.289592816217654 
2097	 0.289943500007967 
2098	 0.290064040029722 
2099	 0.290286284400334 
2100	 0.291398844739747 
2101	 0.291597276536727 
2102	 0.291124876540021 
2103	 0.291324654941243 
2104	 0.291539221143835 
2105	 0.292099529262852 
2106	 0.292835365697644 
2107	 0.293070797131077 
2108	 0.293318455133705 
2109	 0.293453427594744 
2110	 0.2929757054212 
2111	 0.292864070142493 
2112	 0.292838770047289 
2113	 0.292999410964372 
2114	 0.293462224274325 
2115	 0.293474219486929 
2116	 0.292963149637586 
2117	 0.293160434892483 
2118	 0.293514910946776 
2119	 0.293698912236188 
2120	 0.294213203213146 
2121	 0.294079637180147 
2122	 0.29364062173728 
2123	 0.294021748541892 
2124	 0.29402165703021 
2125	 0.294400600407343 
2126	 0.294520297327495 
2127	 0.294072120110394 
2128	 0.294039828688807 
2129	 0.29433286235167 
2130	 0.294907234736821 
2131	 0.295849304267814 
2132	 0.296125227271243 
2133	 0.296217511603612 
2134	 0.296712805857303 
2135	 0.296598903293869 
2136	 0.296440313159665 
2137	 0.296192108062335 
2138	 0.295253196320323 
2139	 0.294641410544546 
2140	 0.294927021658599 
2141	 0.295217715018836 
2142	 0.296000067861303 
2143	 0.296252430083148 
2144	 0.295846344781904 
2145	 0.295768101062727 
2146	 0.295753662783187 
2147	 0.295662286891175 
2148	 0.295766525999761 
2149	 0.295756199522997 
2150	 0.295223525102996 
2151	 0.295332502043289 
2152	 0.295770512826077 
2153	 0.296495950989841 
2154	 0.296692912918908 
2155	 0.296278687841876 
2156	 0.295983208310267 
2157	 0.295445042323489 
2158	 0.294759517176688 
2159	 0.294591034709981 
2160	 0.29501375380635 
2161	 0.294895536260746 
2162	 0.294719335039051 
2163	 0.295953419196038 
2164	 0.296026405258671 
2165	 0.294925893304862 
2166	 0.294481353369571 
2167	 0.293924054336704 
2168	 0.293676855493586 
2169	 0.294061417038417 
2170	 0.2941240602039 
2171	 0.293904877567974 
2172	 0.293899991950214 
2173	 0.293966489059163 
2174	 0.293842192873007 
2175	 0.294002203759061 
2176	 0.294758300569042 
2177	 0.295276726182352 
2178	 0.295398029150414 
2179	 0.294808433023746 
2180	 0.294703255217066 
2181	 0.29437588898505 
2182	 0.293550980422074 
2183	 0.293874279038258 
2184	 0.293650222754074 
2185	 0.293429828813776 
2186	 0.29359331256658 
2187	 0.293420959521241 
2188	 0.292077488391575 
2189	 0.291997367095126 
2190	 0.293064525435436 
2191	 0.292670585188345 
2192	 0.292113394081016 
2193	 0.292342406094811 
2194	 0.291399098357077 
2195	 0.291398109182333 
2196	 0.293134728933176 
2197	 0.294175558010379 
2198	 0.292727569886704 
2199	 0.291787647931802 
2200	 0.292234675977544 
2201	 0.292215838160409 
2202	 0.292252851880016 
2203	 0.293236320751299 
2204	 0.293520608718539 
2205	 0.292746065075881 
2206	 0.291964467569144 
2207	 0.29112397948169 
2208	 0.290511835858718 
2209	 0.29131025438053 
2210	 0.291386305115311 
2211	 0.292983873994273 
2212	 0.29292712325593 
2213	 0.291230290040484 
2214	 0.290155592944664 
2215	 0.28887731833815 
2216	 0.288911250140762 
2217	 0.289488360871598 
2218	 0.289521156752494 
2219	 0.290331731880263 
2220	 0.290825315448189 
2221	 0.291062171899965 
2222	 0.290780356686206 
2223	 0.289788509580667 
2224	 0.289372137510831 
2225	 0.289887519012698 
2226	 0.290713767514887 
2227	 0.292024793666858 
2228	 0.292378778029137 
2229	 0.292485041095981 
2230	 0.29255166834479 
2231	 0.291811565726631 
2232	 0.292029268150578 
2233	 0.291314301017109 
2234	 0.289418615045242 
2235	 0.289261033737315 
2236	 0.290360717984523 
2237	 0.290523343212764 
2238	 0.290793516168543 
2239	 0.291053159956227 
2240	 0.290967440046259 
2241	 0.290453780138125 
2242	 0.290002440574586 
2243	 0.289676189204461 
2244	 0.288668720737569 
2245	 0.288159418626457 
2246	 0.288089020294271 
2247	 0.288294857169923 
2248	 0.289027891361305 
2249	 0.288597808714329 
2250	 0.287734678321757 
2251	 0.287892612624457 
2252	 0.286518532702356 
2253	 0.284680017194619 
2254	 0.285060961362173 
2255	 0.28622512103 
2256	 0.286987707527732 
2257	 0.286626482631106 
2258	 0.284753464628371 
2259	 0.282980339195087 
2260	 0.281789495246962 
2261	 0.28210112540658 
2262	 0.283787750325431 
2263	 0.284126685576709 
2264	 0.283235208374094 
2265	 0.282364282636174 
2266	 0.282002520720747 
2267	 0.282424945871295 
2268	 0.283267214310292 
2269	 0.283549158109611 
2270	 0.282918454819626 
2271	 0.282820601915086 
2272	 0.282735043780063 
2273	 0.282216840293332 
2274	 0.282614225212032 
2275	 0.283689516291523 
2276	 0.283167551652205 
2277	 0.282504421938608 
2278	 0.282494782561135 
2279	 0.282745260706812 
2280	 0.281912796214626 
2281	 0.279311618025524 
2282	 0.278768980339548 
2283	 0.278706924771161 
2284	 0.278715753258693 
2285	 0.281443666669666 
2286	 0.282457325534931 
2287	 0.282415977505165 
2288	 0.280375710967542 
2289	 0.279596122649235 
2290	 0.27911685122153 
2291	 0.277300146772515 
2292	 0.277874346616815 
2293	 0.279453562225931 
2294	 0.279529899976259 
2295	 0.28010306006829 
2296	 0.280582327912852 
2297	 0.27994116063776 
2298	 0.279023574297054 
2299	 0.278431850601669 
2300	 0.277947488605508 
2301	 0.277576749324312 
2302	 0.27798878903072 
2303	 0.278042787479849 
2304	 0.27715100407612 
2305	 0.276163482448027 
2306	 0.276388070607863 
2307	 0.277198622779358 
2308	 0.276708292220731 
2309	 0.276286909251121 
2310	 0.276079588165102 
2311	 0.273815501814442 
2312	 0.269549963616419 
2313	 0.267717174473903 
2314	 0.270371949819444 
2315	 0.273089783023525 
2316	 0.274637202164038 
2317	 0.277163498267001 
2318	 0.278368761142598 
2319	 0.278074687209211 
2320	 0.277560126893201 
2321	 0.276719382935481 
2322	 0.272409073185501 
2323	 0.270584644341388 
2324	 0.270280997864372 
2325	 0.27010696661564 
2326	 0.27112587422556 
2327	 0.271916258426735 
2328	 0.273237277965231 
2329	 0.272818888151114 
2330	 0.270848009598513 
2331	 0.270154479814187 
2332	 0.269449588273768 
2333	 0.270169372632049 
2334	 0.272824357031361 
2335	 0.27355891377368 
2336	 0.273864922888294 
2337	 0.273885718866235 
2338	 0.271729225863459 
2339	 0.271168956186003 
2340	 0.271830388506202 
2341	 0.273287750667613 
2342	 0.271054601553821 
2343	 0.272875628604351 
2344	 0.275718233751574 
2345	 0.271992235419916 
2346	 0.271641580600005 
2347	 0.274392487982979 
2348	 0.274871222362139 
2349	 0.276025537853968 
2350	 0.276828689084266 
2351	 0.277294241573979 
2352	 0.280638361280145 
2353	 0.277866018432039 
2354	 0.270521264108699 
2355	 0.268352331661427 
2356	 0.265537258243146 
2357	 0.265685207408337 
2358	 0.270479766952231 
2359	 0.271545282090082 
2360	 0.27255124771142 
2361	 0.276173604866019 
2362	 0.271658470687213 
2363	 0.265723771499246 
2364	 0.2685552609017 
2365	 0.268522632354307 
2366	 0.270622657105671 
2367	 0.277099557351842 
2368	 0.275271145039859 
2369	 0.268817183142567 
2370	 0.267840811124895 
2371	 0.273764985871321 
2372	 0.279764074091699 
2373	 0.280065263556857 
2374	 0.277012540164886 
2375	 0.273019922565027 
2376	 0.263927900301068 
2377	 0.263451620784589 
2378	 0.272224449445418 
2379	 0.269758334668961 
2380	 0.26948571199455 
2381	 0.27353878197104 
2382	 0.269014266079146 
2383	 0.265718794489456 
2384	 0.264907336276444 
2385	 0.265721155610209 
2386	 0.262677010123395 
2387	 0.25694374294784 
2388	 0.263407382494729 
2389	 0.263955119345264 
2390	 0.258181967243238 
2391	 0.266024311901646 
2392	 0.26719563273244 
2393	 0.258775317735106 
2394	 0.26111205426948 
2395	 0.266058252636068 
2396	 0.262733420175792 
2397	 0.259856142818566 
2398	 0.258922419100699 
2399	 0.254595355513715 
2400	 0.254583327542906 
2401	 0.261742006367669 
2402	 0.272381033646762 
2403	 0.277192692266769 
2404	 0.267972225139978 
2405	 0.258707404387273 
2406	 0.259439316996871 
2407	 0.258800001288874 
2408	 0.260899047713733 
2409	 0.26631083941215 
2410	 0.260216356884614 
2411	 0.255284259171568 
2412	 0.256919388470503 
2413	 0.259722610762315 
2414	 0.262246580436756 
2415	 0.259650984900395 
2416	 0.253999236053874 
2417	 0.2528219469059 
2418	 0.260197697767093 
2419	 0.256002626747488 
2420	 0.243620877109961 
2421	 0.246943507224887 
2422	 0.24074065254936 
2423	 0.22955609946315 
2424	 0.248571040700182 
2425	 0.262587436307663 
2426	 0.250426998871328 
2427	 0.254023171417119 
2428	 0.263616244073167 
2429	 0.252401770002663 
2430	 0.254127471274515 
2431	 0.264397798767031 
2432	 0.255738020504987 
2433	 0.243574578062009 
2434	 0.242305735924268 
2435	 0.236402819427852 
2436	 0.216437231681862 
2437	 0.21276010800081 
2438	 0.209149878228502 
2439	 0.202964505775156 
2440	 0.226606185960344 
2441	 0.232294756898418 
2442	 0.220363497594184 
2443	 0.235787044888196 
2444	 0.234803241955526 
2445	 0.224379448220622 
2446	 0.253646961517704 
2447	 0.262381031014066 
2448	 0.239880327735396 
2449	 0.236566608453699 
2450	 0.236622609133643 
2451	 0.236039525857705 
2452	 0.242050197576778 
2453	 0.265722689926312 
2454	 0.267108381270053 
2455	 0.216425075998718 
2456	 0.194139972573429 
2457	 0.192798574594751 
2458	 0.198047878779664 
2459	 0.238717478046946 
2460	 0.258538291547505 
2461	 0.258449777112404 
2462	 0.242601467009803 
2463	 0.216461518270177 
2464	 0.215010957585748 
2465	 0.209711655955853 
2466	 0.21513606233093 
2467	 0.217379220723216 
2468	 0.205305835557669 
2469	 0.215323484120548 
2470	 0.236811926886349 
2471	 0.245031371674064 
2472	 0.270168489937933 
2473	 0.274756493096125 
2474	 0.242367989753306 
2475	 0.228850183558862 
2476	 0.20279634190282 
2477	 0.230100064929858 
2478	 0.321483651217207 
2479	 0.261931116051628 
2480	 0.272000533546242 
2481	 0.232272129362508 
2482	 0.210096913992616 
2483	 0.368014178290293 
2484	 0.382358828238129 
2485	 0.271631817627947 
2486	 0.201050777864841 
2487	 3.42038631132321E-02 
2488	 9.60851311970168E-02 
2489	 0.468617498018498 
2490	 0.554894403892663 
2491	 0.591667709965997 
2492	 0.487507926146152 
2493	-0.110415230189411 
2494	-5.93325136640066E-02 
2495	 0.42269883139371 
2496	 0.645767357896068 
2497	 0.684946143059607 
2498	 0.600011879284908 
2499	 0.335228974580556 
2500	 0.237136517352882 
