Wavelength	09/27/123 at 12:23:34
350	 2.67641495093558E-02 
351	 2.62315057275762E-02 
352	 2.64789112617625E-02 
353	 2.70163264450282E-02 
354	 2.67850156542852E-02 
355	 2.69135337621848E-02 
356	 2.71480138669832E-02 
357	 0.027237625218944 
358	 2.71979800362876E-02 
359	 2.75580411953966E-02 
360	 2.79256516274862E-02 
361	 2.76362657489004E-02 
362	 2.77727363254141E-02 
363	 2.80797767255329E-02 
364	 2.82445177106036E-02 
365	 2.81180522296332E-02 
366	 2.80432751075087E-02 
367	 2.81897819911657E-02 
368	 2.85879928371131E-02 
369	 2.87798462903055E-02 
370	 2.88165330757145E-02 
371	 2.88306787864161E-02 
372	 2.90031111026088E-02 
373	 2.90216448251576E-02 
374	 2.89880691905104E-02 
375	 2.91917473263006E-02 
376	 0.029483303535285 
377	 2.98277263765394E-02 
378	 3.01297657283692E-02 
379	 3.00810400756291E-02 
380	 0.030177433680033 
381	 3.03929295882686E-02 
382	 3.04851272073751E-02 
383	 3.08001112423711E-02 
384	 3.13245712255233E-02 
385	 3.18356836387559E-02 
386	 3.17183125323703E-02 
387	 3.19188895873075E-02 
388	 0.032351492266584 
389	 3.25195053032298E-02 
390	 3.26611433768519E-02 
391	 3.30119755172553E-02 
392	 3.35601190097964E-02 
393	 3.38497292950154E-02 
394	 3.41448726253217E-02 
395	 3.44505715707667E-02 
396	 3.46881786901637E-02 
397	 3.48508358959164E-02 
398	 3.52110246317368E-02 
399	 3.57587485317007E-02 
400	 3.59957536269334E-02 
401	 3.62051540338317E-02 
402	 3.64111281786492E-02 
403	 0.036576137138229 
404	 3.68199539456019E-02 
405	 3.72143846973223E-02 
406	 3.77162128301829E-02 
407	 3.80998510295666E-02 
408	 0.038397325987951 
409	 3.86742941682892E-02 
410	 3.89951921093935E-02 
411	 3.92136164521835E-02 
412	 3.95215967949953E-02 
413	 3.99902881035475E-02 
414	 4.04622370210746E-02 
415	 4.08499659749847E-02 
416	 4.11199581876317E-02 
417	 4.12903832793825E-02 
418	 4.15023465946674E-02 
419	 4.17787366761422E-02 
420	 4.21098195150265E-02 
421	 4.24657009959148E-02 
422	 4.27772612608974E-02 
423	 0.043046324477958 
424	 4.33076230890616E-02 
425	 4.36024621308973E-02 
426	 4.39080951433927E-02 
427	 4.42030023998745E-02 
428	 4.44721174817862E-02 
429	 4.48173624599729E-02 
430	 4.51495143348417E-02 
431	 4.53537178868912E-02 
432	 0.045569864348504 
433	 4.58017641576867E-02 
434	 4.60287893603009E-02 
435	 0.046207552575273 
436	 4.64809202302999E-02 
437	 4.67969196523061E-02 
438	 4.70538267045613E-02 
439	 4.72396164922429E-02 
440	 4.74582246429247E-02 
441	 4.77219626365163E-02 
442	 4.79136475749396E-02 
443	 4.81665737615183E-02 
444	 0.048447004322152 
445	 4.86917621839944E-02 
446	 4.89468621014753E-02 
447	 4.92014327692572E-02 
448	 4.94507653976172E-02 
449	 4.97062003411277E-02 
450	 0.049951359580114 
451	 5.01944314600958E-02 
452	 5.04469571576463E-02 
453	 5.07086339669333E-02 
454	 5.09519459710276E-02 
455	 5.11702502389909E-02 
456	 5.13838584450468E-02 
457	 5.16067251203771E-02 
458	 5.18663654398503E-02 
459	 5.21630861654649E-02 
460	 5.23706534109672E-02 
461	 5.25563107178154E-02 
462	 5.27530690119331E-02 
463	 5.29471215629304E-02 
464	 0.053192077961971 
465	 0.05344707619516 
466	 5.36674572019557E-02 
467	 5.39009296606522E-02 
468	 5.41305182558582E-02 
469	 5.43557819106553E-02 
470	 5.45927907104231E-02 
471	 5.48324941636198E-02 
472	 0.055065213032391 
473	 5.52877740040723E-02 
474	 5.55246883756204E-02 
475	 5.57437885301602E-02 
476	 5.59459011293565E-02 
477	 0.056158230892215 
478	 5.63977747057067E-02 
479	 5.66483260773935E-02 
480	 5.68912567690477E-02 
481	 5.71224311579783E-02 
482	 5.72980469863678E-02 
483	 5.74690840393106E-02 
484	 5.77442743185313E-02 
485	 5.79916846526447E-02 
486	 5.82679867999761E-02 
487	 5.86017506904469E-02 
488	 5.88702084481689E-02 
489	 5.91267287899753E-02 
490	 5.93991923048167E-02 
491	 5.96975421918566E-02 
492	 5.99763909466471E-02 
493	 6.02291005344776E-02 
494	 6.04764954588578E-02 
495	 6.07806379333347E-02 
496	 6.11049906884598E-02 
497	 6.14281870930419E-02 
498	 6.17444276256909E-02 
499	 0.062152063938681 
500	 6.25451657787424E-02 
501	 6.28737957975365E-02 
502	 6.32261215152985E-02 
503	 6.36048388655017E-02 
504	 6.40190225340789E-02 
505	 0.064476492251098 
506	 6.49841783015229E-02 
507	 6.54688035833514E-02 
508	 6.59219611606756E-02 
509	 6.64395183375009E-02 
510	 6.69596128330417E-02 
511	 6.75111903113022E-02 
512	 6.81337230538815E-02 
513	 6.87633942778362E-02 
514	 6.94359646567594E-02 
515	 7.01314331485304E-02 
516	 0.070749546763486 
517	 7.14286075727592E-02 
518	 7.22073746267775E-02 
519	 0.073038404829957 
520	 7.37197348941732E-02 
521	 7.44122205080053E-02 
522	 7.51669961901919E-02 
523	 7.59223223755175E-02 
524	 7.67213842998831E-02 
525	 7.74807746746741E-02 
526	 7.81516788722905E-02 
527	 7.88879953434543E-02 
528	 7.95961685350002E-02 
529	 8.02348920932124E-02 
530	 0.080821295403927 
531	 0.081390093364931 
532	 8.19532099004159E-02 
533	 8.25095745500852E-02 
534	 8.30624349851991E-02 
535	 8.35534003920465E-02 
536	 8.39871596731293E-02 
537	 8.44038402001213E-02 
538	 8.48062831414924E-02 
539	 8.52438349407298E-02 
540	 8.57155073587775E-02 
541	 8.61035554652512E-02 
542	 8.64696490344853E-02 
543	 8.68284250184516E-02 
544	 8.71799207745986E-02 
545	 8.75346218557995E-02 
546	 8.78817185443324E-02 
547	 8.82086814201555E-02 
548	 8.84957455377613E-02 
549	 8.87963895834083E-02 
550	 8.91005197197642E-02 
551	 8.93810660317039E-02 
552	 8.96490783437649E-02 
553	 8.98655220529568E-02 
554	 9.00243064116107E-02 
555	 0.090162860151066 
556	 9.02752310014425E-02 
557	 9.03886447208052E-02 
558	 9.05112102423825E-02 
559	 9.05381485578994E-02 
560	 9.05410960965125E-02 
561	 9.05681081854988E-02 
562	 9.06374051610552E-02 
563	 9.06293766212019E-02 
564	 9.05717389989721E-02 
565	 9.05046967223778E-02 
566	 9.03888768150287E-02 
567	 9.03175637717114E-02 
568	 9.02619810741294E-02 
569	 9.01225426211556E-02 
570	 9.00273308248539E-02 
571	 8.99476039613525E-02 
572	 8.98493948556433E-02 
573	 8.97442868794157E-02 
574	 8.96419166177325E-02 
575	 8.95653345847263E-02 
576	 8.95409991737379E-02 
577	 8.95617844386707E-02 
578	 8.95531086838208E-02 
579	 8.95118760493004E-02 
580	 8.95562657845183E-02 
581	 8.95476645020395E-02 
582	 8.95395680713045E-02 
583	 8.96125958908702E-02 
584	 8.96608224587468E-02 
585	 8.97165705971119E-02 
586	 8.97959711521253E-02 
587	 0.089894504108004 
588	 9.00098988644803E-02 
589	 0.090112720777235 
590	 9.01780206532383E-02 
591	 9.02379204879594E-02 
592	 9.03398649773611E-02 
593	 9.04934818637779E-02 
594	 9.06807027266754E-02 
595	 0.09089957272735 
596	 0.091101784424556 
597	 9.12689263459975E-02 
598	 9.14524191497235E-02 
599	 9.16539681522311E-02 
600	 0.091849778481361 
601	 9.20119650580143E-02 
602	 9.21541575811295E-02 
603	 9.22861900683216E-02 
604	 9.24017948458043E-02 
605	 9.24671574708838E-02 
606	 9.24906754290932E-02 
607	 0.09254076682045 
608	 0.092662642358877 
609	 9.27175353305893E-02 
610	 9.27467257995184E-02 
611	 9.27821733155532E-02 
612	 0.092834835872478 
613	 9.28610604157106E-02 
614	 9.29123157355719E-02 
615	 9.30152484441733E-02 
616	 9.30651136416426E-02 
617	 9.31308367947864E-02 
618	 9.32302048430938E-02 
619	 9.33535323020511E-02 
620	 9.35128112246611E-02 
621	 9.36825353676524E-02 
622	 9.38384984250231E-02 
623	 9.39632714408317E-02 
624	 9.41582026172895E-02 
625	 9.43950993456329E-02 
626	 9.46077970318875E-02 
627	 9.48475611562726E-02 
628	 9.50901700865533E-02 
629	 9.53248221666865E-02 
630	 9.55638228508964E-02 
631	 9.57351656809515E-02 
632	 9.59113459237793E-02 
633	 0.096158329124162 
634	 9.64096450503547E-02 
635	 9.66343696164377E-02 
636	 9.68034845874409E-02 
637	 9.69027234501947E-02 
638	 9.70182434142488E-02 
639	 9.71365026518546E-02 
640	 9.72359512453296E-02 
641	 9.73051119872042E-02 
642	 9.74358374863166E-02 
643	 9.75603297463063E-02 
644	 9.75859281973018E-02 
645	 9.76635155141326E-02 
646	 9.77107423673287E-02 
647	 9.77397024020935E-02 
648	 0.09789011891989 
649	 9.80411028019326E-02 
650	 9.81900101812133E-02 
651	 9.83547683357402E-02 
652	 9.85258364787298E-02 
653	 9.86576702693342E-02 
654	 9.87677692939722E-02 
655	 9.89165814333029E-02 
656	 9.91087389028067E-02 
657	 9.92504575703191E-02 
658	 9.93107526193016E-02 
659	 9.93804582309814E-02 
660	 9.94674857232301E-02 
661	 9.95723242012406E-02 
662	 9.96829596942817E-02 
663	 9.97498706598007E-02 
664	 9.98332728321142E-02 
665	 9.99355588007902E-02 
666	 9.99984017151109E-02 
667	 0.100158909206918 
668	 0.100375856223422 
669	 0.100589250131409 
670	 0.100795374115955 
671	 0.101030274347202 
672	 0.101272226630898 
673	 0.101485999193774 
674	 0.101787584753879 
675	 0.102122114213086 
676	 0.102439854510308 
677	 0.102734492915014 
678	 0.103025999288764 
679	 0.103379339251627 
680	 0.103829337304892 
681	 0.104252400610427 
682	 0.104656685620087 
683	 0.10510617436697 
684	 0.105686033212136 
685	 0.106270449353682 
686	 0.107045822633853 
687	 0.10808866932316 
688	 0.108929693172257 
689	 0.109744217311825 
690	 0.110625928437035 
691	 0.111595835439115 
692	 0.112630636304627 
693	 0.11383350528764 
694	 0.115219989776495 
695	 0.116686071417094 
696	 0.118218694239606 
697	 0.119825480919431 
698	 0.12154379741271 
699	 0.123303201511484 
700	 0.125180978920646 
701	 0.127109004567438 
702	 0.12897639909115 
703	 0.130835908889745 
704	 0.132706873050343 
705	 0.134619366015672 
706	 0.13656293083206 
707	 0.138517630008084 
708	 0.140482895435527 
709	 0.142467414622108 
710	 0.144465957425433 
711	 0.146443595032114 
712	 0.148460439389061 
713	 0.15058456974342 
714	 0.15265541182108 
715	 0.154594022941158 
716	 0.156501120143075 
717	 0.158586550364877 
718	 0.160879500740444 
719	 0.163296277940457 
720	 0.165643445009906 
721	 0.167865287033563 
722	 0.169893715192205 
723	 0.171950081239239 
724	 0.174082863910094 
725	 0.17617832082385 
726	 0.17824282786988 
727	 0.180344775448984 
728	 0.182463572674085 
729	 0.184499472162931 
730	 0.186424675667548 
731	 0.18825001153988 
732	 0.190051484259424 
733	 0.19178618285502 
734	 0.193439999082782 
735	 0.195005278732739 
736	 0.196604567557509 
737	 0.198125798380014 
738	 0.199511369491751 
739	 0.200795431846283 
740	 0.202127311725675 
741	 0.203423897141632 
742	 0.204583389073842 
743	 0.205652985871896 
744	 0.206661599901575 
745	 0.207610074530281 
746	 0.208481166673626 
747	 0.209331360703525 
748	 0.21016888363196 
749	 0.210962692842181 
750	 0.211643809423602 
751	 0.212372565811991 
752	 0.213069742322423 
753	 0.213660101847469 
754	 0.2142442660842 
755	 0.214866311959116 
756	 0.21544030386411 
757	 0.215916995837837 
758	 0.216915630726122 
759	 0.218734873779543 
760	 0.220977163808496 
761	 0.220876262004613 
762	 0.221046419160139 
763	 0.22131490670056 
764	 0.221197405286918 
765	 0.220833155081607 
766	 0.220672443671845 
767	 0.220745657434994 
768	 0.220976015422491 
769	 0.221270710452612 
770	 0.221584022562744 
771	 0.221910523268943 
772	 0.222278285525357 
773	 0.222636645136173 
774	 0.22298649694613 
775	 0.223325294292973 
776	 0.223624907395327 
777	 0.224013664089001 
778	 0.224420850164324 
779	 0.224757928557794 
780	 0.225146984891022 
781	 0.225504461158391 
782	 0.22582436791429 
783	 0.226147331196956 
784	 0.22645162755248 
785	 0.226772498775345 
786	 0.22711934932777 
787	 0.227464097364461 
788	 0.227790157250172 
789	 0.228136245643099 
790	 0.228517212567811 
791	 0.228842073914749 
792	 0.229188585280961 
793	 0.229546806165693 
794	 0.229882704784146 
795	 0.230245522482437 
796	 0.230550485772313 
797	 0.23082140233189 
798	 0.231173555856944 
799	 0.231567597411575 
800	 0.231932948525697 
801	 0.232238394992838 
802	 0.232530071475195 
803	 0.232907277531007 
804	 0.233317818172112 
805	 0.233670130015894 
806	 0.233888772891212 
807	 0.234221407554647 
808	 0.234634762595285 
809	 0.234948026806617 
810	 0.235147810865994 
811	 0.235319668514014 
812	 0.235523779771651 
813	 0.235780951320748 
814	 0.236001434528009 
815	 0.2363007842492 
816	 0.236737459804685 
817	 0.237191674443457 
818	 0.237389563506909 
819	 0.237506057207163 
820	 0.237825609804937 
821	 0.23853747006262 
822	 0.239094145699454 
823	 0.239299564155585 
824	 0.23926887518956 
825	 0.239564149493298 
826	 0.240127110076922 
827	 0.240715171589912 
828	 0.240978589799128 
829	 0.241128382692719 
830	 0.241404209208778 
831	 0.241873964936358 
832	 0.242315939238364 
833	 0.242697445845947 
834	 0.242971253147733 
835	 0.243193212833564 
836	 0.243672288960508 
837	 0.244133818967351 
838	 0.244474805684937 
839	 0.244711221844438 
840	 0.245037951191503 
841	 0.245416673782396 
842	 0.245800566014627 
843	 0.246144176360396 
844	 0.246434654147837 
845	 0.246699923617625 
846	 0.246979834348569 
847	 0.247322044820026 
848	 0.247727038981781 
849	 0.248120703151097 
850	 0.24843455498959 
851	 0.248626658779355 
852	 0.249039690612221 
853	 0.249514074159262 
854	 0.249779053312118 
855	 0.249853518418483 
856	 0.25001584885536 
857	 0.250334487488253 
858	 0.250727893300676 
859	 0.251074373425356 
860	 0.251441187875344 
861	 0.251798951452562 
862	 0.252046522853635 
863	 0.252401691792443 
864	 0.25275721217478 
865	 0.253032457521643 
866	 0.253283615582886 
867	 0.253420486216408 
868	 0.25353860675592 
869	 0.253764608205566 
870	 0.254203765964574 
871	 0.254511295803531 
872	 0.254750386428785 
873	 0.255070071550856 
874	 0.255356275359297 
875	 0.255649700091275 
876	 0.256017364075879 
877	 0.256464491506145 
878	 0.256665409886883 
879	 0.2568416645534 
880	 0.257087216553871 
881	 0.257371813585556 
882	 0.25757765988688 
883	 0.25788949481542 
884	 0.258297526656186 
885	 0.258548278750627 
886	 0.258823931039911 
887	 0.259063663990014 
888	 0.259222436800717 
889	 0.259328478108977 
890	 0.259435802973077 
891	 0.259559638384304 
892	 0.259704390037622 
893	 0.259919076419156 
894	 0.260039038308872 
895	 0.260134181858171 
896	 0.260363127156544 
897	 0.260820876955045 
898	 0.261057482926188 
899	 0.261092614104227 
900	 0.261185188477286 
901	 0.261285796634862 
902	 0.26129463554098 
903	 0.261237141844624 
904	 0.261261193892863 
905	 0.261821405774279 
906	 0.262446853554025 
907	 0.262821893088455 
908	 0.262902009263866 
909	 0.262931760269936 
910	 0.262853685401898 
911	 0.262748493636251 
912	 0.262916666301453 
913	 0.263106051437472 
914	 0.26347197328238 
915	 0.264028064199288 
916	 0.264394743325132 
917	 0.264631304601338 
918	 0.264897120819858 
919	 0.265213230665574 
920	 0.265204075653091 
921	 0.265435718829682 
922	 0.265669279896589 
923	 0.265604873488402 
924	 0.265631587567663 
925	 0.265609788304839 
926	 0.265348935853889 
927	 0.264795342821646 
928	 0.264691150885556 
929	 0.264749923598282 
930	 0.264683495515122 
931	 0.264325617910905 
932	 0.264489987975132 
933	 0.263845537932864 
934	 0.262460103331986 
935	 0.261696761613401 
936	 0.261200585319292 
937	 0.260820892771984 
938	 0.260763994515151 
939	 0.26133819609811 
940	 0.261600326492951 
941	 0.262400569879161 
942	 0.263417631653353 
943	 0.263254247221692 
944	 0.263123755825795 
945	 0.263021689258444 
946	 0.26296115261302 
947	 0.263143642573169 
948	 0.263244318516655 
949	 0.263479058646868 
950	 0.26369681691082 
951	 0.263239334967833 
952	 0.26366654779385 
953	 0.264037631218824 
954	 0.263972518907931 
955	 0.264707393326923 
956	 0.265021800353838 
957	 0.265279262083451 
958	 0.265839197689998 
959	 0.266391405424756 
960	 0.266559779883468 
961	 0.26639539109316 
962	 0.266253267062062 
963	 0.266762853173585 
964	 0.268012916739707 
965	 0.268665502616917 
966	 0.268061788425908 
967	 0.267748064151158 
968	 0.268445635993213 
969	 0.269645120665001 
970	 0.270538894694077 
971	 0.270739208843828 
972	 0.270370122165378 
973	 0.270401151941249 
974	 0.271268304933715 
975	 0.270982287515855 
976	 0.270937611106931 
977	 0.271189962351551 
978	 0.271433713625972 
979	 0.271826122921281 
980	 0.272239062755469 
981	 0.272513358044301 
982	 0.272682097757301 
983	 0.273427334563143 
984	 0.274080023558771 
985	 0.274254592094839 
986	 0.273953730459489 
987	 0.273945125488956 
988	 0.274541933022632 
989	 0.275191785724193 
990	 0.27532477596086 
991	 0.275752111278011 
992	 0.276161130866118 
993	 0.276309677055162 
994	 0.276181317677895 
995	 0.276408387953915 
996	 0.276616526643862 
997	 0.276679504769587 
998	 0.276591916136569 
999	 0.276216496119841 
1000	 0.277093305227218 
1001	 0.268091070127976 
1002	 0.268103871798062 
1003	 0.268110327395356 
1004	 0.268321806995143 
1005	 0.268615135682383 
1006	 0.268900952676211 
1007	 0.269378307437988 
1008	 0.269790650306984 
1009	 0.26987407829563 
1010	 0.270084817137526 
1011	 0.270285853060205 
1012	 0.270354097893594 
1013	 0.270670483665413 
1014	 0.270991335745514 
1015	 0.271194119753608 
1016	 0.271523819534072 
1017	 0.27189291196565 
1018	 0.272322818262892 
1019	 0.272675543106491 
1020	 0.272886879023095 
1021	 0.273098920153331 
1022	 0.273164852612953 
1023	 0.273159634646404 
1024	 0.273402472345263 
1025	 0.273602713418679 
1026	 0.27376815746 
1027	 0.274050055940196 
1028	 0.274202763812541 
1029	 0.27431981857903 
1030	 0.274576903356198 
1031	 0.274768989846131 
1032	 0.27487913441191 
1033	 0.27500287932356 
1034	 0.275235374886275 
1035	 0.275436320217139 
1036	 0.275681502551126 
1037	 0.275955954752983 
1038	 0.276204551220424 
1039	 0.276237189113764 
1040	 0.276273515042154 
1041	 0.276513979819066 
1042	 0.276607066258308 
1043	 0.276777923407741 
1044	 0.277024817092078 
1045	 0.277338172077045 
1046	 0.277495971431889 
1047	 0.277760735766371 
1048	 0.278198834404861 
1049	 0.278570123271632 
1050	 0.278767688645462 
1051	 0.279070298101091 
1052	 0.279245953620136 
1053	 0.279333774063912 
1054	 0.279580375602419 
1055	 0.279796216584105 
1056	 0.280131260905747 
1057	 0.280346345112301 
1058	 0.280456648786133 
1059	 0.280624198456381 
1060	 0.28078621794911 
1061	 0.280920962376102 
1062	 0.281087806873095 
1063	 0.281356853300782 
1064	 0.28146011952893 
1065	 0.281403728559335 
1066	 0.281509990291476 
1067	 0.281629388756258 
1068	 0.281889287534955 
1069	 0.282351131674317 
1070	 0.282654898513121 
1071	 0.282965349740083 
1072	 0.283246005561524 
1073	 0.283413987826996 
1074	 0.283629202673083 
1075	 0.283994475381836 
1076	 0.284061659261148 
1077	 0.284048750080799 
1078	 0.284176007352268 
1079	 0.28422613304975 
1080	 0.284371096771947 
1081	 0.284787908542364 
1082	 0.285079230057478 
1083	 0.285296389741072 
1084	 0.285447341037436 
1085	 0.285702741531212 
1086	 0.28592355207848 
1087	 0.286117450078398 
1088	 0.286405542702301 
1089	 0.286557412130614 
1090	 0.28651682602064 
1091	 0.286628406409238 
1092	 0.286606468922103 
1093	 0.286646455575387 
1094	 0.286940704325905 
1095	 0.287117165358042 
1096	 0.287253291006561 
1097	 0.287530397435521 
1098	 0.287594958061272 
1099	 0.287361919880938 
1100	 0.2873932803692 
1101	 0.287528065542888 
1102	 0.287587896398436 
1103	 0.287798816525001 
1104	 0.287840431581953 
1105	 0.287754218773868 
1106	 0.28765179163403 
1107	 0.28752755160768 
1108	 0.287207877905829 
1109	 0.286995103452913 
1110	 0.286633032843073 
1111	 0.2865155494527 
1112	 0.286588773880035 
1113	 0.286480329516672 
1114	 0.286396317876535 
1115	 0.286377616551052 
1116	 0.286261070485611 
1117	 0.286195733652209 
1118	 0.286323825053116 
1119	 0.286352183920641 
1120	 0.286322800272503 
1121	 0.286192696225654 
1122	 0.285936565421554 
1123	 0.285785694203812 
1124	 0.285623109582547 
1125	 0.285337119251725 
1126	 0.285211833340724 
1127	 0.28536860914982 
1128	 0.285224127417479 
1129	 0.284896449329677 
1130	 0.284730597694923 
1131	 0.284424212529257 
1132	 0.284420375568472 
1133	 0.284536340769379 
1134	 0.284839740044268 
1135	 0.285757356009782 
1136	 0.285971527350644 
1137	 0.285945842916947 
1138	 0.285943030453273 
1139	 0.285543797265221 
1140	 0.285148820236156 
1141	 0.285004691586929 
1142	 0.285070889031583 
1143	 0.285091636627259 
1144	 0.285163093350654 
1145	 0.285204966100163 
1146	 0.285248820196357 
1147	 0.285386543016991 
1148	 0.28559754490437 
1149	 0.285701813469488 
1150	 0.28584086482041 
1151	 0.28592757011122 
1152	 0.285881184982875 
1153	 0.285907605650601 
1154	 0.285839343569454 
1155	 0.286003076511298 
1156	 0.286249834949256 
1157	 0.286456184877879 
1158	 0.286804341185011 
1159	 0.287382095495241 
1160	 0.287677320768554 
1161	 0.287823735324372 
1162	 0.288153549697189 
1163	 0.288569880902025 
1164	 0.288784141451624 
1165	 0.289033714688168 
1166	 0.289183165599858 
1167	 0.289031751660144 
1168	 0.289105892445096 
1169	 0.289314995137939 
1170	 0.289504130147359 
1171	 0.28983722818963 
1172	 0.289996719245887 
1173	 0.290036892867819 
1174	 0.290164885367004 
1175	 0.290279364215769 
1176	 0.29035120308623 
1177	 0.290458508841147 
1178	 0.290607961117373 
1179	 0.290740616140032 
1180	 0.290821104378021 
1181	 0.290957600224161 
1182	 0.291184921135718 
1183	 0.291326121692184 
1184	 0.291425598532102 
1185	 0.29155137499278 
1186	 0.291599272438253 
1187	 0.291738272240965 
1188	 0.291982769090773 
1189	 0.292220820356506 
1190	 0.292374139968645 
1191	 0.292490161584233 
1192	 0.292587558819287 
1193	 0.292622232068212 
1194	 0.292776724593021 
1195	 0.293027805834208 
1196	 0.293225074145887 
1197	 0.293504037479633 
1198	 0.293657659714499 
1199	 0.293627302674723 
1200	 0.293850199619186 
1201	 0.294240434890846 
1202	 0.294439278508006 
1203	 0.294695086977365 
1204	 0.294883163395308 
1205	 0.294875661975957 
1206	 0.294918327216568 
1207	 0.29508955751535 
1208	 0.295375304415193 
1209	 0.295689495407542 
1210	 0.295894916533067 
1211	 0.296007230716284 
1212	 0.296231446718907 
1213	 0.296521506733537 
1214	 0.296612942317421 
1215	 0.296818108700166 
1216	 0.297163754505215 
1217	 0.29738324848979 
1218	 0.297519858068278 
1219	 0.2977706838188 
1220	 0.297972325098494 
1221	 0.298240930201714 
1222	 0.298659245911332 
1223	 0.298935134690165 
1224	 0.2991096571532 
1225	 0.299481259338618 
1226	 0.299697294564673 
1227	 0.299900368967313 
1228	 0.300230090455767 
1229	 0.300492220605774 
1230	 0.300865923918738 
1231	 0.301259926964708 
1232	 0.301464033840726 
1233	 0.30172694391023 
1234	 0.302023650414499 
1235	 0.302204442591878 
1236	 0.302466659268499 
1237	 0.302931591373936 
1238	 0.303169989625481 
1239	 0.303231080755741 
1240	 0.30343752920245 
1241	 0.303584853100273 
1242	 0.30382241350659 
1243	 0.304165708229992 
1244	 0.30455583751486 
1245	 0.304757251875746 
1246	 0.304943248798111 
1247	 0.305251797712489 
1248	 0.305509000690123 
1249	 0.305853224469077 
1250	 0.306361697251478 
1251	 0.306588035789096 
1252	 0.306613925681882 
1253	 0.306791753838288 
1254	 0.307021949267491 
1255	 0.307318787254522 
1256	 0.307668043695885 
1257	 0.307940156343927 
1258	 0.308125302907416 
1259	 0.308357440912624 
1260	 0.308670814155293 
1261	 0.30886471292901 
1262	 0.308998111653552 
1263	 0.309124263198807 
1264	 0.30935035709918 
1265	 0.309619389102785 
1266	 0.310003555702383 
1267	 0.310335380513225 
1268	 0.31047237809033 
1269	 0.310542339020366 
1270	 0.310719269670686 
1271	 0.311002033003227 
1272	 0.311254532331451 
1273	 0.311405156764671 
1274	 0.311481249258389 
1275	 0.311622029669912 
1276	 0.311827930170809 
1277	 0.311924262664423 
1278	 0.312044310036952 
1279	 0.312099229068298 
1280	 0.312118689542081 
1281	 0.312099721102758 
1282	 0.312140692167258 
1283	 0.312151762879421 
1284	 0.312120012517287 
1285	 0.312386135630982 
1286	 0.312636784975184 
1287	 0.312853616688504 
1288	 0.31319784781623 
1289	 0.313294629439158 
1290	 0.313169163216768 
1291	 0.313164624496053 
1292	 0.313271299162113 
1293	 0.313417435381068 
1294	 0.313707391309796 
1295	 0.314085429346798 
1296	 0.314274148312517 
1297	 0.314325695615001 
1298	 0.314299127098365 
1299	 0.314247649803951 
1300	 0.314387679705724 
1301	 0.314554312561225 
1302	 0.314587668956165 
1303	 0.31467255412539 
1304	 0.314655522593592 
1305	 0.314709718321703 
1306	 0.314776444395255 
1307	 0.315147744239961 
1308	 0.315216553198451 
1309	 0.314998607367243 
1310	 0.31491044215199 
1311	 0.314815836170088 
1312	 0.314805996547079 
1313	 0.314916654631713 
1314	 0.314919336194299 
1315	 0.314745455022418 
1316	 0.314538197031237 
1317	 0.314548030441885 
1318	 0.31474790147292 
1319	 0.314674629168825 
1320	 0.314435366505805 
1321	 0.314265782946121 
1322	 0.313966379330618 
1323	 0.31371119357797 
1324	 0.31366693647208 
1325	 0.313637003608049 
1326	 0.313284844090532 
1327	 0.312812697987243 
1328	 0.312506845478548 
1329	 0.312226812894556 
1330	 0.311996432462717 
1331	 0.311954959800896 
1332	 0.312002645577419 
1333	 0.311720934549072 
1334	 0.310991944548269 
1335	 0.310363674887751 
1336	 0.310090539988237 
1337	 0.309484161190935 
1338	 0.308935836967684 
1339	 0.309067609037006 
1340	 0.308787408054623 
1341	 0.308280491534001 
1342	 0.308491127906384 
1343	 0.308253037133547 
1344	 0.307430210816398 
1345	 0.307210544142473 
1346	 0.307084458614596 
1347	 0.306363748785664 
1348	 0.305623551457436 
1349	 0.304840401119606 
1350	 0.304398391532636 
1351	 0.304790256841257 
1352	 0.304988063415427 
1353	 0.304440145500167 
1354	 0.303495511019087 
1355	 0.302891994898374 
1356	 0.301876660831743 
1357	 0.301527518390686 
1358	 0.302299332676339 
1359	 0.301531277685311 
1360	 0.29459340891451 
1361	 0.288229212101737 
1362	 0.294940176894998 
1363	 0.300737693283121 
1364	 0.304166663060919 
1365	 0.322382298666765 
1366	 0.292924558853376 
1367	 0.229405668024885 
1368	 0.248402459596118 
1369	 0.249222812354652 
1370	 0.196891400458763 
1371	 0.261660476746124 
1372	 0.277158624738099 
1373	 0.20979872892944 
1374	 0.230442383717451 
1375	 0.216788663062008 
1376	 0.167024169940487 
1377	 0.218266835009133 
1378	 0.306241392452871 
1379	 0.313961491882292 
1380	 0.270617440385019 
1381	 0.220308577496574 
1382	 0.180722080581898 
1383	 0.211598973696324 
1384	 0.244558240652341 
1385	 0.26026633233853 
1386	 0.279371077266742 
1387	 0.240329986793794 
1388	 0.210642290067744 
1389	 0.220717021316165 
1390	 0.260853735336508 
1391	 0.268429440075435 
1392	 0.256261824242252 
1393	 0.249370123333968 
1394	 0.217478339360013 
1395	 0.177505994819594 
1396	 0.212712941689274 
1397	 0.250176509070857 
1398	 0.242481552034371 
1399	 0.260800960057294 
1400	 0.2488521409 
1401	 0.216019625923976 
1402	 0.235996491339044 
1403	 0.247147715978911 
1404	 0.242085256529478 
1405	 0.257092900691114 
1406	 0.25443249305177 
1407	 0.240648179768626 
1408	 0.244915622717564 
1409	 0.240708531614674 
1410	 0.233722917885189 
1411	 0.241609323901358 
1412	 0.244278583486772 
1413	 0.24217733738903 
1414	 0.243466735044034 
1415	 0.239856511640213 
1416	 0.236756632551606 
1417	 0.237837991463623 
1418	 0.238804335062393 
1419	 0.23989618994207 
1420	 0.238663366350127 
1421	 0.237315440823383 
1422	 0.236981085278545 
1423	 0.23644344879511 
1424	 0.236974761454856 
1425	 0.235814999338659 
1426	 0.235756274042759 
1427	 0.235558288562492 
1428	 0.237059202014668 
1429	 0.23799148833565 
1430	 0.238596864122924 
1431	 0.237892506973535 
1432	 0.236114143934425 
1433	 0.235243360814637 
1434	 0.235739623909094 
1435	 0.236194323968125 
1436	 0.235965879576445 
1437	 0.235952844742825 
1438	 0.235985468353275 
1439	 0.23598450379124 
1440	 0.236652972075659 
1441	 0.236586162979089 
1442	 0.235409714643496 
1443	 0.235379581201028 
1444	 0.236248176525229 
1445	 0.237055513395424 
1446	 0.237654163243772 
1447	 0.237607090890841 
1448	 0.237653940990651 
1449	 0.237799608027611 
1450	 0.237733256135324 
1451	 0.23829181588499 
1452	 0.238961138413965 
1453	 0.239065052983229 
1454	 0.239485797874023 
1455	 0.240023334190252 
1456	 0.239861034435862 
1457	 0.239844013029699 
1458	 0.240399574966303 
1459	 0.240686266902275 
1460	 0.240966724511893 
1461	 0.241364627122164 
1462	 0.24125215019554 
1463	 0.24138794208929 
1464	 0.241699772775456 
1465	 0.241428355115879 
1466	 0.241446437957168 
1467	 0.241930408056021 
1468	 0.242545622872544 
1469	 0.243280679414432 
1470	 0.243752198664276 
1471	 0.244121715781735 
1472	 0.244120067289055 
1473	 0.244481258138576 
1474	 0.245382208771416 
1475	 0.246100251674755 
1476	 0.246729000005534 
1477	 0.247362197838958 
1478	 0.24749475633417 
1479	 0.248168186684912 
1480	 0.249194383485476 
1481	 0.249343313701098 
1482	 0.250072438818633 
1483	 0.251432619067063 
1484	 0.251883996455356 
1485	 0.252563152667549 
1486	 0.253493891813776 
1487	 0.253705567402059 
1488	 0.254436485460896 
1489	 0.255626777353521 
1490	 0.256155312885268 
1491	 0.256695384510241 
1492	 0.257564388124469 
1493	 0.258053640912968 
1494	 0.258593840666487 
1495	 0.259548414209814 
1496	 0.260213773214353 
1497	 0.260676629843369 
1498	 0.261448535400679 
1499	 0.262203570306249 
1500	 0.262703150363642 
1501	 0.263441938815668 
1502	 0.264235350631981 
1503	 0.264704422286123 
1504	 0.26548205699959 
1505	 0.26637757214522 
1506	 0.266920298901533 
1507	 0.267686833184584 
1508	 0.268507314815366 
1509	 0.269014763348138 
1510	 0.26974555810003 
1511	 0.270446164180847 
1512	 0.270855890944841 
1513	 0.271477772146875 
1514	 0.272247330449315 
1515	 0.272956285764943 
1516	 0.273699086678698 
1517	 0.274330378408597 
1518	 0.274728795136337 
1519	 0.275328264538504 
1520	 0.275976603041718 
1521	 0.276452639842736 
1522	 0.277185578457278 
1523	 0.277885795610901 
1524	 0.278391226997039 
1525	 0.278956505581705 
1526	 0.279527649700367 
1527	 0.280086656924333 
1528	 0.280639343570159 
1529	 0.281260866667541 
1530	 0.281860127379133 
1531	 0.282453437630425 
1532	 0.28305153176116 
1533	 0.283648263821476 
1534	 0.284220847159649 
1535	 0.284702452590504 
1536	 0.28510040646796 
1537	 0.285625364814339 
1538	 0.286125670178913 
1539	 0.28675876146925 
1540	 0.287392371153548 
1541	 0.287657379081326 
1542	 0.287845882525148 
1543	 0.288300206096724 
1544	 0.288869091979445 
1545	 0.289438599692417 
1546	 0.290007064192535 
1547	 0.290436552033093 
1548	 0.290722820289044 
1549	 0.291172911848975 
1550	 0.291675199712182 
1551	 0.292091815271775 
1552	 0.292653745770135 
1553	 0.293173558596748 
1554	 0.293589642405536 
1555	 0.294099865545176 
1556	 0.294511584812577 
1557	 0.294828135352016 
1558	 0.295277772969611 
1559	 0.295692237046464 
1560	 0.296042815415634 
1561	 0.296487598280322 
1562	 0.296879287084846 
1563	 0.297238564020695 
1564	 0.297781224683289 
1565	 0.298294560306257 
1566	 0.298601257723462 
1567	 0.299052174642111 
1568	 0.29945994275744 
1569	 0.299701952649903 
1570	 0.30021987740768 
1571	 0.30076093137819 
1572	 0.301154345386894 
1573	 0.301726452026184 
1574	 0.302288004554612 
1575	 0.302567857114648 
1576	 0.302851051100461 
1577	 0.303223253507501 
1578	 0.303578343915306 
1579	 0.304157237060792 
1580	 0.30469726996802 
1581	 0.30507297962587 
1582	 0.305536553723623 
1583	 0.305788573321534 
1584	 0.306077602800276 
1585	 0.306671962734778 
1586	 0.307090949680616 
1587	 0.307422393326154 
1588	 0.307900718421445 
1589	 0.308246699637397 
1590	 0.308694273832621 
1591	 0.309365427829567 
1592	 0.309857840006823 
1593	 0.310258645262487 
1594	 0.310632174618606 
1595	 0.310960781295118 
1596	 0.311474370534752 
1597	 0.312170437557688 
1598	 0.312752364957479 
1599	 0.313140869369291 
1600	 0.313563149103727 
1601	 0.313879242216774 
1602	 0.314181336442963 
1603	 0.314813839639399 
1604	 0.31540142448948 
1605	 0.315905353191217 
1606	 0.316658937676053 
1607	 0.317253548939047 
1608	 0.317617297029096 
1609	 0.318169947792311 
1610	 0.318787187380265 
1611	 0.319216211037443 
1612	 0.319564374397164 
1613	 0.320060786419202 
1614	 0.320537579591478 
1615	 0.320945555878107 
1616	 0.321629365064633 
1617	 0.322260851051308 
1618	 0.32263514742987 
1619	 0.323091691838495 
1620	 0.32353296530858 
1621	 0.323862970169658 
1622	 0.324111888721151 
1623	 0.324473070098522 
1624	 0.324933972067646 
1625	 0.325244594113487 
1626	 0.325691586730969 
1627	 0.326121518836227 
1628	 0.326321731755875 
1629	 0.326670420925989 
1630	 0.327189642018244 
1631	 0.327547498198647 
1632	 0.327901744340211 
1633	 0.32830441598337 
1634	 0.328444975590566 
1635	 0.328764131757984 
1636	 0.32916630175571 
1637	 0.329394220567332 
1638	 0.329914220383905 
1639	 0.330374297693055 
1640	 0.330623850145499 
1641	 0.331073099633258 
1642	 0.331282273542394 
1643	 0.331155536845371 
1644	 0.33143561610459 
1645	 0.331952770917509 
1646	 0.332381801982037 
1647	 0.332836487056968 
1648	 0.3330429884034 
1649	 0.333018140061407 
1650	 0.333217533073713 
1651	 0.333593043258307 
1652	 0.333890589826288 
1653	 0.334212534588785 
1654	 0.334398487235448 
1655	 0.334505726025539 
1656	 0.334906593461811 
1657	 0.335315942612484 
1658	 0.335398680196141 
1659	 0.335431252087412 
1660	 0.335457656627526 
1661	 0.335280846630946 
1662	 0.335238617358434 
1663	 0.335518463857016 
1664	 0.335559349014433 
1665	 0.335539711430192 
1666	 0.335836923650478 
1667	 0.335971895410912 
1668	 0.33612384062863 
1669	 0.33640732182962 
1670	 0.336310646716958 
1671	 0.336095534464286 
1672	 0.336017033864935 
1673	 0.335720281919901 
1674	 0.335542906978979 
1675	 0.335762369784913 
1676	 0.336012948078313 
1677	 0.336143999968842 
1678	 0.335927519628204 
1679	 0.335625433096525 
1680	 0.335482818458865 
1681	 0.335392870601268 
1682	 0.335491534997811 
1683	 0.335555480112919 
1684	 0.335224948389837 
1685	 0.334866768451202 
1686	 0.334715702523373 
1687	 0.334540902877488 
1688	 0.334372431756707 
1689	 0.334181809070374 
1690	 0.334025414206378 
1691	 0.333843018847454 
1692	 0.33342095097754 
1693	 0.333258214074474 
1694	 0.333199078839711 
1695	 0.33301937866043 
1696	 0.333196244519584 
1697	 0.333029901192653 
1698	 0.332554838163511 
1699	 0.332544489411173 
1700	 0.332519812579869 
1701	 0.332486557372654 
1702	 0.332389270640204 
1703	 0.332186434083691 
1704	 0.331814003625482 
1705	 0.331575218643484 
1706	 0.331319898639737 
1707	 0.331235993139039 
1708	 0.331432566125806 
1709	 0.331305270391937 
1710	 0.331034637190229 
1711	 0.330873177945762 
1712	 0.330543109025091 
1713	 0.330245982511765 
1714	 0.330178697664372 
1715	 0.33005191216185 
1716	 0.329892335158724 
1717	 0.329521718260829 
1718	 0.328946449586823 
1719	 0.328583210422399 
1720	 0.328100415190081 
1721	 0.327854108024561 
1722	 0.328032425956831 
1723	 0.327841537342147 
1724	 0.327414245323225 
1725	 0.327219802474761 
1726	 0.327011732328425 
1727	 0.326924371634085 
1728	 0.327080744821347 
1729	 0.327030304514168 
1730	 0.326925346644879 
1731	 0.326812241187692 
1732	 0.326621700188548 
1733	 0.326482152639138 
1734	 0.32615168701141 
1735	 0.326240906767938 
1736	 0.32668932027894 
1737	 0.326867841758981 
1738	 0.32722427227239 
1739	 0.327422541081988 
1740	 0.327341500763425 
1741	 0.327416318984961 
1742	 0.327709331664544 
1743	 0.327656452391996 
1744	 0.327251995783113 
1745	 0.32722484070495 
1746	 0.327223759771864 
1747	 0.327255674804505 
1748	 0.32756127288761 
1749	 0.327702223388874 
1750	 0.327726712426514 
1751	 0.328005274986163 
1752	 0.328076449017406 
1753	 0.327822167698412 
1754	 0.327304004448605 
1755	 0.327253415161633 
1756	 0.327193255897131 
1757	 0.326896728193058 
1758	 0.326952312572326 
1759	 0.326638392592248 
1760	 0.326205397859426 
1761	 0.326462825247237 
1762	 0.326561582078939 
1763	 0.326159846575415 
1764	 0.325894139951785 
1765	 0.325467868474648 
1766	 0.325312414939959 
1767	 0.325887974702439 
1768	 0.325941077268952 
1769	 0.325785343961952 
1770	 0.325769136569201 
1771	 0.325729820507136 
1772	 0.325722625593049 
1773	 0.325927944770286 
1774	 0.326122455312011 
1775	 0.326395788011628 
1776	 0.32623677124468 
1777	 0.325807186061939 
1778	 0.325494207446655 
1779	 0.324420917007379 
1780	 0.324307393531549 
1781	 0.325383318410093 
1782	 0.32566362007224 
1783	 0.326153580513488 
1784	 0.326156462600111 
1785	 0.325060964848574 
1786	 0.3247059408141 
1787	 0.324619477414165 
1788	 0.324458178599071 
1789	 0.324632827901033 
1790	 0.324774116002925 
1791	 0.324781094317659 
1792	 0.324933784359413 
1793	 0.325645093101756 
1794	 0.325416212912852 
1795	 0.324486681629898 
1796	 0.323847417031828 
1797	 0.322510603504047 
1798	 0.321669810473014 
1799	 0.321317658700736 
1800	 0.320854949335472 
1801	 0.320128292012449 
1802	 0.320301618562751 
1803	 0.321574746473122 
1804	 0.322096819287481 
1805	 0.323331988494123 
1806	 0.323234186173771 
1807	 0.321496170779319 
1808	 0.321158186517317 
1809	 0.320997214400108 
1810	 0.322179016580738 
1811	 0.319332864164656 
1812	 0.31456222350036 
1813	 0.313536981331742 
1814	 0.309557840417482 
1815	 0.311844781349024 
1816	 0.3208533490203 
1817	 0.32190879497098 
1818	 0.324806230239419 
1819	 0.32391866443943 
1820	 0.308614395252652 
1821	 0.299655910521969 
1822	 0.289121550285837 
1823	 0.284924185211931 
1824	 0.298351260712386 
1825	 0.303687999301193 
1826	 0.317315340926093 
1827	 0.322390235240057 
1828	 0.307476434683824 
1829	 0.3024418960975 
1830	 0.297596919187475 
1831	 0.223003015408334 
1832	 0.291344186178292 
1833	 0.31516308524537 
1834	 0.513004381870808 
1835	 0.604611553049397 
1836	 7.39884161438018E-02 
1837	-0.132770592974476 
1838	-0.520272625506709 
1839	-0.311807018292842 
1840	 0.331369640090722 
1841	 0.958132191455808 
1842	 1.02505359249893 
1843	-4.18016953941148E-02 
1844	-0.116569153067162 
1845	-4.22519600945569 
1846	 21.8125433171229 
1847	 0.597239837075357 
1848	 5.9176320655503 
1849	 4.8825756041656 
1850	 0.845340469399024 
1851	 0.460366477760584 
1852	-1.38072911711125 
1853	-1.79661509771766 
1854	-6.44171133854232 
1855	-5.26179672897608 
1856	-0.324014958216993 
1857	 0.14153703128501 
1858	 1.07108984785053 
1859	 0.953453414030826 
1860	 0.194509180328216 
1861	 0.460689462183172 
1862	 6.29020010396914E-02 
1863	-2.69369828690949E-02 
1864	-0.13841907405853 
1865	-0.583379796023675 
1866	-0.792392056345845 
1867	-1.11742887018014 
1868	-1.46297335607208 
1869	-0.654819011772536 
1870	-7.93601040896135E-02 
1871	 0.169132834179446 
1872	 0.825755664051631 
1873	 1.1027007045465 
1874	 0.63315661804011 
1875	 0.63947315380792 
1876	 0.765869843660781 
1877	 0.566592965494438 
1878	 0.600995430369798 
1879	 0.549460724442287 
1880	 0.434985218056518 
1881	 0.285243905679329 
1882	 0.314749404004844 
1883	 0.471371588163112 
1884	 0.489133931341078 
1885	 0.684943128470328 
1886	 0.440077523339707 
1887	 0.121065784407717 
1888	 2.78447687256377E-02 
1889	-5.57198912033142E-02 
1890	 5.21391143887725E-02 
1891	 7.44347713730301E-02 
1892	 0.15973111002348 
1893	 0.145785481253753 
1894	 3.45739669947795E-02 
1895	-3.05488627847588E-02 
1896	-0.143229638500066 
1897	-0.129650654874843 
1898	-9.59344551472734E-02 
1899	-0.044877958551814 
1900	 0.282151719765857 
1901	 0.512300597662222 
1902	 0.651229244491981 
1903	 0.704119155816159 
1904	 0.704493527141012 
1905	 0.43987531341245 
1906	 0.319715126375182 
1907	 0.457600513846848 
1908	 0.300816301834398 
1909	 0.185165378611278 
1910	 0.186362046086076 
1911	 0.227333199316942 
1912	 0.278152165060067 
1913	 0.252242977782148 
1914	 0.181619421400132 
1915	 0.196510290036296 
1916	 0.22984704213132 
1917	 0.197605544712548 
1918	 0.190342239358411 
1919	 0.242758548941335 
1920	 0.221434700073135 
1921	 0.151170596098376 
1922	 0.171095511009665 
1923	 0.237917155228997 
1924	 0.239341395775652 
1925	 0.229572660908525 
1926	 0.218220189603508 
1927	 0.207555825185634 
1928	 0.180306654970698 
1929	 0.169553916721372 
1930	 0.195755863290667 
1931	 0.207476428259621 
1932	 0.194559895259564 
1933	 0.20561045978583 
1934	 0.212750774107645 
1935	 0.212041495197499 
1936	 0.207734295351492 
1937	 0.213339087724726 
1938	 0.213262119851884 
1939	 0.216541481724775 
1940	 0.22415323136791 
1941	 0.220609918150689 
1942	 0.21484011481397 
1943	 0.211390979220865 
1944	 0.210980601955788 
1945	 0.2152985209218 
1946	 0.21701092058031 
1947	 0.218615599149476 
1948	 0.221056077980871 
1949	 0.223735821466424 
1950	 0.224631042808367 
1951	 0.229303002209081 
1952	 0.230865229499109 
1953	 0.230574300822265 
1954	 0.231076949657873 
1955	 0.230573678989953 
1956	 0.234274284964477 
1957	 0.236130389922606 
1958	 0.236797809948471 
1959	 0.236707898419284 
1960	 0.239848520392962 
1961	 0.241064869356363 
1962	 0.241940671268859 
1963	 0.243470689707955 
1964	 0.243571433650813 
1965	 0.243857432689717 
1966	 0.244598335173735 
1967	 0.24649576008342 
1968	 0.247662529420801 
1969	 0.248130749752081 
1970	 0.247834073310347 
1971	 0.247737991009188 
1972	 0.2473089723179 
1973	 0.247481780689023 
1974	 0.248408612898372 
1975	 0.249360457188419 
1976	 0.250043861749117 
1977	 0.251040355823311 
1978	 0.252000823150567 
1979	 0.252329898166317 
1980	 0.252541382766724 
1981	 0.252423320438769 
1982	 0.25281369036511 
1983	 0.253100295533882 
1984	 0.253870744970608 
1985	 0.254537629035403 
1986	 0.255241355596868 
1987	 0.255764409675296 
1988	 0.256200563436748 
1989	 0.256627234714053 
1990	 0.257034650310189 
1991	 0.257839223070515 
1992	 0.258404594403609 
1993	 0.258627312127406 
1994	 0.258780034173555 
1995	 0.25925886890634 
1996	 0.259569686913919 
1997	 0.259370399672445 
1998	 0.260232536410332 
1999	 0.261701508633002 
2000	 0.261793648887416 
2001	 0.261705447166574 
2002	 0.263177029958378 
2003	 0.264224908177331 
2004	 0.264575936544648 
2005	 0.266387420547284 
2006	 0.267369011343395 
2007	 0.265336580811188 
2008	 0.265510436930017 
2009	 0.267164349418045 
2010	 0.269185937234102 
2011	 0.270388974381039 
2012	 0.272063775245908 
2013	 0.271456500305926 
2014	 0.270150770540259 
2015	 0.269709858316447 
2016	 0.269376307994908 
2017	 0.269087333989762 
2018	 0.267430372655508 
2019	 0.266966574363755 
2020	 0.266891760827939 
2021	 0.266198790768155 
2022	 0.265631689765669 
2023	 0.265605853082894 
2024	 0.264533451343403 
2025	 0.262961747202278 
2026	 0.26281357167782 
2027	 0.262650349736815 
2028	 0.26256858895029 
2029	 0.262715703892517 
2030	 0.262611638388466 
2031	 0.262416534311011 
2032	 0.261615111544881 
2033	 0.259725458557163 
2034	 0.258992709413727 
2035	 0.258266505916452 
2036	 0.258199444309185 
2037	 0.258081793535996 
2038	 0.257313793274748 
2039	 0.256488240831566 
2040	 0.255658137749235 
2041	 0.254064368096048 
2042	 0.253422996833582 
2043	 0.253893687397727 
2044	 0.253144474355381 
2045	 0.252419044512855 
2046	 0.252453376855198 
2047	 0.252313526580148 
2048	 0.251238619449162 
2049	 0.250462034936337 
2050	 0.250298707267945 
2051	 0.250064921670608 
2052	 0.248596074326509 
2053	 0.247911775674941 
2054	 0.247566987683938 
2055	 0.247066363750303 
2056	 0.247352943819492 
2057	 0.246930781568232 
2058	 0.24664210052262 
2059	 0.24675369210965 
2060	 0.246102597555101 
2061	 0.244248459713885 
2062	 0.243835030683305 
2063	 0.244316712693304 
2064	 0.243881231854139 
2065	 0.243704756981827 
2066	 0.243138930202897 
2067	 0.242200537256484 
2068	 0.240649063076002 
2069	 0.240058127344376 
2070	 0.240172588092275 
2071	 0.239919656135444 
2072	 0.239609933580163 
2073	 0.239114796355248 
2074	 0.23904589853483 
2075	 0.238763462555254 
2076	 0.238398566587377 
2077	 0.238102080545468 
2078	 0.237642336747326 
2079	 0.237336810437216 
2080	 0.237156688927657 
2081	 0.237021530496198 
2082	 0.237179727944178 
2083	 0.237475207746821 
2084	 0.237099864380187 
2085	 0.237032792976444 
2086	 0.236725897040779 
2087	 0.236589720201927 
2088	 0.236896481549947 
2089	 0.236408532547044 
2090	 0.236550978757579 
2091	 0.237112362547915 
2092	 0.237167573345942 
2093	 0.237254651290785 
2094	 0.237248547410136 
2095	 0.236734629905301 
2096	 0.236525225616638 
2097	 0.236235930216905 
2098	 0.236665562424327 
2099	 0.237365682085572 
2100	 0.237042352090565 
2101	 0.237131302526415 
2102	 0.237625328958458 
2103	 0.237439996723165 
2104	 0.237668506394414 
2105	 0.238635459545743 
2106	 0.23930423084412 
2107	 0.239719757640611 
2108	 0.240468751270842 
2109	 0.240746686772552 
2110	 0.240047901881313 
2111	 0.240233475685497 
2112	 0.241100454139786 
2113	 0.241399097340616 
2114	 0.241665914270522 
2115	 0.241668088937398 
2116	 0.241821815991099 
2117	 0.242183345421479 
2118	 0.242391626258968 
2119	 0.242962882198178 
2120	 0.243384318931186 
2121	 0.242883970939735 
2122	 0.243199404377088 
2123	 0.244384132254856 
2124	 0.244625597390974 
2125	 0.244076984756974 
2126	 0.244711685225201 
2127	 0.245815640195089 
2128	 0.246372988162507 
2129	 0.24746282806952 
2130	 0.248394341612289 
2131	 0.248769550953056 
2132	 0.248942956290749 
2133	 0.248839051784204 
2134	 0.249818183140799 
2135	 0.250467234737541 
2136	 0.250142664747936 
2137	 0.25100422451666 
2138	 0.251546055575661 
2139	 0.251061497725621 
2140	 0.25171191532509 
2141	 0.252459082484251 
2142	 0.252566250332425 
2143	 0.252857595004973 
2144	 0.253377438970446 
2145	 0.253889650621971 
2146	 0.254202778592613 
2147	 0.254721117712296 
2148	 0.255635571395843 
2149	 0.256195251637989 
2150	 0.256566699964221 
2151	 0.256826239639499 
2152	 0.257004667755572 
2153	 0.256982596261894 
2154	 0.257434410163402 
2155	 0.25847985891659 
2156	 0.259005880153336 
2157	 0.258945178371332 
2158	 0.259401624357949 
2159	 0.25988287406193 
2160	 0.260304687592081 
2161	 0.261241845504117 
2162	 0.261365314591401 
2163	 0.260850624750216 
2164	 0.260999869999315 
2165	 0.261633677120341 
2166	 0.262008198976094 
2167	 0.262700011330802 
2168	 0.263255875122914 
2169	 0.263622509294885 
2170	 0.263659702786836 
2171	 0.26306006438238 
2172	 0.263436940027762 
2173	 0.264102256031254 
2174	 0.264857100274974 
2175	 0.265703849948328 
2176	 0.265793906801401 
2177	 0.26583251514439 
2178	 0.266704039057757 
2179	 0.267290990212989 
2180	 0.267578224816696 
2181	 0.267348973601779 
2182	 0.267335633038275 
2183	 0.267640267498196 
2184	 0.267819133341994 
2185	 0.268475209713849 
2186	 0.269130822253216 
2187	 0.269392097272111 
2188	 0.269909342864774 
2189	 0.270530903830678 
2190	 0.270940713762801 
2191	 0.270924026096554 
2192	 0.27078555538223 
2193	 0.271458113458417 
2194	 0.272194171930397 
2195	 0.272279606050482 
2196	 0.27272121995274 
2197	 0.273466582375646 
2198	 0.272340451270103 
2199	 0.270787231791885 
2200	 0.271455770772755 
2201	 0.272947737936613 
2202	 0.274192328871135 
2203	 0.275105417282149 
2204	 0.276679730115631 
2205	 0.277317892415736 
2206	 0.27621885624604 
2207	 0.27587419585491 
2208	 0.275500680166233 
2209	 0.274838265744623 
2210	 0.274680398862115 
2211	 0.276176435072303 
2212	 0.276948228280996 
2213	 0.277558934104266 
2214	 0.277178651818304 
2215	 0.276145276628756 
2216	 0.276309491962447 
2217	 0.275734504208515 
2218	 0.275549462139565 
2219	 0.277626869313318 
2220	 0.277728687070016 
2221	 0.275792236535889 
2222	 0.275601540858463 
2223	 0.276252361238414 
2224	 0.27570130673249 
2225	 0.275952297618 
2226	 0.27687527008362 
2227	 0.27659483294449 
2228	 0.275719955634307 
2229	 0.27567642539668 
2230	 0.275469687852648 
2231	 0.274233238819015 
2232	 0.273289897370662 
2233	 0.272152447893367 
2234	 0.271064069647796 
2235	 0.271690161423808 
2236	 0.272325928741589 
2237	 0.271771231803235 
2238	 0.270747080917842 
2239	 0.270479610578403 
2240	 0.269518719194234 
2241	 0.268519777278561 
2242	 0.268985969720401 
2243	 0.267974053559852 
2244	 0.264890015472368 
2245	 0.263207950081683 
2246	 0.262086074626983 
2247	 0.260829538620333 
2248	 0.259988014740186 
2249	 0.258365831910689 
2250	 0.25605299076209 
2251	 0.25463896605045 
2252	 0.253963961179964 
2253	 0.253584236622474 
2254	 0.253531217083537 
2255	 0.252928982397189 
2256	 0.251491933065163 
2257	 0.25013683850839 
2258	 0.249592138579935 
2259	 0.248357279138357 
2260	 0.246526438806245 
2261	 0.246255305873137 
2262	 0.245459186556553 
2263	 0.244135352052802 
2264	 0.243815006045341 
2265	 0.242472863379754 
2266	 0.2414275525966 
2267	 0.241750110535005 
2268	 0.242097644695958 
2269	 0.24202971072441 
2270	 0.24086570216677 
2271	 0.239881026485708 
2272	 0.239036764304747 
2273	 0.237898319553712 
2274	 0.236250047466177 
2275	 0.233664818589482 
2276	 0.233293166737393 
2277	 0.234554959822783 
2278	 0.233640568766549 
2279	 0.232530948592523 
2280	 0.232879512905863 
2281	 0.233005400672009 
2282	 0.231509230048303 
2283	 0.230294822097112 
2284	 0.230276945554011 
2285	 0.229171599996009 
2286	 0.227492278592786 
2287	 0.226341587088798 
2288	 0.227159075417575 
2289	 0.229174988842645 
2290	 0.228020652762388 
2291	 0.228217832618933 
2292	 0.230964452927944 
2293	 0.229718892181811 
2294	 0.22844049446271 
2295	 0.229098402335664 
2296	 0.228584010524265 
2297	 0.226357343679037 
2298	 0.224700611241607 
2299	 0.2241750124264 
2300	 0.223781355571511 
2301	 0.224858808737922 
2302	 0.22478476084368 
2303	 0.222555005877757 
2304	 0.222811557390521 
2305	 0.223320298876064 
2306	 0.22090559040856 
2307	 0.220337875882363 
2308	 0.220623280052119 
2309	 0.217592685636993 
2310	 0.215350059275131 
2311	 0.216157657120912 
2312	 0.215837475701208 
2313	 0.215749470249581 
2314	 0.21810769241018 
2315	 0.219230190485171 
2316	 0.218734517751596 
2317	 0.218063571351538 
2318	 0.217947953070021 
2319	 0.218096857201052 
2320	 0.219655694765238 
2321	 0.218410476268853 
2322	 0.214848081437255 
2323	 0.213593014268223 
2324	 0.211956084250773 
2325	 0.211294479291491 
2326	 0.213055658282127 
2327	 0.213804731587755 
2328	 0.214359817146389 
2329	 0.214040118300804 
2330	 0.213337370901212 
2331	 0.212323407664588 
2332	 0.209581600318456 
2333	 0.208407499681677 
2334	 0.208867211211639 
2335	 0.208475517661363 
2336	 0.206512636610919 
2337	 0.206091512496778 
2338	 0.207303519425088 
2339	 0.207560231546151 
2340	 0.207741922747185 
2341	 0.210868642982264 
2342	 0.211914240391289 
2343	 0.211611368470869 
2344	 0.213887630800813 
2345	 0.212847665074511 
2346	 0.209900994836983 
2347	 0.208231843595336 
2348	 0.208258381493242 
2349	 0.210000553761603 
2350	 0.210527638435068 
2351	 0.210662223126675 
2352	 0.20834135992288 
2353	 0.205016573042092 
2354	 0.205073310567655 
2355	 0.204293703189845 
2356	 0.203658171194744 
2357	 0.205814377209829 
2358	 0.207430553889853 
2359	 0.210945774755628 
2360	 0.217245509267373 
2361	 0.22016836241203 
2362	 0.220688965933029 
2363	 0.218653585736726 
2364	 0.213963564563685 
2365	 0.213239181873728 
2366	 0.214177289621091 
2367	 0.212202452126074 
2368	 0.209647567713526 
2369	 0.208179457050227 
2370	 0.206028619449251 
2371	 0.205582222868364 
2372	 0.210447152866979 
2373	 0.210711847478536 
2374	 0.205235540668902 
2375	 0.206458726919139 
2376	 0.208139687583124 
2377	 0.206589529779555 
2378	 0.208231177043388 
2379	 0.210768718231242 
2380	 0.211842688495332 
2381	 0.208153699729092 
2382	 0.207984277768326 
2383	 0.212534307607888 
2384	 0.21096511415713 
2385	 0.211831530807784 
2386	 0.212583705940064 
2387	 0.207386777849787 
2388	 0.20449646608993 
2389	 0.203873368881319 
2390	 0.204962097223393 
2391	 0.203293678958721 
2392	 0.198058452116633 
2393	 0.200296264384609 
2394	 0.203301065922294 
2395	 0.202607324109209 
2396	 0.206838171610978 
2397	 0.20154749682037 
2398	 0.197641509044635 
2399	 0.20865028992779 
2400	 0.20925924210967 
2401	 0.203739978081374 
2402	 0.204397695038838 
2403	 0.199814419691322 
2404	 0.190637619463712 
2405	 0.19583113584435 
2406	 0.206850778989231 
2407	 0.203027588583432 
2408	 0.201427179754125 
2409	 0.206432964866078 
2410	 0.203009981921684 
2411	 0.196618296638793 
2412	 0.198603802747461 
2413	 0.20468343569192 
2414	 0.201566691335535 
2415	 0.207315182563194 
2416	 0.222496301156465 
2417	 0.212978942745323 
2418	 0.197019512521844 
2419	 0.198081523982179 
2420	 0.196052641579616 
2421	 0.192996118499601 
2422	 0.20268253945715 
2423	 0.201759066530495 
2424	 0.193308275557643 
2425	 0.20075577649654 
2426	 0.205990976733098 
2427	 0.203496385035597 
2428	 0.197598344468635 
2429	 0.186767460507386 
2430	 0.180268267507803 
2431	 0.183256236365555 
2432	 0.190060302528064 
2433	 0.197253857394688 
2434	 0.205064007282962 
2435	 0.198419077478849 
2436	 0.187512970734436 
2437	 0.181122044472517 
2438	 0.178277986531471 
2439	 0.191167781833273 
2440	 0.187883455717196 
2441	 0.170893301341053 
2442	 0.170660224708534 
2443	 0.158778312571811 
2444	 0.15587175474092 
2445	 0.169441268901915 
2446	 0.159816418859476 
2447	 0.15790155388849 
2448	 0.159156730167176 
2449	 0.138242756432204 
2450	 0.141179587211936 
2451	 0.165687819026232 
2452	 0.17875119236077 
2453	 0.21179995908211 
2454	 0.222205060560143 
2455	 0.181929567756266 
2456	 0.166365556271889 
2457	 0.178301768667769 
2458	 0.193833476629184 
2459	 0.198772652534207 
2460	 0.199894864627069 
2461	 0.186044542965721 
2462	 0.154603925867647 
2463	 0.165073954577329 
2464	 0.153221047608205 
2465	 0.118366157305219 
2466	 0.136139345825535 
2467	 0.1378744710981 
2468	 0.156112530463611 
2469	 0.163840665893833 
2470	 0.139269316204075 
2471	 0.136351751986904 
2472	 0.162017054187759 
2473	 0.173694024176962 
2474	 0.156390974395948 
2475	 0.178377885070773 
2476	 0.242862739858879 
2477	 0.240170853552539 
2478	 0.228471214775689 
2479	 0.248474895722646 
2480	 0.187216650873139 
2481	 0.119197662094868 
2482	 0.132362749698251 
2483	 0.17274234725058 
2484	 0.191261558628902 
2485	 0.275038658244796 
2486	 0.312420885020227 
2487	 0.169693586851259 
2488	 0.132764820620494 
2489	 0.200948703642007 
2490	 0.190411350905965 
2491	 0.133964930955388 
2492	-0.146138008302946 
2493	-0.290304477736805 
2494	-0.269572156600233 
2495	-0.204478188073809 
2496	 0.112997086842362 
2497	 0.30288472035505 
2498	 0.381814772586182 
2499	 0.516355377832784 
2500	 0.40950615625227 
