Wavelength	09/27/123 at 12:23:17
350	 3.23405250166563E-02 
351	 3.23633250904544E-02 
352	 3.24113342944333E-02 
353	 3.23616748330659E-02 
354	 3.20940243909711E-02 
355	 3.26555822226406E-02 
356	 0.033148199580934 
357	 3.30560319291552E-02 
358	 3.29864594202748E-02 
359	 3.31258075170122E-02 
360	 3.33661631881174E-02 
361	 3.34702721005247E-02 
362	 3.35923978021234E-02 
363	 0.033727643107355 
364	 3.38838488889665E-02 
365	 0.034162098691956 
366	 3.42312795514013E-02 
367	 3.41986141640227E-02 
368	 3.43659158299378E-02 
369	 3.47507743541101E-02 
370	 3.48709035271357E-02 
371	 3.46051447800816E-02 
372	 3.47223212400452E-02 
373	 3.52298042583957E-02 
374	 3.57552412233493E-02 
375	 0.035769952946634 
376	 3.58535771972711E-02 
377	 3.59770517400784E-02 
378	 3.61466874426956E-02 
379	 3.66839845628539E-02 
380	 3.68715127756634E-02 
381	 3.68131470988148E-02 
382	 3.70102281781437E-02 
383	 3.74395449738288E-02 
384	 3.79121922649524E-02 
385	 3.82116760638167E-02 
386	 3.80648993855107E-02 
387	 3.83024500802154E-02 
388	 3.87777750114206E-02 
389	 3.89616939531376E-02 
390	 3.92028304044217E-02 
391	 3.95145106296771E-02 
392	 3.98405397472043E-02 
393	 4.00333216701596E-02 
394	 4.04708827899717E-02 
395	 4.09524500957135E-02 
396	 4.11204245728517E-02 
397	 4.13081074016736E-02 
398	 4.15125967576548E-02 
399	 4.17236641789561E-02 
400	 4.19904300962211E-02 
401	 4.22179978250408E-02 
402	 4.24324119439407E-02 
403	 4.26841646278997E-02 
404	 4.28224740919744E-02 
405	 4.30345105611799E-02 
406	 4.34129279688531E-02 
407	 0.043865292340249 
408	 4.41196303939215E-02 
409	 4.42726152841874E-02 
410	 4.45520179914722E-02 
411	 4.49254526591008E-02 
412	 4.52841018757818E-02 
413	 4.55821313673901E-02 
414	 0.045878548405777 
415	 4.62330882150189E-02 
416	 4.65728775851222E-02 
417	 4.67881236910962E-02 
418	 4.69086190410723E-02 
419	 0.047073545232653 
420	 4.73635039268624E-02 
421	 4.77789047224335E-02 
422	 4.80828999198121E-02 
423	 4.83169354438331E-02 
424	 4.86083876487289E-02 
425	 0.048874653630903 
426	 4.91500333725401E-02 
427	 4.94457128144045E-02 
428	 4.97259453583866E-02 
429	 4.99934739452434E-02 
430	 5.02605396883501E-02 
431	 0.050537781202032 
432	 5.07875984498868E-02 
433	 5.10908225423206E-02 
434	 5.13949160129255E-02 
435	 5.14481805686611E-02 
436	 5.16542386355147E-02 
437	 5.19677659346053E-02 
438	 5.22347564231669E-02 
439	 5.25425198593283E-02 
440	 5.27987241000527E-02 
441	 5.29899534457325E-02 
442	 5.32130753234423E-02 
443	 5.34710994887597E-02 
444	 5.37238476114025E-02 
445	 5.39383300853674E-02 
446	 5.41934661251336E-02 
447	 5.44624401776085E-02 
448	 0.054737171981037 
449	 5.50459994073328E-02 
450	 5.53322716105272E-02 
451	 0.055545877985579 
452	 5.56895878009678E-02 
453	 5.60031311607995E-02 
454	 5.63186984453269E-02 
455	 5.65679753690936E-02 
456	 5.68219393993672E-02 
457	 0.057095556170399 
458	 5.73588719208445E-02 
459	 5.75861762508537E-02 
460	 5.78194403287269E-02 
461	 5.81014141264333E-02 
462	 5.84097296145883E-02 
463	 5.86498649864251E-02 
464	 5.88787383146767E-02 
465	 5.91382176482546E-02 
466	 5.94379880436587E-02 
467	 5.96805676603127E-02 
468	 5.99168292243746E-02 
469	 0.060175575943833 
470	 6.04604486521413E-02 
471	 6.06981250872912E-02 
472	 6.09335918211059E-02 
473	 6.12074923492071E-02 
474	 6.14515716321096E-02 
475	 6.17549384360939E-02 
476	 6.20663502900827E-02 
477	 6.22355576973253E-02 
478	 6.24592897931406E-02 
479	 6.27504140215117E-02 
480	 6.30768273949589E-02 
481	 6.33876663492931E-02 
482	 6.36571925661719E-02 
483	 6.39122199382048E-02 
484	 6.42140730662523E-02 
485	 6.45109958401506E-02 
486	 6.48335402286558E-02 
487	 0.065189894454397 
488	 6.55047144024841E-02 
489	 6.57961136020084E-02 
490	 6.60766330510996E-02 
491	 6.63573909935204E-02 
492	 6.66476871379987E-02 
493	 6.69518731357129E-02 
494	 6.72685158715402E-02 
495	 6.75745827841912E-02 
496	 6.79307002469109E-02 
497	 6.83022923109529E-02 
498	 6.86224544752146E-02 
499	 6.89879899916679E-02 
500	 6.93464175004101E-02 
501	 6.96716376765181E-02 
502	 7.00106479038615E-02 
503	 7.03678202026465E-02 
504	 7.07496716031438E-02 
505	 7.11560112038892E-02 
506	 7.15504831534141E-02 
507	 7.19117814723992E-02 
508	 7.22609091107449E-02 
509	 7.26815890045859E-02 
510	 7.30996719502868E-02 
511	 7.35464721935383E-02 
512	 7.40603605231192E-02 
513	 7.45344689877534E-02 
514	 7.50110395150814E-02 
515	 7.55138541531881E-02 
516	 7.60311906784623E-02 
517	 7.65562936419992E-02 
518	 7.71080595465816E-02 
519	 7.76880192632367E-02 
520	 7.82435830566646E-02 
521	 7.87865936431462E-02 
522	 7.93361879505366E-02 
523	 7.99118207686999E-02 
524	 8.04739895763102E-02 
525	 8.09869775656794E-02 
526	 8.14608012553073E-02 
527	 8.20492046348197E-02 
528	 8.26200417814218E-02 
529	 8.31230400095503E-02 
530	 8.35895663643908E-02 
531	 8.41311647942069E-02 
532	 8.46588472598399E-02 
533	 8.51046686516817E-02 
534	 8.55663419219327E-02 
535	 8.60499747212718E-02 
536	 8.65010472057321E-02 
537	 8.68462737022951E-02 
538	 8.72546589856088E-02 
539	 8.77179988271129E-02 
540	 8.81841746196173E-02 
541	 8.85548699489132E-02 
542	 8.89806173818744E-02 
543	 8.94294531364543E-02 
544	 8.98065559425819E-02 
545	 0.090149078668388 
546	 0.090496239308561 
547	 9.08679736992153E-02 
548	 9.12499497865639E-02 
549	 9.16259532148772E-02 
550	 9.19962445988533E-02 
551	 9.23672931371623E-02 
552	 9.27371930142598E-02 
553	 9.30631868378895E-02 
554	 9.33420073492333E-02 
555	 9.36220578766877E-02 
556	 9.39039669707977E-02 
557	 9.42142931848089E-02 
558	 9.45483603312153E-02 
559	 9.47562328720909E-02 
560	 9.49637814685365E-02 
561	 9.52315994903332E-02 
562	 9.55516386137871E-02 
563	 9.57723625027278E-02 
564	 9.59389747718259E-02 
565	 9.61196817955583E-02 
566	 0.096301465326534 
567	 9.65214226889893E-02 
568	 9.67382178309975E-02 
569	 9.68696933323045E-02 
570	 9.70223588125979E-02 
571	 9.72208856059558E-02 
572	 9.74336935598236E-02 
573	 0.09753889417028 
574	 9.76609961196193E-02 
575	 9.78298884249147E-02 
576	 9.80318180875688E-02 
577	 9.82720308640862E-02 
578	 9.85006156893913E-02 
579	 9.87036111436104E-02 
580	 9.89271263789803E-02 
581	 9.91662865812486E-02 
582	 9.93975212370534E-02 
583	 9.95971151706235E-02 
584	 9.97917665606223E-02 
585	 9.99815239917603E-02 
586	 0.100213557083351 
587	 0.100590356566918 
588	 0.100889030771009 
589	 0.101141741898918 
590	 0.101398953544688 
591	 0.10158890197893 
592	 0.101798784895832 
593	 0.102079070783945 
594	 0.102439011271252 
595	 0.102759696141198 
596	 0.103050027153311 
597	 0.103343191807957 
598	 0.103659682497957 
599	 0.104015274257588 
600	 0.10437373350626 
601	 0.104689183744184 
602	 0.105005765234295 
603	 0.105283234841801 
604	 0.105516265171574 
605	 0.105754715740345 
606	 0.105964389795327 
607	 0.106186874291572 
608	 0.106465767975586 
609	 0.106757656069736 
610	 0.107008155360564 
611	 0.107224664239395 
612	 0.107471398282139 
613	 0.107653953012908 
614	 0.107874797510832 
615	 0.108206183730495 
616	 0.108519782956889 
617	 0.108784290654851 
618	 0.109031052889983 
619	 0.109330915679791 
620	 0.109610762803302 
621	 0.109885185436865 
622	 0.110179112950034 
623	 0.110518478860586 
624	 0.110909933638105 
625	 0.111304117746154 
626	 0.111643037932229 
627	 0.111969326236896 
628	 0.1123296014677 
629	 0.112736862726624 
630	 0.113167373130768 
631	 0.113504444120089 
632	 0.113803686035144 
633	 0.114151140684312 
634	 0.114587891285193 
635	 0.114994837693067 
636	 0.115329244085983 
637	 0.115612982273569 
638	 0.115913832475756 
639	 0.11622369674844 
640	 0.116538855380265 
641	 0.116895529505492 
642	 0.117218476775644 
643	 0.117501040534058 
644	 0.117777350675221 
645	 0.11812238913098 
646	 0.118412340777659 
647	 0.118660918416586 
648	 0.119061917068237 
649	 0.119462177973659 
650	 0.119822313440584 
651	 0.120147296478084 
652	 0.120476360439673 
653	 0.120803710773594 
654	 0.121127031613386 
655	 0.121462421597008 
656	 0.121908553764783 
657	 0.122301032174547 
658	 0.122562080253244 
659	 0.122836186975648 
660	 0.123176021925933 
661	 0.123527328766045 
662	 0.123823652382709 
663	 0.124128338633355 
664	 0.124465256750116 
665	 0.124807651721318 
666	 0.125089935086267 
667	 0.125457075192946 
668	 0.125834828862384 
669	 0.126165766547755 
670	 0.126565792183409 
671	 0.126973143227581 
672	 0.127367551459697 
673	 0.127757823998782 
674	 0.12820564404356 
675	 0.128661452843383 
676	 0.129075117649766 
677	 0.129424416424991 
678	 0.129835762794354 
679	 0.130322328552645 
680	 0.130852881413464 
681	 0.131376358658123 
682	 0.131828599776448 
683	 0.132290872728172 
684	 0.132920602557997 
685	 0.13346070965087 
686	 0.134108910059467 
687	 0.135000449842857 
688	 0.135812721473082 
689	 0.136536837465293 
690	 0.137210129829573 
691	 0.137872931306292 
692	 0.138617829387783 
693	 0.139472629153598 
694	 0.140443884446182 
695	 0.141492801473778 
696	 0.142532713160623 
697	 0.143589372752731 
698	 0.144708177117351 
699	 0.145805651452077 
700	 0.146962447037719 
701	 0.148161468555195 
702	 0.149346992338159 
703	 0.15050746026291 
704	 0.151685481648145 
705	 0.152893263962577 
706	 0.154071714362171 
707	 0.155248379962843 
708	 0.156435416018529 
709	 0.157637510125731 
710	 0.158828209803476 
711	 0.159948526483499 
712	 0.161080024205199 
713	 0.162345142050007 
714	 0.163601975596339 
715	 0.164737730697051 
716	 0.16576064622627 
717	 0.166761102160394 
718	 0.167933034425538 
719	 0.169326759860526 
720	 0.170800392018995 
721	 0.172116655782112 
722	 0.173207121883618 
723	 0.174264647210868 
724	 0.175436780496216 
725	 0.176603773493134 
726	 0.177763332431896 
727	 0.178942130865775 
728	 0.180105208665804 
729	 0.181185913839681 
730	 0.182240979715918 
731	 0.183324337439881 
732	 0.184397626862979 
733	 0.185432821627215 
734	 0.186432730252707 
735	 0.18740026502923 
736	 0.188303664715774 
737	 0.189184617786636 
738	 0.190056922308048 
739	 0.190875089048824 
740	 0.191703462786088 
741	 0.192493550311207 
742	 0.19320988933466 
743	 0.193957087731369 
744	 0.194635991341715 
745	 0.195272846099508 
746	 0.195943132349614 
747	 0.196594397829387 
748	 0.197189386306635 
749	 0.197730223792599 
750	 0.198269569128662 
751	 0.198886025559427 
752	 0.19947721296444 
753	 0.199969496432543 
754	 0.200498514808943 
755	 0.201066796634407 
756	 0.201617465771253 
757	 0.202118680395761 
758	 0.202865427505376 
759	 0.204034488820537 
760	 0.205561064082634 
761	 0.206221220129672 
762	 0.206574841564891 
763	 0.206752433208943 
764	 0.206813905388544 
765	 0.206832244531344 
766	 0.206943397401722 
767	 0.207168474785693 
768	 0.20748804700329 
769	 0.207809194930322 
770	 0.208184548851128 
771	 0.208611666441382 
772	 0.209045598466682 
773	 0.209477311059151 
774	 0.209880961497 
775	 0.210278825300116 
776	 0.210788016929845 
777	 0.211201602534209 
778	 0.211560708323219 
779	 0.211967204915097 
780	 0.212456231715328 
781	 0.212887170574609 
782	 0.213267543070748 
783	 0.21369512908263 
784	 0.21415896534524 
785	 0.214588805328357 
786	 0.21495815016202 
787	 0.215310968590927 
788	 0.215741456772084 
789	 0.216215355852984 
790	 0.216678907651778 
791	 0.217126407034398 
792	 0.217525542065399 
793	 0.217922762795956 
794	 0.218377683139365 
795	 0.21882720944374 
796	 0.21920320401761 
797	 0.219547347800045 
798	 0.219984436316174 
799	 0.220438558304389 
800	 0.220873613090976 
801	 0.221280080055026 
802	 0.221686820921549 
803	 0.222136099265118 
804	 0.222611348945533 
805	 0.223069261417815 
806	 0.223442596178935 
807	 0.223821201139331 
808	 0.22423001442658 
809	 0.224633987136368 
810	 0.224907295306962 
811	 0.225195868576122 
812	 0.225538229094314 
813	 0.225841652637827 
814	 0.226144186118048 
815	 0.226518971387779 
816	 0.227004568132037 
817	 0.227570894853282 
818	 0.227912248701254 
819	 0.228213204857657 
820	 0.228704299001479 
821	 0.229243873299418 
822	 0.229719083874879 
823	 0.230084795706353 
824	 0.230374939018004 
825	 0.230803077840872 
826	 0.231294861196688 
827	 0.231760039671954 
828	 0.232112705874161 
829	 0.232484490360144 
830	 0.232960592337496 
831	 0.23350133717243 
832	 0.233888122074462 
833	 0.234229731644921 
834	 0.234597554610999 
835	 0.235037981345769 
836	 0.235533336230363 
837	 0.23598810243931 
838	 0.236401791292642 
839	 0.236814506026578 
840	 0.237231845370243 
841	 0.237676301541088 
842	 0.238124197145186 
843	 0.238513622139313 
844	 0.238827568776087 
845	 0.239140245396465 
846	 0.239533977348874 
847	 0.240076153873376 
848	 0.24048704972132 
849	 0.240817623178295 
850	 0.241157589665138 
851	 0.241475671814568 
852	 0.24187318618004 
853	 0.242296515096009 
854	 0.242673605688807 
855	 0.243069425455584 
856	 0.243405779587138 
857	 0.243727887717448 
858	 0.244124368993688 
859	 0.244511453332012 
860	 0.244973725923385 
861	 0.245407639440499 
862	 0.245589150304903 
863	 0.246010267010443 
864	 0.24641620180875 
865	 0.246671727590037 
866	 0.247008345526525 
867	 0.247390773660801 
868	 0.247718798005613 
869	 0.247992552218592 
870	 0.248486027830497 
871	 0.248800918959667 
872	 0.249069723634762 
873	 0.249502245966262 
874	 0.249903043881831 
875	 0.250131694516692 
876	 0.25042245823261 
877	 0.251059250019509 
878	 0.251552559014852 
879	 0.25178577099813 
880	 0.251919454512157 
881	 0.25228542859499 
882	 0.252658247261137 
883	 0.252995725941249 
884	 0.253307130245407 
885	 0.253646313884303 
886	 0.2541090264103 
887	 0.254477084986695 
888	 0.254659010596648 
889	 0.254853381014714 
890	 0.255156634256174 
891	 0.255440730928622 
892	 0.255604547066118 
893	 0.255846101959122 
894	 0.255937462061495 
895	 0.256011888291265 
896	 0.256296772662224 
897	 0.256762519658286 
898	 0.257120126583104 
899	 0.257255297752373 
900	 0.257270501356332 
901	 0.257690265669445 
902	 0.258102648128509 
903	 0.258325554906975 
904	 0.25842978461359 
905	 0.258869364393378 
906	 0.259361939134427 
907	 0.259671661305516 
908	 0.259712057973701 
909	 0.259839032390892 
910	 0.259964808068497 
911	 0.260138483988695 
912	 0.260652927233109 
913	 0.260905581188309 
914	 0.261180010219253 
915	 0.261681009724817 
916	 0.26212725046106 
917	 0.262310167997975 
918	 0.262544786073036 
919	 0.26302041236632 
920	 0.263323305674919 
921	 0.263617706113648 
922	 0.263827700071882 
923	 0.263902752890121 
924	 0.264121260066517 
925	 0.264158886324903 
926	 0.263946766371784 
927	 0.263581387759572 
928	 0.26325104294355 
929	 0.263237844741602 
930	 0.26320133355424 
931	 0.262482943497203 
932	 0.261989249044215 
933	 0.261460812517509 
934	 0.261123255276601 
935	 0.26143267794418 
936	 0.261200214836322 
937	 0.261000415650329 
938	 0.261196093485921 
939	 0.261813683713958 
940	 0.26313763505878 
941	 0.263893506371598 
942	 0.263895691695133 
943	 0.264097036235753 
944	 0.264179359414906 
945	 0.264170401251156 
946	 0.264116686806631 
947	 0.26403812679307 
948	 0.263885917241137 
949	 0.264139278684069 
950	 0.264778740450531 
951	 0.26509486267611 
952	 0.266413988927918 
953	 0.267012883660136 
954	 0.266465931535584 
955	 0.267213211558201 
956	 0.267516825296918 
957	 0.268101293165118 
958	 0.269320840023422 
959	 0.269943276153261 
960	 0.270243385908056 
961	 0.270113796822906 
962	 0.269818751761941 
963	 0.270396348335583 
964	 0.271572720059335 
965	 0.272281083397463 
966	 0.272022152564739 
967	 0.271928062446661 
968	 0.272521308440475 
969	 0.273146220557758 
970	 0.273222521865877 
971	 0.273389437403856 
972	 0.273728935229484 
973	 0.274497138703058 
974	 0.275512430122457 
975	 0.2752637254944 
976	 0.274943290846885 
977	 0.275063598031597 
978	 0.275670436689087 
979	 0.276202586881776 
980	 0.276829230357703 
981	 0.276959580174235 
982	 0.276430729051368 
983	 0.277384685022762 
984	 0.277623532227806 
985	 0.27761299128198 
986	 0.278345986680634 
987	 0.278772887256753 
988	 0.279247672897004 
989	 0.279846817760537 
990	 0.280368575852635 
991	 0.280064902389324 
992	 0.279771051595988 
993	 0.279866428353805 
994	 0.280443165548885 
995	 0.281487869941276 
996	 0.282084069536585 
997	 0.281997916119846 
998	 0.281476515066344 
999	 0.281023626878379 
1000	 0.281467031428526 
1001	 0.282699726699949 
1002	 0.282894509065927 
1003	 0.283226592721118 
1004	 0.283582948859277 
1005	 0.284050611244052 
1006	 0.284368040317419 
1007	 0.284688246958478 
1008	 0.285005550966022 
1009	 0.285057211981547 
1010	 0.285136233458625 
1011	 0.285487394974089 
1012	 0.285765108534252 
1013	 0.286199750282704 
1014	 0.286706093105625 
1015	 0.286888550037559 
1016	 0.287085859733158 
1017	 0.287306422704936 
1018	 0.287443465646284 
1019	 0.287648111941244 
1020	 0.287956654534186 
1021	 0.288129862009276 
1022	 0.288302534307046 
1023	 0.288584423206774 
1024	 0.289001842702054 
1025	 0.289408682759552 
1026	 0.28979304625207 
1027	 0.290126190614635 
1028	 0.290202916960777 
1029	 0.290238021640139 
1030	 0.29016016922294 
1031	 0.290194930509044 
1032	 0.290171482410563 
1033	 0.290398111268537 
1034	 0.290681749847996 
1035	 0.29118975600765 
1036	 0.291544606772003 
1037	 0.291686965618175 
1038	 0.292133058151634 
1039	 0.2924712518718 
1040	 0.292647423601059 
1041	 0.29302355459553 
1042	 0.293227859329914 
1043	 0.293284743955722 
1044	 0.293487377004533 
1045	 0.293813037705977 
1046	 0.294192880075507 
1047	 0.294531078152161 
1048	 0.294789453418786 
1049	 0.295014887902133 
1050	 0.295149199711612 
1051	 0.295247122378707 
1052	 0.295540189349147 
1053	 0.295935902097728 
1054	 0.296249478290227 
1055	 0.296508348039307 
1056	 0.296664705837883 
1057	 0.29678101531447 
1058	 0.296667206632608 
1059	 0.296839506337759 
1060	 0.297121367685281 
1061	 0.297407720478561 
1062	 0.297747339757478 
1063	 0.298086434153596 
1064	 0.298398421226308 
1065	 0.298619329308097 
1066	 0.298821139542458 
1067	 0.299131658367879 
1068	 0.299286493497492 
1069	 0.299480893418547 
1070	 0.29972874144642 
1071	 0.300086733701176 
1072	 0.300333545434603 
1073	 0.300542069607397 
1074	 0.300737999142893 
1075	 0.300894524587992 
1076	 0.301099434092091 
1077	 0.30114869544936 
1078	 0.301304793162494 
1079	 0.301613822220155 
1080	 0.301669128385965 
1081	 0.301833334977026 
1082	 0.30209542870385 
1083	 0.302314136198249 
1084	 0.302503879868105 
1085	 0.302654236761946 
1086	 0.302811841713985 
1087	 0.302969837477328 
1088	 0.302960395277973 
1089	 0.303126695287713 
1090	 0.303452191606803 
1091	 0.303663695405755 
1092	 0.303923321707103 
1093	 0.304266965905835 
1094	 0.304343108719392 
1095	 0.304404998719082 
1096	 0.304557313539026 
1097	 0.304676764366807 
1098	 0.304794681445869 
1099	 0.305052699668068 
1100	 0.305182398629373 
1101	 0.305167878037012 
1102	 0.305241736448581 
1103	 0.305420386700476 
1104	 0.305476108573333 
1105	 0.305402661317538 
1106	 0.305447472077868 
1107	 0.305644266107835 
1108	 0.305540369705568 
1109	 0.305526164451483 
1110	 0.305494970379167 
1111	 0.305400235294073 
1112	 0.305022176595058 
1113	 0.304925707262878 
1114	 0.30500650036429 
1115	 0.305011725336293 
1116	 0.305213208004395 
1117	 0.305140986471649 
1118	 0.304716274957986 
1119	 0.304562983744469 
1120	 0.304449433627461 
1121	 0.304240796466542 
1122	 0.304151926537514 
1123	 0.304091418947263 
1124	 0.3039967458323 
1125	 0.303565049902193 
1126	 0.303767875576372 
1127	 0.304594783251084 
1128	 0.304778748963923 
1129	 0.304989462398159 
1130	 0.30502808263787 
1131	 0.304458725446279 
1132	 0.304448999558216 
1133	 0.30467290429754 
1134	 0.304930798161162 
1135	 0.305531819037933 
1136	 0.305800704676535 
1137	 0.306063219277666 
1138	 0.306166138295006 
1139	 0.30612680935046 
1140	 0.30574657419987 
1141	 0.305888243565717 
1142	 0.306239741211707 
1143	 0.30632603773184 
1144	 0.30650022644917 
1145	 0.306673762844242 
1146	 0.306557893100807 
1147	 0.306726354202348 
1148	 0.307134600209524 
1149	 0.307470060130625 
1150	 0.3079011334985 
1151	 0.308198870854611 
1152	 0.308436448440725 
1153	 0.308693432924038 
1154	 0.308897615819282 
1155	 0.308998802811669 
1156	 0.309226484035688 
1157	 0.309599940920012 
1158	 0.309842667007767 
1159	 0.310055028522499 
1160	 0.310286435729669 
1161	 0.310500444102866 
1162	 0.310716616178918 
1163	 0.31095369029128 
1164	 0.311214925768396 
1165	 0.311439600366739 
1166	 0.311670755267491 
1167	 0.311962850625882 
1168	 0.312168665712149 
1169	 0.312376326665488 
1170	 0.312532596554549 
1171	 0.312509032222861 
1172	 0.312748401381682 
1173	 0.313055639203043 
1174	 0.313057998590824 
1175	 0.313176256571411 
1176	 0.313340774727398 
1177	 0.313482103843138 
1178	 0.313620323593899 
1179	 0.313713794487428 
1180	 0.313777101623057 
1181	 0.313882326477055 
1182	 0.313858862681079 
1183	 0.313993447889153 
1184	 0.314358434230393 
1185	 0.314542229876077 
1186	 0.314714273019506 
1187	 0.314865600292811 
1188	 0.31496935972766 
1189	 0.314952452170178 
1190	 0.31515207514115 
1191	 0.315289794623168 
1192	 0.315518410761288 
1193	 0.31586736716378 
1194	 0.316007555312091 
1195	 0.315947714587737 
1196	 0.31616008030542 
1197	 0.316467305203455 
1198	 0.316645491386148 
1199	 0.316947691786997 
1200	 0.317165648020202 
1201	 0.317132498933725 
1202	 0.317263105872601 
1203	 0.317610514259914 
1204	 0.317792090262568 
1205	 0.317890163297132 
1206	 0.317997938872015 
1207	 0.31817081326254 
1208	 0.318371921943323 
1209	 0.31861905950196 
1210	 0.318840733509687 
1211	 0.318896672067954 
1212	 0.318989932047386 
1213	 0.31932922743588 
1214	 0.319653070897263 
1215	 0.319918469250777 
1216	 0.32032046726301 
1217	 0.320531571245889 
1218	 0.320424427481739 
1219	 0.320676250320798 
1220	 0.321074488809943 
1221	 0.321382904136942 
1222	 0.32190669990387 
1223	 0.322274764886887 
1224	 0.32252222501732 
1225	 0.322673852378338 
1226	 0.32292646562904 
1227	 0.323221551482538 
1228	 0.32349105457641 
1229	 0.323819346419308 
1230	 0.324150100674058 
1231	 0.324398605554812 
1232	 0.324672756562078 
1233	 0.324971000822384 
1234	 0.325292314789626 
1235	 0.325727522922172 
1236	 0.326031032238923 
1237	 0.326236507312853 
1238	 0.326480001742094 
1239	 0.326624986850133 
1240	 0.326859025888529 
1241	 0.327245550645088 
1242	 0.327599146611312 
1243	 0.328014014617038 
1244	 0.328284194688321 
1245	 0.328490761808762 
1246	 0.328553936492177 
1247	 0.328764475788732 
1248	 0.329144171456187 
1249	 0.329563045667758 
1250	 0.329898853295629 
1251	 0.329977044377919 
1252	 0.330038200892189 
1253	 0.330220709407305 
1254	 0.330506587090697 
1255	 0.330971910777164 
1256	 0.331343992588301 
1257	 0.331626980227535 
1258	 0.331794112334009 
1259	 0.332014976324838 
1260	 0.332200526059572 
1261	 0.33245970948674 
1262	 0.332776919510027 
1263	 0.333004868433304 
1264	 0.333356042883786 
1265	 0.333599286574175 
1266	 0.33381372402264 
1267	 0.334156544980277 
1268	 0.334418974918842 
1269	 0.334611239784471 
1270	 0.334793504080852 
1271	 0.334953453149195 
1272	 0.335130220708289 
1273	 0.335366668417485 
1274	 0.335630911471007 
1275	 0.33583379135763 
1276	 0.335995906040464 
1277	 0.336049043920756 
1278	 0.335974160652967 
1279	 0.336119462058377 
1280	 0.336333716787224 
1281	 0.336687944552723 
1282	 0.336851326803799 
1283	 0.337083864830599 
1284	 0.337149435635376 
1285	 0.336977273704639 
1286	 0.337154030289079 
1287	 0.337384178884485 
1288	 0.337506173973795 
1289	 0.337863000867662 
1290	 0.338043037726666 
1291	 0.338029924712256 
1292	 0.338231343397434 
1293	 0.338299414490376 
1294	 0.338207941235678 
1295	 0.338450903543512 
1296	 0.338852065806199 
1297	 0.339036422660055 
1298	 0.339235045111747 
1299	 0.339544860714869 
1300	 0.339584517850579 
1301	 0.33958232988972 
1302	 0.339799850641278 
1303	 0.339887428436408 
1304	 0.339695785840322 
1305	 0.339764381558699 
1306	 0.340002496428431 
1307	 0.340176508734894 
1308	 0.340241698870323 
1309	 0.340366530734751 
1310	 0.34033909344132 
1311	 0.340170470353485 
1312	 0.340278215366891 
1313	 0.34055585556943 
1314	 0.340595969841728 
1315	 0.340646775933147 
1316	 0.34071558049178 
1317	 0.340642217653454 
1318	 0.340811053335474 
1319	 0.341007153243343 
1320	 0.341020840836008 
1321	 0.340923309336747 
1322	 0.340693064908865 
1323	 0.340558600538374 
1324	 0.340407988766385 
1325	 0.340248870361974 
1326	 0.340266497286617 
1327	 0.340085200033583 
1328	 0.339871600574975 
1329	 0.339753275008301 
1330	 0.3395304522477 
1331	 0.339125879799657 
1332	 0.339045859726098 
1333	 0.339138213681815 
1334	 0.338992407892738 
1335	 0.338837639130494 
1336	 0.338504015193688 
1337	 0.338118668964892 
1338	 0.337995770126643 
1339	 0.338055630606633 
1340	 0.337969630844404 
1341	 0.337570924235917 
1342	 0.336978593272322 
1343	 0.336622605077396 
1344	 0.336570592576662 
1345	 0.336341161862686 
1346	 0.336001101420368 
1347	 0.335113915247311 
1348	 0.334403704226412 
1349	 0.334628423052893 
1350	 0.334378837495393 
1351	 0.334264796450694 
1352	 0.333973159799503 
1353	 0.331914721739285 
1354	 0.330598527787365 
1355	 0.33061526984176 
1356	 0.330222010605225 
1357	 0.33004478800922 
1358	 0.32975917486116 
1359	 0.329125183807225 
1360	 0.325929799295293 
1361	 0.322154258417869 
1362	 0.318793621736134 
1363	 0.308283166332117 
1364	 0.305177400522576 
1365	 0.32485224964588 
1366	 0.33092688495563 
1367	 0.350400985003876 
1368	 0.395259745911526 
1369	 0.33752612415613 
1370	 0.295687679872431 
1371	 0.339165137447454 
1372	 0.294274902895365 
1373	 0.255022024567292 
1374	 0.285326719450303 
1375	 0.310981962068407 
1376	 0.341481327656596 
1377	 0.317228811043534 
1378	 0.258912864737164 
1379	 0.200512726559818 
1380	 0.206209727222402 
1381	 0.270857930939753 
1382	 0.289430255076272 
1383	 0.288132319248864 
1384	 0.28159693054538 
1385	 0.27860486095532 
1386	 0.317429495113257 
1387	 0.323554757956257 
1388	 0.326415972126184 
1389	 0.340972579488031 
1390	 0.349359082021526 
1391	 0.33522893198859 
1392	 0.347743604392373 
1393	 0.353335766802244 
1394	 0.321093495708529 
1395	 0.297866088477404 
1396	 0.301018417587131 
1397	 0.304569234092516 
1398	 0.298534285685711 
1399	 0.313239306465797 
1400	 0.313433310897606 
1401	 0.28593970498461 
1402	 0.286193210190685 
1403	 0.288825441114151 
1404	 0.280528739101101 
1405	 0.288018358704571 
1406	 0.296026219845692 
1407	 0.293924662458474 
1408	 0.294887107934134 
1409	 0.295008361083259 
1410	 0.285466067297802 
1411	 0.281466793085533 
1412	 0.287322684048947 
1413	 0.286639558938543 
1414	 0.284569223627914 
1415	 0.287373952661187 
1416	 0.285907397750395 
1417	 0.283877197008246 
1418	 0.28436137829762 
1419	 0.282622575833665 
1420	 0.280648896645325 
1421	 0.281710876387097 
1422	 0.282658322658084 
1423	 0.282241260094969 
1424	 0.282001009370943 
1425	 0.2803322138176 
1426	 0.279251727884948 
1427	 0.27832720490197 
1428	 0.278252574337282 
1429	 0.277630378758779 
1430	 0.278184386956115 
1431	 0.278320569328629 
1432	 0.277736175708856 
1433	 0.277993811848847 
1434	 0.277547412412164 
1435	 0.276653772370474 
1436	 0.277128882429922 
1437	 0.277477414801254 
1438	 0.276579070915132 
1439	 0.276188746468565 
1440	 0.276547888088595 
1441	 0.276047727526907 
1442	 0.275735851653138 
1443	 0.27634245679898 
1444	 0.275725988752491 
1445	 0.275726218401142 
1446	 0.27746844370513 
1447	 0.278076752669496 
1448	 0.277925216340217 
1449	 0.277671807162619 
1450	 0.277141743858961 
1451	 0.277106651347976 
1452	 0.277411166444254 
1453	 0.277528070417124 
1454	 0.277603826637048 
1455	 0.277795405929579 
1456	 0.278271300102047 
1457	 0.278767660392794 
1458	 0.278723822377397 
1459	 0.278599228550159 
1460	 0.27873949084988 
1461	 0.278689215861097 
1462	 0.278741173307341 
1463	 0.279573320636848 
1464	 0.280017774936939 
1465	 0.279551654957438 
1466	 0.279716924403816 
1467	 0.280191330480654 
1468	 0.280195728640787 
1469	 0.280567706501986 
1470	 0.281076385278422 
1471	 0.281855444882053 
1472	 0.281813517463294 
1473	 0.281944398926383 
1474	 0.282683648738877 
1475	 0.282988011046409 
1476	 0.283322231424057 
1477	 0.284185684198069 
1478	 0.28479675501768 
1479	 0.285293896034164 
1480	 0.285734974883497 
1481	 0.285799894779001 
1482	 0.286052118200848 
1483	 0.286963186584215 
1484	 0.287925770899216 
1485	 0.288589858040363 
1486	 0.289040555020242 
1487	 0.289509488622749 
1488	 0.290202402064067 
1489	 0.290804890835471 
1490	 0.291502342656589 
1491	 0.29235725335379 
1492	 0.292821760391461 
1493	 0.293299321366067 
1494	 0.294151439484559 
1495	 0.294832570313724 
1496	 0.295189107783451 
1497	 0.295696054462496 
1498	 0.296403969989764 
1499	 0.296812211423399 
1500	 0.297291311656165 
1501	 0.298022523489644 
1502	 0.29838742422076 
1503	 0.298943047836316 
1504	 0.299804242483111 
1505	 0.300240456558996 
1506	 0.300775780577672 
1507	 0.301475192066059 
1508	 0.302027133982918 
1509	 0.302871793913948 
1510	 0.303708412517587 
1511	 0.304158929313179 
1512	 0.304515945028348 
1513	 0.305162664881828 
1514	 0.30586922003949 
1515	 0.306275799838077 
1516	 0.306804390590257 
1517	 0.307234167425302 
1518	 0.307451169842194 
1519	 0.308017087641444 
1520	 0.308712059929082 
1521	 0.309316445549268 
1522	 0.30994280856576 
1523	 0.310489277871229 
1524	 0.310929584662243 
1525	 0.311293695372644 
1526	 0.311658829685063 
1527	 0.31215802138408 
1528	 0.312703407526361 
1529	 0.313287004742566 
1530	 0.313854155956371 
1531	 0.314335748489098 
1532	 0.314694643068604 
1533	 0.315165032932071 
1534	 0.315668528286355 
1535	 0.316047768152221 
1536	 0.316322732693633 
1537	 0.316785322667723 
1538	 0.317268201765903 
1539	 0.317760982674216 
1540	 0.318261334253211 
1541	 0.318625724560522 
1542	 0.318792273386011 
1543	 0.319111941504658 
1544	 0.319579291275088 
1545	 0.320139495986074 
1546	 0.320670629807386 
1547	 0.320890498715506 
1548	 0.321092279093282 
1549	 0.321432030173018 
1550	 0.321679663266723 
1551	 0.321906984493067 
1552	 0.322261056384189 
1553	 0.322650959521523 
1554	 0.323002538506933 
1555	 0.323485851191289 
1556	 0.324001992089746 
1557	 0.324256881089351 
1558	 0.324336122494945 
1559	 0.324564536800431 
1560	 0.324929375148104 
1561	 0.325219878969602 
1562	 0.325576558127139 
1563	 0.325967983618156 
1564	 0.326294540141082 
1565	 0.326712564862545 
1566	 0.327176857911596 
1567	 0.327559855957324 
1568	 0.327803927076369 
1569	 0.32799889605671 
1570	 0.328259792343641 
1571	 0.328595137510144 
1572	 0.328914981322642 
1573	 0.329303871779261 
1574	 0.329864458383499 
1575	 0.33022731652144 
1576	 0.330443649541707 
1577	 0.330736909256634 
1578	 0.330984521459116 
1579	 0.331338472262972 
1580	 0.331765685652477 
1581	 0.332144635067514 
1582	 0.332391213697267 
1583	 0.33261020743147 
1584	 0.333085413471721 
1585	 0.333615732014996 
1586	 0.334078564646846 
1587	 0.334527527853511 
1588	 0.334896452890174 
1589	 0.335077938400263 
1590	 0.335167253769932 
1591	 0.335549073558773 
1592	 0.336200164736011 
1593	 0.336652689864743 
1594	 0.336982347260262 
1595	 0.337458967771853 
1596	 0.337872872726698 
1597	 0.338445087391839 
1598	 0.339207525585793 
1599	 0.339650917438831 
1600	 0.339916605168766 
1601	 0.340273590551365 
1602	 0.340811194041893 
1603	 0.341542131173171 
1604	 0.342300202657451 
1605	 0.342841620864667 
1606	 0.343118631075213 
1607	 0.34350190365482 
1608	 0.343922556480232 
1609	 0.344328753864523 
1610	 0.345048209405197 
1611	 0.345642383815774 
1612	 0.345885205566103 
1613	 0.34627157191981 
1614	 0.346761664389667 
1615	 0.347180125428987 
1616	 0.347692217619979 
1617	 0.348260346188662 
1618	 0.348600931149138 
1619	 0.348853662954831 
1620	 0.34925352405762 
1621	 0.349635503983318 
1622	 0.35014421247702 
1623	 0.350583439290231 
1624	 0.350878466256793 
1625	 0.35129538088632 
1626	 0.351533453538085 
1627	 0.351846035381398 
1628	 0.352260924246873 
1629	 0.352420861049689 
1630	 0.352722298752031 
1631	 0.35324606868864 
1632	 0.35378022416156 
1633	 0.354278212689889 
1634	 0.354729753673174 
1635	 0.354936725158526 
1636	 0.354926583066648 
1637	 0.355290844107878 
1638	 0.35572062389564 
1639	 0.355936424286563 
1640	 0.356492504483647 
1641	 0.356902965788277 
1642	 0.356891915292401 
1643	 0.357274268416105 
1644	 0.3577857589514 
1645	 0.357850096172879 
1646	 0.358312836070791 
1647	 0.358906487973556 
1648	 0.358724852880313 
1649	 0.358742318671636 
1650	 0.359043545471541 
1651	 0.358919724268269 
1652	 0.35909134327321 
1653	 0.359551002558509 
1654	 0.359572906793395 
1655	 0.359686929229234 
1656	 0.360097128543168 
1657	 0.360226358761344 
1658	 0.360379205312128 
1659	 0.360495563590987 
1660	 0.360104794673909 
1661	 0.359972920445597 
1662	 0.360113259181256 
1663	 0.360092333762519 
1664	 0.360251323338995 
1665	 0.360430857271111 
1666	 0.360436979616029 
1667	 0.360480518303703 
1668	 0.360557769273094 
1669	 0.360542641876607 
1670	 0.360361432540488 
1671	 0.360053578164433 
1672	 0.359906992987531 
1673	 0.359763794397437 
1674	 0.359659832518054 
1675	 0.359867997378226 
1676	 0.359734893308372 
1677	 0.359451468977339 
1678	 0.359560670515379 
1679	 0.359425999437684 
1680	 0.359265070848188 
1681	 0.359444079013116 
1682	 0.359120039812556 
1683	 0.358611795170717 
1684	 0.358488419986126 
1685	 0.35809474230931 
1686	 0.357367668613254 
1687	 0.357005471093052 
1688	 0.356935767330249 
1689	 0.356783123574608 
1690	 0.356925560347186 
1691	 0.357039498741393 
1692	 0.356668866956712 
1693	 0.356351598498957 
1694	 0.35611706305259 
1695	 0.355928389749894 
1696	 0.355718361184509 
1697	 0.355189389982795 
1698	 0.354744416440449 
1699	 0.354581897494283 
1700	 0.354628433903271 
1701	 0.354798670837999 
1702	 0.35470878951951 
1703	 0.35461266835086 
1704	 0.35435229682124 
1705	 0.354046947044232 
1706	 0.353808198146785 
1707	 0.353616936539125 
1708	 0.353223607211112 
1709	 0.352946573087193 
1710	 0.352850127862568 
1711	 0.352618798293788 
1712	 0.352256298395867 
1713	 0.352033818529607 
1714	 0.351988314359762 
1715	 0.351838230514095 
1716	 0.351807444559057 
1717	 0.351554250481548 
1718	 0.351008401315198 
1719	 0.350633181918625 
1720	 0.35018787542019 
1721	 0.349786661467483 
1722	 0.349411289586918 
1723	 0.349212361352045 
1724	 0.349214237274577 
1725	 0.349034978593437 
1726	 0.348952162302504 
1727	 0.348810144893497 
1728	 0.348448399820846 
1729	 0.348164941116432 
1730	 0.347840633988049 
1731	 0.347777112481848 
1732	 0.347752337019938 
1733	 0.34795051700931 
1734	 0.348661711479358 
1735	 0.348886951020432 
1736	 0.349040832333886 
1737	 0.349065512646986 
1738	 0.348732487668253 
1739	 0.348642368033505 
1740	 0.348409023153105 
1741	 0.348513466061935 
1742	 0.348916564404019 
1743	 0.349263160423551 
1744	 0.349972975386618 
1745	 0.350293000832312 
1746	 0.350426767606026 
1747	 0.35032088589818 
1748	 0.349841546882603 
1749	 0.349819558800692 
1750	 0.349819053972486 
1751	 0.350234607799123 
1752	 0.350368262068391 
1753	 0.350151320581021 
1754	 0.3498895657868 
1755	 0.349791070562796 
1756	 0.349958356913162 
1757	 0.350198731319525 
1758	 0.350433311197468 
1759	 0.350310409234643 
1760	 0.350104295915583 
1761	 0.35027184854055 
1762	 0.350221048180251 
1763	 0.34996396582868 
1764	 0.349498943856258 
1765	 0.348626640965754 
1766	 0.348394446409271 
1767	 0.348517230728008 
1768	 0.348707760512584 
1769	 0.349088634324963 
1770	 0.34871431280441 
1771	 0.34883585056647 
1772	 0.348916189730364 
1773	 0.349256516748895 
1774	 0.349530623410608 
1775	 0.349830577180218 
1776	 0.349626328055644 
1777	 0.348686656038184 
1778	 0.348326498487975 
1779	 0.347744673389318 
1780	 0.34765759062512 
1781	 0.348830627877771 
1782	 0.349109688875985 
1783	 0.3489245161031 
1784	 0.34878407253149 
1785	 0.348086823620696 
1786	 0.347890450014854 
1787	 0.347892750821067 
1788	 0.348060544854417 
1789	 0.348841702802629 
1790	 0.349003279532537 
1791	 0.348851208959635 
1792	 0.349021784356471 
1793	 0.349210578496489 
1794	 0.348923701807405 
1795	 0.348559974209745 
1796	 0.348124891153453 
1797	 0.346861678910401 
1798	 0.346125937686183 
1799	 0.345498378600877 
1800	 0.345922368084654 
1801	 0.347794794009246 
1802	 0.347655720477631 
1803	 0.347616535098478 
1804	 0.347497181693776 
1805	 0.344378992077251 
1806	 0.344260593823004 
1807	 0.347482650680559 
1808	 0.348954104056885 
1809	 0.3507905998135 
1810	 0.347623213471819 
1811	 0.347761000525162 
1812	 0.344835710311209 
1813	 0.341026909702895 
1814	 0.342615042186705 
1815	 0.340303301656214 
1816	 0.334378557788775 
1817	 0.334077157812474 
1818	 0.335677982752548 
1819	 0.337933640624462 
1820	 0.35005478128573 
1821	 0.357396900491463 
1822	 0.361976452895461 
1823	 0.363648514322991 
1824	 0.354835852456769 
1825	 0.347223226274742 
1826	 0.323358586257008 
1827	 0.318658836577435 
1828	 0.338630010581343 
1829	 0.350632237953005 
1830	 0.394083460885346 
1831	 0.294302705378847 
1832	 0.167449132674833 
1833	 0.187433451178474 
1834	 0.591185700322748 
1835	 0.95715236799009 
1836	 1.08784688820546 
1837	 1.22734299129593 
1838	 0.220664585862868 
1839	-0.200916244867885 
1840	-0.158051204769353 
1841	-0.192850652391754 
1842	-0.239949460554968 
1843	 0.373037730187066 
1844	 0.533605265808456 
1845	-1.19050089828248 
1846	 4.01484238845258 
1847	 1.04171287196936 
1848	 5.88610511263708 
1849	 2.41397823832477 
1850	 0.901589857888261 
1851	 0.939345981400564 
1852	 1.61736095111266 
1853	 0.710499779851219 
1854	-2.24322602600897 
1855	-1.74608807893769 
1856	 0.286484519823458 
1857	 0.110475888658235 
1858	-0.722425217658624 
1859	-4.16672463015085 
1860	-3.1097060786359 
1861	-21.3356674418156 
1862	-7.29974147623324 
1863	 0.426626201368099 
1864	 0.580593409703568 
1865	 0.256125531735034 
1866	 0.345396719715147 
1867	 0.859852350929601 
1868	 0.527129694565732 
1869	 0.348535548369508 
1870	 0.95781208898334 
1871	 0.920412573972679 
1872	-0.533220662159797 
1873	-0.178503436301123 
1874	 0.41894973826461 
1875	 0.444477156864094 
1876	 0.756082928427637 
1877	 0.666164763072247 
1878	 0.408380741737962 
1879	 0.419317923303753 
1880	 0.320356616026972 
1881	 0.19008924449343 
1882	 0.219673123550688 
1883	 0.36275867349436 
1884	 0.370497766441107 
1885	 0.400517955374342 
1886	 0.435475951782309 
1887	 0.387149188355625 
1888	 0.336690675511839 
1889	 0.292213084144474 
1890	 0.269066387452249 
1891	 0.26353549733564 
1892	 0.250131365508852 
1893	 0.262428987915415 
1894	 0.324348814787559 
1895	 0.318032234945153 
1896	 0.243249828126459 
1897	 0.213106456195893 
1898	 0.206647719745836 
1899	 0.378803902324919 
1900	 0.566083937889322 
1901	 0.788321832731864 
1902	 0.842939316830207 
1903	 0.329549409682122 
1904	 0.234412564120346 
1905	 0.256702883756446 
1906	 0.455731567654862 
1907	 0.494167495802069 
1908	 0.576693617152301 
1909	 0.574549774396098 
1910	 0.311130143647984 
1911	 6.29464229710775E-02 
1912	 6.03651974639653E-02 
1913	 8.03986119974378E-02 
1914	 0.150126642863737 
1915	 0.18624538039591 
1916	 0.261738555992082 
1917	 0.2706214670539 
1918	 0.245056885745392 
1919	 0.236821213823018 
1920	 0.187641671460139 
1921	 0.155627425577758 
1922	 0.182197446825853 
1923	 0.211127519912154 
1924	 0.217120911124712 
1925	 0.228165290372458 
1926	 0.239023693854817 
1927	 0.214864848154551 
1928	 0.181720639213271 
1929	 0.190968055134248 
1930	 0.201873044184622 
1931	 0.217983675488665 
1932	 0.249828511867295 
1933	 0.250272262587701 
1934	 0.241531495421535 
1935	 0.242755784256849 
1936	 0.245501451434585 
1937	 0.243991370277939 
1938	 0.243127493795824 
1939	 0.240906489409154 
1940	 0.235854359534053 
1941	 0.230154015038265 
1942	 0.229700245773861 
1943	 0.231647527261475 
1944	 0.234068212734971 
1945	 0.236430572711338 
1946	 0.237673805200013 
1947	 0.236783736614507 
1948	 0.240579654878212 
1949	 0.243529691773581 
1950	 0.242236633210476 
1951	 0.245186250839665 
1952	 0.245956316022813 
1953	 0.24198609949357 
1954	 0.240844654539497 
1955	 0.243198402979546 
1956	 0.245969684743592 
1957	 0.250209325803515 
1958	 0.254042272445537 
1959	 0.260023592069515 
1960	 0.260364507562352 
1961	 0.259395735775547 
1962	 0.259968754145707 
1963	 0.258559569332187 
1964	 0.259484641759508 
1965	 0.26084356701848 
1966	 0.260908538005784 
1967	 0.263064370601272 
1968	 0.264607113035124 
1969	 0.265041226681212 
1970	 0.26498935119142 
1971	 0.265204798471241 
1972	 0.265110177877125 
1973	 0.265477365164013 
1974	 0.266577295953484 
1975	 0.268381775743323 
1976	 0.269340399531819 
1977	 0.268978035672884 
1978	 0.2694403587687 
1979	 0.270529557560589 
1980	 0.271328653317583 
1981	 0.272280035188796 
1982	 0.273237266852596 
1983	 0.274029074053776 
1984	 0.274713299575397 
1985	 0.275481358605075 
1986	 0.275925882475467 
1987	 0.276373650728028 
1988	 0.276544793912389 
1989	 0.276638949188269 
1990	 0.277398338665409 
1991	 0.278310263462936 
1992	 0.279066126241516 
1993	 0.279777093111507 
1994	 0.280884799729305 
1995	 0.281587504687731 
1996	 0.282153085900823 
1997	 0.281819685184356 
1998	 0.282208841670805 
1999	 0.282217582416659 
2000	 0.282546214693621 
2001	 0.283735824917654 
2002	 0.284447338466934 
2003	 0.285542581018985 
2004	 0.287461216722013 
2005	 0.289302631663814 
2006	 0.29010247252278 
2007	 0.289688164883062 
2008	 0.290294633228851 
2009	 0.290178501595863 
2010	 0.290025017644189 
2011	 0.292263627735642 
2012	 0.292633799018642 
2013	 0.291484535084062 
2014	 0.290863864406667 
2015	 0.289508118609508 
2016	 0.288570356004621 
2017	 0.287308573506994 
2018	 0.286012682120316 
2019	 0.285430320041828 
2020	 0.285313882768348 
2021	 0.284780697023799 
2022	 0.284470357067808 
2023	 0.284108940531827 
2024	 0.283850534099191 
2025	 0.283495011736696 
2026	 0.283802478599733 
2027	 0.283909640807941 
2028	 0.283432580410107 
2029	 0.282637604417667 
2030	 0.281364847430711 
2031	 0.280612679476713 
2032	 0.279942959577036 
2033	 0.279180085112323 
2034	 0.27851595648629 
2035	 0.278027403146972 
2036	 0.277868021437986 
2037	 0.27753061045803 
2038	 0.2765455265624 
2039	 0.275311678646559 
2040	 0.274526866978109 
2041	 0.273741549037238 
2042	 0.27322328678211 
2043	 0.273238124252888 
2044	 0.272982434212655 
2045	 0.272597359368263 
2046	 0.271990462362593 
2047	 0.271403070565556 
2048	 0.270704729554962 
2049	 0.269904255673208 
2050	 0.26887353572816 
2051	 0.267915138178512 
2052	 0.266500091872449 
2053	 0.265623768002454 
2054	 0.265204108577199 
2055	 0.264802993750009 
2056	 0.264388661412169 
2057	 0.263622853241636 
2058	 0.262952286063367 
2059	 0.262234806515685 
2060	 0.261622497872938 
2061	 0.262264712745017 
2062	 0.26161264851442 
2063	 0.259183321349699 
2064	 0.258276763701246 
2065	 0.257838686095667 
2066	 0.25720953473698 
2067	 0.256797791402666 
2068	 0.257463355363931 
2069	 0.257034583710872 
2070	 0.255996497425758 
2071	 0.256238716052873 
2072	 0.256445184886554 
2073	 0.255475591400968 
2074	 0.254830403682043 
2075	 0.254827705009811 
2076	 0.255077315496846 
2077	 0.254809353142963 
2078	 0.255144614374233 
2079	 0.254991196803567 
2080	 0.254252409799692 
2081	 0.253156158325522 
2082	 0.252204457957121 
2083	 0.252138239952792 
2084	 0.252561410335313 
2085	 0.252543626256545 
2086	 0.25272601317938 
2087	 0.25305404887031 
2088	 0.252926993694833 
2089	 0.252594692953683 
2090	 0.252229410907418 
2091	 0.251894675488627 
2092	 0.251792794932876 
2093	 0.251523005575898 
2094	 0.251341908247015 
2095	 0.251406615072782 
2096	 0.251588759667367 
2097	 0.251668746381457 
2098	 0.252007930468033 
2099	 0.252546119482711 
2100	 0.253084729346741 
2101	 0.25312659739236 
2102	 0.252543453445395 
2103	 0.25216557788544 
2104	 0.252762269305606 
2105	 0.253129144770706 
2106	 0.253132863248764 
2107	 0.253298901979127 
2108	 0.253445106990763 
2109	 0.253331251914866 
2110	 0.25293049822833 
2111	 0.253091730373965 
2112	 0.253315604165655 
2113	 0.253438205950092 
2114	 0.253504507176069 
2115	 0.254666158044699 
2116	 0.255165034044692 
2117	 0.255067938001332 
2118	 0.255671626776096 
2119	 0.256022951252696 
2120	 0.256117306314278 
2121	 0.256361089632184 
2122	 0.256073490764101 
2123	 0.256404118605597 
2124	 0.256895126719365 
2125	 0.25757920306876 
2126	 0.258097166950329 
2127	 0.259122956712329 
2128	 0.259547229131265 
2129	 0.259192938059088 
2130	 0.259578651068328 
2131	 0.260441538069137 
2132	 0.260779683657638 
2133	 0.260727688080355 
2134	 0.261443861591259 
2135	 0.263072279488451 
2136	 0.263402988902284 
2137	 0.262887115262129 
2138	 0.264266336683747 
2139	 0.264707656482267 
2140	 0.263757427628619 
2141	 0.264117572867117 
2142	 0.264757267816501 
2143	 0.265388895506405 
2144	 0.26613861675851 
2145	 0.26647078601884 
2146	 0.266748852980153 
2147	 0.267185766430112 
2148	 0.267318406875903 
2149	 0.267347464053622 
2150	 0.267580416386712 
2151	 0.267820481062783 
2152	 0.267367981327482 
2153	 0.267605947724632 
2154	 0.268494538020279 
2155	 0.268780465065455 
2156	 0.269635397548856 
2157	 0.270808692271847 
2158	 0.270823565489044 
2159	 0.270991711661166 
2160	 0.271218700493903 
2161	 0.270944397205083 
2162	 0.271550928166938 
2163	 0.272554426437348 
2164	 0.272960863919924 
2165	 0.272776122608423 
2166	 0.2730028801186 
2167	 0.272918821280218 
2168	 0.273234408525427 
2169	 0.274389381855687 
2170	 0.274626675792286 
2171	 0.274088918327093 
2172	 0.274273189206285 
2173	 0.27444408205708 
2174	 0.27460330539632 
2175	 0.275490965535533 
2176	 0.276548531115325 
2177	 0.277573734431058 
2178	 0.277747871165492 
2179	 0.276626176196355 
2180	 0.276301390401067 
2181	 0.276738053720574 
2182	 0.277752287341681 
2183	 0.279864380143539 
2184	 0.281876256947975 
2185	 0.282223761011056 
2186	 0.28067158537792 
2187	 0.280520542734705 
2188	 0.279685677554119 
2189	 0.279738506467693 
2190	 0.281190910740073 
2191	 0.281896335890599 
2192	 0.282456246515587 
2193	 0.282904083849626 
2194	 0.283649658008664 
2195	 0.284007810905474 
2196	 0.284297064698937 
2197	 0.283001285576771 
2198	 0.282622896387012 
2199	 0.282911200472731 
2200	 0.283453025699894 
2201	 0.284108930159534 
2202	 0.283952002633439 
2203	 0.283883978293028 
2204	 0.285002068075961 
2205	 0.286001542602144 
2206	 0.285605768570248 
2207	 0.285714736325591 
2208	 0.286664346907459 
2209	 0.287398481688486 
2210	 0.287024360531315 
2211	 0.28662834243955 
2212	 0.287136887954019 
2213	 0.286518428668186 
2214	 0.28667001618481 
2215	 0.289433985438951 
2216	 0.290201880480152 
2217	 0.289024410039436 
2218	 0.288814733979603 
2219	 0.289210891287155 
2220	 0.288666137212118 
2221	 0.287433518248221 
2222	 0.286690989482317 
2223	 0.286038978761429 
2224	 0.2862408353566 
2225	 0.286557658210535 
2226	 0.285901708058661 
2227	 0.285707968964495 
2228	 0.286049928561286 
2229	 0.286472078854737 
2230	 0.286543573364142 
2231	 0.285738948270953 
2232	 0.283704247173896 
2233	 0.282350563577497 
2234	 0.282625392112439 
2235	 0.281391537701422 
2236	 0.279831990749143 
2237	 0.279511236637887 
2238	 0.280273921904476 
2239	 0.279316389653077 
2240	 0.278046042507634 
2241	 0.278185235041195 
2242	 0.278332441621387 
2243	 0.277344843562508 
2244	 0.277154451627408 
2245	 0.276466637960636 
2246	 0.273869190293832 
2247	 0.272073348565739 
2248	 0.27136598417087 
2249	 0.270107949996703 
2250	 0.267947182897142 
2251	 0.266507263826227 
2252	 0.265435776541011 
2253	 0.265166388881943 
2254	 0.26414998406961 
2255	 0.262610859875763 
2256	 0.261752185995827 
2257	 0.259448358902827 
2258	 0.258051528213147 
2259	 0.257212715523549 
2260	 0.256225328300141 
2261	 0.256545291285697 
2262	 0.255048951921693 
2263	 0.252814948896925 
2264	 0.252109548690798 
2265	 0.251653544214696 
2266	 0.251104882832676 
2267	 0.249901114833953 
2268	 0.249078711846982 
2269	 0.248735402659283 
2270	 0.247604975077819 
2271	 0.247389968525827 
2272	 0.247055517580515 
2273	 0.245934876954811 
2274	 0.245022438985362 
2275	 0.244238497861539 
2276	 0.24417433911643 
2277	 0.244958135087483 
2278	 0.243832470700484 
2279	 0.241926454630504 
2280	 0.242109912643469 
2281	 0.24220511015344 
2282	 0.240985243409382 
2283	 0.240818801506709 
2284	 0.241144462836436 
2285	 0.240009806398883 
2286	 0.239031003578421 
2287	 0.239920445382838 
2288	 0.23949442562763 
2289	 0.236182860959437 
2290	 0.234869966865982 
2291	 0.235585655636508 
2292	 0.235465378183474 
2293	 0.235338276014877 
2294	 0.237061613606105 
2295	 0.239280795289011 
2296	 0.239063406202866 
2297	 0.239101163136548 
2298	 0.238174489951754 
2299	 0.235158004120658 
2300	 0.234621084309669 
2301	 0.234181489142516 
2302	 0.231780563937708 
2303	 0.230735639648723 
2304	 0.231659468899863 
2305	 0.231759649960565 
2306	 0.232245068813205 
2307	 0.232921521862104 
2308	 0.230778238396883 
2309	 0.230186544515844 
2310	 0.22950042500323 
2311	 0.225351214803794 
2312	 0.224934454719935 
2313	 0.226180549786848 
2314	 0.224402204485894 
2315	 0.226105561356011 
2316	 0.2287433633705 
2317	 0.226771533021188 
2318	 0.225431079199106 
2319	 0.226042231754353 
2320	 0.228784867689827 
2321	 0.228656296835059 
2322	 0.229062536912922 
2323	 0.228956111762334 
2324	 0.225262518528668 
2325	 0.224407126451583 
2326	 0.226072069663041 
2327	 0.225651089838448 
2328	 0.225742407823573 
2329	 0.22498682325893 
2330	 0.220837358303669 
2331	 0.221150354954566 
2332	 0.225138780380905 
2333	 0.225351490260618 
2334	 0.225708882408762 
2335	 0.226401877592851 
2336	 0.224410369220354 
2337	 0.224347772503557 
2338	 0.228077970431215 
2339	 0.227407239119306 
2340	 0.223722839594198 
2341	 0.221482891690442 
2342	 0.219385671703873 
2343	 0.219359974852015 
2344	 0.219391085101866 
2345	 0.219951531492749 
2346	 0.220367355396794 
2347	 0.218675178794771 
2348	 0.222199923687627 
2349	 0.225912849354537 
2350	 0.224278081392823 
2351	 0.221400971051475 
2352	 0.221194821942321 
2353	 0.220851377541176 
2354	 0.220215390888472 
2355	 0.22443745143834 
2356	 0.223468715100348 
2357	 0.216102748844391 
2358	 0.214825522348552 
2359	 0.217045655996223 
2360	 0.21752557440247 
2361	 0.218440883644456 
2362	 0.216428532149193 
2363	 0.212736895726762 
2364	 0.2142115758368 
2365	 0.21904370520961 
2366	 0.223824634426709 
2367	 0.223244400545203 
2368	 0.220980928546075 
2369	 0.221131989358316 
2370	 0.221256626139579 
2371	 0.224420794611322 
2372	 0.226913100895363 
2373	 0.226150483863747 
2374	 0.223289296545084 
2375	 0.21992034483027 
2376	 0.220992603315324 
2377	 0.224565211105916 
2378	 0.221308196822968 
2379	 0.219319666619208 
2380	 0.221262513929777 
2381	 0.21519958356972 
2382	 0.211875488172078 
2383	 0.212407842110491 
2384	 0.20890188050876 
2385	 0.209922424860083 
2386	 0.222719608877235 
2387	 0.230770287549996 
2388	 0.227828000068161 
2389	 0.226731983603493 
2390	 0.221730762315018 
2391	 0.215808479708571 
2392	 0.215888937502988 
2393	 0.215223706133697 
2394	 0.210589741978653 
2395	 0.209904364046888 
2396	 0.211385150192959 
2397	 0.207608381155975 
2398	 0.211287976246132 
2399	 0.213372326003127 
2400	 0.206017310317088 
2401	 0.205135041961464 
2402	 0.20346345064064 
2403	 0.198006508139223 
2404	 0.201319302757644 
2405	 0.207267552130095 
2406	 0.205723081905845 
2407	 0.208686417211643 
2408	 0.218057296845673 
2409	 0.219400934097503 
2410	 0.224567399285642 
2411	 0.231993236553238 
2412	 0.220047498891301 
2413	 0.210811051875269 
2414	 0.212237358022187 
2415	 0.203128036939137 
2416	 0.20052142101917 
2417	 0.214094817708531 
2418	 0.224289091516613 
2419	 0.216974480320185 
2420	 0.205037482307866 
2421	 0.202399544368064 
2422	 0.194487589316864 
2423	 0.187138357718696 
2424	 0.195400944529996 
2425	 0.197251406358259 
2426	 0.187469108649776 
2427	 0.189581905246536 
2428	 0.196271165644238 
2429	 0.192176107996813 
2430	 0.188351715284409 
2431	 0.188878102575729 
2432	 0.188035939008802 
2433	 0.186104917296503 
2434	 0.188482856822143 
2435	 0.18705871099576 
2436	 0.179948744674776 
2437	 0.188291336535626 
2438	 0.193074971687066 
2439	 0.194555671931202 
2440	 0.211276241577266 
2441	 0.195813423118223 
2442	 0.170587293523036 
2443	 0.170664616118733 
2444	 0.155449341079743 
2445	 0.144169819403394 
2446	 0.149006976262528 
2447	 0.150010186666037 
2448	 0.150519744749082 
2449	 0.164637846135981 
2450	 0.186239612025476 
2451	 0.171019500273281 
2452	 0.147509325014406 
2453	 0.145684563685868 
2454	 0.143289230169514 
2455	 0.158718071512311 
2456	 0.188834544157832 
2457	 0.187517865014767 
2458	 0.161371729166655 
2459	 0.160161242791656 
2460	 0.162650999389197 
2461	 0.168105364266578 
2462	 0.190313182222834 
2463	 0.173958083260056 
2464	 0.15268696853866 
2465	 0.173111667029627 
2466	 0.184055598225836 
2467	 0.203774704374169 
2468	 0.203204906258413 
2469	 0.185274567180342 
2470	 0.153144307606635 
2471	 0.154813673961175 
2472	 0.184844573822043 
2473	 0.183071629289232 
2474	 0.170675202819 
2475	 0.150582114623073 
2476	 8.62845175882257E-02 
2477	 7.25892083259895E-02 
2478	 0.10921788031954 
2479	 0.177651093500997 
2480	 0.211266988801244 
2481	 0.189116115692922 
2482	 0.172432574273459 
2483	 0.078874676466055 
2484	-1.67902383222441E-03 
2485	 3.19928093400941E-02 
2486	 3.76258729503074E-03 
2487	 4.32797178507952E-02 
2488	 0.125475629310282 
2489	 2.57670010202311E-02 
2490	 3.98058083581797E-02 
2491	 9.01814437771715E-02 
2492	-5.64511668788563E-02 
2493	 0.109454790954154 
2494	 0.349638285880298 
2495	 0.380058559069307 
2496	 0.344141846909198 
2497	 0.310973940242018 
2498	 0.223052468817754 
2499	-2.07975077588269E-02 
2500	-0.045895116035548 
