Wavelength	09/27/123 at 12:23:43
350	 2.34927110980288E-02 
351	 2.34671918776176E-02 
352	 2.37902677757164E-02 
353	 0.023988477892641 
354	 2.34352787131158E-02 
355	 2.38230641364832E-02 
356	 2.40915241979752E-02 
357	 2.37234392462184E-02 
358	 2.38659709651761E-02 
359	 2.42876143886634E-02 
360	 2.46203845164476E-02 
361	 2.45039538862196E-02 
362	 2.46360165376488E-02 
363	 2.48303467024077E-02 
364	 2.48972007039243E-02 
365	 2.48212520571319E-02 
366	 2.48206581486734E-02 
367	 2.49595982136224E-02 
368	 2.52106794255286E-02 
369	 2.54877897087264E-02 
370	 2.55641557570724E-02 
371	 0.025432178452011 
372	 2.55921363699839E-02 
373	 2.58375554397784E-02 
374	 0.026033038715314 
375	 2.60790663755403E-02 
376	 2.60671517807775E-02 
377	 2.63080934552408E-02 
378	 2.67989822016503E-02 
379	 2.67550306155146E-02 
380	 0.026885081240065 
381	 2.72077245684182E-02 
382	 2.74308355860221E-02 
383	 2.76615604797877E-02 
384	 2.79044199763749E-02 
385	 2.81044727924774E-02 
386	 2.80606878652381E-02 
387	 2.83275196819816E-02 
388	 2.87626519379596E-02 
389	 2.89628343801201E-02 
390	 2.92343334384674E-02 
391	 2.95665854772037E-02 
392	 2.98812292577441E-02 
393	 3.00127208362416E-02 
394	 3.02840554486587E-02 
395	 3.06271725245821E-02 
396	 3.08416839120799E-02 
397	 3.09896008740434E-02 
398	 3.11868780937065E-02 
399	 3.14890743961319E-02 
400	 3.18848783456586E-02 
401	 3.21562669151607E-02 
402	 0.03237938625709 
403	 3.27103383534679E-02 
404	 3.29796342305668E-02 
405	 3.32496558462656E-02 
406	 3.35547037508552E-02 
407	 3.38434545075395E-02 
408	 3.41329285455431E-02 
409	 0.03443804308528 
410	 3.47776011276455E-02 
411	 3.52043881934509E-02 
412	 3.55429494143419E-02 
413	 3.57824531030796E-02 
414	 3.62225552109861E-02 
415	 3.66448891488105E-02 
416	 3.69638479841534E-02 
417	 0.037163210269964 
418	 3.73783883668017E-02 
419	 3.76496980119724E-02 
420	 3.79607403584685E-02 
421	 3.82208878935336E-02 
422	 3.85038700207362E-02 
423	 3.88277051939639E-02 
424	 3.91814143453341E-02 
425	 3.95203525493813E-02 
426	 3.97937554294723E-02 
427	 4.00051451331363E-02 
428	 4.02353779380302E-02 
429	 4.05110572895276E-02 
430	 4.07879340266818E-02 
431	 4.10098918208055E-02 
432	 4.12177605064512E-02 
433	 4.14604891048518E-02 
434	 4.17096405601924E-02 
435	 4.18277720022896E-02 
436	 0.042052979550938 
437	 4.23453830539837E-02 
438	 4.25951636919006E-02 
439	 4.28251892768731E-02 
440	 4.30557055570776E-02 
441	 4.32750072727247E-02 
442	 4.34256030958392E-02 
443	 4.36327558545266E-02 
444	 4.38516663013971E-02 
445	 4.40267211484274E-02 
446	 0.044318123696704 
447	 4.46238235615434E-02 
448	 4.48869351955568E-02 
449	 4.51269287179246E-02 
450	 4.53443492316316E-02 
451	 4.55539120408406E-02 
452	 4.57693011229215E-02 
453	 4.59806957968886E-02 
454	 4.62285196739014E-02 
455	 4.64777116904021E-02 
456	 4.66048614308841E-02 
457	 4.68146991733151E-02 
458	 4.70782252477878E-02 
459	 0.047312887159328 
460	 4.74941647043063E-02 
461	 4.77048706514433E-02 
462	 4.79458841124612E-02 
463	 4.81254637798366E-02 
464	 4.83382865631498E-02 
465	 4.85828187261394E-02 
466	 4.88225477223479E-02 
467	 4.89874072609431E-02 
468	 4.91551960506841E-02 
469	 4.93690866793361E-02 
470	 4.96333827571797E-02 
471	 4.98525571493832E-02 
472	 5.00525257358787E-02 
473	 5.02661281279379E-02 
474	 5.04498296512593E-02 
475	 5.06516270135139E-02 
476	 5.08677043512208E-02 
477	 5.10545127857155E-02 
478	 5.12399257080125E-02 
479	 5.14620711213968E-02 
480	 5.17243915812507E-02 
481	 5.19159268694404E-02 
482	 5.21214267883095E-02 
483	 5.23542434459711E-02 
484	 5.25806661131267E-02 
485	 5.28645735807104E-02 
486	 5.31350946048484E-02 
487	 5.33456176076741E-02 
488	 5.35742079368328E-02 
489	 5.38274191650732E-02 
490	 5.41004205010006E-02 
491	 5.43789314945388E-02 
492	 5.46501285057511E-02 
493	 5.49246129502525E-02 
494	 5.51931140466568E-02 
495	 5.53745195535195E-02 
496	 5.56351985112945E-02 
497	 5.59700844087648E-02 
498	 5.62995806178919E-02 
499	 5.66737543312169E-02 
500	 5.70578810057778E-02 
501	 0.057422490084301 
502	 5.77576296689829E-02 
503	 5.81022811727711E-02 
504	 0.058471252914728 
505	 5.88705172314343E-02 
506	 5.93081499114461E-02 
507	 5.97688044779418E-02 
508	 6.02184194448955E-02 
509	 6.05908158843941E-02 
510	 6.10488589720638E-02 
511	 6.16067764157111E-02 
512	 6.22161479983092E-02 
513	 6.27946800226982E-02 
514	 6.33956761255019E-02 
515	 6.40323435981718E-02 
516	 6.46542527653654E-02 
517	 6.53046490116247E-02 
518	 6.60133786181369E-02 
519	 6.67596378781296E-02 
520	 6.73907749601725E-02 
521	 6.80286730050016E-02 
522	 6.87319526282437E-02 
523	 6.94875421878858E-02 
524	 7.01742142594681E-02 
525	 7.08368577521435E-02 
526	 7.15297403510449E-02 
527	 7.22017256517299E-02 
528	 7.28416378059846E-02 
529	 7.34429182169116E-02 
530	 7.40171697907739E-02 
531	 7.45712412425582E-02 
532	 0.075111374904734 
533	 7.56300762963644E-02 
534	 7.60988082706551E-02 
535	 7.65619914304527E-02 
536	 7.70115197907927E-02 
537	 7.74127848570359E-02 
538	 7.78051469093072E-02 
539	 7.82161941852647E-02 
540	 7.86385675025122E-02 
541	 7.89957411650682E-02 
542	 7.93248906818964E-02 
543	 7.96567158758216E-02 
544	 8.00136925170997E-02 
545	 8.03534479225406E-02 
546	 8.06730465260047E-02 
547	 0.080973807142287 
548	 8.12513191206077E-02 
549	 8.15272380161773E-02 
550	 8.18147646444153E-02 
551	 8.21136024550689E-02 
552	 8.23744434460577E-02 
553	 8.25828642059436E-02 
554	 8.27390625044326E-02 
555	 8.28583342065901E-02 
556	 0.082967890357884 
557	 8.30802728891839E-02 
558	 8.31877554713186E-02 
559	 8.32220850164255E-02 
560	 8.32493803564326E-02 
561	 8.33056028286551E-02 
562	 8.33927446238079E-02 
563	 8.33890785577421E-02 
564	 8.33534797254373E-02 
565	 8.33426383828156E-02 
566	 8.32706620717328E-02 
567	 8.32237079431657E-02 
568	 8.31965420033987E-02 
569	 8.31238795188484E-02 
570	 8.30164396916816E-02 
571	 8.29149009809065E-02 
572	 8.28380584106769E-02 
573	 8.27494143494007E-02 
574	 8.26626621856899E-02 
575	 8.26002961519504E-02 
576	 8.25855090554196E-02 
577	 8.25903812583777E-02 
578	 8.25834006368849E-02 
579	 8.25618375749603E-02 
580	 8.25643584600759E-02 
581	 8.25596117218793E-02 
582	 8.25505391920725E-02 
583	 8.25555195684668E-02 
584	 0.082620929527413 
585	 8.26717602517821E-02 
586	 8.27098709154449E-02 
587	 8.28308605803252E-02 
588	 8.29851145815149E-02 
589	 8.31269722981876E-02 
590	 8.32080804127207E-02 
591	 0.083194902454212 
592	 8.32621251194789E-02 
593	 8.34087517186515E-02 
594	 8.35184115947709E-02 
595	 8.36733136785421E-02 
596	 8.38194614273442E-02 
597	 8.39191170148445E-02 
598	 8.39973677463609E-02 
599	 8.41611610578108E-02 
600	 8.43598274037771E-02 
601	 8.44823243806035E-02 
602	 8.45588597403296E-02 
603	 8.46450213073515E-02 
604	 8.47585059647502E-02 
605	 8.48557308703724E-02 
606	 0.084927155026175 
607	 8.50229349286601E-02 
608	 8.51826163527407E-02 
609	 8.53192405084648E-02 
610	 8.53867200912669E-02 
611	 0.08541721445724 
612	 8.55101806898113E-02 
613	 8.55592254973474E-02 
614	 8.56072244412719E-02 
615	 8.56959162416936E-02 
616	 8.57733343514288E-02 
617	 8.58534155691151E-02 
618	 8.59476183582988E-02 
619	 0.086066380530257 
620	 8.61848718461295E-02 
621	 8.63324713843481E-02 
622	 8.65148527138624E-02 
623	 8.66807311945885E-02 
624	 8.68695821151982E-02 
625	 8.70797860091789E-02 
626	 8.72906725848711E-02 
627	 8.74723280694723E-02 
628	 8.76740566800161E-02 
629	 8.79162093812682E-02 
630	 8.81801732930221E-02 
631	 8.83901751718833E-02 
632	 0.088555632582177 
633	 8.87127727440297E-02 
634	 8.89060015909798E-02 
635	 8.90977529591176E-02 
636	 8.92668502059271E-02 
637	 8.94091665333194E-02 
638	 8.95622212393558E-02 
639	 8.96954427374494E-02 
640	 8.98016850392839E-02 
641	 8.99497551410885E-02 
642	 9.00475326944396E-02 
643	 0.090106692197156 
644	 9.01770799810902E-02 
645	 9.02649330901563E-02 
646	 0.09033604291534 
647	 9.04022290209651E-02 
648	 9.05332130805509E-02 
649	 9.07387425469895E-02 
650	 0.090921215554487 
651	 9.10092044156707E-02 
652	 9.10848453636576E-02 
653	 9.11853181930524E-02 
654	 9.13293149052704E-02 
655	 9.15218444394136E-02 
656	 9.17407123065518E-02 
657	 9.18711106245629E-02 
658	 9.19059251315374E-02 
659	 9.20244654625354E-02 
660	 9.20631790112775E-02 
661	 0.092093106677032 
662	 9.22167118853324E-02 
663	 9.22659211736223E-02 
664	 9.23682728153732E-02 
665	 9.25322731931443E-02 
666	 9.26356585859915E-02 
667	 9.27657557384298E-02 
668	 9.28909742251679E-02 
669	 9.30100498773429E-02 
670	 9.32743715782911E-02 
671	 0.093563051267134 
672	 9.37877532724676E-02 
673	 0.093915188710149 
674	 9.41845045276142E-02 
675	 9.44597120274902E-02 
676	 9.46999214475432E-02 
677	 9.50665887806368E-02 
678	 9.53845138012722E-02 
679	 9.56970000356023E-02 
680	 9.60780605175494E-02 
681	 9.64649454571616E-02 
682	 9.68658339827866E-02 
683	 0.097309405624312 
684	 9.78308632809127E-02 
685	 9.84111825785285E-02 
686	 9.91973815153687E-02 
687	 0.100208948373225 
688	 0.100942017252011 
689	 0.101667347883186 
690	 0.1024895384128 
691	 0.103418888913806 
692	 0.104463448429921 
693	 0.105655905081913 
694	 0.106985179275041 
695	 0.108369005591234 
696	 0.109783861978456 
697	 0.111234102857014 
698	 0.112777177205624 
699	 0.114440000349871 
700	 0.116190950677363 
701	 0.117999392097474 
702	 0.119819590314871 
703	 0.121504191523091 
704	 0.123208534690612 
705	 0.125009143154078 
706	 0.1268199341506 
707	 0.128717989376271 
708	 0.130606454134998 
709	 0.132424657298955 
710	 0.134297593084003 
711	 0.136165196054992 
712	 0.13809117387888 
713	 0.140151730431232 
714	 0.142118893041043 
715	 0.144013919902351 
716	 0.145971796578246 
717	 0.148119601145483 
718	 0.150392527630363 
719	 0.152706925457747 
720	 0.154922483398436 
721	 0.157009797951737 
722	 0.15896362278251 
723	 0.160991081418667 
724	 0.163099315804242 
725	 0.165190788443274 
726	 0.167250369173573 
727	 0.169310762368573 
728	 0.171302785176559 
729	 0.17320340236942 
730	 0.175037869636023 
731	 0.176836716975846 
732	 0.178634677474605 
733	 0.180313942805216 
734	 0.181879512166909 
735	 0.183385999739617 
736	 0.184917254560026 
737	 0.186353915126121 
738	 0.18768328352591 
739	 0.189049777854176 
740	 0.190367701531121 
741	 0.191578911251943 
742	 0.192670235701187 
743	 0.193750017621515 
744	 0.194724890743031 
745	 0.195618817687531 
746	 0.196504717019133 
747	 0.197384371818744 
748	 0.198190988808753 
749	 0.19889345141539 
750	 0.199519475967223 
751	 0.200253591504942 
752	 0.200986506799581 
753	 0.201605349998135 
754	 0.202201310199436 
755	 0.202812104372918 
756	 0.203434123291367 
757	 0.20405660092669 
758	 0.204671675008553 
759	 0.205485800505926 
760	 0.206774667816959 
761	 0.208258885598905 
762	 0.20876693129716 
763	 0.208802432046444 
764	 0.20888768025333 
765	 0.208831807457392 
766	 0.208823086125048 
767	 0.208877213703931 
768	 0.208988764943902 
769	 0.209238753506534 
770	 0.209529970485288 
771	 0.209826091851336 
772	 0.210150010008722 
773	 0.210479706170023 
774	 0.210842189406324 
775	 0.211247711649229 
776	 0.211671413134306 
777	 0.211981168408995 
778	 0.212244249953929 
779	 0.212572626518501 
780	 0.213001977099427 
781	 0.213367419015704 
782	 0.213664152013827 
783	 0.213991102910123 
784	 0.214368375454991 
785	 0.214718990503923 
786	 0.215011674147248 
787	 0.215294536601974 
788	 0.215682384695539 
789	 0.216075137483797 
790	 0.216391325098397 
791	 0.216749165991425 
792	 0.217110004483866 
793	 0.217450475655208 
794	 0.217768809375606 
795	 0.218144860624074 
796	 0.218514121610298 
797	 0.218837003420025 
798	 0.219112528325496 
799	 0.219409302620734 
800	 0.219744144916434 
801	 0.220092724246521 
802	 0.22037994744738 
803	 0.220798182548598 
804	 0.22124643939837 
805	 0.221595453319002 
806	 0.221912739109066 
807	 0.222190723074113 
808	 0.222455738626903 
809	 0.222743844044717 
810	 0.223085813089689 
811	 0.223381986780157 
812	 0.22361777325297 
813	 0.223885675447834 
814	 0.224185787971714 
815	 0.224496957720779 
816	 0.224839781756469 
817	 0.225340617897895 
818	 0.225671032209663 
819	 0.225941453984301 
820	 0.226313248903478 
821	 0.226633392098029 
822	 0.226960481836144 
823	 0.227338861821594 
824	 0.227768650369567 
825	 0.228073285653446 
826	 0.228336010995501 
827	 0.228608237486935 
828	 0.228891739240919 
829	 0.2293226200287 
830	 0.229743019977208 
831	 0.23005151905538 
832	 0.230328653590372 
833	 0.23069818999189 
834	 0.23098498266707 
835	 0.231108797835088 
836	 0.231464614265456 
837	 0.231970182427185 
838	 0.232383483915767 
839	 0.232516157211228 
840	 0.232868156983382 
841	 0.233249190880928 
842	 0.233590856864316 
843	 0.233938146081067 
844	 0.234203591776012 
845	 0.234460524146573 
846	 0.2347824726404 
847	 0.235207654243836 
848	 0.235428748581192 
849	 0.235644955338221 
850	 0.236013792969179 
851	 0.236296878401359 
852	 0.236598060959727 
853	 0.236870105646466 
854	 0.237106718045039 
855	 0.237623600646178 
856	 0.238044090420576 
857	 0.238275380928086 
858	 0.238431194113103 
859	 0.238736094793802 
860	 0.239154662925456 
861	 0.239533118504618 
862	 0.239676149569628 
863	 0.239914787889332 
864	 0.240126268222542 
865	 0.240264168688953 
866	 0.240511853946168 
867	 0.240881278611526 
868	 0.241276508673896 
869	 0.24164278973523 
870	 0.242103861770622 
871	 0.242325863249815 
872	 0.242467176969733 
873	 0.242768104227277 
874	 0.243104787165023 
875	 0.243324563062177 
876	 0.243535738814489 
877	 0.243922050984186 
878	 0.244344199413001 
879	 0.244520496396539 
880	 0.244562469491309 
881	 0.244867351772174 
882	 0.245201661333616 
883	 0.24559389209482 
884	 0.245973921922086 
885	 0.246156330492897 
886	 0.246361936227174 
887	 0.246564644689036 
888	 0.246778726511791 
889	 0.247139445449659 
890	 0.24728686017887 
891	 0.247316465618028 
892	 0.247436648523596 
893	 0.247867071025512 
894	 0.247937680230254 
895	 0.247833849825456 
896	 0.24799418855417 
897	 0.248304944602971 
898	 0.248529955025208 
899	 0.248790091707381 
900	 0.249295054613923 
901	 0.249656808231992 
902	 0.249914978647076 
903	 0.25005701040591 
904	 0.25007204967627 
905	 0.250427606225178 
906	 0.250795127643869 
907	 0.251028245393793 
908	 0.251219522790666 
909	 0.25119259586496 
910	 0.251146466784304 
911	 0.251269176627124 
912	 0.251604428972262 
913	 0.251674701168194 
914	 0.251886386839004 
915	 0.252381697580309 
916	 0.252508102811043 
917	 0.252811481559819 
918	 0.253230007137417 
919	 0.253567671466285 
920	 0.253688577941496 
921	 0.253904294838013 
922	 0.25416734773922 
923	 0.25432339738991 
924	 0.254250605701838 
925	 0.254322305730584 
926	 0.25430144718749 
927	 0.253797771269141 
928	 0.253198662706365 
929	 0.253135815175126 
930	 0.253077215360147 
931	 0.251865202110173 
932	 0.250940025930844 
933	 0.250603712649925 
934	 0.250886478073415 
935	 0.251482078837544 
936	 0.251687493168314 
937	 0.25203265049039 
938	 0.252583479271494 
939	 0.253006222731671 
940	 0.253755913988369 
941	 0.254123203005939 
942	 0.253870995826172 
943	 0.253383671586303 
944	 0.253302995404013 
945	 0.25326077743633 
946	 0.253171501968156 
947	 0.253459396181902 
948	 0.253573713219874 
949	 0.253547651072501 
950	 0.253626485417583 
951	 0.254170916110427 
952	 0.25490386909467 
953	 0.254880305403107 
954	 0.25416549062286 
955	 0.254486666215832 
956	 0.254901304963045 
957	 0.2551690431703 
958	 0.255330360888811 
959	 0.255625965618391 
960	 0.256152673186846 
961	 0.256632708261257 
962	 0.25678951074708 
963	 0.256483745949965 
964	 0.25712719244728 
965	 0.258009888930625 
966	 0.258328692368669 
967	 0.258375704287614 
968	 0.258592393325581 
969	 0.259072181750589 
970	 0.25958867538226 
971	 0.259437669039141 
972	 0.259016072898795 
973	 0.259207556474075 
974	 0.260218971731928 
975	 0.259786249698562 
976	 0.259608056773867 
977	 0.259767778323482 
978	 0.260009957865519 
979	 0.261007593241835 
980	 0.261615852634183 
981	 0.261347598895121 
982	 0.260650469506484 
983	 0.262040368723665 
984	 0.262807281218915 
985	 0.262415613783418 
986	 0.261640818095554 
987	 0.262371168250443 
988	 0.263117095098218 
989	 0.263422091784049 
990	 0.263466121832334 
991	 0.263994342132731 
992	 0.264252269291498 
993	 0.264364997665311 
994	 0.264707757766656 
995	 0.265107877226549 
996	 0.264982379327004 
997	 0.264669868675172 
998	 0.264698932374622 
999	 0.26462625110899 
1000	 0.264946077190781 
1001	 0.270949866535483 
1002	 0.271245497864902 
1003	 0.271451061268695 
1004	 0.271746879623798 
1005	 0.272219021328859 
1006	 0.272461848286821 
1007	 0.272584793271539 
1008	 0.272765459199697 
1009	 0.272959998515739 
1010	 0.273198615938285 
1011	 0.273397906277191 
1012	 0.273657585502267 
1013	 0.273930903642652 
1014	 0.274061453062581 
1015	 0.274234135763984 
1016	 0.27438579972201 
1017	 0.274645157873132 
1018	 0.274878908581501 
1019	 0.275279704325168 
1020	 0.27561403602222 
1021	 0.275951938757816 
1022	 0.276236641644283 
1023	 0.276406913164622 
1024	 0.276682165242388 
1025	 0.277093319289895 
1026	 0.277411703802059 
1027	 0.277658568103375 
1028	 0.277798502443943 
1029	 0.277865680787294 
1030	 0.278069081904046 
1031	 0.278205684536705 
1032	 0.27829304348296 
1033	 0.278497587461045 
1034	 0.278659384606463 
1035	 0.278708674292143 
1036	 0.279010081915408 
1037	 0.279338379744379 
1038	 0.279705465226922 
1039	 0.280038746756904 
1040	 0.280116783465623 
1041	 0.280253545944008 
1042	 0.280468361644879 
1043	 0.280647626315222 
1044	 0.28089834476954 
1045	 0.281295984586579 
1046	 0.28157880479821 
1047	 0.281635753815658 
1048	 0.281704751834262 
1049	 0.281665702016751 
1050	 0.281580547615438 
1051	 0.281734682489083 
1052	 0.281996291987111 
1053	 0.282367035052231 
1054	 0.282872750303685 
1055	 0.283108802828499 
1056	 0.283269389787108 
1057	 0.283434133072648 
1058	 0.283337477876852 
1059	 0.283456921177695 
1060	 0.283727746828175 
1061	 0.283967823928831 
1062	 0.28418571888314 
1063	 0.284528868429549 
1064	 0.28481000708204 
1065	 0.285007909508185 
1066	 0.285088575127763 
1067	 0.285136307856116 
1068	 0.285194422249023 
1069	 0.285400365889783 
1070	 0.285559725275238 
1071	 0.285906158984549 
1072	 0.286051126303622 
1073	 0.285952724874012 
1074	 0.286019935919413 
1075	 0.286141714570784 
1076	 0.286202591869256 
1077	 0.286483735170662 
1078	 0.286765371763801 
1079	 0.286982584544611 
1080	 0.287212788484911 
1081	 0.28726452316456 
1082	 0.2874491219239 
1083	 0.287582648107542 
1084	 0.287689795584203 
1085	 0.287807685303262 
1086	 0.287893105162775 
1087	 0.288014187027183 
1088	 0.288175206822178 
1089	 0.288302232926931 
1090	 0.288404644129184 
1091	 0.288525364387432 
1092	 0.288769682275565 
1093	 0.288887243445344 
1094	 0.288986543970894 
1095	 0.289257578729625 
1096	 0.289350011356912 
1097	 0.289272611592793 
1098	 0.289352152182963 
1099	 0.289463295120815 
1100	 0.289554446844859 
1101	 0.28977517675537 
1102	 0.289823332403912 
1103	 0.289730381917059 
1104	 0.289719407245752 
1105	 0.289586995433471 
1106	 0.289592610093892 
1107	 0.289741789956352 
1108	 0.289918112258008 
1109	 0.290094430349782 
1110	 0.290195321496093 
1111	 0.290142781227937 
1112	 0.289820319103663 
1113	 0.28973137121914 
1114	 0.289519094889694 
1115	 0.289511880452516 
1116	 0.289899084647105 
1117	 0.28998036895867 
1118	 0.289981777108917 
1119	 0.289999389806559 
1120	 0.289892882592394 
1121	 0.289720434562438 
1122	 0.289471709175798 
1123	 0.289246414379101 
1124	 0.288977580249688 
1125	 0.288517728803815 
1126	 0.288363712534871 
1127	 0.288440685765204 
1128	 0.288387389896384 
1129	 0.288357977594105 
1130	 0.288434659836996 
1131	 0.288580019335125 
1132	 0.288653564502957 
1133	 0.288968109044106 
1134	 0.288940865574087 
1135	 0.288555039933323 
1136	 0.288410116658057 
1137	 0.288302114652653 
1138	 0.288127642244982 
1139	 0.28813420302845 
1140	 0.287882926496167 
1141	 0.287775903246985 
1142	 0.287633195668123 
1143	 0.287401917165192 
1144	 0.287229154950999 
1145	 0.286964849385081 
1146	 0.286365375719102 
1147	 0.28622032249024 
1148	 0.286371650266841 
1149	 0.286297855522679 
1150	 0.286421372954683 
1151	 0.286317918301959 
1152	 0.285899612548311 
1153	 0.285699784439773 
1154	 0.285505130871794 
1155	 0.285329023107137 
1156	 0.285616849199566 
1157	 0.28569993501677 
1158	 0.285838272846805 
1159	 0.286195874665253 
1160	 0.286210183821937 
1161	 0.285966340181532 
1162	 0.285962138732677 
1163	 0.285912889222252 
1164	 0.285964913699075 
1165	 0.286122345974666 
1166	 0.286257469946677 
1167	 0.286427899355372 
1168	 0.286540840932233 
1169	 0.286706486843635 
1170	 0.286817027065322 
1171	 0.286898100781286 
1172	 0.286883355294832 
1173	 0.286929941616614 
1174	 0.286879628403509 
1175	 0.286936663193944 
1176	 0.287033306982123 
1177	 0.287127143350736 
1178	 0.287292109318559 
1179	 0.287379373674856 
1180	 0.287403285450555 
1181	 0.28746691867442 
1182	 0.287499776657196 
1183	 0.287589515667881 
1184	 0.287758068940455 
1185	 0.287855648324969 
1186	 0.28787427953488 
1187	 0.287994222100198 
1188	 0.288180596111491 
1189	 0.288360296490855 
1190	 0.288427645304316 
1191	 0.288564058392552 
1192	 0.288592620157944 
1193	 0.288460557215811 
1194	 0.288606489972731 
1195	 0.28900528346641 
1196	 0.289161614941709 
1197	 0.289340960201377 
1198	 0.289483902997983 
1199	 0.289400239659621 
1200	 0.289515106122178 
1201	 0.289818578627555 
1202	 0.29001862476987 
1203	 0.290216658094815 
1204	 0.290403891082014 
1205	 0.29060907287444 
1206	 0.290692667579245 
1207	 0.290677840867164 
1208	 0.290900120338892 
1209	 0.291133771664811 
1210	 0.291320848398302 
1211	 0.291629110436097 
1212	 0.291833879336805 
1213	 0.29203544689814 
1214	 0.292266785784003 
1215	 0.292387630697194 
1216	 0.292391063040184 
1217	 0.292608042087983 
1218	 0.292810387153358 
1219	 0.293068526157044 
1220	 0.29364807974533 
1221	 0.293925176307292 
1222	 0.293899256396301 
1223	 0.294105465197434 
1224	 0.294299017230922 
1225	 0.294572720767577 
1226	 0.295028150663187 
1227	 0.29543443994931 
1228	 0.295616243580135 
1229	 0.295801606957359 
1230	 0.296002267224596 
1231	 0.296169415670283 
1232	 0.296490276026039 
1233	 0.296932650902844 
1234	 0.297136433734697 
1235	 0.297275463371998 
1236	 0.297531916538637 
1237	 0.297794246088265 
1238	 0.297978239180445 
1239	 0.29827014543241 
1240	 0.298499437403936 
1241	 0.298488085736817 
1242	 0.298675331017454 
1243	 0.298963257568011 
1244	 0.299336682481806 
1245	 0.299604156618484 
1246	 0.299904574844039 
1247	 0.300171651050075 
1248	 0.300367223259313 
1249	 0.300584721086001 
1250	 0.300933329232602 
1251	 0.301162081916519 
1252	 0.301240907087917 
1253	 0.301528284717942 
1254	 0.301740579602354 
1255	 0.301989110560461 
1256	 0.302379764350002 
1257	 0.302642421863062 
1258	 0.302868917598706 
1259	 0.303064418106752 
1260	 0.303071899178871 
1261	 0.303263988251733 
1262	 0.303528100547248 
1263	 0.303766756491402 
1264	 0.304132450093812 
1265	 0.304546873270312 
1266	 0.304687622257977 
1267	 0.304799059280301 
1268	 0.304886847206008 
1269	 0.304896300240101 
1270	 0.30511756663486 
1271	 0.305429837579105 
1272	 0.305559001202009 
1273	 0.305665634644025 
1274	 0.305835020019827 
1275	 0.305942995689685 
1276	 0.305975370983639 
1277	 0.306157477504757 
1278	 0.306424391104798 
1279	 0.306488977896981 
1280	 0.306531368825419 
1281	 0.306611581894187 
1282	 0.306635805243352 
1283	 0.306511523706284 
1284	 0.306460567582283 
1285	 0.306572364660716 
1286	 0.306649804999042 
1287	 0.30674006917967 
1288	 0.307005061922754 
1289	 0.307124471728155 
1290	 0.30713446719356 
1291	 0.307263918811402 
1292	 0.307216105279481 
1293	 0.307201193723953 
1294	 0.307359027946606 
1295	 0.307303123678191 
1296	 0.30732411143506 
1297	 0.30755218998973 
1298	 0.307603996911693 
1299	 0.307611001910747 
1300	 0.307666562562297 
1301	 0.307459407533983 
1302	 0.30727909971729 
1303	 0.307292226782179 
1304	 0.30758607158073 
1305	 0.307578468916889 
1306	 0.307540299517096 
1307	 0.307569523803744 
1308	 0.307290715538276 
1309	 0.307160218965844 
1310	 0.307363092491006 
1311	 0.307306130254536 
1312	 0.307149415596707 
1313	 0.307098225837222 
1314	 0.306948593541963 
1315	 0.306816142348216 
1316	 0.306815079247329 
1317	 0.30675771752484 
1318	 0.306376376362012 
1319	 0.305975528745775 
1320	 0.305884963250334 
1321	 0.30576457476629 
1322	 0.305562284320652 
1323	 0.305428059686911 
1324	 0.305202964585263 
1325	 0.304807891868454 
1326	 0.304493162507419 
1327	 0.304478423497523 
1328	 0.304326366230783 
1329	 0.303945330189211 
1330	 0.303607834582939 
1331	 0.303323889821481 
1332	 0.302698508677888 
1333	 0.302022167299529 
1334	 0.301913985276693 
1335	 0.301901357492112 
1336	 0.30130711099702 
1337	 0.300610750107665 
1338	 0.300178514433454 
1339	 0.299701274618477 
1340	 0.299563198222211 
1341	 0.29981750108117 
1342	 0.299581238639965 
1343	 0.298934605516572 
1344	 0.298464098121392 
1345	 0.298175744492848 
1346	 0.298122850879158 
1347	 0.29755932253701 
1348	 0.297111339233649 
1349	 0.297437702841619 
1350	 0.296638415979581 
1351	 0.295832476683959 
1352	 0.296067680423565 
1353	 0.294848576629642 
1354	 0.293496736908556 
1355	 0.29310273628791 
1356	 0.29066735544878 
1357	 0.289051517274487 
1358	 0.290989449047136 
1359	 0.290348286868644 
1360	 0.288680134875564 
1361	 0.285388866461846 
1362	 0.27997087642573 
1363	 0.261181687178965 
1364	 0.259675025411051 
1365	 0.288575876734714 
1366	 0.296637987206581 
1367	 0.295881680815867 
1368	 0.307666700190076 
1369	 0.267568861082047 
1370	 0.234941047861378 
1371	 0.289056523096693 
1372	 0.304038802663552 
1373	 0.284038150643331 
1374	 0.332689896407954 
1375	 0.333785253930422 
1376	 0.288484637760907 
1377	 0.299517414149858 
1378	 0.310880523548221 
1379	 0.333414269809438 
1380	 0.347396769535468 
1381	 0.338400630343632 
1382	 0.281608278693858 
1383	 0.232043054173521 
1384	 0.26204204700824 
1385	 0.292989722224819 
1386	 0.270771245092061 
1387	 0.222889622193765 
1388	 0.2205054371885 
1389	 0.228367511780323 
1390	 0.247646136638491 
1391	 0.267151966208583 
1392	 0.298569240605197 
1393	 0.27356030027944 
1394	 0.225997819244051 
1395	 0.237617280554212 
1396	 0.25630931389442 
1397	 0.248912627222017 
1398	 0.246014076354675 
1399	 0.245465728404202 
1400	 0.235457726056458 
1401	 0.22200810889292 
1402	 0.227554483558316 
1403	 0.23493774042243 
1404	 0.227884725267211 
1405	 0.226424763173769 
1406	 0.226935179591726 
1407	 0.222655691309901 
1408	 0.222784426018558 
1409	 0.222357796557959 
1410	 0.218661419489421 
1411	 0.219394834801687 
1412	 0.217957896537116 
1413	 0.213302447815059 
1414	 0.213950319019734 
1415	 0.214233482260575 
1416	 0.212647755365609 
1417	 0.213458560230789 
1418	 0.213104346434749 
1419	 0.210555500302924 
1420	 0.207585038597073 
1421	 0.206247916808181 
1422	 0.206113843175338 
1423	 0.205810789757027 
1424	 0.206630869832482 
1425	 0.20713112759494 
1426	 0.206944962996716 
1427	 0.206247196875687 
1428	 0.205813217759681 
1429	 0.205660938912267 
1430	 0.205684496578295 
1431	 0.205777219176457 
1432	 0.205376003213532 
1433	 0.204557599820251 
1434	 0.204091754047329 
1435	 0.203316933748403 
1436	 0.2030676529104 
1437	 0.203682845951297 
1438	 0.203439373434468 
1439	 0.203609053196922 
1440	 0.204386052443022 
1441	 0.204129006924859 
1442	 0.203599021566459 
1443	 0.203087794209958 
1444	 0.203193066531807 
1445	 0.203604341348849 
1446	 0.203198021537052 
1447	 0.203450848148375 
1448	 0.203737465349675 
1449	 0.202720688985683 
1450	 0.202829473483213 
1451	 0.203905480676647 
1452	 0.203725216467648 
1453	 0.203424577188667 
1454	 0.203793885345504 
1455	 0.203723589358327 
1456	 0.20382534465147 
1457	 0.204434893759261 
1458	 0.204293079140821 
1459	 0.203949150648793 
1460	 0.203867225948263 
1461	 0.203846426124983 
1462	 0.204221047726898 
1463	 0.204503777732833 
1464	 0.204572245561228 
1465	 0.20484207160193 
1466	 0.205378226305795 
1467	 0.205790273290799 
1468	 0.205842065323491 
1469	 0.206169549964209 
1470	 0.206579370281908 
1471	 0.206881444193807 
1472	 0.207097433973256 
1473	 0.2079422063348 
1474	 0.208938989997167 
1475	 0.209535555141191 
1476	 0.21021953185293 
1477	 0.210894239901531 
1478	 0.211029493799995 
1479	 0.211423281770291 
1480	 0.212312895483937 
1481	 0.213131873668795 
1482	 0.213965493231914 
1483	 0.214567205767849 
1484	 0.215098682841781 
1485	 0.215892081432847 
1486	 0.216291705311143 
1487	 0.21668595142494 
1488	 0.217490227081905 
1489	 0.218081711954394 
1490	 0.218829284939292 
1491	 0.219735996978723 
1492	 0.220303340449375 
1493	 0.220800905634152 
1494	 0.221536044248704 
1495	 0.222405313930132 
1496	 0.222956042737627 
1497	 0.223410176680826 
1498	 0.224120431386181 
1499	 0.224667556836658 
1500	 0.225217875586986 
1501	 0.226064796589956 
1502	 0.226795832479326 
1503	 0.227444695710575 
1504	 0.22831058781466 
1505	 0.229062220082485 
1506	 0.229596068911896 
1507	 0.230227056334022 
1508	 0.230961253934666 
1509	 0.231647371492515 
1510	 0.232386686271945 
1511	 0.233247096941953 
1512	 0.233952691874517 
1513	 0.234538794944408 
1514	 0.23519366748569 
1515	 0.235842569667192 
1516	 0.236529320516954 
1517	 0.23731592635939 
1518	 0.238116762252919 
1519	 0.238847574298099 
1520	 0.239437745227401 
1521	 0.239987700786995 
1522	 0.240605530647734 
1523	 0.241231867113016 
1524	 0.242008059157601 
1525	 0.24281293731831 
1526	 0.243541712027314 
1527	 0.244342779882812 
1528	 0.244991241919183 
1529	 0.245614033182325 
1530	 0.246268433469585 
1531	 0.246870974411001 
1532	 0.247428939149419 
1533	 0.248070382217585 
1534	 0.248640462728547 
1535	 0.249256436667269 
1536	 0.249975518960522 
1537	 0.250601780165199 
1538	 0.251178320225532 
1539	 0.251863974917139 
1540	 0.252403070078518 
1541	 0.25291314248846 
1542	 0.253334523589741 
1543	 0.253773702037323 
1544	 0.254578315611384 
1545	 0.255261996800439 
1546	 0.255668042399633 
1547	 0.256291902389661 
1548	 0.256880793481614 
1549	 0.25734263494555 
1550	 0.258087374974636 
1551	 0.258863446679641 
1552	 0.259313363943609 
1553	 0.259619556740188 
1554	 0.260090487919688 
1555	 0.260614223873832 
1556	 0.261151488362816 
1557	 0.261830541463228 
1558	 0.262278078526343 
1559	 0.262626469360277 
1560	 0.263258823384277 
1561	 0.263813818113154 
1562	 0.264349149048464 
1563	 0.265047549113503 
1564	 0.265539819723184 
1565	 0.265928197405696 
1566	 0.266287073242427 
1567	 0.26664967506457 
1568	 0.267236356887717 
1569	 0.267740700962523 
1570	 0.268336148363107 
1571	 0.2690838546697 
1572	 0.269353799861268 
1573	 0.269576197787419 
1574	 0.270208093766523 
1575	 0.27072588242987 
1576	 0.271204508190785 
1577	 0.271806650273831 
1578	 0.272261100012987 
1579	 0.272720343543797 
1580	 0.273296378888772 
1581	 0.273841252144377 
1582	 0.274399153622347 
1583	 0.274973243741667 
1584	 0.275320915870813 
1585	 0.275736205068697 
1586	 0.276307183678179 
1587	 0.276558278704063 
1588	 0.277006982619868 
1589	 0.277682990484561 
1590	 0.277874675485167 
1591	 0.278242084120938 
1592	 0.278947348517263 
1593	 0.279277288308783 
1594	 0.279810151633628 
1595	 0.280571514647501 
1596	 0.280896756603106 
1597	 0.281394381745831 
1598	 0.282097606242761 
1599	 0.282544061146507 
1600	 0.283122841221918 
1601	 0.283823699189996 
1602	 0.284422919016005 
1603	 0.284943326938149 
1604	 0.285440343985431 
1605	 0.285950974191161 
1606	 0.286394110857956 
1607	 0.287024894255884 
1608	 0.287552484443188 
1609	 0.28777350326945 
1610	 0.28836313632585 
1611	 0.289016714879872 
1612	 0.289528901267008 
1613	 0.290141390356156 
1614	 0.290548372451761 
1615	 0.290747522817077 
1616	 0.291026690366915 
1617	 0.291718323684139 
1618	 0.292372642642858 
1619	 0.292575828638954 
1620	 0.292945113633796 
1621	 0.293324771966639 
1622	 0.293604925732198 
1623	 0.294270330288353 
1624	 0.294683718019317 
1625	 0.29479301002214 
1626	 0.295284241371799 
1627	 0.295599833914557 
1628	 0.295899821105416 
1629	 0.296673997970271 
1630	 0.297038203388112 
1631	 0.297101669471605 
1632	 0.297506727978082 
1633	 0.297829408710023 
1634	 0.298209263529546 
1635	 0.298915173816163 
1636	 0.299397595010892 
1637	 0.299650372168961 
1638	 0.300008591733165 
1639	 0.300217205999781 
1640	 0.300480483720957 
1641	 0.301087970405508 
1642	 0.301315616697987 
1643	 0.301444983514244 
1644	 0.301929628530813 
1645	 0.302065631190544 
1646	 0.302390218355517 
1647	 0.302971213494015 
1648	 0.303103857994641 
1649	 0.303381623979781 
1650	 0.30375085793483 
1651	 0.303804609923182 
1652	 0.303941524671888 
1653	 0.3041261862591 
1654	 0.304088109124415 
1655	 0.304089131487495 
1656	 0.30432424375109 
1657	 0.304583624945235 
1658	 0.304860965512066 
1659	 0.30522301069295 
1660	 0.305418273451791 
1661	 0.305481616036967 
1662	 0.305472067076798 
1663	 0.305472969552263 
1664	 0.305589812672933 
1665	 0.305505024038794 
1666	 0.30555003634516 
1667	 0.305841951255849 
1668	 0.305931417435757 
1669	 0.306044732861267 
1670	 0.305954486152072 
1671	 0.305665892509533 
1672	 0.305566321243662 
1673	 0.305392134862301 
1674	 0.30547573402331 
1675	 0.305732359816777 
1676	 0.305791785960643 
1677	 0.306000596579884 
1678	 0.305705812025651 
1679	 0.30508006974954 
1680	 0.305010553449687 
1681	 0.30481598248884 
1682	 0.304775469459518 
1683	 0.305164648673654 
1684	 0.304968921731231 
1685	 0.30466097959688 
1686	 0.30454548049908 
1687	 0.304215446402647 
1688	 0.30387011313439 
1689	 0.303633642785062 
1690	 0.303570057481091 
1691	 0.303523445753186 
1692	 0.303302918835162 
1693	 0.302924407934998 
1694	 0.30245816159225 
1695	 0.302187951566318 
1696	 0.302312320276265 
1697	 0.302337617142651 
1698	 0.302183758524934 
1699	 0.302235032542019 
1700	 0.301935080832762 
1701	 0.301616146283065 
1702	 0.301218730469384 
1703	 0.300898175976209 
1704	 0.300728589221666 
1705	 0.30045809133164 
1706	 0.300229685255702 
1707	 0.300093951125314 
1708	 0.299789898654601 
1709	 0.299598145850224 
1710	 0.299750839119437 
1711	 0.299493922436226 
1712	 0.298943064916198 
1713	 0.298624280218882 
1714	 0.298196648203881 
1715	 0.297911965964124 
1716	 0.297942839643796 
1717	 0.297713344685225 
1718	 0.297269975243096 
1719	 0.296955729043643 
1720	 0.296598515602037 
1721	 0.296357274921252 
1722	 0.296324849026789 
1723	 0.296188408449243 
1724	 0.29604838250354 
1725	 0.29581271490221 
1726	 0.295477611418325 
1727	 0.29513773467672 
1728	 0.294569456279233 
1729	 0.294514566635462 
1730	 0.294911882750317 
1731	 0.294875005350651 
1732	 0.294974141443853 
1733	 0.294820921578099 
1734	 0.294048896195926 
1735	 0.293854295135311 
1736	 0.293974282181093 
1737	 0.29396850985987 
1738	 0.29409806098495 
1739	 0.294160307586735 
1740	 0.294221328212118 
1741	 0.29426512013026 
1742	 0.294322361569228 
1743	 0.294407067921515 
1744	 0.294408509814539 
1745	 0.29442001338122 
1746	 0.294535838546444 
1747	 0.294469874173535 
1748	 0.294391952576854 
1749	 0.294094851398168 
1750	 0.293499893281495 
1751	 0.293018493728931 
1752	 0.292893993988677 
1753	 0.293060863702381 
1754	 0.293322055473841 
1755	 0.293645781998145 
1756	 0.29342643872447 
1757	 0.29282506712811 
1758	 0.292473786346097 
1759	 0.29194220165961 
1760	 0.291572229492755 
1761	 0.291618923214426 
1762	 0.291243979026837 
1763	 0.290552773459903 
1764	 0.290332301860793 
1765	 0.290174576646638 
1766	 0.289965380248314 
1767	 0.290524782400615 
1768	 0.290696895246345 
1769	 0.290222365052013 
1770	 0.290185357613237 
1771	 0.289640917141024 
1772	 0.289437163164253 
1773	 0.289898653391837 
1774	 0.289937480880738 
1775	 0.289789259734563 
1776	 0.289669689001433 
1777	 0.289230766404915 
1778	 0.289120978879205 
1779	 0.289490914107446 
1780	 0.289354089433941 
1781	 0.28891003551321 
1782	 0.288652582591795 
1783	 0.287896308958753 
1784	 0.287814315510291 
1785	 0.288534994315382 
1786	 0.288901647026887 
1787	 0.289769124130655 
1788	 0.289824226701539 
1789	 0.288915427620343 
1790	 0.288784901708442 
1791	 0.288315184359861 
1792	 0.288400627924656 
1793	 0.29001554547572 
1794	 0.290092584113236 
1795	 0.289450550451 
1796	 0.288879583851664 
1797	 0.286782344249065 
1798	 0.286183778280659 
1799	 0.286526193785562 
1800	 0.286813367096687 
1801	 0.288225522189402 
1802	 0.289085614169917 
1803	 0.290029571255095 
1804	 0.290538335864392 
1805	 0.291069672388239 
1806	 0.289993525378412 
1807	 0.28671919289861 
1808	 0.284750398867396 
1809	 0.280942057946002 
1810	 0.280875753464463 
1811	 0.284446105951495 
1812	 0.288984814415349 
1813	 0.293727927669649 
1814	 0.296032780483508 
1815	 0.297132603914972 
1816	 0.295611395699796 
1817	 0.287370866873208 
1818	 0.28730671933244 
1819	 0.286926481975249 
1820	 0.294984333002621 
1821	 0.299597251583245 
1822	 0.297002907027859 
1823	 0.296303643409536 
1824	 0.297774228972796 
1825	 0.293067518123444 
1826	 0.282773735946754 
1827	 0.274565205380338 
1828	 0.255615232636245 
1829	 0.237588532814996 
1830	 0.213654975373924 
1831	 0.209676186738396 
1832	 0.251188104914497 
1833	 0.319950790272435 
1834	 0.733583144875612 
1835	 1.18160372975482 
1836	 0.972060208852627 
1837	 0.979811447421393 
1838	 0.147742030670381 
1839	-0.169237833699332 
1840	-0.219031663373267 
1841	-6.19266993231427E-02 
1842	 0.149182552219076 
1843	 0.992691405331446 
1844	 1.23409197372097 
1845	 4.00547390158461 
1846	-15.396141745119 
1847	 6.96851408186137E-02 
1848	 3.86770307667181 
1849	 2.73260583501399 
1850	 0.219223543329086 
1851	 0.214786052438532 
1852	 0.334673821852854 
1853	 7.93327204913137E-02 
1854	 2.4348694144887 
1855	 2.56089263440354 
1856	 0.761460071157129 
1857	-7.31640449561217E-02 
1858	-0.089776762105349 
1859	 0.143216510242274 
1860	 0.1391793065226 
1861	 2.90949213456522 
1862	 2.30539970048112 
1863	 0.558176746083934 
1864	 0.435710188270178 
1865	 4.50796779926245E-02 
1866	-0.159493925916297 
1867	-0.488130585179458 
1868	-0.765953251038464 
1869	-0.590424016313064 
1870	-4.98110556507631E-02 
1871	 0.170476396961166 
1872	 0.588044144459221 
1873	 0.625968796412432 
1874	 0.392098211770894 
1875	 0.390456398986503 
1876	 0.515975991281911 
1877	 0.158975914817719 
1878	 8.66622985678222E-02 
1879	 0.23744357871 
1880	 0.183508776030175 
1881	 7.07407193556042E-02 
1882	 0.112116741861323 
1883	 0.155996602968527 
1884	 0.179095179430881 
1885	 0.31925707922142 
1886	 0.341642383392151 
1887	 0.271480545988178 
1888	 0.31519890146164 
1889	 0.191233082073376 
1890	 0.161717366651763 
1891	 0.178097447425985 
1892	 0.150720133027265 
1893	 0.163231085724978 
1894	 0.348240938094464 
1895	 0.432781292212764 
1896	 0.45804173010005 
1897	 0.51550461566304 
1898	 0.597307467280312 
1899	 0.604981523485269 
1900	 0.495406466205426 
1901	 0.401792206181594 
1902	 0.317121568204778 
1903	 0.21624446217403 
1904	 8.65100943566848E-02 
1905	-5.17087354566862E-03 
1906	 1.25333629025157E-02 
1907	 0.118173903908243 
1908	 0.241067530444488 
1909	 0.417704764288752 
1910	 0.456687786884374 
1911	 0.255646354002637 
1912	 0.163918707267151 
1913	 0.141104287587051 
1914	 0.156206301634668 
1915	 0.15939481421944 
1916	 0.165476305306355 
1917	 0.210168513258623 
1918	 0.269957550016506 
1919	 0.275992680178774 
1920	 0.315737131596615 
1921	 0.309295801716211 
1922	 0.273083560107488 
1923	 0.249504623748205 
1924	 0.22896244546583 
1925	 0.215493093976893 
1926	 0.209689850000782 
1927	 0.169577120395673 
1928	 0.159902791140001 
1929	 0.17571148071227 
1930	 0.163107884378179 
1931	 0.163307686177342 
1932	 0.18099187210992 
1933	 0.186162165330468 
1934	 0.174602381646068 
1935	 0.16973342020728 
1936	 0.168461837195248 
1937	 0.164472545994886 
1938	 0.154784950852368 
1939	 0.162204826771934 
1940	 0.176155474583119 
1941	 0.172781946737384 
1942	 0.164889212029429 
1943	 0.163836049150442 
1944	 0.159520726995304 
1945	 0.158798160147417 
1946	 0.161713782973128 
1947	 0.171606660282186 
1948	 0.174957602669738 
1949	 0.174308193603302 
1950	 0.174583361606918 
1951	 0.171075680823547 
1952	 0.168999812331212 
1953	 0.172190267566694 
1954	 0.173710298289022 
1955	 0.174210852045383 
1956	 0.175497557156241 
1957	 0.173982774487378 
1958	 0.174748085381518 
1959	 0.176215323701951 
1960	 0.180352223813022 
1961	 0.180704648353848 
1962	 0.180105880175055 
1963	 0.179735643586601 
1964	 0.177678564848352 
1965	 0.178908568638587 
1966	 0.182519533587707 
1967	 0.184234735929951 
1968	 0.185745471414849 
1969	 0.186051299961435 
1970	 0.185333883364055 
1971	 0.183456699759009 
1972	 0.18372776438175 
1973	 0.184180279115876 
1974	 0.184224214683305 
1975	 0.185988538312367 
1976	 0.186696572056685 
1977	 0.185868646049768 
1978	 0.186679605812144 
1979	 0.18773529506859 
1980	 0.188369281226509 
1981	 0.189311176263934 
1982	 0.190190471268738 
1983	 0.190994115948098 
1984	 0.191684512281639 
1985	 0.192549931047899 
1986	 0.193482885946004 
1987	 0.193459225852092 
1988	 0.193288344156569 
1989	 0.193850725415068 
1990	 0.194173373032352 
1991	 0.194900069956778 
1992	 0.195482358245965 
1993	 0.196016541398977 
1994	 0.195762071627551 
1995	 0.196404193282354 
1996	 0.197977585959398 
1997	 0.199220069627807 
1998	 0.199447541619168 
1999	 0.198509473926262 
2000	 0.198112216657472 
2001	 0.197942786758563 
2002	 0.198985558477363 
2003	 0.201125646715565 
2004	 0.201503181392986 
2005	 0.201527268648912 
2006	 0.201514209517909 
2007	 0.199399631026911 
2008	 0.200168159041478 
2009	 0.20304409808512 
2010	 0.204570774180462 
2011	 0.206837038904986 
2012	 0.20844406591745 
2013	 0.207703331324495 
2014	 0.208369506828292 
2015	 0.209253443057319 
2016	 0.209121006650514 
2017	 0.208586388769 
2018	 0.207502609928284 
2019	 0.20622976790862 
2020	 0.203304473756015 
2021	 0.203166090379123 
2022	 0.204113273812445 
2023	 0.205069520532314 
2024	 0.205450114038714 
2025	 0.205617598235685 
2026	 0.204696932311614 
2027	 0.203339926162643 
2028	 0.203272429548352 
2029	 0.203214768032911 
2030	 0.202164428510196 
2031	 0.201443695064527 
2032	 0.201106451908283 
2033	 0.201050234902892 
2034	 0.200597519951282 
2035	 0.200408048451145 
2036	 0.199991200863194 
2037	 0.199129672462097 
2038	 0.197800504345622 
2039	 0.197840237819838 
2040	 0.198464328727085 
2041	 0.197786121309413 
2042	 0.197341053899034 
2043	 0.197456897155605 
2044	 0.197022751709888 
2045	 0.196576472983357 
2046	 0.196640982358131 
2047	 0.196454390299409 
2048	 0.195680842009716 
2049	 0.195225774065646 
2050	 0.195063007031436 
2051	 0.194992370723845 
2052	 0.19443460713525 
2053	 0.194119570303267 
2054	 0.194522642878127 
2055	 0.194760511394308 
2056	 0.193782875150033 
2057	 0.192421146124453 
2058	 0.191598466975349 
2059	 0.19160938280061 
2060	 0.19168033623042 
2061	 0.193679904075946 
2062	 0.193781806781796 
2063	 0.192400877595285 
2064	 0.191988519902404 
2065	 0.191789798431926 
2066	 0.191221765801583 
2067	 0.190826981810573 
2068	 0.190347941672012 
2069	 0.189641664167352 
2070	 0.189503979312397 
2071	 0.189883999220932 
2072	 0.190275426392904 
2073	 0.189872674990879 
2074	 0.189443071484113 
2075	 0.189372185621993 
2076	 0.189335485492349 
2077	 0.18926698982291 
2078	 0.18943372404307 
2079	 0.189448738445428 
2080	 0.18931526700819 
2081	 0.189366478007438 
2082	 0.189073470916784 
2083	 0.189007700363361 
2084	 0.189280272402172 
2085	 0.189418615999049 
2086	 0.189470551881643 
2087	 0.189692642530915 
2088	 0.190415931826832 
2089	 0.19065455935442 
2090	 0.190774818472763 
2091	 0.191258784325647 
2092	 0.191378754692024 
2093	 0.190687516670109 
2094	 0.190422334978885 
2095	 0.190155452929513 
2096	 0.190264817851165 
2097	 0.190550454961446 
2098	 0.191219301253492 
2099	 0.19184948755514 
2100	 0.191897532125132 
2101	 0.191495833032864 
2102	 0.191269778783979 
2103	 0.191614267861351 
2104	 0.192364272973994 
2105	 0.192830709602017 
2106	 0.192771755568873 
2107	 0.193221214997245 
2108	 0.193595519768678 
2109	 0.193990718985149 
2110	 0.195086535083774 
2111	 0.195654483866577 
2112	 0.195530340224615 
2113	 0.195469324052407 
2114	 0.195126417802679 
2115	 0.195284447488396 
2116	 0.195712867623924 
2117	 0.196894087996206 
2118	 0.198101025968044 
2119	 0.198650341362242 
2120	 0.19864491325318 
2121	 0.19871983570715 
2122	 0.198783201134752 
2123	 0.198806265591229 
2124	 0.19893405778284 
2125	 0.198915967171649 
2126	 0.19911004045825 
2127	 0.199604288831652 
2128	 0.200065922195356 
2129	 0.200333544171231 
2130	 0.201237757993805 
2131	 0.202993376693517 
2132	 0.203513416591161 
2133	 0.203639628563759 
2134	 0.204160744366088 
2135	 0.204137477610624 
2136	 0.204670111063776 
2137	 0.205461674751027 
2138	 0.205547642294405 
2139	 0.205038037330925 
2140	 0.204346927974215 
2141	 0.204801975624302 
2142	 0.205690039928799 
2143	 0.205934955428941 
2144	 0.205695157289038 
2145	 0.206486907362517 
2146	 0.207832112707638 
2147	 0.208337251662399 
2148	 0.209263012633906 
2149	 0.209956622227081 
2150	 0.209275240962139 
2151	 0.209398286091536 
2152	 0.210286938933383 
2153	 0.211346590962152 
2154	 0.21141391745165 
2155	 0.211230808636436 
2156	 0.211450382523302 
2157	 0.211858946940401 
2158	 0.212493568617269 
2159	 0.213516164826883 
2160	 0.213771026220449 
2161	 0.213717748671411 
2162	 0.214562559528414 
2163	 0.215005297998273 
2164	 0.215067473424485 
2165	 0.215081419130516 
2166	 0.215389860304008 
2167	 0.215222057222106 
2168	 0.215215032050554 
2169	 0.215817922824264 
2170	 0.216171353951149 
2171	 0.216032179441083 
2172	 0.215758318256385 
2173	 0.21526505756477 
2174	 0.215679945805604 
2175	 0.216076446729761 
2176	 0.216417800934991 
2177	 0.217029147049533 
2178	 0.217153301312189 
2179	 0.217017052297618 
2180	 0.217942832643932 
2181	 0.219223288027574 
2182	 0.219639848100754 
2183	 0.219652680665668 
2184	 0.219789171645976 
2185	 0.220125985041227 
2186	 0.221068566748852 
2187	 0.221365971053731 
2188	 0.221158720431728 
2189	 0.221653946608483 
2190	 0.222294087045009 
2191	 0.222494567009871 
2192	 0.223073735324463 
2193	 0.223607804684502 
2194	 0.223524705414285 
2195	 0.223924119288581 
2196	 0.225691441406195 
2197	 0.225133346612134 
2198	 0.223959421721463 
2199	 0.224742681268502 
2200	 0.226240894075446 
2201	 0.227086811232763 
2202	 0.226380599346687 
2203	 0.225811815238225 
2204	 0.22664493792534 
2205	 0.226307905681434 
2206	 0.224642024325058 
2207	 0.22444122818026 
2208	 0.225511911345348 
2209	 0.225897721421918 
2210	 0.225786486636079 
2211	 0.228039856106134 
2212	 0.228884864816805 
2213	 0.22687918835209 
2214	 0.226174586810267 
2215	 0.226995483557946 
2216	 0.227332529747287 
2217	 0.226929931740538 
2218	 0.226684551833917 
2219	 0.227490721745324 
2220	 0.227395130540451 
2221	 0.226066798086067 
2222	 0.224961951011072 
2223	 0.224936260292676 
2224	 0.224886218520705 
2225	 0.224609528076748 
2226	 0.224958570269438 
2227	 0.226277430776107 
2228	 0.227008809688658 
2229	 0.226896528487564 
2230	 0.226153591845546 
2231	 0.224419868360209 
2232	 0.222622062571531 
2233	 0.222326523948225 
2234	 0.222995977768859 
2235	 0.223074140052026 
2236	 0.223127110491208 
2237	 0.222793328920342 
2238	 0.222085624836713 
2239	 0.221413634945842 
2240	 0.220104502654335 
2241	 0.219684653199854 
2242	 0.220670998686525 
2243	 0.219401097730934 
2244	 0.216431047089676 
2245	 0.215581489117083 
2246	 0.214702048510014 
2247	 0.21327513975071 
2248	 0.213005011507143 
2249	 0.212818098680896 
2250	 0.211742706347808 
2251	 0.211040408683652 
2252	 0.210807510698353 
2253	 0.210387512236542 
2254	 0.209115698503486 
2255	 0.207095864850271 
2256	 0.207330317008628 
2257	 0.20789680585546 
2258	 0.205301489801249 
2259	 0.203123807050386 
2260	 0.202062500441324 
2261	 0.200006000245144 
2262	 0.198901275886214 
2263	 0.19933441256943 
2264	 0.198998638744392 
2265	 0.197588329284462 
2266	 0.196741893669203 
2267	 0.19552610934664 
2268	 0.195111379146521 
2269	 0.196736244050724 
2270	 0.195906768698378 
2271	 0.193902108489878 
2272	 0.193284216998508 
2273	 0.190741486342867 
2274	 0.189821144843937 
2275	 0.192419737129876 
2276	 0.192936174784212 
2277	 0.191652025507367 
2278	 0.191358951552302 
2279	 0.191555427474123 
2280	 0.19067390027404 
2281	 0.189579152983854 
2282	 0.18904556848998 
2283	 0.187505082413922 
2284	 0.18693269961327 
2285	 0.188297738360104 
2286	 0.188259231098563 
2287	 0.187661637835488 
2288	 0.186709619828429 
2289	 0.185915938599837 
2290	 0.184324283483629 
2291	 0.184722633538006 
2292	 0.186093733315902 
2293	 0.186859993607184 
2294	 0.186621125646397 
2295	 0.185292921612036 
2296	 0.184339661152678 
2297	 0.183587528941934 
2298	 0.182953417905551 
2299	 0.181849046916573 
2300	 0.179976422232358 
2301	 0.178264579210856 
2302	 0.176848761644283 
2303	 0.176989483995681 
2304	 0.178545099724459 
2305	 0.179013987002933 
2306	 0.177079760716982 
2307	 0.174796770685972 
2308	 0.174024922474609 
2309	 0.174036819138377 
2310	 0.174763951949173 
2311	 0.174321899069825 
2312	 0.17333087272445 
2313	 0.172896615582161 
2314	 0.173559042969389 
2315	 0.175721295670097 
2316	 0.174837015004942 
2317	 0.174262222390777 
2318	 0.174975081875627 
2319	 0.174532986951137 
2320	 0.174057235309412 
2321	 0.174068023133925 
2322	 0.172879741500916 
2323	 0.171854958939656 
2324	 0.171374736169904 
2325	 0.171278933282677 
2326	 0.171413356266807 
2327	 0.171416570081618 
2328	 0.172470674707901 
2329	 0.172133284302468 
2330	 0.169547127339973 
2331	 0.170270795299675 
2332	 0.171833412241362 
2333	 0.172553098113327 
2334	 0.176734729523695 
2335	 0.17683937364953 
2336	 0.17281467910316 
2337	 0.172458709559977 
2338	 0.172486407342126 
2339	 0.17160196857779 
2340	 0.17153943589229 
2341	 0.172513694677995 
2342	 0.17085196776519 
2343	 0.169246746808425 
2344	 0.170374624022135 
2345	 0.172357378076334 
2346	 0.173726263652942 
2347	 0.173663442249154 
2348	 0.171830701485609 
2349	 0.168382297613303 
2350	 0.166531306040254 
2351	 0.169534975310992 
2352	 0.171441678035121 
2353	 0.170144250725213 
2354	 0.168306907811244 
2355	 0.164878683718116 
2356	 0.161919741177443 
2357	 0.162895736623319 
2358	 0.167980666584968 
2359	 0.168618706829984 
2360	 0.165540483363241 
2361	 0.165919082916278 
2362	 0.167028509382035 
2363	 0.165548950616035 
2364	 0.16414524092811 
2365	 0.165407765182907 
2366	 0.166727101588638 
2367	 0.168362913895215 
2368	 0.170687088418346 
2369	 0.167351796278725 
2370	 0.161141891259514 
2371	 0.164038082146804 
2372	 0.168877140409685 
2373	 0.168835617321909 
2374	 0.170169078140706 
2375	 0.16775934466755 
2376	 0.160722125268504 
2377	 0.161549380474068 
2378	 0.16507368571178 
2379	 0.162673759697362 
2380	 0.161624768858514 
2381	 0.162726478256236 
2382	 0.15908471129081 
2383	 0.153022118106997 
2384	 0.150733216503123 
2385	 0.151002181389914 
2386	 0.156674892751389 
2387	 0.162778908472684 
2388	 0.163519184579914 
2389	 0.161479491056949 
2390	 0.163661959158633 
2391	 0.167397015536133 
2392	 0.163810857607731 
2393	 0.159379353262787 
2394	 0.154394331517634 
2395	 0.150091609387735 
2396	 0.154857410646321 
2397	 0.16373810803518 
2398	 0.162216098013024 
2399	 0.151371516747731 
2400	 0.150841929987798 
2401	 0.157170240481566 
2402	 0.154219442016111 
2403	 0.152327807366023 
2404	 0.153195161711297 
2405	 0.151922752466126 
2406	 0.160159058281402 
2407	 0.170642689008513 
2408	 0.166770932203871 
2409	 0.15393797958655 
2410	 0.14980975915657 
2411	 0.159648387476017 
2412	 0.166721781491274 
2413	 0.160725342723949 
2414	 0.157373052718135 
2415	 0.156832566666322 
2416	 0.149142271245851 
2417	 0.150599138367457 
2418	 0.15350018030496 
2419	 0.145032017622005 
2420	 0.153868512380078 
2421	 0.173986833134052 
2422	 0.169423394779696 
2423	 0.159401103452144 
2424	 0.162056217441699 
2425	 0.151353509989708 
2426	 0.152732828880947 
2427	 0.17331714818134 
2428	 0.160589704781463 
2429	 0.141654140283497 
2430	 0.141556066374094 
2431	 0.134048356377417 
2432	 0.134309229370312 
2433	 0.145089201904763 
2434	 0.143465065293037 
2435	 0.144640744640723 
2436	 0.155853065783496 
2437	 0.156968344875001 
2438	 0.148551509554079 
2439	 0.145833385410648 
2440	 0.146953951966063 
2441	 0.162032297507387 
2442	 0.181133974581772 
2443	 0.164728247036412 
2444	 0.141517382821053 
2445	 0.124295385887238 
2446	 0.106770384377895 
2447	 0.136919289602408 
2448	 0.158720590136638 
2449	 0.122753223749369 
2450	 0.128756054279122 
2451	 0.132552413115937 
2452	 0.094619443408898 
2453	 0.134247087401412 
2454	 0.171316762584879 
2455	 0.143198606007812 
2456	 0.159817543329364 
2457	 0.173555191140307 
2458	 0.135760798829979 
2459	 0.125338734502727 
2460	 0.110700292545752 
2461	 9.24467256058222E-02 
2462	 0.116443781924506 
2463	 0.13042463766225 
2464	 0.142731358143732 
2465	 0.12926296819963 
2466	 7.99084321411429E-02 
2467	 7.14816565815139E-02 
2468	 9.77240230451664E-02 
2469	 0.106056299711534 
2470	 0.118166178436724 
2471	 0.123216805011118 
2472	 0.103899674967663 
2473	 9.84338901336243E-02 
2474	 0.129600945166845 
2475	 0.136640149293263 
2476	 0.118165841077905 
2477	 0.121673483777643 
2478	 0.12250442696168 
2479	 0.116106116464533 
2480	 0.176005041180718 
2481	 0.175986261647181 
2482	 0.10967793650101 
2483	 0.173444491324509 
2484	 0.182028582571043 
2485	 9.49904778082776E-02 
2486	 0.195152025712829 
2487	 0.286440840799594 
2488	 0.178008737119899 
2489	 6.34177062558197E-02 
2490	 0.141192711304826 
2491	 0.172422764990545 
2492	 0.147213780190291 
2493	 0.333664693209217 
2494	 0.145436765436134 
2495	-0.118720941307852 
2496	 7.56286342101341E-02 
2497	-6.32269325250682E-02 
2498	-0.230346754619788 
2499	 6.89625015594913E-02 
2500	 0.112619372738758 
