Wavelength	09/27/123 at 12:15:00
350	 1.00708282638764E-02 
351	 9.69195280103689E-03 
352	 9.70957441384632E-03 
353	 9.73937954551296E-03 
354	 9.35799288083403E-03 
355	 1.00093698680163E-02 
356	 1.02762541420434E-02 
357	 9.61870172563216E-03 
358	 9.85055640671596E-03 
359	 1.00983267036433E-02 
360	 1.01185210725929E-02 
361	 9.96058151548933E-03 
362	 9.98051763209502E-03 
363	 1.01715388313269E-02 
364	 1.04053878506516E-02 
365	 1.03872801980274E-02 
366	 1.04447815741046E-02 
367	 1.05244283736382E-02 
368	 1.04533152026011E-02 
369	 1.07559611627161E-02 
370	 1.08911495780427E-02 
371	 1.05959134680056E-02 
372	 1.04576115032837E-02 
373	 1.06295857729673E-02 
374	 1.08773115132749E-02 
375	 1.07886317456607E-02 
376	 1.07425353504858E-02 
377	 1.09338093206929E-02 
378	 1.12654407187478E-02 
379	 1.09975820293581E-02 
380	 1.10375177755709E-02 
381	 1.13446114162224E-02 
382	 1.14520980101699E-02 
383	 1.16185276904814E-02 
384	 1.17591578200536E-02 
385	 1.18015417398376E-02 
386	 1.17578217338168E-02 
387	 1.18905630721971E-02 
388	 1.22001459174697E-02 
389	 1.25482117322767E-02 
390	 1.27932462065306E-02 
391	 1.31711068839363E-02 
392	 1.36770141206569E-02 
393	 0.013766469678587 
394	 1.39648660403706E-02 
395	 1.42035244758339E-02 
396	 1.42606543979549E-02 
397	 1.45999418888893E-02 
398	 1.49016093948763E-02 
399	 1.50394778459912E-02 
400	 1.53142816706514E-02 
401	 1.56363781937229E-02 
402	 1.59162119696418E-02 
403	 1.60871913749058E-02 
404	 1.63037058435732E-02 
405	 1.66517163979528E-02 
406	 1.70892240136204E-02 
407	 1.73555625037893E-02 
408	 1.76629567194906E-02 
409	 1.80654261130899E-02 
410	 1.85241440236084E-02 
411	 1.87586289469299E-02 
412	 1.90378144178879E-02 
413	 1.94817400166075E-02 
414	 1.98913930718839E-02 
415	 2.02889008998278E-02 
416	 2.06462363843737E-02 
417	 2.09344198538718E-02 
418	 2.12013134693535E-02 
419	 2.14779637945132E-02 
420	 2.17774309535536E-02 
421	 2.20993046884053E-02 
422	 2.23230306089572E-02 
423	 0.022512914297572 
424	 2.27817280824923E-02 
425	 2.30536936401692E-02 
426	 2.33138316073745E-02 
427	 2.35689848791714E-02 
428	 2.38602083908123E-02 
429	 2.40639533429629E-02 
430	 2.41972050509922E-02 
431	 2.43280543914307E-02 
432	 2.44942379123281E-02 
433	 2.46828192609302E-02 
434	 2.48526774596463E-02 
435	 2.49233366674861E-02 
436	 2.50928271374792E-02 
437	 2.53442815470356E-02 
438	 2.55890538733586E-02 
439	 2.57605395076466E-02 
440	 2.59035495833447E-02 
441	 2.60534440064672E-02 
442	 2.62219259487104E-02 
443	 2.64425194772516E-02 
444	 2.66495628061445E-02 
445	 2.67891710252899E-02 
446	 2.70206233412345E-02 
447	 0.027265358655511 
448	 2.74794347964972E-02 
449	 2.76794978134157E-02 
450	 2.78802759451859E-02 
451	 0.028073018128424 
452	 2.82454156520986E-02 
453	 2.84104914456823E-02 
454	 2.85595912798262E-02 
455	 2.87016249046141E-02 
456	 2.88677544564476E-02 
457	 2.89871695032954E-02 
458	 2.91128468165164E-02 
459	 2.92905015009367E-02 
460	 2.93814894912612E-02 
461	 2.94467884479462E-02 
462	 2.95243658671565E-02 
463	 2.96180641229678E-02 
464	 2.96902782853447E-02 
465	 2.97769636832529E-02 
466	 2.99030248038135E-02 
467	 2.99775592602704E-02 
468	 3.00383337948511E-02 
469	 3.01177226447817E-02 
470	 3.02379213532945E-02 
471	 3.03254149877381E-02 
472	 3.04227523912029E-02 
473	 3.05560180594125E-02 
474	 0.030603357907683 
475	 3.06956856547135E-02 
476	 3.08200104494994E-02 
477	 3.08575532263262E-02 
478	 3.09594561174079E-02 
479	 3.11081662319834E-02 
480	 3.12548035489568E-02 
481	 3.13502757146101E-02 
482	 3.14753796016405E-02 
483	 3.16197458691783E-02 
484	 3.17165828643101E-02 
485	 3.18966130364606E-02 
486	 3.21071247350281E-02 
487	 3.22803089386232E-02 
488	 3.23879488951339E-02 
489	 3.25723649486654E-02 
490	 0.032857883718795 
491	 3.31885408845289E-02 
492	 3.34069349879661E-02 
493	 3.36337939344052E-02 
494	 3.39597036644565E-02 
495	 3.43264001463223E-02 
496	 3.47355996240425E-02 
497	 3.51820408359232E-02 
498	 3.56647808831668E-02 
499	 3.62463747753723E-02 
500	 3.68525890996907E-02 
501	 3.74474731637741E-02 
502	 3.80865794286656E-02 
503	 3.88240831767846E-02 
504	 3.96173669504791E-02 
505	 4.04194898620311E-02 
506	 4.14163670960422E-02 
507	 4.24660189250962E-02 
508	 4.35088570318264E-02 
509	 0.044636142920934 
510	 4.58692543669007E-02 
511	 4.72056344622422E-02 
512	 4.86316489991316E-02 
513	 5.01215626812235E-02 
514	 5.17065487323296E-02 
515	 5.33972987815259E-02 
516	 5.51643262017404E-02 
517	 5.71344826582985E-02 
518	 5.91769412561995E-02 
519	 6.11196134953348E-02 
520	 6.30384330591111E-02 
521	 6.49881797391169E-02 
522	 6.69964067813239E-02 
523	 6.90421558444149E-02 
524	 7.10474101873866E-02 
525	 7.29960950642304E-02 
526	 7.48917401272083E-02 
527	 7.67476485542113E-02 
528	 7.85037238730869E-02 
529	 8.01160360065289E-02 
530	 8.16004442101247E-02 
531	 8.30528816090143E-02 
532	 8.44245778627531E-02 
533	 8.56546875409972E-02 
534	 8.67671770384996E-02 
535	 0.08780941344965 
536	 8.87622508229783E-02 
537	 8.95757628816746E-02 
538	 9.03482652174524E-02 
539	 9.10878894989124E-02 
540	 9.17871076089305E-02 
541	 9.24347264172629E-02 
542	 9.30534546932289E-02 
543	 0.093640467596888 
544	 0.094184104089982 
545	 9.46641502222254E-02 
546	 0.095099907244529 
547	 9.55152449993168E-02 
548	 9.59329420663883E-02 
549	 9.63047320387394E-02 
550	 9.66256666321214E-02 
551	 9.68933693747183E-02 
552	 9.70311952375788E-02 
553	 9.70776253719407E-02 
554	 9.70334529635903E-02 
555	 9.68452348091773E-02 
556	 0.096518626459444 
557	 9.60931344509737E-02 
558	 9.56068003738353E-02 
559	 9.50195937119278E-02 
560	 9.43671816249668E-02 
561	 9.36685414177692E-02 
562	 9.29171976861417E-02 
563	 9.20748845204626E-02 
564	 9.11274068534682E-02 
565	 9.00868569425455E-02 
566	 8.90140448977339E-02 
567	 8.79416773528833E-02 
568	 8.68375710918653E-02 
569	 8.56334812730444E-02 
570	 8.44959780777051E-02 
571	 8.33773122945706E-02 
572	 0.082249840451774 
573	 8.11933275457758E-02 
574	 0.08017733359029 
575	 7.91974684095433E-02 
576	 7.82821712199006E-02 
577	 7.74961667181829E-02 
578	 7.67669007959829E-02 
579	 0.076057860431951 
580	 7.54034007039219E-02 
581	 7.47876798452179E-02 
582	 7.42101816280245E-02 
583	 7.36694555855418E-02 
584	 7.31277453122087E-02 
585	 0.072596361944573 
586	 7.21284477656806E-02 
587	 7.18092227302027E-02 
588	 0.071498696786543 
589	 7.11533931505843E-02 
590	 7.07882129521431E-02 
591	 0.070444103426551 
592	 7.01448896991559E-02 
593	 0.069904117506628 
594	 6.97358155382221E-02 
595	 6.95487871036403E-02 
596	 6.93500456141369E-02 
597	 6.91519307750516E-02 
598	 6.89311386412205E-02 
599	 6.87629776162609E-02 
600	 6.85899680898451E-02 
601	 6.83165161518468E-02 
602	 6.80608790927676E-02 
603	 6.77482069200305E-02 
604	 6.73445181483042E-02 
605	 6.68977703689639E-02 
606	 6.64066281976225E-02 
607	 6.59125945337081E-02 
608	 6.54402089715182E-02 
609	 6.49173772974393E-02 
610	 6.43113892098599E-02 
611	 6.36652126024515E-02 
612	 6.30794403933231E-02 
613	 6.24682215309229E-02 
614	 6.19042898432034E-02 
615	 6.14272745295435E-02 
616	 6.08905685427029E-02 
617	 6.03571346220943E-02 
618	 5.98790023868249E-02 
619	 5.94780490420423E-02 
620	 5.91469227559396E-02 
621	 5.88662237781348E-02 
622	 5.86265811161444E-02 
623	 0.058451086971887 
624	 5.82843683336869E-02 
625	 5.81568751675225E-02 
626	 5.81031715312956E-02 
627	 5.79691508743211E-02 
628	 5.79233277379202E-02 
629	 5.79673763083724E-02 
630	 5.78864999716426E-02 
631	 5.78592969151554E-02 
632	 5.78128716661071E-02 
633	 5.76662641648298E-02 
634	 5.75174584827417E-02 
635	 5.73175200964022E-02 
636	 5.70281863157043E-02 
637	 5.66307547057554E-02 
638	 5.61987650624564E-02 
639	 5.57208158906182E-02 
640	 5.51883308601289E-02 
641	 5.46320429231729E-02 
642	 5.40597119256769E-02 
643	 5.34336687511042E-02 
644	 5.27283178472817E-02 
645	 5.21242019966475E-02 
646	 5.15445108166344E-02 
647	 5.09757755207185E-02 
648	 0.050490608527803 
649	 5.00488064695451E-02 
650	 4.96298682609849E-02 
651	 4.92228933241046E-02 
652	 4.88437630642193E-02 
653	 4.84633550085446E-02 
654	 4.80869747885062E-02 
655	 4.77179939612424E-02 
656	 4.73015515333288E-02 
657	 4.67547615105186E-02 
658	 4.61170549641292E-02 
659	 4.55385945194436E-02 
660	 4.49439182816782E-02 
661	 4.43545325719793E-02 
662	 4.37892723469927E-02 
663	 4.31757419328158E-02 
664	 4.25969708334541E-02 
665	 4.21012611328309E-02 
666	 4.16748402336985E-02 
667	 4.13599160450379E-02 
668	 4.10567873297139E-02 
669	 4.07300423831303E-02 
670	 4.06122355850113E-02 
671	 4.05217154114151E-02 
672	 4.04109880787974E-02 
673	 4.03188047968217E-02 
674	 4.03813364410972E-02 
675	 0.040488371098059 
676	 4.05816797925381E-02 
677	 4.07167375825441E-02 
678	 0.040929452563931 
679	 4.12277649030976E-02 
680	 0.041607971288286 
681	 0.042055773789081 
682	 4.26247706390699E-02 
683	 4.33717665373374E-02 
684	 4.43452523053588E-02 
685	 4.55643653136224E-02 
686	 4.71806977521273E-02 
687	 0.049214764707132 
688	 5.09932849645282E-02 
689	 5.30672378609991E-02 
690	 5.55138341895829E-02 
691	 0.058224222770999 
692	 6.14387328886689E-02 
693	 6.50830285349596E-02 
694	 6.91342382652362E-02 
695	 0.073543615576971 
696	 7.81849113154966E-02 
697	 8.30705697442554E-02 
698	 8.83345118756469E-02 
699	 9.39024075840726E-02 
700	 9.96808854987943E-02 
701	 0.105591547606093 
702	 0.111568120228503 
703	 0.117501082562147 
704	 0.123496846855711 
705	 0.129645226688765 
706	 0.135826534787588 
707	 0.142089506104875 
708	 0.1484681622786 
709	 0.15497785075366 
710	 0.16152168160621 
711	 0.168259336696742 
712	 0.175235075008541 
713	 0.182364573866876 
714	 0.189615868765894 
715	 0.196879553958158 
716	 0.204404959141987 
717	 0.212440275283236 
718	 0.22093030521832 
719	 0.229669147607869 
720	 0.238161776934254 
721	 0.246189590854175 
722	 0.253883101123245 
723	 0.262094625185924 
724	 0.270813445462183 
725	 0.279437865318413 
726	 0.287747420039619 
727	 0.295966756705815 
728	 0.304210714823716 
729	 0.312251384131396 
730	 0.320064491106656 
731	 0.327644570918476 
732	 0.334980620272784 
733	 0.341905404141465 
734	 0.348565568938825 
735	 0.355143704034786 
736	 0.361481365364548 
737	 0.367507852032796 
738	 0.37323224663859 
739	 0.378694062031059 
740	 0.383900822714404 
741	 0.388798990957947 
742	 0.393347585206233 
743	 0.397590503913042 
744	 0.401557495876082 
745	 0.405265094351336 
746	 0.40869268844144 
747	 0.41193045131637 
748	 0.414979073310396 
749	 0.417799581406378 
750	 0.42031784507247 
751	 0.422775971535415 
752	 0.425060109553754 
753	 0.427069742512965 
754	 0.428981433272405 
755	 0.430856761041972 
756	 0.432660243248582 
757	 0.434388350504436 
758	 0.43632669774193 
759	 0.438815626693876 
760	 0.442011495654693 
761	 0.444389737257115 
762	 0.44511906131045 
763	 0.445191853993652 
764	 0.445393983636978 
765	 0.445505615573249 
766	 0.445627739172995 
767	 0.445872874049944 
768	 0.446317366770865 
769	 0.446864412654203 
770	 0.447430076203936 
771	 0.448001919623704 
772	 0.448635683453781 
773	 0.449300083579733 
774	 0.449938725703143 
775	 0.450536242146856 
776	 0.451161296959054 
777	 0.451752690199651 
778	 0.452298342543561 
779	 0.452820612588317 
780	 0.453444017957818 
781	 0.45402606266783 
782	 0.454543112064227 
783	 0.455056490177644 
784	 0.455646834333216 
785	 0.456195837510863 
786	 0.456659654578945 
787	 0.457127409886151 
788	 0.457594061374626 
789	 0.45808288648367 
790	 0.458617710934655 
791	 0.459217653915832 
792	 0.459805319171887 
793	 0.460348340769175 
794	 0.460841742319028 
795	 0.461282219339758 
796	 0.461727401871311 
797	 0.46221202079433 
798	 0.462741557315845 
799	 0.463212500712422 
800	 0.463687185475276 
801	 0.464197902891177 
802	 0.464688006672581 
803	 0.465211993580381 
804	 0.465756004902584 
805	 0.466275258481254 
806	 0.466688899487467 
807	 0.467091287582873 
808	 0.467526717860171 
809	 0.46797274202311 
810	 0.468266556770432 
811	 0.468507666473698 
812	 0.468741506035014 
813	 0.468949344390236 
814	 0.469221172650245 
815	 0.469547602274513 
816	 0.4699484443448 
817	 0.470552939099696 
818	 0.471114222703379 
819	 0.471586821450065 
820	 0.472004941528803 
821	 0.472381384896802 
822	 0.472732013430152 
823	 0.47319170843737 
824	 0.473861770069821 
825	 0.474328736257314 
826	 0.47469438739187 
827	 0.475000631707055 
828	 0.475202843681704 
829	 0.47551686475891 
830	 0.475912703447078 
831	 0.47633697873831 
832	 0.476778489751946 
833	 0.477228270771186 
834	 0.477682945983369 
835	 0.4781564294697 
836	 0.478652550326233 
837	 0.479119321973836 
838	 0.479537796267266 
839	 0.479921038106201 
840	 0.480365538602374 
841	 0.480839769081027 
842	 0.481338031730834 
843	 0.481853586351485 
844	 0.482215487875171 
845	 0.482568334757834 
846	 0.482988123663675 
847	 0.48340641952157 
848	 0.483725257822736 
849	 0.484044186269575 
850	 0.484438863860604 
851	 0.484798831939886 
852	 0.485208229167962 
853	 0.485651262878474 
854	 0.486090371841644 
855	 0.486508781248089 
856	 0.486858323409277 
857	 0.487183626623156 
858	 0.48756384775394 
859	 0.488002849490831 
860	 0.488458004004297 
861	 0.48885148270599 
862	 0.489111058093386 
863	 0.489446349351357 
864	 0.489750211017586 
865	 0.489982268498188 
866	 0.490307859123548 
867	 0.490649627116952 
868	 0.491069090807945 
869	 0.491571169301574 
870	 0.49197792307839 
871	 0.492298365111679 
872	 0.492537061492742 
873	 0.492749197652826 
874	 0.493073937119658 
875	 0.49336677981977 
876	 0.493649667006929 
877	 0.494006632294166 
878	 0.494467145794064 
879	 0.494762989715451 
880	 0.494968050678982 
881	 0.495412649215601 
882	 0.495691517115309 
883	 0.495892775485791 
884	 0.496121568345131 
885	 0.496427187513688 
886	 0.496686812953972 
887	 0.496922575505466 
888	 0.497151774293752 
889	 0.497283803061065 
890	 0.497339011798053 
891	 0.497434000070757 
892	 0.497592509699922 
893	 0.497575650129477 
894	 0.497368497070486 
895	 0.497161337441023 
896	 0.497175509386652 
897	 0.497318271287094 
898	 0.497342356148705 
899	 0.497406345665172 
900	 0.497815751586733 
901	 0.498471543710978 
902	 0.498949666816169 
903	 0.499081013073625 
904	 0.498951962029582 
905	 0.499133132172899 
906	 0.499313778273271 
907	 0.499320639011192 
908	 0.499206607042554 
909	 0.499188102000781 
910	 0.499084102381994 
911	 0.498974428628869 
912	 0.499324881670164 
913	 0.499459847023012 
914	 0.499594837842142 
915	 0.499913354685711 
916	 0.500171265551313 
917	 0.500430152211314 
918	 0.500688490636264 
919	 0.500875954826334 
920	 0.500818515159893 
921	 0.500705742533073 
922	 0.500655934046594 
923	 0.500634081785394 
924	 0.500185636329542 
925	 0.499605006966365 
926	 0.498848400008626 
927	 0.497762823265552 
928	 0.496430309169649 
929	 0.495119919372341 
930	 0.493386703857496 
931	 0.490610578750555 
932	 0.489077251037862 
933	 0.487350763100228 
934	 0.485389148052234 
935	 0.4844955368453 
936	 0.484271741135005 
937	 0.48427432070586 
938	 0.484113064139495 
939	 0.4836996405704 
940	 0.484836149861149 
941	 0.484404788668244 
942	 0.482100188657621 
943	 0.480719627612572 
944	 0.481086601428943 
945	 0.480697344847804 
946	 0.478962018978629 
947	 0.478263368607695 
948	 0.476593759456998 
949	 0.475181912299526 
950	 0.47449959607927 
951	 0.473352866406273 
952	 0.472376889913823 
953	 0.471130022204697 
954	 0.469653068252398 
955	 0.468953582189331 
956	 0.468259192436039 
957	 0.467163614817509 
958	 0.466168998630683 
959	 0.467113611848219 
960	 0.466899752325976 
961	 0.466183059091569 
962	 0.4659889981243 
963	 0.466102269158024 
964	 0.46669775703942 
965	 0.467112752904075 
966	 0.466934224801288 
967	 0.466740180968055 
968	 0.466784762141068 
969	 0.467214020603718 
970	 0.467869865834586 
971	 0.468013225659226 
972	 0.46788277337729 
973	 0.467849282406584 
974	 0.468113776570279 
975	 0.468293645039272 
976	 0.468502973992728 
977	 0.468766836076497 
978	 0.469134833086658 
979	 0.469815528161378 
980	 0.470238716292008 
981	 0.470403573230368 
982	 0.470621001803111 
983	 0.471380795332363 
984	 0.472491499900015 
985	 0.473431764401242 
986	 0.47380056095504 
987	 0.474012743532359 
988	 0.474678860693161 
989	 0.475398340654201 
990	 0.475640042039094 
991	 0.476103303784661 
992	 0.476569280228279 
993	 0.477532953150873 
994	 0.479215963836504 
995	 0.479839367040061 
996	 0.480111224929649 
997	 0.480238882179094 
998	 0.480163418852068 
999	 0.479509158593813 
1000	 0.480035209966487 
1001	 0.489194365107184 
1002	 0.489990672175624 
1003	 0.490641729322388 
1004	 0.491416361728031 
1005	 0.492003948034016 
1006	 0.492760079258819 
1007	 0.493700738533736 
1008	 0.494682761231966 
1009	 0.495550020894871 
1010	 0.496459493141561 
1011	 0.497190925438706 
1012	 0.497861307237069 
1013	 0.498597239668278 
1014	 0.499360624244584 
1015	 0.5002011807462 
1016	 0.501127157555668 
1017	 0.502010956735862 
1018	 0.502906485584051 
1019	 0.503675005097345 
1020	 0.504400284197365 
1021	 0.505089719647284 
1022	 0.505724730337751 
1023	 0.50648345954829 
1024	 0.507363707902158 
1025	 0.508211933288582 
1026	 0.508928749134896 
1027	 0.509611265782695 
1028	 0.510221451410585 
1029	 0.510983505561612 
1030	 0.51194327203662 
1031	 0.512706181184192 
1032	 0.513410256953511 
1033	 0.51405464830671 
1034	 0.514632894812936 
1035	 0.515190918625357 
1036	 0.515862492354875 
1037	 0.516643296151775 
1038	 0.517480039248664 
1039	 0.518244743963412 
1040	 0.519066726412574 
1041	 0.519848012059717 
1042	 0.520421018319519 
1043	 0.521109225909569 
1044	 0.521728405401735 
1045	 0.522262944045017 
1046	 0.52274848397095 
1047	 0.523495451002226 
1048	 0.524042240283001 
1049	 0.524594912795212 
1050	 0.525318170663239 
1051	 0.525835086095002 
1052	 0.526501921356716 
1053	 0.527086838403802 
1054	 0.52735328581127 
1055	 0.527673320269496 
1056	 0.527855422893927 
1057	 0.528158339354209 
1058	 0.528487031034758 
1059	 0.528946456755529 
1060	 0.52950520947586 
1061	 0.530113402142224 
1062	 0.530707821245968 
1063	 0.531349616056147 
1064	 0.531901056056098 
1065	 0.532112144017204 
1066	 0.532198445503261 
1067	 0.532301556936693 
1068	 0.532484170445786 
1069	 0.532867201267668 
1070	 0.533149008851581 
1071	 0.533573150989245 
1072	 0.533874295697902 
1073	 0.534073166503269 
1074	 0.534172681956346 
1075	 0.534243151433805 
1076	 0.534328833722177 
1077	 0.53424535815416 
1078	 0.534233246974298 
1079	 0.534275069424484 
1080	 0.534280009413279 
1081	 0.534252444445136 
1082	 0.534385435036775 
1083	 0.5344284298825 
1084	 0.534496407544712 
1085	 0.534427249613419 
1086	 0.534277833488883 
1087	 0.534104600532254 
1088	 0.533778068594248 
1089	 0.533607698429493 
1090	 0.533537789215149 
1091	 0.533275750511067 
1092	 0.53307873900824 
1093	 0.533057066998114 
1094	 0.532899949062775 
1095	 0.532822442048791 
1096	 0.532706174909684 
1097	 0.532654040662563 
1098	 0.532429287202295 
1099	 0.532147606444817 
1100	 0.531806428472395 
1101	 0.531301976449692 
1102	 0.530877076488076 
1103	 0.530520297587591 
1104	 0.530043537320634 
1105	 0.529394378039108 
1106	 0.528897701894792 
1107	 0.528487758002315 
1108	 0.527866708371592 
1109	 0.527487598055287 
1110	 0.527056578584709 
1111	 0.526504501990671 
1112	 0.525755048324034 
1113	 0.525084275930467 
1114	 0.524324427310476 
1115	 0.523624272970378 
1116	 0.523033806005274 
1117	 0.522188603037275 
1118	 0.521189028700914 
1119	 0.520141612646222 
1120	 0.519042570560496 
1121	 0.517645468050853 
1122	 0.515994784985989 
1123	 0.514305073383891 
1124	 0.512446113386686 
1125	 0.510242237912547 
1126	 0.508223230836198 
1127	 0.506674375143428 
1128	 0.504434779810222 
1129	 0.502126970640372 
1130	 0.49968232838539 
1131	 0.496955987139895 
1132	 0.494570137246695 
1133	 0.492511700833968 
1134	 0.490318670456585 
1135	 0.488405417006244 
1136	 0.486200339764976 
1137	 0.483815275559466 
1138	 0.481421509133664 
1139	 0.478591352127263 
1140	 0.476344599611033 
1141	 0.473751621230588 
1142	 0.471242568257222 
1143	 0.468324614019044 
1144	 0.465147606167632 
1145	 0.462157447083744 
1146	 0.458945352723604 
1147	 0.456068484469221 
1148	 0.453384631090443 
1149	 0.450839339911826 
1150	 0.448599285279165 
1151	 0.44621996600943 
1152	 0.443879997230025 
1153	 0.44175128713717 
1154	 0.439572008943508 
1155	 0.437648744967262 
1156	 0.436210067964965 
1157	 0.434817291040024 
1158	 0.433738471359423 
1159	 0.432909111976489 
1160	 0.432183525624055 
1161	 0.431550459902298 
1162	 0.431195613817196 
1163	 0.431110002049693 
1164	 0.430874772635176 
1165	 0.430730774689704 
1166	 0.430538363924019 
1167	 0.430229278427186 
1168	 0.430010650187282 
1169	 0.429918023243974 
1170	 0.429739497613897 
1171	 0.429518290559491 
1172	 0.429254574022217 
1173	 0.429074932736606 
1174	 0.428940062686493 
1175	 0.42881698017574 
1176	 0.42881802504142 
1177	 0.428688618206837 
1178	 0.428485569258405 
1179	 0.428301872715319 
1180	 0.428070302380651 
1181	 0.427863470121651 
1182	 0.427594339804242 
1183	 0.427447204668961 
1184	 0.427427166967591 
1185	 0.427324775799477 
1186	 0.427228451847784 
1187	 0.427159629754078 
1188	 0.42719200261884 
1189	 0.426948286834976 
1190	 0.426823647388109 
1191	 0.426841093530139 
1192	 0.426714668243612 
1193	 0.426678034621588 
1194	 0.426692345105868 
1195	 0.426759348777191 
1196	 0.426778934846249 
1197	 0.426856795317991 
1198	 0.426889028497267 
1199	 0.426815171964545 
1200	 0.426882823004914 
1201	 0.427037782894576 
1202	 0.427177533891948 
1203	 0.427302584971303 
1204	 0.427557784329542 
1205	 0.427902385824255 
1206	 0.428236489912325 
1207	 0.428623572682419 
1208	 0.429044611209839 
1209	 0.429239781142542 
1210	 0.429376820276654 
1211	 0.429714885654832 
1212	 0.43020153999051 
1213	 0.430712618833158 
1214	 0.431210903146079 
1215	 0.431642650231066 
1216	 0.431877330424609 
1217	 0.432304016078483 
1218	 0.432842175292373 
1219	 0.433376441323536 
1220	 0.434040963925995 
1221	 0.434564602141037 
1222	 0.434952735816885 
1223	 0.435446914341767 
1224	 0.435908920577258 
1225	 0.43644049435371 
1226	 0.437106645594212 
1227	 0.437689988131437 
1228	 0.438204639665744 
1229	 0.438765149468707 
1230	 0.43934661241947 
1231	 0.440019476045731 
1232	 0.440640112427911 
1233	 0.441144553888236 
1234	 0.441627030913957 
1235	 0.442112025372407 
1236	 0.442636228588964 
1237	 0.443234317571851 
1238	 0.443777324409604 
1239	 0.444356215084222 
1240	 0.444824933982427 
1241	 0.445158166827188 
1242	 0.445634245281269 
1243	 0.446149062762338 
1244	 0.446617669389898 
1245	 0.447053559689621 
1246	 0.447659137679622 
1247	 0.448352955445625 
1248	 0.448838559877938 
1249	 0.449314818337917 
1250	 0.449654807064789 
1251	 0.449790317775581 
1252	 0.45016462869493 
1253	 0.450713603017521 
1254	 0.451221588019738 
1255	 0.451586224466109 
1256	 0.451742597530206 
1257	 0.452021983783438 
1258	 0.45226702179865 
1259	 0.452597681453622 
1260	 0.453121872996297 
1261	 0.453455569563007 
1262	 0.453732773791249 
1263	 0.453883118506406 
1264	 0.454017717175398 
1265	 0.454285238603938 
1266	 0.4545491588169 
1267	 0.454732223611225 
1268	 0.4548233893282 
1269	 0.454776434594436 
1270	 0.4546395972513 
1271	 0.454487091024389 
1272	 0.454506168507282 
1273	 0.454600656450118 
1274	 0.454564169173506 
1275	 0.454519615328161 
1276	 0.454271657789845 
1277	 0.453835243889039 
1278	 0.453603478409351 
1279	 0.453366423714021 
1280	 0.453105952352389 
1281	 0.453020141128235 
1282	 0.452678603980319 
1283	 0.452178466422584 
1284	 0.451562433522705 
1285	 0.451042240297023 
1286	 0.450572532475777 
1287	 0.450099873158801 
1288	 0.449759473855034 
1289	 0.449346324606062 
1290	 0.448629146045047 
1291	 0.447859640796213 
1292	 0.447010133135487 
1293	 0.446261930091995 
1294	 0.445629481153145 
1295	 0.444855375027835 
1296	 0.444167841781068 
1297	 0.443280843295199 
1298	 0.442059635573931 
1299	 0.440972003491949 
1300	 0.439949870645014 
1301	 0.438870554420081 
1302	 0.43775242570987 
1303	 0.436467307756075 
1304	 0.43489221366173 
1305	 0.433493596292563 
1306	 0.432041499208181 
1307	 0.43078540823943 
1308	 0.429415805614582 
1309	 0.427894778884537 
1310	 0.426261643563491 
1311	 0.424175543038117 
1312	 0.422227268850984 
1313	 0.420637382745307 
1314	 0.418674658512339 
1315	 0.41677713646224 
1316	 0.414878017290294 
1317	 0.412658108839297 
1318	 0.4107610921469 
1319	 0.408572860608064 
1320	 0.406155148797962 
1321	 0.404300862229166 
1322	 0.402101206899335 
1323	 0.399793012510559 
1324	 0.397835692606537 
1325	 0.395305176404498 
1326	 0.392828243344719 
1327	 0.390710795718756 
1328	 0.388251339717732 
1329	 0.385673974785064 
1330	 0.38307937155131 
1331	 0.380357455527568 
1332	 0.377624838927453 
1333	 0.375030756678488 
1334	 0.372571161084611 
1335	 0.370336379060788 
1336	 0.367806799372405 
1337	 0.365264600278422 
1338	 0.363070414958313 
1339	 0.360840679138815 
1340	 0.35893673239132 
1341	 0.357381977294266 
1342	 0.355615729991155 
1343	 0.35375367749025 
1344	 0.352030165338884 
1345	 0.350378101534274 
1346	 0.348937236920301 
1347	 0.347748648452863 
1348	 0.346403587743945 
1349	 0.345086992421754 
1350	 0.343799650840573 
1351	 0.341780315985795 
1352	 0.339906086387357 
1353	 0.338525368743105 
1354	 0.336134718266697 
1355	 0.334415952345652 
1356	 0.334262043091829 
1357	 0.332969379588876 
1358	 0.331027808104259 
1359	 0.328994485275835 
1360	 0.32732161464502 
1361	 0.324301832809143 
1362	 0.326094738607601 
1363	 0.32295433673349 
1364	 0.324868444657853 
1365	 0.340220441962052 
1366	 0.305556321000684 
1367	 0.319002212947298 
1368	 0.379334314918824 
1369	 0.292012122132529 
1370	 0.20550847419802 
1371	 0.186534398451998 
1372	 0.21367532737516 
1373	 0.28099322829145 
1374	 0.38134064890047 
1375	 0.442909998612571 
1376	 0.320845898428801 
1377	 0.262728086068793 
1378	 0.288440663956309 
1379	 0.248398730888235 
1380	 0.254589241431324 
1381	 0.263073661322787 
1382	 0.194221094000204 
1383	 0.204499550382285 
1384	 0.252966755298963 
1385	 0.223074884501896 
1386	 0.237430491850947 
1387	 0.242766132777876 
1388	 0.179065032487473 
1389	 0.154276838235585 
1390	 0.150801082935206 
1391	 0.153194195764752 
1392	 0.150616299798705 
1393	 0.160462756692446 
1394	 0.155492660996755 
1395	 0.139552977768017 
1396	 0.131971848918951 
1397	 0.139124658457491 
1398	 0.135582334728967 
1399	 0.130254360442005 
1400	 0.131584738471777 
1401	 0.116982396981251 
1402	 0.111704892794582 
1403	 0.120317443094007 
1404	 0.113001438161971 
1405	 0.114025111000984 
1406	 0.124986049766221 
1407	 0.119197548965063 
1408	 0.110206407681094 
1409	 0.103747040682494 
1410	 0.095592938732776 
1411	 9.40196076909702E-02 
1412	 0.100665499603695 
1413	 0.104796929360042 
1414	 0.102236380864677 
1415	 9.83499205413563E-02 
1416	 9.79971357203377E-02 
1417	 9.48542701607458E-02 
1418	 8.76713345081111E-02 
1419	 8.79686131941334E-02 
1420	 8.90717817874808E-02 
1421	 8.58422678818372E-02 
1422	 8.77778462587371E-02 
1423	 8.95671527492784E-02 
1424	 8.59504640064578E-02 
1425	 8.54248196418186E-02 
1426	 8.52388981054995E-02 
1427	 8.57555521943584E-02 
1428	 8.36086486671263E-02 
1429	 8.43495826765847E-02 
1430	 8.55757403384552E-02 
1431	 0.084621664154593 
1432	 8.49389987493481E-02 
1433	 8.43507389055893E-02 
1434	 8.16643955382142E-02 
1435	 8.15813132830846E-02 
1436	 0.082656785974033 
1437	 0.083143596730409 
1438	 8.38408281696553E-02 
1439	 8.28586369497087E-02 
1440	 8.15156744699268E-02 
1441	 8.11394805001347E-02 
1442	 8.08658660937348E-02 
1443	 8.13317432489491E-02 
1444	 8.19770250902302E-02 
1445	 8.16108752867712E-02 
1446	 8.08145638745595E-02 
1447	 8.00683872441216E-02 
1448	 0.079723031061551 
1449	 8.00004269878383E-02 
1450	 8.04371895441077E-02 
1451	 8.08704217935793E-02 
1452	 8.11161545238603E-02 
1453	 8.11855002952002E-02 
1454	 8.13305747230585E-02 
1455	 8.15381336809748E-02 
1456	 8.15644793326682E-02 
1457	 8.13199822671262E-02 
1458	 8.13920017340831E-02 
1459	 8.16195162159081E-02 
1460	 8.14840223356161E-02 
1461	 8.17952114424072E-02 
1462	 8.22529034875523E-02 
1463	 8.21068124730654E-02 
1464	 8.25930704901959E-02 
1465	 8.33993211857056E-02 
1466	 8.31123668267964E-02 
1467	 8.31779870678231E-02 
1468	 8.40519789213117E-02 
1469	 0.084358270251487 
1470	 8.47566984478463E-02 
1471	 8.55459014136281E-02 
1472	 8.65646468034927E-02 
1473	 8.68999355384605E-02 
1474	 8.74531500392492E-02 
1475	 8.83381573644334E-02 
1476	 8.91070542344872E-02 
1477	 8.99657500562762E-02 
1478	 9.09775830301598E-02 
1479	 9.17606599358092E-02 
1480	 9.27079996990759E-02 
1481	 9.34802458606327E-02 
1482	 9.34893732274852E-02 
1483	 9.41404603100603E-02 
1484	 9.55751584604786E-02 
1485	 9.67701752743116E-02 
1486	 9.79627360921738E-02 
1487	 9.91686263125262E-02 
1488	 9.97578814741085E-02 
1489	 0.100181781199407 
1490	 0.101192316599958 
1491	 0.102249333393353 
1492	 0.103131905203555 
1493	 0.104165228806219 
1494	 0.105104790043872 
1495	 0.105995132629952 
1496	 0.107000918915774 
1497	 0.107802395147023 
1498	 0.10858187976479 
1499	 0.109456261095492 
1500	 0.11039042587177 
1501	 0.111604080728235 
1502	 0.112698725144661 
1503	 0.113647166585851 
1504	 0.114671881022245 
1505	 0.115653122164061 
1506	 0.116810755755957 
1507	 0.117922559540984 
1508	 0.118812632064744 
1509	 0.11985902559808 
1510	 0.120956837976629 
1511	 0.121980804586557 
1512	 0.123174450586203 
1513	 0.124371604140447 
1514	 0.125383754590138 
1515	 0.126526608917855 
1516	 0.127789070664367 
1517	 0.12886327142403 
1518	 0.129896281394972 
1519	 0.131064467844467 
1520	 0.132147146304762 
1521	 0.133144191835487 
1522	 0.134296201112061 
1523	 0.135418277471048 
1524	 0.136558608375904 
1525	 0.137899852313442 
1526	 0.1391024971008 
1527	 0.140193107881145 
1528	 0.141187288295669 
1529	 0.142112387017736 
1530	 0.143372043860986 
1531	 0.144529867859891 
1532	 0.145706400777851 
1533	 0.146875452871761 
1534	 0.148058980750233 
1535	 0.149164268600185 
1536	 0.15031229708747 
1537	 0.151417446816128 
1538	 0.152455061268033 
1539	 0.153510788458016 
1540	 0.154633652610986 
1541	 0.155868706954511 
1542	 0.157275978879936 
1543	 0.158325235215308 
1544	 0.159188315228283 
1545	 0.160310719789569 
1546	 0.161363246729537 
1547	 0.162480713536357 
1548	 0.163817838558685 
1549	 0.164929926710588 
1550	 0.165855320467758 
1551	 0.166924136040363 
1552	 0.167958781376992 
1553	 0.168988864944942 
1554	 0.170217305138514 
1555	 0.171348765547746 
1556	 0.172330513023279 
1557	 0.173392100444765 
1558	 0.174485430740622 
1559	 0.175528083806145 
1560	 0.1766269075719 
1561	 0.177668315820592 
1562	 0.17865775343276 
1563	 0.179753763116453 
1564	 0.180613736456067 
1565	 0.181441549772219 
1566	 0.182533633664392 
1567	 0.183472554557509 
1568	 0.184487804672017 
1569	 0.185677999684605 
1570	 0.186554800002321 
1571	 0.187406755240231 
1572	 0.188425065866036 
1573	 0.18937744775279 
1574	 0.19029749108491 
1575	 0.191133964298865 
1576	 0.191971012215229 
1577	 0.19286583550596 
1578	 0.193874625927419 
1579	 0.195043060349519 
1580	 0.195970346708453 
1581	 0.196779020094827 
1582	 0.197790196909225 
1583	 0.198725750722202 
1584	 0.199739308297993 
1585	 0.200836452249913 
1586	 0.201523395981289 
1587	 0.202168531445914 
1588	 0.203026504025373 
1589	 0.203752191438246 
1590	 0.204644426704879 
1591	 0.205696874658697 
1592	 0.206419947979279 
1593	 0.207207788661216 
1594	 0.208271130825359 
1595	 0.209140704450713 
1596	 0.209965117520483 
1597	 0.210746435767403 
1598	 0.211189459280149 
1599	 0.211873345797431 
1600	 0.21286381058766 
1601	 0.213630052362208 
1602	 0.21448109601873 
1603	 0.215289042963377 
1604	 0.215827729195849 
1605	 0.216762757133458 
1606	 0.217943746467074 
1607	 0.218705387056538 
1608	 0.219330824210245 
1609	 0.220086425223861 
1610	 0.220737744581756 
1611	 0.22144707384364 
1612	 0.22229915291948 
1613	 0.223015250074335 
1614	 0.2238614840862 
1615	 0.224796382282175 
1616	 0.225402239667542 
1617	 0.226093967747471 
1618	 0.22682034363745 
1619	 0.22722935988581 
1620	 0.227906248418177 
1621	 0.22870365581907 
1622	 0.229142676161343 
1623	 0.229771507772981 
1624	 0.230516999585189 
1625	 0.230966464940306 
1626	 0.231514675457552 
1627	 0.232132672416663 
1628	 0.232602492603764 
1629	 0.233186230966339 
1630	 0.233776325570673 
1631	 0.234236178968719 
1632	 0.234745015637188 
1633	 0.235206168213957 
1634	 0.23566695453596 
1635	 0.236218963718342 
1636	 0.236653048331995 
1637	 0.237174550613491 
1638	 0.237862087537858 
1639	 0.238205196132632 
1640	 0.238504949342591 
1641	 0.239189458477993 
1642	 0.239706340255166 
1643	 0.240111627817253 
1644	 0.240676624467231 
1645	 0.240909841422101 
1646	 0.241035438347455 
1647	 0.24149802804541 
1648	 0.242055457756556 
1649	 0.242453398398739 
1650	 0.242676661664481 
1651	 0.242857912266614 
1652	 0.243018373359885 
1653	 0.243336807504627 
1654	 0.243830266060164 
1655	 0.244278873759759 
1656	 0.244576026782981 
1657	 0.244735943234143 
1658	 0.245015094248758 
1659	 0.245197639781277 
1660	 0.245244670467326 
1661	 0.245461280380098 
1662	 0.245592131816054 
1663	 0.245729814618099 
1664	 0.245993292720815 
1665	 0.246186653181244 
1666	 0.246193607211978 
1667	 0.246171329556185 
1668	 0.246422942698643 
1669	 0.246603532631045 
1670	 0.246705534461046 
1671	 0.246922790787171 
1672	 0.246706340539613 
1673	 0.246393872896706 
1674	 0.246489304886219 
1675	 0.246466136529292 
1676	 0.246531862400063 
1677	 0.246691076831333 
1678	 0.246388202051198 
1679	 0.246186928225499 
1680	 0.246153026226102 
1681	 0.24600153453942 
1682	 0.246039309972463 
1683	 0.246082389036363 
1684	 0.245941341973501 
1685	 0.245765571622436 
1686	 0.245525565325074 
1687	 0.245204189036428 
1688	 0.244814065311626 
1689	 0.244504966451694 
1690	 0.244238049817532 
1691	 0.243893414439768 
1692	 0.243671670348956 
1693	 0.243500149003659 
1694	 0.243151221998819 
1695	 0.242976940088779 
1696	 0.243029212867199 
1697	 0.242593256297137 
1698	 0.242145780091598 
1699	 0.241946355958103 
1700	 0.241410977728031 
1701	 0.241104385004978 
1702	 0.241110286793358 
1703	 0.240715731541972 
1704	 0.239969278045502 
1705	 0.239504713537951 
1706	 0.239075457219188 
1707	 0.238610516199718 
1708	 0.238303662114863 
1709	 0.237902212059038 
1710	 0.237281824545025 
1711	 0.236733761924116 
1712	 0.236261906065894 
1713	 0.23586045222711 
1714	 0.235600583412454 
1715	 0.2351852559743 
1716	 0.234679015936201 
1717	 0.234222313088979 
1718	 0.233747914868039 
1719	 0.233102895912826 
1720	 0.232376848700036 
1721	 0.231812222522731 
1722	 0.231189677007591 
1723	 0.230598328672788 
1724	 0.230265333171473 
1725	 0.229675382546674 
1726	 0.228752876381969 
1727	 0.228029845086235 
1728	 0.227395882811702 
1729	 0.226782924995356 
1730	 0.226189473833484 
1731	 0.225651104401558 
1732	 0.225124405659578 
1733	 0.224549747443817 
1734	 0.224124145311945 
1735	 0.223624533821645 
1736	 0.222990567247405 
1737	 0.222536616965225 
1738	 0.222238889151368 
1739	 0.221561451876202 
1740	 0.220735603530435 
1741	 0.220036143609201 
1742	 0.219184900465934 
1743	 0.218431261800752 
1744	 0.217873950497904 
1745	 0.217100787184662 
1746	 0.216169123624285 
1747	 0.215346218726655 
1748	 0.214508022873826 
1749	 0.21368745503324 
1750	 0.212850348702045 
1751	 0.212090624699254 
1752	 0.211585648866212 
1753	 0.211105692282683 
1754	 0.210355774114736 
1755	 0.209372988734128 
1756	 0.208202863236529 
1757	 0.207233311597813 
1758	 0.206400155550781 
1759	 0.205513813934211 
1760	 0.205075686652049 
1761	 0.204624899695716 
1762	 0.203542748964092 
1763	 0.202491151079866 
1764	 0.201463697971204 
1765	 0.200313689615407 
1766	 0.199724229158705 
1767	 0.199424131789996 
1768	 0.19881964060111 
1769	 0.19837694070313 
1770	 0.197655360166008 
1771	 0.197214361283666 
1772	 0.19665239790393 
1773	 0.196082123914608 
1774	 0.195439372524523 
1775	 0.194371206212775 
1776	 0.193575030019404 
1777	 0.193082397408804 
1778	 0.192321546655712 
1779	 0.191523006957357 
1780	 0.190894947423741 
1781	 0.189905225045703 
1782	 0.189349331553925 
1783	 0.189250773140816 
1784	 0.189117006697268 
1785	 0.189526395215666 
1786	 0.189500661126176 
1787	 0.189137675052926 
1788	 0.189121665350794 
1789	 0.189094336744214 
1790	 0.188777290459702 
1791	 0.188562157977338 
1792	 0.188372954793338 
1793	 0.187722223404387 
1794	 0.187523042330898 
1795	 0.188130046154015 
1796	 0.187935492966854 
1797	 0.187148719744175 
1798	 0.186483763194047 
1799	 0.185386456970978 
1800	 0.184711268133715 
1801	 0.184135933919706 
1802	 0.184179913737512 
1803	 0.18472226438867 
1804	 0.185471687225828 
1805	 0.187391756958503 
1806	 0.188777584611563 
1807	 0.19041510141306 
1808	 0.191214366331783 
1809	 0.191612458481646 
1810	 0.189014902811553 
1811	 0.189073957244513 
1812	 0.191049723927847 
1813	 0.18930857776984 
1814	 0.193189830453326 
1815	 0.196760131719825 
1816	 0.194469558102463 
1817	 0.197097690668678 
1818	 0.199010409569726 
1819	 0.200557682897151 
1820	 0.204301852870389 
1821	 0.2101402524919 
1822	 0.215235506101126 
1823	 0.222603682322037 
1824	 0.246840245437614 
1825	 0.256378935901962 
1826	 0.242653640838566 
1827	 0.242255538482341 
1828	 0.231569231593447 
1829	 0.225469145437624 
1830	 0.245434856887341 
1831	 3.71182155358265E-02 
1832	 8.95767944141647E-02 
1833	 0.158164096425599 
1834	 0.684586798077038 
1835	 1.15391616100315 
1836	 0.527217753976824 
1837	 0.539427320695169 
1838	 0.277569611378551 
1839	-0.221179993862025 
1840	 0.139511534076254 
1841	 0.744561976942462 
1842	 0.886488417339535 
1843	 0.167032753493587 
1844	 7.51015763587126E-02 
1845	-1.91639103094986 
1846	 15.0508221597413 
1847	-0.771021171695108 
1848	-0.562456496540553 
1849	 0.483292553986673 
1850	 0.065925524994579 
1851	 0.236597837270027 
1852	 2.25258803288468 
1853	 2.63841295498598 
1854	 8.03303918294047 
1855	 5.89447591067751 
1856	 0.800652217060348 
1857	 0.164479927083348 
1858	 4.70437816813546E-02 
1859	-1.41196454424628 
1860	-0.854738371596366 
1861	 4.63532672251685 
1862	 3.75686990641564 
1863	 0.79217750931912 
1864	 0.720577378653057 
1865	 1.06647841181158 
1866	 0.840251249570159 
1867	-0.626452185663238 
1868	-0.727972295599342 
1869	-0.663296596661591 
1870	-0.529305864649006 
1871	-0.350635189919927 
1872	 1.5253599865389 
1873	 0.997637798661869 
1874	-0.209372586685895 
1875	-0.292687656549679 
1876	-0.433404344451187 
1877	-0.368948817490048 
1878	-8.66704268617276E-02 
1879	 0.322719743900314 
1880	 0.299969178897623 
1881	-2.24176610816479E-02 
1882	 5.84677676179809E-02 
1883	 0.231957835906184 
1884	 0.170275546607697 
1885	 0.16889474235486 
1886	 0.10886582082939 
1887	 6.40332916294045E-03 
1888	-5.52821579457865E-02 
1889	 8.71916536821506E-03 
1890	 0.196535825919079 
1891	 0.231995836949074 
1892	 0.136947167969999 
1893	 0.104588945151232 
1894	 3.73169656090039E-02 
1895	 3.60809183681574E-02 
1896	 0.107491133876733 
1897	 0.173530190354886 
1898	 0.185044004054285 
1899	 0.200489207333046 
1900	 0.244395474538651 
1901	 0.112145547849507 
1902	-2.64331308929462E-02 
1903	-4.01249178256526E-02 
1904	-3.68846502550546E-02 
1905	-4.85446788233116E-02 
1906	-0.25711222856276 
1907	-0.312284432550089 
1908	-0.150064674947502 
1909	 3.56832939348443E-02 
1910	 0.181099936745867 
1911	 0.200288625812386 
1912	-1.90282048426355E-02 
1913	-5.82203622521263E-02 
1914	-0.126788944941183 
1915	-9.86668624825723E-02 
1916	 1.49492349139857E-02 
1917	 5.18029126268587E-02 
1918	 8.98900892041179E-02 
1919	 7.86718352253617E-03 
1920	-5.64557896153311E-02 
1921	 1.40740882646934E-02 
1922	 1.06505868092776E-02 
1923	-1.31131858160789E-02 
1924	-1.39989585026968E-03 
1925	 3.67991296269687E-02 
1926	 1.20403125571293E-02 
1927	 1.17700930615274E-02 
1928	 4.84063746453729E-02 
1929	 3.60925638261696E-02 
1930	 2.59417122602716E-02 
1931	 2.85769773609589E-02 
1932	 1.73499062031423E-02 
1933	 0.016089325435223 
1934	 0.022982064720843 
1935	 2.61852188468675E-02 
1936	 3.00405797251285E-02 
1937	 3.48102958839752E-02 
1938	 3.32774983944236E-02 
1939	 2.91432218463162E-02 
1940	 3.29291395086929E-02 
1941	 2.95857602454484E-02 
1942	 2.27467163026719E-02 
1943	 0.027237059712495 
1944	 2.82998825251324E-02 
1945	 2.30658887101352E-02 
1946	 0.021248936338771 
1947	 2.18074607777109E-02 
1948	 1.97651522145195E-02 
1949	 1.83815860129671E-02 
1950	 2.26341608639042E-02 
1951	 2.51591421043615E-02 
1952	 2.39730531117208E-02 
1953	 2.51535799491058E-02 
1954	 0.027291977520364 
1955	 2.75261851205087E-02 
1956	 2.93366149178821E-02 
1957	 3.18798739155882E-02 
1958	 3.15755596792388E-02 
1959	 2.85760170748901E-02 
1960	 0.026629148217955 
1961	 2.88172537031972E-02 
1962	 2.99603421551546E-02 
1963	 2.95807689538611E-02 
1964	 3.06865026636262E-02 
1965	 2.99790931785049E-02 
1966	 2.74526855994418E-02 
1967	 0.028038386230032 
1968	 3.00938200364703E-02 
1969	 3.10253480843205E-02 
1970	 3.19975567417031E-02 
1971	 3.30719125515742E-02 
1972	 3.31418373847522E-02 
1973	 3.24020878182263E-02 
1974	 3.22467084689846E-02 
1975	 3.24423971069416E-02 
1976	 3.22436387114445E-02 
1977	 3.26490547515524E-02 
1978	 3.33311444370088E-02 
1979	 3.28838953950403E-02 
1980	 3.28420979266643E-02 
1981	 3.34233486810168E-02 
1982	 3.38762115647742E-02 
1983	 3.41365448773436E-02 
1984	 3.51675586297013E-02 
1985	 3.58905089856759E-02 
1986	 3.56431755433179E-02 
1987	 3.55148057829567E-02 
1988	 3.57040058349726E-02 
1989	 3.56501108525622E-02 
1990	 0.035673992334047 
1991	 3.67274317584657E-02 
1992	 3.69379582709404E-02 
1993	 3.68480920018311E-02 
1994	 3.68125656473055E-02 
1995	 3.73102658917984E-02 
1996	 3.74019538749608E-02 
1997	 3.74446418926799E-02 
1998	 3.84201577776795E-02 
1999	 3.88589785538214E-02 
2000	 3.84834096464577E-02 
2001	 3.83781820011092E-02 
2002	 3.88405955642984E-02 
2003	 3.96798362746777E-02 
2004	 4.04689734062625E-02 
2005	 3.95860841676028E-02 
2006	 4.01492872570506E-02 
2007	 4.28675915437467E-02 
2008	 4.38702532756445E-02 
2009	 4.41495777864923E-02 
2010	 4.43812439338623E-02 
2011	 4.58712289038092E-02 
2012	 4.58077885997471E-02 
2013	 4.42488460267562E-02 
2014	 0.044764301823104 
2015	 4.60509773218682E-02 
2016	 4.42538536627646E-02 
2017	 4.46109487032723E-02 
2018	 4.76365918859172E-02 
2019	 4.84212308468768E-02 
2020	 4.74476348042957E-02 
2021	 4.79738747077329E-02 
2022	 4.90048957342464E-02 
2023	 4.90772365401087E-02 
2024	 4.93709974849225E-02 
2025	 5.02426429943341E-02 
2026	 5.08430755911599E-02 
2027	 5.10593733288036E-02 
2028	 5.10008931704192E-02 
2029	 5.11418328081091E-02 
2030	 5.16020087014059E-02 
2031	 5.19910329388208E-02 
2032	 5.20151896298297E-02 
2033	 5.19621994846384E-02 
2034	 5.22067493450001E-02 
2035	 5.22772044188092E-02 
2036	 5.22562613704301E-02 
2037	 5.27292771197222E-02 
2038	 5.35656915369869E-02 
2039	 5.36559694940211E-02 
2040	 5.35237118398445E-02 
2041	 0.054449807552216 
2042	 0.055228734833846 
2043	 0.055152690818036 
2044	 0.054930873065215 
2045	 5.50461103303609E-02 
2046	 5.47571281628378E-02 
2047	 5.44915423835249E-02 
2048	 5.42271688144789E-02 
2049	 5.48116556062252E-02 
2050	 5.56209584475774E-02 
2051	 5.64562552109774E-02 
2052	 5.73082045731621E-02 
2053	 5.82466726328526E-02 
2054	 0.058067364442379 
2055	 5.73472181372986E-02 
2056	 5.78305986301628E-02 
2057	 5.84610124850963E-02 
2058	 5.89511398736363E-02 
2059	 5.92482517096838E-02 
2060	 5.96142898144959E-02 
2061	 5.98892516261638E-02 
2062	 6.06170898805299E-02 
2063	 6.19725854695734E-02 
2064	 6.24354940023455E-02 
2065	 6.28068545033814E-02 
2066	 6.24023289683663E-02 
2067	 0.062164420456197 
2068	 6.21596991990118E-02 
2069	 6.23658848089065E-02 
2070	 6.36298995284229E-02 
2071	 6.46108394986581E-02 
2072	 6.47901450922922E-02 
2073	 0.065877133227741 
2074	 6.67447538348421E-02 
2075	 6.69282403524296E-02 
2076	 6.66095870567974E-02 
2077	 6.69009570329173E-02 
2078	 6.67175367707162E-02 
2079	 6.70804731976385E-02 
2080	 6.82998241508296E-02 
2081	 6.89400728488415E-02 
2082	 6.88612323205808E-02 
2083	 6.89680485588576E-02 
2084	 6.90718731449677E-02 
2085	 6.92056508220369E-02 
2086	 0.070020484504976 
2087	 7.07273101680553E-02 
2088	 7.09230046469884E-02 
2089	 7.07777428965943E-02 
2090	 7.08966071243882E-02 
2091	 7.08257833471432E-02 
2092	 7.12575534623573E-02 
2093	 7.20544982773826E-02 
2094	 7.26910492575011E-02 
2095	 7.37308391317661E-02 
2096	 7.40157251016388E-02 
2097	 7.34858956730487E-02 
2098	 7.40090138389823E-02 
2099	 7.45240811448679E-02 
2100	 7.44285534811953E-02 
2101	 7.44994118353688E-02 
2102	 7.51336076087973E-02 
2103	 7.55287933297952E-02 
2104	 7.52122938559414E-02 
2105	 7.59938603666933E-02 
2106	 7.70996628942593E-02 
2107	 7.75531149251309E-02 
2108	 0.07788364409456 
2109	 7.84381657382097E-02 
2110	 7.84734173636789E-02 
2111	 7.87399817153303E-02 
2112	 7.94115097407809E-02 
2113	 0.080062406887372 
2114	 8.08185571515429E-02 
2115	 8.12089970622486E-02 
2116	 8.18093909983065E-02 
2117	 8.20521810422723E-02 
2118	 8.21823242188361E-02 
2119	 8.29501333533223E-02 
2120	 0.083681440318682 
2121	 8.42444369073027E-02 
2122	 8.44915852427315E-02 
2123	 8.37660587931979E-02 
2124	 8.38918639077195E-02 
2125	 8.42393534126088E-02 
2126	 0.084747066312604 
2127	 8.57054863436587E-02 
2128	 8.65745955402227E-02 
2129	 8.76175388330381E-02 
2130	 8.78879271733383E-02 
2131	 8.77601585700676E-02 
2132	 8.81714322470389E-02 
2133	 8.83981814351827E-02 
2134	 8.84661594587021E-02 
2135	 8.89951815662369E-02 
2136	 8.99321517830405E-02 
2137	 9.09265670796968E-02 
2138	 9.10642818939899E-02 
2139	 9.13551348869165E-02 
2140	 9.16378408803339E-02 
2141	 9.11888328034159E-02 
2142	 9.11372542902687E-02 
2143	 9.14078182086765E-02 
2144	 9.22512863825849E-02 
2145	 9.25671081536946E-02 
2146	 9.28388360088983E-02 
2147	 9.31761758966767E-02 
2148	 9.33144356427853E-02 
2149	 9.33879552807055E-02 
2150	 9.37502928599068E-02 
2151	 9.40114284954694E-02 
2152	 9.39198018369719E-02 
2153	 9.38558186402976E-02 
2154	 9.51183827838069E-02 
2155	 9.53777573038005E-02 
2156	 0.095095959197291 
2157	 9.56214552924885E-02 
2158	 9.58464677036481E-02 
2159	 9.57069150030361E-02 
2160	 9.62513000531259E-02 
2161	 9.70869339890932E-02 
2162	 9.77415726000826E-02 
2163	 9.77754557670113E-02 
2164	 9.75194918793857E-02 
2165	 9.67497321704252E-02 
2166	 9.68423273857931E-02 
2167	 9.67371385295869E-02 
2168	 9.68282984308549E-02 
2169	 9.76776312505135E-02 
2170	 9.82144799995214E-02 
2171	 9.85768711599756E-02 
2172	 9.88913356976375E-02 
2173	 9.95692827897038E-02 
2174	 9.96655683269063E-02 
2175	 9.94917634356389E-02 
2176	 9.95807380354452E-02 
2177	 0.10004959651573 
2178	 0.100385927400951 
2179	 0.100117429194541 
2180	 0.100242556276768 
2181	 0.100568441920048 
2182	 0.100708707791037 
2183	 0.101281504637689 
2184	 0.101577958808786 
2185	 0.101668146544772 
2186	 0.10104435498112 
2187	 0.101478820736145 
2188	 0.102957970803967 
2189	 0.102899144794857 
2190	 0.102202111248123 
2191	 0.102171185812806 
2192	 0.101193942551876 
2193	 0.101117960207303 
2194	 0.102581526248853 
2195	 0.103045755215764 
2196	 0.103369164285931 
2197	 0.102821120569251 
2198	 0.10244879590302 
2199	 0.103191575815884 
2200	 0.103041684990837 
2201	 0.102945147279461 
2202	 0.103017415843966 
2203	 0.10230295002752 
2204	 0.102324701263968 
2205	 0.104164504329375 
2206	 0.105516247159496 
2207	 0.104953909526156 
2208	 0.105187227091743 
2209	 0.105491786710055 
2210	 0.105347127387042 
2211	 0.10537272010376 
2212	 0.105373193696252 
2213	 0.104299224222619 
2214	 0.104210607409388 
2215	 0.105489429214482 
2216	 0.105377234664965 
2217	 0.104103499003992 
2218	 0.104468507067631 
2219	 0.105304417141207 
2220	 0.105123213360023 
2221	 0.105020406961348 
2222	 0.106833226889422 
2223	 0.106400401257307 
2224	 0.104373991839515 
2225	 0.103949396693833 
2226	 0.103268203576859 
2227	 0.101956969726695 
2228	 0.102411223805479 
2229	 0.103650576099236 
2230	 0.103754350720485 
2231	 0.103100317878703 
2232	 0.10206929323709 
2233	 0.102048864060403 
2234	 0.102276205379714 
2235	 0.101364607936516 
2236	 0.101930675672184 
2237	 0.102363493899675 
2238	 0.102461933644106 
2239	 0.101961557649927 
2240	 0.101287506537975 
2241	 0.101152940010253 
2242	 0.101360550552538 
2243	 0.100332466302623 
2244	 9.85819259612369E-02 
2245	 0.098525141419712 
2246	 9.83611676422327E-02 
2247	 9.72146587920048E-02 
2248	 9.76197055112524E-02 
2249	 9.79377112041752E-02 
2250	 9.72332878638062E-02 
2251	 9.50897944186091E-02 
2252	 9.53911136929279E-02 
2253	 9.57964377185508E-02 
2254	 9.52199031580436E-02 
2255	 9.43333818626585E-02 
2256	 9.34545890287207E-02 
2257	 9.34331817590532E-02 
2258	 9.28303653156339E-02 
2259	 9.12711303982544E-02 
2260	 9.24248953839601E-02 
2261	 9.37094188176633E-02 
2262	 9.24527726324413E-02 
2263	 9.21238414097273E-02 
2264	 9.18718114966604E-02 
2265	 9.14742927651546E-02 
2266	 9.20609294401199E-02 
2267	 9.23580954125485E-02 
2268	 0.092717358027594 
2269	 9.17496825001835E-02 
2270	 8.99609635066838E-02 
2271	 9.02372359289977E-02 
2272	 0.090140267946367 
2273	 8.95761461171841E-02 
2274	 8.88389923381818E-02 
2275	 8.94003284009098E-02 
2276	 8.82234246257569E-02 
2277	 0.084626722246887 
2278	 8.40581810152086E-02 
2279	 8.43553134271335E-02 
2280	 8.40896380742881E-02 
2281	 8.57748236491475E-02 
2282	 8.61620251592062E-02 
2283	 8.46212959290546E-02 
2284	 8.41730989745778E-02 
2285	 8.50338049115616E-02 
2286	 0.085101549058314 
2287	 8.48544059869892E-02 
2288	 8.40189245153904E-02 
2289	 8.50065910770096E-02 
2290	 8.50516417118426E-02 
2291	 8.35100185872778E-02 
2292	 8.33198900733725E-02 
2293	 8.25301758001241E-02 
2294	 8.10631111121834E-02 
2295	 8.07375981013227E-02 
2296	 8.02975118055777E-02 
2297	 8.18162108721789E-02 
2298	 8.30391025411937E-02 
2299	 8.05687494847934E-02 
2300	 8.02805371642756E-02 
2301	 8.03349718372239E-02 
2302	 7.74394833239785E-02 
2303	 7.64938276501894E-02 
2304	 7.84820619234932E-02 
2305	 0.078823129852952 
2306	 7.70365874553977E-02 
2307	 7.64854474615426E-02 
2308	 7.45534323925896E-02 
2309	 7.23610328752209E-02 
2310	 7.27921913677636E-02 
2311	 7.41469031069434E-02 
2312	 7.31173320425526E-02 
2313	 6.99296829278871E-02 
2314	 6.86549381621231E-02 
2315	 6.92584663010056E-02 
2316	 7.09220735074884E-02 
2317	 7.31691697054812E-02 
2318	 0.074003139263342 
2319	 7.43168160506856E-02 
2320	 7.25726461220294E-02 
2321	 7.17327074332946E-02 
2322	 7.08379651639922E-02 
2323	 7.08617837975642E-02 
2324	 7.05199481024947E-02 
2325	 7.02617442535262E-02 
2326	 7.14557043338873E-02 
2327	 7.10395227504713E-02 
2328	 6.95887393508822E-02 
2329	 6.88597619391427E-02 
2330	 6.83775770196332E-02 
2331	 6.72517559713143E-02 
2332	 6.51003446484704E-02 
2333	 6.44836852975119E-02 
2334	 6.39208904665436E-02 
2335	 6.46066460955715E-02 
2336	 6.82572542094667E-02 
2337	 6.85932122402557E-02 
2338	 6.67317272803422E-02 
2339	 6.66015632779255E-02 
2340	 6.67798194382662E-02 
2341	 6.49681247027129E-02 
2342	 6.33200244357886E-02 
2343	 6.54247341690571E-02 
2344	 6.71264329926431E-02 
2345	 6.50537073517143E-02 
2346	 6.34845880627016E-02 
2347	 6.27911842636582E-02 
2348	 5.99919011878256E-02 
2349	 6.10422074732774E-02 
2350	 6.66405099880674E-02 
2351	 6.67074957029747E-02 
2352	 0.063004705423891 
2353	 6.02193167279717E-02 
2354	 0.055825574491629 
2355	 5.27488364272539E-02 
2356	 5.33495390449676E-02 
2357	 5.83295860665778E-02 
2358	 6.34514509802099E-02 
2359	 6.27699976719747E-02 
2360	 6.16346284348185E-02 
2361	 6.22807489797119E-02 
2362	 6.05228336590984E-02 
2363	 6.13522910072901E-02 
2364	 6.43574933821362E-02 
2365	 5.86861275638711E-02 
2366	 5.29252846670632E-02 
2367	 5.55978952819774E-02 
2368	 0.056153133272843 
2369	 5.68520214516287E-02 
2370	 5.87698174373047E-02 
2371	 5.64195538998527E-02 
2372	 5.38931304781585E-02 
2373	 5.29957935088345E-02 
2374	 5.47644898256579E-02 
2375	 5.75148460079709E-02 
2376	 0.05898383493518 
2377	 5.56800831458103E-02 
2378	 5.25611933213015E-02 
2379	 5.43098303690566E-02 
2380	 5.07132893624071E-02 
2381	 5.22090366888268E-02 
2382	 5.64179767427722E-02 
2383	 4.87122155706736E-02 
2384	 4.73278719383801E-02 
2385	 5.64628508709833E-02 
2386	 5.91528923663403E-02 
2387	 5.32032125931731E-02 
2388	 0.045127400229932 
2389	 4.36246220118722E-02 
2390	 4.53224581121045E-02 
2391	 4.62798439165041E-02 
2392	 5.21947394737424E-02 
2393	 5.08522595351068E-02 
2394	 4.41363216444989E-02 
2395	 4.67528025192422E-02 
2396	 4.95293626663715E-02 
2397	 4.98814334423005E-02 
2398	 5.03494939098649E-02 
2399	 4.72388784538063E-02 
2400	 0.045457268068173 
2401	 4.49136817145771E-02 
2402	 4.33415741128718E-02 
2403	 0.043428273111789 
2404	 4.15580350221992E-02 
2405	 3.93326543043343E-02 
2406	 3.54533918702157E-02 
2407	 3.42050273792898E-02 
2408	 4.55266676659402E-02 
2409	 5.39943233408137E-02 
2410	 5.90859602865058E-02 
2411	 6.11750985538162E-02 
2412	 4.52141001485829E-02 
2413	 2.61914043332039E-02 
2414	 2.14178084759879E-02 
2415	 0.030154965589646 
2416	 3.79999365075969E-02 
2417	 4.43876174595302E-02 
2418	 4.59896235977698E-02 
2419	 3.33612283174618E-02 
2420	 3.23624596649631E-02 
2421	 3.93760736827106E-02 
2422	 4.02201462908736E-02 
2423	 3.91055768337316E-02 
2424	 3.46308331710701E-02 
2425	 0.036598837298003 
2426	 0.043865032096998 
2427	 4.31738826584486E-02 
2428	 3.33150532994744E-02 
2429	 2.13764744060263E-02 
2430	 0.015152354900916 
2431	 0.023956917941401 
2432	 0.035174245243041 
2433	 4.85695276899757E-02 
2434	 5.41401147259718E-02 
2435	 4.09777469102536E-02 
2436	 3.91404209275081E-02 
2437	 3.58799171632944E-02 
2438	 1.93221531571457E-02 
2439	 1.77791885929966E-02 
2440	 2.25064141846487E-02 
2441	 2.54929082832246E-02 
2442	 3.66084951782316E-02 
2443	 2.70928288606444E-02 
2444	 1.09338010743404E-02 
2445	 0.014622139119788 
2446	 1.49628002732343E-02 
2447	 2.18880385674069E-02 
2448	 3.92835581510284E-02 
2449	 5.11155674417251E-02 
2450	 5.04514428904534E-02 
2451	 0.049624391120653 
2452	 4.52607634727802E-02 
2453	 1.25329937773735E-03 
2454	-2.43400014331318E-02 
2455	-1.08705313297003E-03 
2456	 6.4138002911746E-03 
2457	 9.61681540457253E-03 
2458	 2.12748421476049E-02 
2459	 1.95696962371559E-02 
2460	 0.022486657471418 
2461	 3.14205155876184E-02 
2462	 3.19881343732294E-02 
2463	 3.44527219578973E-02 
2464	 1.39148427531502E-02 
2465	 2.54658799789776E-03 
2466	 2.79996272249237E-02 
2467	-3.14918258867206E-03 
2468	 2.45484290619858E-02 
2469	 3.80458561732866E-02 
2470	 3.43433600467914E-03 
2471	 1.60245735821494E-02 
2472	 6.83146716663559E-02 
2473	 5.77143120070478E-02 
2474	 4.23262472214434E-02 
2475	 5.37991521359245E-02 
2476	 4.37053964247472E-02 
2477	 2.66563676129215E-02 
2478	 6.53643054850401E-04 
2479	-2.18347243257423E-02 
2480	-5.71333639652266E-02 
2481	-0.140328982208094 
2482	-8.04902628875569E-02 
2483	-3.81623942183504E-02 
2484	-4.62255562617709E-02 
2485	 4.46765384472647E-02 
2486	 1.26000985692072E-02 
2487	-2.24216093424027E-02 
2488	 2.07615362864401E-02 
2489	-9.20571580858091E-02 
2490	-0.131571181588781 
2491	-3.60122414688751E-02 
2492	-4.67130572289328E-02 
2493	 7.74589673184124E-02 
2494	 0.121243754787454 
2495	-0.201423782239895 
2496	-0.251089945519975 
2497	-0.103607647633852 
2498	-5.10247514991773E-02 
2499	 5.99321903393001E-02 
2500	-9.6368252609347E-03 
