Wavelength	09/27/123 at 12:15:11
350	 9.65640374844933E-03 
351	 9.45523681541047E-03 
352	 9.85351046544328E-03 
353	 1.03333511906133E-02 
354	 1.00031148670332E-02 
355	 1.01322953980658E-02 
356	 0.010023505240599 
357	 9.44530663869411E-03 
358	 9.54373299409628E-03 
359	 0.009670295082726 
360	 9.79083661564034E-03 
361	 1.00723092155663E-02 
362	 1.00854752078983E-02 
363	 9.97530280416563E-03 
364	 9.91019103108158E-03 
365	 9.98280330386022E-03 
366	 1.00305063457812E-02 
367	 9.96597275849872E-03 
368	 9.80702185122453E-03 
369	 1.02776911088882E-02 
370	 1.06052576221485E-02 
371	 1.04003782326283E-02 
372	 1.05226238607592E-02 
373	 1.05925226427196E-02 
374	 1.05224274493899E-02 
375	 1.03758494210887E-02 
376	 1.03880494043345E-02 
377	 1.05878515752783E-02 
378	 0.010914412397 
379	 1.12133413083932E-02 
380	 0.011338192998069 
381	 0.011418399737443 
382	 1.16855211384444E-02 
383	 1.17541156755479E-02 
384	 0.011791292158171 
385	 1.18834570240891E-02 
386	 1.17433801092725E-02 
387	 1.18862632398373E-02 
388	 1.22752686098499E-02 
389	 1.26292999401259E-02 
390	 0.012953034683465 
391	 1.32306183543257E-02 
392	 1.34499405140946E-02 
393	 0.013575763307777 
394	 1.38625996435086E-02 
395	 1.42073280390501E-02 
396	 1.43943613128568E-02 
397	 1.45345964683539E-02 
398	 0.014791732356136 
399	 1.51688988002683E-02 
400	 1.54111352780153E-02 
401	 1.56613703415153E-02 
402	 1.59425473983486E-02 
403	 1.62368832491796E-02 
404	 1.64998341970419E-02 
405	 1.68268079030745E-02 
406	 1.72311314932055E-02 
407	 1.75722526093809E-02 
408	 1.77983531778083E-02 
409	 1.80070992335487E-02 
410	 1.83397369280021E-02 
411	 1.87334414760685E-02 
412	 1.91814348545073E-02 
413	 1.96406956594078E-02 
414	 1.99929676301183E-02 
415	 2.03440150968621E-02 
416	 0.020666242171858 
417	 0.020894927566429 
418	 2.10471857256511E-02 
419	 2.12611863421565E-02 
420	 2.15764712771022E-02 
421	 2.18693828899819E-02 
422	 2.21306680188845E-02 
423	 2.23535068090124E-02 
424	 2.25512798659185E-02 
425	 2.28316031160174E-02 
426	 2.30670521782157E-02 
427	 2.32264886374367E-02 
428	 2.34600221328111E-02 
429	 2.36440366580186E-02 
430	 2.37739456883207E-02 
431	 2.38859915341339E-02 
432	 2.39955547951731E-02 
433	 2.41486140490147E-02 
434	 2.43409154117542E-02 
435	 2.45045640675023E-02 
436	 2.46669640459931E-02 
437	 2.48031227596952E-02 
438	 2.48939183220881E-02 
439	 2.50247053193592E-02 
440	 2.51994939114633E-02 
441	 2.53779153840331E-02 
442	 2.54654701613812E-02 
443	 2.56186929763337E-02 
444	 2.58109822776684E-02 
445	 2.59838642483233E-02 
446	 2.62103484394701E-02 
447	 0.026457216905145 
448	 2.66888494756762E-02 
449	 2.68762009105687E-02 
450	 2.70487920533199E-02 
451	 2.72073511496586E-02 
452	 2.73505786450365E-02 
453	 2.75117319497412E-02 
454	 2.76571875289835E-02 
455	 2.77748578400518E-02 
456	 0.02788190314989 
457	 2.80175432584441E-02 
458	 2.81656008002788E-02 
459	 2.82927731226555E-02 
460	 2.83647794781761E-02 
461	 2.84273493739412E-02 
462	 2.85065112305886E-02 
463	 2.86012660759235E-02 
464	 2.86612757107989E-02 
465	 2.87473597413252E-02 
466	 0.02889786648574 
467	 2.89544318741539E-02 
468	 2.89743303820995E-02 
469	 2.90032375032923E-02 
470	 2.90712348203396E-02 
471	 2.91808886129435E-02 
472	 2.93098449918919E-02 
473	 2.94201674332011E-02 
474	 2.94358222190726E-02 
475	 2.95060800622849E-02 
476	 2.96270843379409E-02 
477	 2.96791321628733E-02 
478	 2.97778723842156E-02 
479	 0.029915063536911 
480	 0.030059316273907 
481	 3.01816753575928E-02 
482	 3.02897379214528E-02 
483	 3.03936899676912E-02 
484	 3.05068094798069E-02 
485	 3.06356162854281E-02 
486	 3.08305321257147E-02 
487	 3.10896318141317E-02 
488	 3.12670252218253E-02 
489	 3.14191674743086E-02 
490	 3.16131734694544E-02 
491	 3.19053930905496E-02 
492	 3.21337557153609E-02 
493	 3.23806063257381E-02 
494	 3.26966388334852E-02 
495	 3.29808104769285E-02 
496	 3.33603467979789E-02 
497	 3.38134132055226E-02 
498	 3.42587208272051E-02 
499	 3.47587393775618E-02 
500	 3.53304865351797E-02 
501	 3.59610056772102E-02 
502	 0.036589244117045 
503	 3.72698640452624E-02 
504	 3.80124057008773E-02 
505	 3.88159998324824E-02 
506	 3.97063535813329E-02 
507	 4.06369823236026E-02 
508	 4.16065736318657E-02 
509	 4.26841518576866E-02 
510	 4.38413320952834E-02 
511	 4.50862697730881E-02 
512	 4.64297841168283E-02 
513	 0.047820390598446 
514	 4.92957344082274E-02 
515	 5.08704718491911E-02 
516	 5.25146485760239E-02 
517	 5.43253850001499E-02 
518	 0.056217686224197 
519	 5.80629188341302E-02 
520	 5.98887115159695E-02 
521	 6.16780945671901E-02 
522	 6.34897338809524E-02 
523	 6.54245114574731E-02 
524	 6.72656603195898E-02 
525	 6.90221793568852E-02 
526	 7.07603189874549E-02 
527	 0.072570364882907 
528	 0.074200579933414 
529	 7.56136904344173E-02 
530	 7.69696031250127E-02 
531	 7.83037342373067E-02 
532	 7.95573045375282E-02 
533	 8.06743457325857E-02 
534	 8.16994819206127E-02 
535	 8.26735444699289E-02 
536	 8.35571531755147E-02 
537	 8.42764667018161E-02 
538	 8.49616785668788E-02 
539	 8.56248195595724E-02 
540	 0.086252172981797 
541	 8.68113497433511E-02 
542	 8.73539282566087E-02 
543	 8.78858783560237E-02 
544	 8.83928575330193E-02 
545	 8.88416874646198E-02 
546	 8.92592099023741E-02 
547	 0.089642267072832 
548	 8.99188802911591E-02 
549	 0.090232494749858 
550	 9.05536829395211E-02 
551	 9.07979609661683E-02 
552	 9.09397871273979E-02 
553	 9.09782366767812E-02 
554	 9.09069624500145E-02 
555	 9.07087138581127E-02 
556	 9.04540483831438E-02 
557	 9.00988078111475E-02 
558	 8.96058343784697E-02 
559	 8.90940854293056E-02 
560	 0.088490711545228 
561	 8.78090634015909E-02 
562	 8.71315587489159E-02 
563	 8.63099773129693E-02 
564	 8.53768183927113E-02 
565	 8.43927463682626E-02 
566	 0.083370567962595 
567	 8.23591870275295E-02 
568	 8.13337828367668E-02 
569	 8.02239932419427E-02 
570	 7.91424257949488E-02 
571	 7.80799202575604E-02 
572	 7.70261291835418E-02 
573	 7.59949765741075E-02 
574	 7.50137310116589E-02 
575	 7.40952799162386E-02 
576	 7.32670270140043E-02 
577	 7.26068962795654E-02 
578	 7.19643169126656E-02 
579	 7.12782857708687E-02 
580	 0.070657740631546 
581	 7.00602372893579E-02 
582	 6.95232751704133E-02 
583	 6.90749316239153E-02 
584	 6.85665740209853E-02 
585	 0.068100514981421 
586	 6.77229728049912E-02 
587	 6.73968197541534E-02 
588	 6.70427764516578E-02 
589	 6.66904921603258E-02 
590	 6.63949473946181E-02 
591	 6.61129662920148E-02 
592	 6.58675855245879E-02 
593	 0.065646752405363 
594	 6.54308011492914E-02 
595	 6.52532813353312E-02 
596	 6.50878832256232E-02 
597	 6.49154392654712E-02 
598	 6.47538195916508E-02 
599	 6.46140662369476E-02 
600	 6.44491252990445E-02 
601	 6.42003818327413E-02 
602	 6.39324005585403E-02 
603	 0.06363457779507 
604	 6.33016341699353E-02 
605	 6.29481962865028E-02 
606	 6.24885163197476E-02 
607	 6.19918819796405E-02 
608	 0.061543282371712 
609	 0.061080701250507 
610	 6.05692018157642E-02 
611	 6.00310013876472E-02 
612	 5.95297910903132E-02 
613	 5.89259946113567E-02 
614	 5.83655977925244E-02 
615	 5.79503239838757E-02 
616	 5.74722061314922E-02 
617	 0.057014797683252 
618	 5.66172509789835E-02 
619	 5.62707508012152E-02 
620	 5.59292522463492E-02 
621	 5.56388874942475E-02 
622	 0.055428123115051 
623	 5.52803417700793E-02 
624	 5.51426401816771E-02 
625	 5.50262920726331E-02 
626	 5.49580882241556E-02 
627	 0.054882957101985 
628	 5.48472726264099E-02 
629	 5.48598523114361E-02 
630	 0.054875976244451 
631	 5.48624354184565E-02 
632	 5.47747192008702E-02 
633	 5.46071514377225E-02 
634	 5.44765469258421E-02 
635	 0.054328449034154 
636	 5.40925744750482E-02 
637	 5.37066904151716E-02 
638	 5.32898289540164E-02 
639	 0.052851628877509 
640	 5.23754448039945E-02 
641	 5.18247435838426E-02 
642	 5.13035376318018E-02 
643	 5.07574272871802E-02 
644	 5.01095934701815E-02 
645	 4.95656927896995E-02 
646	 4.90305987335269E-02 
647	 0.048492123342975 
648	 4.80508422230105E-02 
649	 4.76515852543507E-02 
650	 4.72745793301883E-02 
651	 4.69199096238235E-02 
652	 0.046643202362442 
653	 4.63238879364828E-02 
654	 4.59608533866908E-02 
655	 4.56109155704789E-02 
656	 4.52426018838221E-02 
657	 4.47649048504967E-02 
658	 4.42032814183527E-02 
659	 4.37134106590304E-02 
660	 4.31703645555988E-02 
661	 0.042595013911381 
662	 4.20382304884981E-02 
663	 4.15087668387294E-02 
664	 4.10535100256423E-02 
665	 0.040660576700355 
666	 4.02483000850929E-02 
667	 3.99325077626858E-02 
668	 3.96655457526795E-02 
669	 0.039415565343359 
670	 3.92972556217425E-02 
671	 3.92512517410153E-02 
672	 0.039219522529848 
673	 3.91608308509439E-02 
674	 3.91766505588737E-02 
675	 3.92595868637012E-02 
676	 3.93813567158436E-02 
677	 3.95032193669721E-02 
678	 3.96698198996288E-02 
679	 3.99478920275624E-02 
680	 4.03655793363125E-02 
681	 4.07834331113836E-02 
682	 4.12703772921553E-02 
683	 4.19180194118863E-02 
684	 4.28177895589586E-02 
685	 0.043940898201163 
686	 0.045432396778886 
687	 4.73316193409858E-02 
688	 4.90595968680579E-02 
689	 5.09119706902691E-02 
690	 5.30750918597026E-02 
691	 5.55994840988093E-02 
692	 5.84956069813655E-02 
693	 6.17881397866911E-02 
694	 6.54704200234099E-02 
695	 6.94315088791212E-02 
696	 7.36482937606542E-02 
697	 7.80720978536915E-02 
698	 8.27825084423831E-02 
699	 8.77739576322547E-02 
700	 9.30037811150464E-02 
701	 9.83675825615765E-02 
702	 0.103741072033479 
703	 0.109032181851608 
704	 0.114369621147377 
705	 0.119850679076877 
706	 0.125364952860026 
707	 0.131022943037208 
708	 0.136777274960344 
709	 0.142583145543666 
710	 0.148446716988655 
711	 0.154479825749905 
712	 0.160707155272277 
713	 0.167055025243112 
714	 0.173564765309352 
715	 0.180051517049067 
716	 0.186708080665926 
717	 0.193833393950435 
718	 0.201403999849451 
719	 0.209238730461811 
720	 0.216873614028956 
721	 0.224088298698921 
722	 0.230979023294835 
723	 0.238299709768676 
724	 0.246049124372254 
725	 0.253792786097074 
726	 0.261286905051831 
727	 0.268661861280117 
728	 0.27594373250497 
729	 0.283101359776901 
730	 0.290109492286729 
731	 0.296918828521123 
732	 0.303518501251453 
733	 0.309720961457679 
734	 0.315664153682446 
735	 0.321538830697424 
736	 0.327189811278855 
737	 0.332561028548334 
738	 0.33765254670366 
739	 0.342468758076743 
740	 0.347104725569095 
741	 0.351476080268076 
742	 0.35550519666664 
743	 0.35928574955637 
744	 0.362799646678896 
745	 0.366062640762158 
746	 0.369078249905979 
747	 0.371898054974934 
748	 0.374544677223009 
749	 0.377012524964485 
750	 0.37926538623267 
751	 0.381401012441411 
752	 0.383397236852729 
753	 0.385223628023419 
754	 0.386901503861685 
755	 0.388542266814409 
756	 0.390169421932949 
757	 0.391781562793082 
758	 0.393220217313593 
759	 0.39489678122099 
760	 0.397398225969899 
761	 0.40041167882019 
762	 0.401292066336103 
763	 0.401205233335622 
764	 0.401364961053983 
765	 0.401493855860515 
766	 0.401623820102338 
767	 0.401781495667616 
768	 0.402013185184939 
769	 0.402436896472646 
770	 0.402889741362345 
771	 0.403350245916784 
772	 0.403919295166506 
773	 0.40446722194173 
774	 0.404995144772671 
775	 0.405521413465835 
776	 0.406061047052027 
777	 0.406547192111275 
778	 0.406999060930037 
779	 0.407470427316054 
780	 0.408069313483796 
781	 0.40858984751321 
782	 0.409000084192819 
783	 0.409392511785559 
784	 0.409862219246353 
785	 0.410315539849423 
786	 0.410709596855771 
787	 0.411104369907552 
788	 0.411555286887845 
789	 0.412050755266255 
790	 0.412558125867602 
791	 0.413042924845414 
792	 0.413515122793117 
793	 0.413973605791059 
794	 0.414417629236945 
795	 0.414855185319405 
796	 0.415292649262868 
797	 0.415701616691021 
798	 0.416041854129509 
799	 0.416434480356109 
800	 0.416900838876436 
801	 0.417400151096183 
802	 0.417825734628923 
803	 0.418257839320078 
804	 0.41873118539089 
805	 0.419228717846656 
806	 0.419617322077891 
807	 0.41993743468991 
808	 0.420277993203519 
809	 0.420700130614783 
810	 0.420987581313626 
811	 0.421248374525023 
812	 0.421443492361017 
813	 0.421387125043157 
814	 0.42143516786756 
815	 0.421703385903668 
816	 0.422189407224097 
817	 0.422775250743768 
818	 0.42336067818744 
819	 0.423907672513476 
820	 0.424373121953946 
821	 0.424512068735689 
822	 0.424795478723085 
823	 0.425407442608761 
824	 0.426239723898101 
825	 0.426642237024314 
826	 0.426819662114971 
827	 0.426995425046395 
828	 0.427327678621598 
829	 0.427776619201783 
830	 0.428184155973286 
831	 0.42850143571447 
832	 0.428892812825671 
833	 0.429394849752335 
834	 0.429913979730564 
835	 0.430363850355005 
836	 0.430734244353237 
837	 0.431178218889528 
838	 0.431668922295544 
839	 0.43210600063074 
840	 0.432494575441604 
841	 0.432915288504722 
842	 0.433337166939185 
843	 0.433656847555489 
844	 0.434110064415478 
845	 0.434546523530919 
846	 0.434872410679854 
847	 0.43515024411587 
848	 0.435444076029976 
849	 0.435826915217877 
850	 0.436294462090877 
851	 0.43666747146316 
852	 0.436876921942554 
853	 0.437143851743918 
854	 0.437699112555981 
855	 0.438372591970693 
856	 0.438873298238073 
857	 0.439133556253623 
858	 0.439262515626092 
859	 0.439509321731165 
860	 0.439932988273405 
861	 0.440437980654497 
862	 0.440823681495051 
863	 0.441162857706649 
864	 0.441317395840393 
865	 0.441345027068704 
866	 0.441648411507439 
867	 0.442283107972328 
868	 0.442850162377054 
869	 0.443109395712261 
870	 0.443424749554395 
871	 0.443660080608582 
872	 0.443886413343958 
873	 0.444218338044117 
874	 0.444652633021101 
875	 0.444925283471672 
876	 0.445114151827363 
877	 0.44541413294826 
878	 0.445653519233408 
879	 0.445949787029891 
880	 0.446318965769558 
881	 0.446706142631885 
882	 0.446980955106383 
883	 0.447193333989233 
884	 0.44740786815041 
885	 0.447678926229612 
886	 0.448048896924295 
887	 0.448321992296974 
888	 0.448450337564656 
889	 0.448664983745684 
890	 0.448845287395217 
891	 0.448935325005182 
892	 0.448890138680769 
893	 0.448685983525143 
894	 0.44854591539898 
895	 0.448424525977346 
896	 0.448220424259453 
897	 0.44803390888834 
898	 0.44820118423217 
899	 0.448569591365498 
900	 0.448813208078098 
901	 0.449341432213131 
902	 0.449890087907294 
903	 0.450217688125878 
904	 0.450199958664876 
905	 0.45039154241354 
906	 0.450441360471968 
907	 0.450272504944715 
908	 0.450162957315531 
909	 0.45034903417238 
910	 0.45051735246129 
911	 0.450506085953809 
912	 0.450498789735396 
913	 0.450433954948082 
914	 0.450636046423918 
915	 0.451169997756567 
916	 0.451503597681726 
917	 0.45181766422314 
918	 0.452205751235429 
919	 0.452616050378778 
920	 0.452741031972036 
921	 0.452571720098892 
922	 0.452323129345105 
923	 0.452188756093127 
924	 0.452046216695249 
925	 0.451656703018204 
926	 0.450804182142585 
927	 0.449416583826353 
928	 0.447933007871102 
929	 0.446790014322563 
930	 0.444989454155324 
931	 0.441120799311254 
932	 0.439067303340753 
933	 0.437835550805932 
934	 0.436868353877565 
935	 0.436435988100947 
936	 0.437250277072409 
937	 0.438253527581575 
938	 0.438898404132779 
939	 0.439186861148075 
940	 0.43880678184954 
941	 0.437470314739947 
942	 0.435916411768039 
943	 0.435638909763364 
944	 0.435371772582592 
945	 0.434698385965829 
946	 0.433661609643723 
947	 0.4327121236244 
948	 0.431594277570554 
949	 0.430844320463897 
950	 0.430593020171309 
951	 0.430297950277425 
952	 0.429184739056137 
953	 0.428034315956648 
954	 0.427436536531564 
955	 0.427068469307188 
956	 0.42632377165662 
957	 0.425601008170593 
958	 0.425299011043515 
959	 0.425322922467586 
960	 0.425616704951527 
961	 0.425920553518564 
962	 0.425907381296988 
963	 0.425127333330684 
964	 0.425890336075222 
965	 0.427027616954271 
966	 0.427308768148618 
967	 0.427504954729233 
968	 0.427903716812259 
969	 0.428278108923291 
970	 0.428415931764892 
971	 0.428686624205505 
972	 0.428137615257642 
973	 0.427918451970011 
974	 0.428839713890484 
975	 0.428546020480828 
976	 0.428827395476247 
977	 0.429750372254554 
978	 0.430580779317639 
979	 0.430107362717924 
980	 0.430301703540668 
981	 0.431342674727534 
982	 0.432514513496661 
983	 0.432717993426478 
984	 0.432761524996449 
985	 0.433098264031259 
986	 0.433939550669437 
987	 0.435425999116912 
988	 0.435455886877613 
989	 0.43495251073121 
990	 0.435581937874468 
991	 0.436765719365977 
992	 0.437525327205453 
993	 0.437765146322139 
994	 0.437923204457016 
995	 0.438609279303972 
996	 0.439687313716501 
997	 0.440331787004331 
998	 0.439986759271143 
999	 0.440030766445338 
1000	 0.440789191299614 
1001	 0.457722208001684 
1002	 0.458133484247076 
1003	 0.458718824091528 
1004	 0.459346370307416 
1005	 0.459902493041075 
1006	 0.460606281694592 
1007	 0.461565898432018 
1008	 0.462300089215593 
1009	 0.462923867394415 
1010	 0.463720916111408 
1011	 0.464232382986677 
1012	 0.464695217058552 
1013	 0.465361627331023 
1014	 0.465976517659495 
1015	 0.46671558417232 
1016	 0.46768199432109 
1017	 0.468516504047453 
1018	 0.469379815211967 
1019	 0.470016755018925 
1020	 0.470594344863588 
1021	 0.471202933497814 
1022	 0.471736850500969 
1023	 0.47253882407404 
1024	 0.47349392264231 
1025	 0.47418008190394 
1026	 0.474917989420583 
1027	 0.475725154580228 
1028	 0.47629758959636 
1029	 0.476923359536831 
1030	 0.47766755386577 
1031	 0.478312505273032 
1032	 0.478825539128398 
1033	 0.479491519257404 
1034	 0.480169215230537 
1035	 0.480706033604935 
1036	 0.481282048679826 
1037	 0.481834727035576 
1038	 0.482578945921928 
1039	 0.483264957278167 
1040	 0.483730799001005 
1041	 0.484297341038205 
1042	 0.484772783931258 
1043	 0.485148302671506 
1044	 0.485699442784653 
1045	 0.486394109480013 
1046	 0.487194663886456 
1047	 0.487872506216052 
1048	 0.488451195398965 
1049	 0.489069507333686 
1050	 0.489573010619165 
1051	 0.489951200018114 
1052	 0.490404374314194 
1053	 0.490828830603989 
1054	 0.491092562971217 
1055	 0.491408848068047 
1056	 0.491784501202569 
1057	 0.492102367720018 
1058	 0.49233933603062 
1059	 0.492665063113431 
1060	 0.493034985234261 
1061	 0.493335262250869 
1062	 0.493662738683172 
1063	 0.494173942086271 
1064	 0.494576180710144 
1065	 0.494910487363805 
1066	 0.495284959116295 
1067	 0.495513145255763 
1068	 0.495689169234993 
1069	 0.495823733676513 
1070	 0.495943728205646 
1071	 0.49601539375438 
1072	 0.496166397753869 
1073	 0.496320749275027 
1074	 0.496421869127157 
1075	 0.496633175459275 
1076	 0.496711618416236 
1077	 0.496540209742369 
1078	 0.496561518275691 
1079	 0.496450762043463 
1080	 0.496254228001268 
1081	 0.496262168996068 
1082	 0.496257205411569 
1083	 0.496220912654676 
1084	 0.49626032391309 
1085	 0.49619726387492 
1086	 0.495996848262475 
1087	 0.495863694471042 
1088	 0.495733247360796 
1089	 0.495607734650928 
1090	 0.495456031240409 
1091	 0.495317017940361 
1092	 0.495202015983608 
1093	 0.495067235633736 
1094	 0.494867217289207 
1095	 0.494660195796799 
1096	 0.494434068261347 
1097	 0.49416922314245 
1098	 0.493899811307842 
1099	 0.493602222401153 
1100	 0.493353277328514 
1101	 0.493174260771711 
1102	 0.492855431841717 
1103	 0.492496560165485 
1104	 0.492134895436304 
1105	 0.491605168500982 
1106	 0.491176912185846 
1107	 0.490880719296451 
1108	 0.490488995869792 
1109	 0.49003299776565 
1110	 0.48945070186242 
1111	 0.488885394548693 
1112	 0.488112711582324 
1113	 0.487542972764823 
1114	 0.487092017780347 
1115	 0.486522517463633 
1116	 0.486147558142112 
1117	 0.485343058449113 
1118	 0.484116986791824 
1119	 0.483005826871874 
1120	 0.481617469188128 
1121	 0.480243536720188 
1122	 0.478999653785506 
1123	 0.477589246699103 
1124	 0.476076319751823 
1125	 0.474383961530586 
1126	 0.472926940570951 
1127	 0.472039462409725 
1128	 0.470140317103157 
1129	 0.468080933182324 
1130	 0.465949833078474 
1131	 0.463142045363128 
1132	 0.46099413063132 
1133	 0.459315347940879 
1134	 0.457669630934765 
1135	 0.456667769045375 
1136	 0.45489589674108 
1137	 0.452723014276972 
1138	 0.450793877641536 
1139	 0.448665994911769 
1140	 0.44625322696231 
1141	 0.444203973850768 
1142	 0.442685939549357 
1143	 0.440440535439457 
1144	 0.437918402596892 
1145	 0.435434478431994 
1146	 0.43263859482869 
1147	 0.430207451946441 
1148	 0.42788551937935 
1149	 0.425676652119553 
1150	 0.423776427050671 
1151	 0.421700713594556 
1152	 0.419377554289335 
1153	 0.417607907549721 
1154	 0.416024801754623 
1155	 0.414654207785599 
1156	 0.413483911228584 
1157	 0.412598960140087 
1158	 0.411806715103769 
1159	 0.410988257553286 
1160	 0.410524453843642 
1161	 0.41032867691336 
1162	 0.410154348353157 
1163	 0.41019725112829 
1164	 0.410072188891679 
1165	 0.409977021136099 
1166	 0.409792755663378 
1167	 0.409361985609711 
1168	 0.409191315924098 
1169	 0.40913065364171 
1170	 0.409078632877442 
1171	 0.409187191821649 
1172	 0.409237647716979 
1173	 0.409144064014796 
1174	 0.409039376727171 
1175	 0.408957010138574 
1176	 0.408840941756381 
1177	 0.408757364868178 
1178	 0.408642102333998 
1179	 0.4086496864748 
1180	 0.408795375647874 
1181	 0.408748733330491 
1182	 0.408692894460302 
1183	 0.40860106050459 
1184	 0.408319665486052 
1185	 0.408167016409186 
1186	 0.408087316262836 
1187	 0.408023388632338 
1188	 0.408096209526393 
1189	 0.407898294276927 
1190	 0.40785428354647 
1191	 0.408206003375245 
1192	 0.408278695887959 
1193	 0.408200712558656 
1194	 0.408254530170559 
1195	 0.408135400114991 
1196	 0.40822583261978 
1197	 0.408623349008622 
1198	 0.408788811103892 
1199	 0.408904040402819 
1200	 0.409036016412247 
1201	 0.408999363259706 
1202	 0.409153386412437 
1203	 0.409456674720425 
1204	 0.409681963858387 
1205	 0.409928467372016 
1206	 0.410249134281825 
1207	 0.41042047278293 
1208	 0.410604716204728 
1209	 0.411080294958888 
1210	 0.411529729305816 
1211	 0.412002494884844 
1212	 0.412525453292063 
1213	 0.412705755604885 
1214	 0.412972524697225 
1215	 0.413377240714622 
1216	 0.413836435700515 
1217	 0.41428791644116 
1218	 0.414932087519303 
1219	 0.415464609426342 
1220	 0.415941793049316 
1221	 0.416390069362006 
1222	 0.416763175837473 
1223	 0.417178560072287 
1224	 0.417462557317812 
1225	 0.417999894528915 
1226	 0.418756272692672 
1227	 0.419341277740359 
1228	 0.41970572541754 
1229	 0.420228241568786 
1230	 0.420667292677426 
1231	 0.421122514785734 
1232	 0.421833131314672 
1233	 0.422303255370165 
1234	 0.422688493047714 
1235	 0.423205678539981 
1236	 0.423681234663808 
1237	 0.424198838980056 
1238	 0.42467101356768 
1239	 0.42504101311444 
1240	 0.425511482998438 
1241	 0.426053514475698 
1242	 0.426534108097752 
1243	 0.427042865973308 
1244	 0.427598423259966 
1245	 0.427996474399164 
1246	 0.428278461186972 
1247	 0.42856424842033 
1248	 0.428931278500721 
1249	 0.429477445134189 
1250	 0.430023206538099 
1251	 0.430498786474211 
1252	 0.430922994336335 
1253	 0.43116403574665 
1254	 0.431296447581395 
1255	 0.431693385611234 
1256	 0.432249768756077 
1257	 0.432635191094411 
1258	 0.433094478938515 
1259	 0.433416388119905 
1260	 0.433473534843773 
1261	 0.433672484709706 
1262	 0.433867152988039 
1263	 0.434170691721228 
1264	 0.434510196782962 
1265	 0.434735950264993 
1266	 0.434951523188561 
1267	 0.435148267338698 
1268	 0.435100425148804 
1269	 0.435126642706803 
1270	 0.435304015952928 
1271	 0.435223550086553 
1272	 0.435198598517642 
1273	 0.435287802317685 
1274	 0.435130169817722 
1275	 0.435098774167385 
1276	 0.434967500959439 
1277	 0.434584479726647 
1278	 0.434506572681933 
1279	 0.434348402197448 
1280	 0.434060755703076 
1281	 0.433814665638745 
1282	 0.433576810151146 
1283	 0.433213056381555 
1284	 0.432769524274863 
1285	 0.432341835066617 
1286	 0.431954122699618 
1287	 0.431477368955846 
1288	 0.430845536320526 
1289	 0.430268099641215 
1290	 0.429805999876482 
1291	 0.429246282502301 
1292	 0.428542856493582 
1293	 0.427918480592958 
1294	 0.427180379976929 
1295	 0.426177132863446 
1296	 0.425242914784349 
1297	 0.424418849457577 
1298	 0.42363487809176 
1299	 0.422822156400967 
1300	 0.42172457682088 
1301	 0.420587588286498 
1302	 0.419437115994746 
1303	 0.418191509549748 
1304	 0.416891785193565 
1305	 0.415736947226961 
1306	 0.414664177559112 
1307	 0.413266573891023 
1308	 0.411808803999173 
1309	 0.410142648060477 
1310	 0.408461511180297 
1311	 0.406928260456015 
1312	 0.405397258136956 
1313	 0.403822003653187 
1314	 0.401960081012196 
1315	 0.399936239851871 
1316	 0.397958186305721 
1317	 0.396081345430217 
1318	 0.394358726954333 
1319	 0.392326258782443 
1320	 0.390192219026233 
1321	 0.388269089174125 
1322	 0.386235943739093 
1323	 0.384239649931261 
1324	 0.382195754360669 
1325	 0.380043118123249 
1326	 0.37784590998891 
1327	 0.375456875692766 
1328	 0.373159706259981 
1329	 0.37088845351099 
1330	 0.36843969810635 
1331	 0.365807207980507 
1332	 0.36334340770126 
1333	 0.361117830527004 
1334	 0.358709719247152 
1335	 0.356437565460969 
1336	 0.354233562539239 
1337	 0.351636065886757 
1338	 0.34952987301982 
1339	 0.348049034476607 
1340	 0.34631227586169 
1341	 0.344651418781811 
1342	 0.343127427264151 
1343	 0.341297689115609 
1344	 0.339825340471211 
1345	 0.338929276236812 
1346	 0.337613206532671 
1347	 0.335672202077351 
1348	 0.333631601480258 
1349	 0.331690757000097 
1350	 0.329701762508018 
1351	 0.328559617444788 
1352	 0.328309937781753 
1353	 0.32669783050046 
1354	 0.32506274258451 
1355	 0.323563023867518 
1356	 0.319975923248552 
1357	 0.317735598023325 
1358	 0.317593761494004 
1359	 0.317189454743865 
1360	 0.318319804880014 
1361	 0.322069969156616 
1362	 0.323985608633076 
1363	 0.317120686882465 
1364	 0.30716735058286 
1365	 0.306744449743046 
1366	 0.32928133043563 
1367	 0.33700284671201 
1368	 0.319271989041826 
1369	 0.322504428461565 
1370	 0.272606918076125 
1371	 0.244325811861002 
1372	 0.298748185216985 
1373	 0.30610938543284 
1374	 0.327928315492516 
1375	 0.363154950723037 
1376	 0.301983770854512 
1377	 0.231968416408949 
1378	 0.225966011056732 
1379	 0.31922670909402 
1380	 0.387693998210887 
1381	 0.381075750628496 
1382	 0.342531172810664 
1383	 0.271101715848248 
1384	 0.216345461725826 
1385	 0.246737199133344 
1386	 0.260970174981965 
1387	 0.245910554387237 
1388	 0.279214777459544 
1389	 0.272441764323922 
1390	 0.250060259516732 
1391	 0.213027358206521 
1392	 0.212209961947897 
1393	 0.16925179040644 
1394	 0.134885943416069 
1395	 0.163955802911627 
1396	 0.154436540321161 
1397	 0.113336284280327 
1398	 0.121500383017303 
1399	 0.137237128467759 
1400	 0.131496228282352 
1401	 0.148935769430199 
1402	 0.159585536750879 
1403	 0.133211106269215 
1404	 0.113195027680348 
1405	 0.115692438009915 
1406	 0.115515578485096 
1407	 0.107928535375828 
1408	 0.115958289097847 
1409	 0.118736796433315 
1410	 0.103908867597222 
1411	 0.101693074256977 
1412	 0.105286448552722 
1413	 0.09807683994781 
1414	 9.37090590318827E-02 
1415	 9.48117240263065E-02 
1416	 9.01379043169487E-02 
1417	 8.67817173051503E-02 
1418	 8.98327043014872E-02 
1419	 9.04202949532333E-02 
1420	 8.87467190349892E-02 
1421	 8.90976001438762E-02 
1422	 8.90602587761938E-02 
1423	 8.78655281993021E-02 
1424	 8.89229241855731E-02 
1425	 8.98570900298926E-02 
1426	 8.87451719846122E-02 
1427	 8.64294993960011E-02 
1428	 8.54476199637061E-02 
1429	 8.49564281574619E-02 
1430	 8.38296851235013E-02 
1431	 8.32818643834589E-02 
1432	 8.28507293920251E-02 
1433	 8.17733345727263E-02 
1434	 8.07442706969479E-02 
1435	 8.11769480687387E-02 
1436	 8.20619897941579E-02 
1437	 8.17801026849302E-02 
1438	 8.05768179149539E-02 
1439	 7.99856738143965E-02 
1440	 8.04695352291894E-02 
1441	 8.05539702037021E-02 
1442	 8.06392782072444E-02 
1443	 8.08698039161472E-02 
1444	 8.01614706872946E-02 
1445	 7.98782334341046E-02 
1446	 0.080500848008563 
1447	 8.09678556715147E-02 
1448	 8.11000699225687E-02 
1449	 8.05215438457255E-02 
1450	 7.98704019162079E-02 
1451	 7.94337026819454E-02 
1452	 7.94751143827027E-02 
1453	 8.06644904991723E-02 
1454	 8.11402819606038E-02 
1455	 8.08369962327024E-02 
1456	 8.11846126765939E-02 
1457	 8.10481002004663E-02 
1458	 8.06201794478862E-02 
1459	 8.10754065931193E-02 
1460	 8.16427018533875E-02 
1461	 0.08170091173661 
1462	 8.21252604272471E-02 
1463	 8.27219634803335E-02 
1464	 8.25864526624006E-02 
1465	 8.29731274984809E-02 
1466	 8.37995831833506E-02 
1467	 8.39038498823014E-02 
1468	 8.42508692280211E-02 
1469	 8.46884001871407E-02 
1470	 8.51172325471729E-02 
1471	 8.52848636074047E-02 
1472	 8.61550761640996E-02 
1473	 8.74698590763224E-02 
1474	 0.088601307625422 
1475	 8.91621083182406E-02 
1476	 8.95687080824246E-02 
1477	 8.99863274290637E-02 
1478	 9.03726436818324E-02 
1479	 9.12371887719908E-02 
1480	 9.26879241195808E-02 
1481	 9.37307789033016E-02 
1482	 9.43997011252467E-02 
1483	 9.55033514372674E-02 
1484	 9.64520519729825E-02 
1485	 9.73695552289413E-02 
1486	 0.098376293327636 
1487	 9.91094561808265E-02 
1488	 0.099905004549511 
1489	 0.100829377774887 
1490	 0.101759865138917 
1491	 0.102735555250477 
1492	 0.103919423626301 
1493	 0.1049218623738 
1494	 0.105652695518495 
1495	 0.106562802015166 
1496	 0.10735612616175 
1497	 0.108307770729604 
1498	 0.109606809629672 
1499	 0.11054816841014 
1500	 0.111381370898371 
1501	 0.112258516746927 
1502	 0.1130872102231 
1503	 0.11437318928291 
1504	 0.115776139373398 
1505	 0.116756560772652 
1506	 0.11767221514367 
1507	 0.118738335042289 
1508	 0.119831425739787 
1509	 0.12091952900291 
1510	 0.122094480909634 
1511	 0.12333311521998 
1512	 0.124343792689042 
1513	 0.125311733099231 
1514	 0.126568047035375 
1515	 0.127778941798885 
1516	 0.128772854632851 
1517	 0.129882074826132 
1518	 0.130997825571759 
1519	 0.131859104111194 
1520	 0.132884401812085 
1521	 0.134149351424012 
1522	 0.135354036422903 
1523	 0.136482644609853 
1524	 0.137631469070399 
1525	 0.138913484411581 
1526	 0.140034559993943 
1527	 0.141122765788958 
1528	 0.14246243457692 
1529	 0.143642357335816 
1530	 0.144679798145787 
1531	 0.145829156270593 
1532	 0.14715863562544 
1533	 0.148302240579984 
1534	 0.14929951250603 
1535	 0.150421406047554 
1536	 0.151503632000081 
1537	 0.152607912604399 
1538	 0.153737330880275 
1539	 0.155052589746092 
1540	 0.156188850738588 
1541	 0.157338528022854 
1542	 0.158487768834755 
1543	 0.159574637453313 
1544	 0.16073592013046 
1545	 0.161880307937856 
1546	 0.162944857107257 
1547	 0.16413266844765 
1548	 0.165436548344706 
1549	 0.166621862782048 
1550	 0.167603320750098 
1551	 0.168561595682072 
1552	 0.169620132671422 
1553	 0.17067606732581 
1554	 0.171861513622918 
1555	 0.173015648602569 
1556	 0.173936547701135 
1557	 0.174902813071993 
1558	 0.175975503265082 
1559	 0.177090653317724 
1560	 0.178221761163544 
1561	 0.179266110330496 
1562	 0.180299479488546 
1563	 0.18139253060025 
1564	 0.182430755995646 
1565	 0.18343292971904 
1566	 0.184308097949607 
1567	 0.185171405999681 
1568	 0.186105059846733 
1569	 0.18707652511084 
1570	 0.188367350606561 
1571	 0.189534288938897 
1572	 0.190319471372259 
1573	 0.191140889062366 
1574	 0.191978124257858 
1575	 0.192936242867513 
1576	 0.194178532969724 
1577	 0.195255120017685 
1578	 0.195952770012016 
1579	 0.196589227193465 
1580	 0.197361912431653 
1581	 0.198509161604969 
1582	 0.199830879979956 
1583	 0.20080233610772 
1584	 0.201570471944119 
1585	 0.20229486471243 
1586	 0.202989834685384 
1587	 0.203861180263699 
1588	 0.204851735630263 
1589	 0.205774363559458 
1590	 0.206589654165821 
1591	 0.207411270469544 
1592	 0.208266711497641 
1593	 0.209087741999577 
1594	 0.209971088195258 
1595	 0.210829114413852 
1596	 0.211510378196149 
1597	 0.212253505894893 
1598	 0.213119623086323 
1599	 0.213998505464925 
1600	 0.214855242598473 
1601	 0.215539764610585 
1602	 0.216284315099609 
1603	 0.217252691953421 
1604	 0.218175556424919 
1605	 0.219021699236321 
1606	 0.219779648334025 
1607	 0.220400843797824 
1608	 0.221063166107602 
1609	 0.221824538727319 
1610	 0.222518862356719 
1611	 0.223082122463859 
1612	 0.223791522921311 
1613	 0.224705322511272 
1614	 0.225578504613541 
1615	 0.226358323109076 
1616	 0.226937333089094 
1617	 0.227384819361999 
1618	 0.22794961040949 
1619	 0.228542394565356 
1620	 0.229225190578376 
1621	 0.230078565509609 
1622	 0.230762147994998 
1623	 0.231354557002013 
1624	 0.231907691026401 
1625	 0.232184645184285 
1626	 0.232686541620358 
1627	 0.233361621929354 
1628	 0.233791832088062 
1629	 0.234502317567731 
1630	 0.235184663269106 
1631	 0.23550826695666 
1632	 0.236194426919698 
1633	 0.236909534545926 
1634	 0.237207165502815 
1635	 0.237547302179022 
1636	 0.238153180838385 
1637	 0.238740001036494 
1638	 0.239209290956113 
1639	 0.239864414933354 
1640	 0.240359406105369 
1641	 0.24049503347328 
1642	 0.240769323302702 
1643	 0.241209532893323 
1644	 0.241549634928544 
1645	 0.241864904963816 
1646	 0.242366529982013 
1647	 0.24278076345234 
1648	 0.243093899286612 
1649	 0.243498591977107 
1650	 0.243811462956274 
1651	 0.244183807352294 
1652	 0.244507949927 
1653	 0.244688020591436 
1654	 0.245086905363047 
1655	 0.245415438659393 
1656	 0.245549377646699 
1657	 0.245852997689702 
1658	 0.246072036552615 
1659	 0.246261840296684 
1660	 0.246550403919834 
1661	 0.246709014990712 
1662	 0.246946911536012 
1663	 0.247156503390661 
1664	 0.247340564215784 
1665	 0.247668213463502 
1666	 0.24769635606249 
1667	 0.247581319822293 
1668	 0.24756426149816 
1669	 0.247512455857837 
1670	 0.247642785214749 
1671	 0.247823440528721 
1672	 0.247944132696511 
1673	 0.248177660513792 
1674	 0.248222457257941 
1675	 0.24808846046659 
1676	 0.24813051578552 
1677	 0.248033135969499 
1678	 0.247835268659911 
1679	 0.247824234684333 
1680	 0.247758833021832 
1681	 0.247608676699037 
1682	 0.247337875745417 
1683	 0.247144352593652 
1684	 0.246983324315147 
1685	 0.246797710501064 
1686	 0.246718728092568 
1687	 0.246394831323733 
1688	 0.245988203388952 
1689	 0.245642389529166 
1690	 0.245418515519947 
1691	 0.245512628958089 
1692	 0.24532231779932 
1693	 0.245026010238083 
1694	 0.244815876931831 
1695	 0.244236751097637 
1696	 0.243994345333923 
1697	 0.243754873205451 
1698	 0.243261157584029 
1699	 0.243284734848235 
1700	 0.243184647694768 
1701	 0.242936300022061 
1702	 0.242539924322012 
1703	 0.242139014134999 
1704	 0.241708548903585 
1705	 0.241291992587247 
1706	 0.240856570769678 
1707	 0.240454977434361 
1708	 0.239998145179743 
1709	 0.239529943770722 
1710	 0.239192298009688 
1711	 0.238824888120453 
1712	 0.238417077082081 
1713	 0.237905484143711 
1714	 0.237235238380459 
1715	 0.236763434245382 
1716	 0.236429154923884 
1717	 0.235942682059746 
1718	 0.235453663135307 
1719	 0.235060015939925 
1720	 0.234636951944928 
1721	 0.234084511691733 
1722	 0.233689161627999 
1723	 0.233136163659839 
1724	 0.232132257900631 
1725	 0.231492065700779 
1726	 0.231112574431938 
1727	 0.23044155326923 
1728	 0.229747649267066 
1729	 0.229238912137251 
1730	 0.228777715797043 
1731	 0.228225957797416 
1732	 0.227741442599251 
1733	 0.226970918818591 
1734	 0.225761908493465 
1735	 0.22505254443491 
1736	 0.224628763522025 
1737	 0.224138098994803 
1738	 0.223970754997149 
1739	 0.22328381312823 
1740	 0.222074374463995 
1741	 0.221381524219302 
1742	 0.22078607056056 
1743	 0.2200955761405 
1744	 0.219751763719856 
1745	 0.219103002280114 
1746	 0.218053821306884 
1747	 0.217309816375726 
1748	 0.216739896953126 
1749	 0.216027589862283 
1750	 0.215391027713202 
1751	 0.21424951507616 
1752	 0.213098203706302 
1753	 0.212194096557523 
1754	 0.211099793653302 
1755	 0.21025769431713 
1756	 0.209871155173559 
1757	 0.208927538855575 
1758	 0.208138158091868 
1759	 0.207767564091294 
1760	 0.206878960102696 
1761	 0.206226646433071 
1762	 0.205614084425596 
1763	 0.204592919419831 
1764	 0.203611658704688 
1765	 0.201918217241624 
1766	 0.200554922711417 
1767	 0.200023175671609 
1768	 0.199212623434121 
1769	 0.199074338674137 
1770	 0.198988572355797 
1771	 0.197983891700637 
1772	 0.197302756972083 
1773	 0.196699568312457 
1774	 0.196125369041921 
1775	 0.195708712958411 
1776	 0.195114617369922 
1777	 0.194364185765485 
1778	 0.193768924305923 
1779	 0.193299224337327 
1780	 0.192704164947333 
1781	 0.192045320369901 
1782	 0.191504906776538 
1783	 0.190658373701978 
1784	 0.190316869733628 
1785	 0.190683760356938 
1786	 0.190609572543494 
1787	 0.190730619806032 
1788	 0.190472555771833 
1789	 0.189554103878639 
1790	 0.189147819436826 
1791	 0.188946676831507 
1792	 0.188425311200069 
1793	 0.187615824047787 
1794	 0.187541129262928 
1795	 0.187784673555293 
1796	 0.187801038416196 
1797	 0.188877773237477 
1798	 0.188882862023723 
1799	 0.187384094464884 
1800	 0.186874183842334 
1801	 0.186700485233368 
1802	 0.186486975039185 
1803	 0.186513945373492 
1804	 0.186719008144759 
1805	 0.187139166411827 
1806	 0.187012663927774 
1807	 0.187111721146639 
1808	 0.187017909739823 
1809	 0.186064196577313 
1810	 0.186540694890639 
1811	 0.185069108555475 
1812	 0.18345028863586 
1813	 0.184379073458671 
1814	 0.18994000714777 
1815	 0.196839005115203 
1816	 0.198089589614306 
1817	 0.199135977983368 
1818	 0.187106800460449 
1819	 0.178975555928718 
1820	 0.168896116701154 
1821	 0.166224755492551 
1822	 0.181451857904044 
1823	 0.184333723098344 
1824	 0.186574034622661 
1825	 0.194062438053192 
1826	 0.185954932275782 
1827	 0.186099734006998 
1828	 0.213747406371336 
1829	 0.225786583142693 
1830	 0.209909623927686 
1831	 0.162688283463298 
1832	 0.357433701853489 
1833	 0.459556849496741 
1834	 1.0811203429536 
1835	 1.72319378085229 
1836	 0.376972770088422 
1837	 0.139051801303985 
1838	 9.61746615948513E-02 
1839	 0.249357758104177 
1840	 0.524416337920839 
1841	 0.938834808122672 
1842	 1.18747399248446 
1843	 0.348980466490908 
1844	 0.502541876947533 
1845	 7.86123389101068 
1846	-41.3152196421609 
1847	 3.03443161651778 
1848	 9.46149708875106 
1849	 2.89475949189375 
1850	 0.563585756014088 
1851	 0.329273011486199 
1852	-0.756982633902563 
1853	-0.759593000741875 
1854	 1.18080852294457 
1855	 2.32801491163819 
1856	 0.800241435018409 
1857	 1.10295058017177 
1858	 3.74348367909435 
1859	 9.34874919867588 
1860	 6.04372616716871 
1861	 14.4093008628956 
1862	 4.31199122230897 
1863	 0.449315613882495 
1864	 0.273537011244797 
1865	 1.25610762212193E-02 
1866	 9.94412454633055E-04 
1867	 0.491127312445621 
1868	 0.159625779485536 
1869	 0.280784894283867 
1870	 1.11168125216829 
1871	 1.27562582643826 
1872	 1.67181684624612 
1873	 1.05424783312076 
1874	 5.92881014134174E-02 
1875	-2.96957698179618E-02 
1876	 0.113543063243151 
1877	 0.419800728023223 
1878	 0.264425656590631 
1879	 0.242104198179469 
1880	 0.284665023874274 
1881	 0.188761565574745 
1882	 0.129403820754232 
1883	 0.256158813386752 
1884	 0.225527437711515 
1885	-4.86573950316376E-06 
1886	-0.115357864461366 
1887	-1.29822870515573E-02 
1888	 0.13507767165405 
1889	 0.244276069936192 
1890	 0.247698474731623 
1891	 0.252152561640626 
1892	 0.188411634844488 
1893	 0.153744995114218 
1894	 0.022422282517102 
1895	 6.13154526547047E-02 
1896	 0.202705913720692 
1897	 0.479527241149629 
1898	 0.601771935997044 
1899	 0.746589867707093 
1900	 0.852484542935226 
1901	 0.578282853607715 
1902	 0.548577650572317 
1903	 0.931811042840899 
1904	 0.966682393678451 
1905	 0.903002218314426 
1906	 0.733560178246369 
1907	 0.421541406117157 
1908	 0.243619165575053 
1909	 0.130069881304327 
1910	 9.53418361884632E-03 
1911	 9.88470357079284E-02 
1912	 0.191635151338071 
1913	 0.17166847804771 
1914	 8.48097670110707E-02 
1915	 9.84376003968068E-02 
1916	 0.131727460781518 
1917	 8.80466561022743E-02 
1918	 9.42515026082623E-02 
1919	 0.150753295856005 
1920	 6.26532970071691E-02 
1921	 2.17758402735153E-02 
1922	 0.100083285002065 
1923	 0.119183532699463 
1924	 0.108394336708438 
1925	 0.098623077760951 
1926	 0.110982626954034 
1927	 8.62047732531633E-02 
1928	 5.93245285356915E-02 
1929	 6.07077219083697E-02 
1930	 5.60820773361798E-02 
1931	 4.13217121414071E-02 
1932	 3.09272162089346E-02 
1933	 3.32358959902067E-02 
1934	 3.91347031194082E-02 
1935	 4.10848882063912E-02 
1936	 4.29623488732132E-02 
1937	 3.94903493936249E-02 
1938	 0.032508893246996 
1939	 0.034159978365541 
1940	 3.59589145831413E-02 
1941	 3.45593349094213E-02 
1942	 3.66442490452863E-02 
1943	 3.51016793720965E-02 
1944	 3.40158999065931E-02 
1945	 3.65218152834569E-02 
1946	 3.57751049845361E-02 
1947	 3.47722732871034E-02 
1948	 3.58136376561272E-02 
1949	 0.035226478309557 
1950	 3.26348882083395E-02 
1951	 3.48580797269524E-02 
1952	 3.53596929804745E-02 
1953	 0.033368769863379 
1954	 3.40609613699857E-02 
1955	 3.53349545386655E-02 
1956	 3.41858623766317E-02 
1957	 3.19351648034195E-02 
1958	 3.13982915927542E-02 
1959	 3.06541206820164E-02 
1960	 3.05954487119665E-02 
1961	 0.030117398198337 
1962	 3.05907458915822E-02 
1963	 3.11396088967544E-02 
1964	 3.03689800528531E-02 
1965	 3.13345459586768E-02 
1966	 3.28905500193739E-02 
1967	 3.27771638241258E-02 
1968	 3.27650054183487E-02 
1969	 0.032813693016879 
1970	 3.25708549810334E-02 
1971	 3.21551747122044E-02 
1972	 3.32165872964056E-02 
1973	 3.41826162168401E-02 
1974	 3.41140150480123E-02 
1975	 3.43137467455545E-02 
1976	 3.50426960267556E-02 
1977	 3.49286019979867E-02 
1978	 3.36695344314416E-02 
1979	 3.36475677864709E-02 
1980	 3.40985002855492E-02 
1981	 3.41249840993434E-02 
1982	 0.034355489092645 
1983	 3.58640506830708E-02 
1984	 0.036413749835443 
1985	 3.53699675016825E-02 
1986	 3.50854642970891E-02 
1987	 3.57883738860466E-02 
1988	 3.64176418424446E-02 
1989	 3.71433790950532E-02 
1990	 3.77914363176833E-02 
1991	 3.77222335881961E-02 
1992	 3.75946592923759E-02 
1993	 3.77017569611445E-02 
1994	 3.80520286447346E-02 
1995	 3.82212721274866E-02 
1996	 3.81953423204745E-02 
1997	 3.87994934484368E-02 
1998	 3.92606066252765E-02 
1999	 4.00376070207246E-02 
2000	 4.16798094353447E-02 
2001	 4.30298766033019E-02 
2002	 4.33932827221928E-02 
2003	 4.24852719223374E-02 
2004	 4.29580470698341E-02 
2005	 4.49777378476806E-02 
2006	 4.51889062073606E-02 
2007	 4.52577243030168E-02 
2008	 4.61499687627631E-02 
2009	 4.64207921991492E-02 
2010	 0.044508807564982 
2011	 4.49600414932751E-02 
2012	 4.77159025892508E-02 
2013	 4.88074392904363E-02 
2014	 4.74927028545001E-02 
2015	 4.70849580852473E-02 
2016	 4.88507829220665E-02 
2017	 5.07779151200134E-02 
2018	 5.18366548344595E-02 
2019	 5.17905802879488E-02 
2020	 0.050423472348868 
2021	 5.07105328330814E-02 
2022	 5.08333009644421E-02 
2023	 5.07954541656074E-02 
2024	 5.21922866776826E-02 
2025	 5.29351418783666E-02 
2026	 5.19875010444899E-02 
2027	 5.19366092614845E-02 
2028	 5.28360485560578E-02 
2029	 5.32887180491915E-02 
2030	 5.27976401405039E-02 
2031	 5.32804913639961E-02 
2032	 5.37691941971373E-02 
2033	 5.39195159729254E-02 
2034	 5.40554215496148E-02 
2035	 0.05480785918839 
2036	 5.51295269500927E-02 
2037	 5.45036034196166E-02 
2038	 5.44103082425754E-02 
2039	 5.45068801144895E-02 
2040	 5.46694989197198E-02 
2041	 5.52861942169922E-02 
2042	 5.61629895362194E-02 
2043	 0.056317634031609 
2044	 5.58656972960134E-02 
2045	 5.62567121298678E-02 
2046	 5.68147983859203E-02 
2047	 5.71647540324347E-02 
2048	 5.83397271645123E-02 
2049	 5.92057138236213E-02 
2050	 5.97985379746204E-02 
2051	 5.92605722730157E-02 
2052	 5.99137897411625E-02 
2053	 6.06707140446162E-02 
2054	 6.05935526438687E-02 
2055	 6.10712770483093E-02 
2056	 6.17125257987459E-02 
2057	 6.16953797139274E-02 
2058	 6.25720058761638E-02 
2059	 0.063943579673163 
2060	 6.39783546668317E-02 
2061	 6.27767630422727E-02 
2062	 6.30484760350124E-02 
2063	 6.29374387539258E-02 
2064	 6.31073352609444E-02 
2065	 6.42737349201739E-02 
2066	 6.57168071525093E-02 
2067	 6.60318376295548E-02 
2068	 6.63677723110947E-02 
2069	 6.64679320463591E-02 
2070	 6.70708465519584E-02 
2071	 6.82423400234647E-02 
2072	 6.82867623418217E-02 
2073	 6.81963671689478E-02 
2074	 6.85324385216505E-02 
2075	 6.85552145661384E-02 
2076	 6.74188370790993E-02 
2077	 6.79062367353768E-02 
2078	 6.96817696338525E-02 
2079	 7.02815497823822E-02 
2080	 7.08191435477973E-02 
2081	 7.16819592085929E-02 
2082	 7.17858228823235E-02 
2083	 7.16055735292766E-02 
2084	 7.20723128677882E-02 
2085	 7.26822475568187E-02 
2086	 7.27755821212818E-02 
2087	 7.26842780036058E-02 
2088	 7.29991657442282E-02 
2089	 7.36323324717463E-02 
2090	 7.39688582758632E-02 
2091	 0.074341969398368 
2092	 7.48521881575798E-02 
2093	 7.52142132956272E-02 
2094	 0.07558220560303 
2095	 7.62724335244339E-02 
2096	 7.67981661439082E-02 
2097	 7.72651151461054E-02 
2098	 7.73663123145815E-02 
2099	 7.77124824852445E-02 
2100	 7.81757724967105E-02 
2101	 7.89664366987535E-02 
2102	 7.99097741353726E-02 
2103	 0.080330946027675 
2104	 8.07862298963744E-02 
2105	 8.12492506641058E-02 
2106	 8.12802148154615E-02 
2107	 8.15090265071335E-02 
2108	 8.19022870886168E-02 
2109	 8.23096522986451E-02 
2110	 8.27922346833102E-02 
2111	 8.30545630911991E-02 
2112	 8.30290791258919E-02 
2113	 8.35992621884384E-02 
2114	 8.42617336919217E-02 
2115	 8.50902282684765E-02 
2116	 8.61280958160344E-02 
2117	 8.67087271659444E-02 
2118	 8.67718832699563E-02 
2119	 8.64648743744162E-02 
2120	 8.64369808649401E-02 
2121	 8.69157720936999E-02 
2122	 8.73551464179073E-02 
2123	 8.81088054944845E-02 
2124	 0.088676255515929 
2125	 0.089239015893447 
2126	 0.089621530156366 
2127	 8.99335290200373E-02 
2128	 9.02232493173733E-02 
2129	 9.03251215144832E-02 
2130	 0.090633102561032 
2131	 9.10315972656594E-02 
2132	 9.14112267340075E-02 
2133	 9.19076358185237E-02 
2134	 0.092207282949308 
2135	 9.26307612260123E-02 
2136	 9.29709144696071E-02 
2137	 9.28229041516839E-02 
2138	 9.30132456489109E-02 
2139	 9.41303272506344E-02 
2140	 9.52731233886698E-02 
2141	 9.54883694917471E-02 
2142	 0.095874249346233 
2143	 0.096341702724453 
2144	 9.61308292046928E-02 
2145	 9.61073989715813E-02 
2146	 9.67232350774273E-02 
2147	 9.69482414715131E-02 
2148	 9.59882409171871E-02 
2149	 9.63996713302942E-02 
2150	 9.84944468399195E-02 
2151	 9.89805997532899E-02 
2152	 9.89662750822075E-02 
2153	 9.94727261988786E-02 
2154	 9.91729710437921E-02 
2155	 9.85626498854151E-02 
2156	 9.91421942329724E-02 
2157	 9.92588638815987E-02 
2158	 9.90982875115323E-02 
2159	 9.92949473528082E-02 
2160	 9.93706118341233E-02 
2161	 9.99270314789461E-02 
2162	 0.100704305487244 
2163	 0.100528262607527 
2164	 0.100580072016415 
2165	 0.100459103711779 
2166	 0.101068217181079 
2167	 0.102351936360075 
2168	 0.102587488225555 
2169	 0.102552601896668 
2170	 0.102889907210104 
2171	 0.10244914335468 
2172	 0.102444841457196 
2173	 0.103317059551232 
2174	 0.104200941433761 
2175	 0.103396944344857 
2176	 0.102629347351886 
2177	 0.103781369687883 
2178	 0.104431225029155 
2179	 0.10462648510294 
2180	 0.105444132280872 
2181	 0.105600026327871 
2182	 0.105668483352051 
2183	 0.105988827287934 
2184	 0.106062300279438 
2185	 0.106425332259946 
2186	 0.106612687041053 
2187	 0.106538081748255 
2188	 0.106418510758404 
2189	 0.106938251310982 
2190	 0.107536522619391 
2191	 0.107504597524141 
2192	 0.108100444537117 
2193	 0.108224109121275 
2194	 0.106915475199315 
2195	 0.106531143900971 
2196	 0.106432194368314 
2197	 0.107079324990271 
2198	 0.107951915677445 
2199	 0.107822442546657 
2200	 0.1073768434328 
2201	 0.107598432377594 
2202	 0.10793309618178 
2203	 0.107593628600354 
2204	 0.107863525732779 
2205	 0.108248894852305 
2206	 0.106982406742223 
2207	 0.107148617930519 
2208	 0.108681024129757 
2209	 0.108338669719143 
2210	 0.108486705357798 
2211	 0.109452091676159 
2212	 0.109719331573599 
2213	 0.109268210300028 
2214	 0.108798857598439 
2215	 0.107724954271905 
2216	 0.107497335106243 
2217	 0.107797908348262 
2218	 0.107654800161467 
2219	 0.10768025618595 
2220	 0.107826661834045 
2221	 0.107389215303843 
2222	 0.107385022246835 
2223	 0.108347745040981 
2224	 0.108646540396703 
2225	 0.108227815286905 
2226	 0.107846911188659 
2227	 0.106581139407522 
2228	 0.105939743460118 
2229	 0.106365451953935 
2230	 0.106543748442614 
2231	 0.105960343452581 
2232	 0.105285205236798 
2233	 0.105439124609201 
2234	 0.104492420465018 
2235	 0.104292297755748 
2236	 0.105738189385164 
2237	 0.105702733318259 
2238	 0.104104942618674 
2239	 0.1042778292547 
2240	 0.10571456347763 
2241	 0.104972696477845 
2242	 0.103041972406815 
2243	 0.102948716340543 
2244	 0.102606855232678 
2245	 0.102005348612994 
2246	 0.103561320627526 
2247	 0.103437732152027 
2248	 0.100374025625279 
2249	 9.93825912705226E-02 
2250	 9.93387603511171E-02 
2251	 9.97014113658989E-02 
2252	 9.98138479647089E-02 
2253	 0.100277181133865 
2254	 0.100031098015658 
2255	 9.96609251468117E-02 
2256	 9.94808428953126E-02 
2257	 9.87669547664788E-02 
2258	 9.76654545013876E-02 
2259	 9.67213874263956E-02 
2260	 9.61611540464595E-02 
2261	 9.58132282855154E-02 
2262	 9.62740385173268E-02 
2263	 9.60268382097498E-02 
2264	 9.45679028623096E-02 
2265	 9.39332197726157E-02 
2266	 9.31297650184547E-02 
2267	 9.32820401028569E-02 
2268	 9.36089832010402E-02 
2269	 9.22666336983191E-02 
2270	 9.24896428875672E-02 
2271	 9.20170042329758E-02 
2272	 0.091899397537918 
2273	 9.35196914829411E-02 
2274	 9.40293977187973E-02 
2275	 0.092616058795255 
2276	 9.26505416412304E-02 
2277	 9.36111226272941E-02 
2278	 9.33054540805662E-02 
2279	 9.35995402155993E-02 
2280	 9.33771031692348E-02 
2281	 9.14206290771283E-02 
2282	 9.09174713706752E-02 
2283	 9.10957285519494E-02 
2284	 9.10180569795924E-02 
2285	 9.19785818319909E-02 
2286	 9.13863152033077E-02 
2287	 8.97353579664878E-02 
2288	 8.77728728031681E-02 
2289	 8.68939843686249E-02 
2290	 0.087267934217061 
2291	 8.63555985448766E-02 
2292	 8.60533606729116E-02 
2293	 8.60436727089828E-02 
2294	 0.084425534905803 
2295	 8.47971371069086E-02 
2296	 8.59340671000269E-02 
2297	 8.49942496949126E-02 
2298	 0.083887792537154 
2299	 8.29291456159245E-02 
2300	 8.30058542671735E-02 
2301	 8.39281675974272E-02 
2302	 8.40605785663988E-02 
2303	 8.43503226031947E-02 
2304	 8.34719140468788E-02 
2305	 8.20737525864543E-02 
2306	 8.18870087372913E-02 
2307	 8.13605699146268E-02 
2308	 8.02234011859078E-02 
2309	 7.93471809605697E-02 
2310	 0.07985446317279 
2311	 8.01050256299638E-02 
2312	 7.91402476260796E-02 
2313	 7.79626446819996E-02 
2314	 7.73265883396802E-02 
2315	 7.80671198394344E-02 
2316	 7.87123740616929E-02 
2317	 7.86920218564915E-02 
2318	 7.79690287713572E-02 
2319	 7.71456925139272E-02 
2320	 7.37008374744485E-02 
2321	 7.37907463596745E-02 
2322	 7.70682544631517E-02 
2323	 7.68579236796491E-02 
2324	 0.076039983320878 
2325	 7.62557038776798E-02 
2326	 7.54664957252159E-02 
2327	 7.51650082022584E-02 
2328	 7.61801024607577E-02 
2329	 7.51444955192251E-02 
2330	 7.19708191013879E-02 
2331	 7.07289648062207E-02 
2332	 6.98429460928758E-02 
2333	 6.91555782931795E-02 
2334	 6.97940447274897E-02 
2335	 7.06609172478822E-02 
2336	 7.11171984443995E-02 
2337	 7.13417395043438E-02 
2338	 7.25580915970631E-02 
2339	 7.32146462355179E-02 
2340	 7.21148060149626E-02 
2341	 7.39251100127813E-02 
2342	 7.53664345570339E-02 
2343	 7.04651809582055E-02 
2344	 6.83913353794749E-02 
2345	 7.02425386656762E-02 
2346	 6.91880438736527E-02 
2347	 6.96129976503574E-02 
2348	 7.06167187286439E-02 
2349	 6.72573500447244E-02 
2350	 0.065563934427965 
2351	 6.69519987040867E-02 
2352	 6.27563435744258E-02 
2353	 5.89920505048758E-02 
2354	 6.37508922826742E-02 
2355	 6.50492582201029E-02 
2356	 6.09969978533526E-02 
2357	 5.89042558802404E-02 
2358	 5.37559194600595E-02 
2359	 5.35792013398343E-02 
2360	 5.90060564502384E-02 
2361	 5.95364490323873E-02 
2362	 6.08158406374309E-02 
2363	 6.16589628080191E-02 
2364	 6.07711707620742E-02 
2365	 6.13090238392528E-02 
2366	 6.03538437631361E-02 
2367	 5.35596964829568E-02 
2368	 0.048154718420704 
2369	 5.60583933921977E-02 
2370	 6.47252943117996E-02 
2371	 6.39671496385655E-02 
2372	 6.08701012828487E-02 
2373	 5.58857840869699E-02 
2374	 4.80604262182883E-02 
2375	 4.71270062582249E-02 
2376	 5.18005462465451E-02 
2377	 4.58756097562675E-02 
2378	 4.14379301804354E-02 
2379	 4.69464564368538E-02 
2380	 0.046517491568847 
2381	 4.77158328160003E-02 
2382	 4.94926550642996E-02 
2383	 4.42857198695694E-02 
2384	 4.82397942684541E-02 
2385	 5.41499207428149E-02 
2386	 5.22460720339083E-02 
2387	 5.62642338649103E-02 
2388	 0.056686912903003 
2389	 4.93082383827973E-02 
2390	 5.01862068434089E-02 
2391	 5.57713599629612E-02 
2392	 5.33992203269703E-02 
2393	 5.10670863048599E-02 
2394	 5.42608926186694E-02 
2395	 5.07077702519845E-02 
2396	 4.66033797255267E-02 
2397	 4.71317194629059E-02 
2398	 4.77941637168915E-02 
2399	 4.87623142626776E-02 
2400	 4.94577301986108E-02 
2401	 5.22539941172613E-02 
2402	 5.02691759564547E-02 
2403	 4.35315427113715E-02 
2404	 0.042523791961541 
2405	 4.66029729191104E-02 
2406	 4.80703895964212E-02 
2407	 4.53913099581514E-02 
2408	 4.02645426509763E-02 
2409	 4.10398439191424E-02 
2410	 4.77376158107406E-02 
2411	 5.69030164851064E-02 
2412	 6.56728911556691E-02 
2413	 5.81488225999727E-02 
2414	 5.50584268142851E-02 
2415	 6.48177431409323E-02 
2416	 6.19124493785611E-02 
2417	 5.01893367028705E-02 
2418	 4.65319488862994E-02 
2419	 4.15261975466595E-02 
2420	 3.57829935281559E-02 
2421	 5.02217786676496E-02 
2422	 6.06050328618362E-02 
2423	 5.31961842461889E-02 
2424	 0.04890161616803 
2425	 5.08543276370307E-02 
2426	 0.044400271361038 
2427	 2.90280702845522E-02 
2428	 0.032125861141349 
2429	 4.34682044748672E-02 
2430	 3.47647203156987E-02 
2431	 2.86690154647592E-02 
2432	 3.66623422270469E-02 
2433	 2.98621001731684E-02 
2434	 2.38901959095566E-02 
2435	 4.04859403979097E-02 
2436	 4.16851021699517E-02 
2437	 3.39696680628701E-02 
2438	 4.41793766437193E-02 
2439	 5.22368386645872E-02 
2440	 5.03105702583561E-02 
2441	 3.44921932557976E-02 
2442	 3.17241474730251E-02 
2443	 4.19099233815664E-02 
2444	 3.73512141284166E-02 
2445	 4.76929064470721E-02 
2446	 4.67956848882818E-02 
2447	 1.52375925216653E-02 
2448	 4.82285462249341E-03 
2449	 7.38761012314279E-03 
2450	 1.05089874458437E-02 
2451	 2.63182665423269E-02 
2452	 4.47716030612981E-02 
2453	 5.24056613563978E-02 
2454	 3.38771362788871E-02 
2455	 2.22204524944322E-02 
2456	 3.36746611431677E-02 
2457	 3.88453384420491E-02 
2458	 5.18131340153504E-02 
2459	 6.96910486244548E-02 
2460	 5.10654201746236E-02 
2461	 1.87315032318491E-02 
2462	 7.39850709945209E-03 
2463	 1.08891058994354E-02 
2464	 3.76758684669671E-02 
2465	 5.42504360781485E-02 
2466	 3.63143900039779E-02 
2467	 0.040031179470117 
2468	 0.034019090224614 
2469	 2.95656560209774E-02 
2470	 5.84416687541632E-02 
2471	 0.061951193796474 
2472	 4.80176844442122E-02 
2473	 0.047028019959514 
2474	 1.72678023139663E-02 
2475	 1.87402213318656E-02 
2476	 0.054563315517916 
2477	 4.88537555847404E-02 
2478	 4.43402421188452E-02 
2479	 5.21692980217943E-02 
2480	 5.86294880332592E-02 
2481	 3.69297735574039E-02 
2482	 7.04647635513407E-02 
2483	 0.145804710004666 
2484	 0.112789146345452 
2485	 0.125829926233269 
2486	 0.228886360200486 
2487	 0.235554707379304 
2488	 0.162432781442641 
2489	 3.23366680343979E-03 
2490	-0.29574061905874 
2491	-0.57787913868683 
2492	-0.639299436109128 
2493	-0.287481758914324 
2494	-0.176101849779765 
2495	-5.07230088614022E-02 
2496	-5.27108957509238E-02 
2497	-9.55118782380551E-02 
2498	 0.170001612566268 
2499	 0.354347813159429 
2500	 0.240465416242489 
