Wavelength	09/27/123 at 12:15:03
350	 0.010488444516114 
351	 1.02335789681293E-02 
352	 1.03533933910388E-02 
353	 1.04812792084844E-02 
354	 1.00571361742645E-02 
355	 1.02747565960916E-02 
356	 1.04923679199699E-02 
357	 1.03768320493557E-02 
358	 1.06684404592896E-02 
359	 0.010626878529731 
360	 1.03480855648864E-02 
361	 1.02811550258764E-02 
362	 1.04249240764422E-02 
363	 1.06492221896851E-02 
364	 1.08064682803039E-02 
365	 0.010724370971143 
366	 1.06266903722676E-02 
367	 1.05617124298926E-02 
368	 1.05206770904208E-02 
369	 1.07776824825579E-02 
370	 1.09541024494092E-02 
371	 1.08708858983386E-02 
372	 1.09566305338042E-02 
373	 0.011038834367179 
374	 0.011131108761946 
375	 1.13100953010689E-02 
376	 1.14129635850145E-02 
377	 1.15253138798543E-02 
378	 1.16704416841048E-02 
379	 1.16433662115222E-02 
380	 0.011626401642667 
381	 0.01174947872705 
382	 1.20846821371842E-02 
383	 1.23506950063083E-02 
384	 1.24976146255159E-02 
385	 1.25308598423028E-02 
386	 1.24629060132562E-02 
387	 1.26001303722576E-02 
388	 1.29046007829858E-02 
389	 1.31867883109254E-02 
390	 1.35170477645028E-02 
391	 1.38157565035833E-02 
392	 1.40328845183249E-02 
393	 1.41864713791665E-02 
394	 1.43434325224273E-02 
395	 1.45346052017654E-02 
396	 1.47710238159812E-02 
397	 1.50479945157285E-02 
398	 1.54232778788664E-02 
399	 1.58544145266173E-02 
400	 1.61264013155335E-02 
401	 1.63891518955412E-02 
402	 1.66576459613583E-02 
403	 1.69058515089467E-02 
404	 1.71385111273729E-02 
405	 1.73971659812963E-02 
406	 1.77025654389245E-02 
407	 1.80326316707224E-02 
408	 1.84327404029496E-02 
409	 1.89045682212929E-02 
410	 1.94154712395199E-02 
411	 1.98383960863131E-02 
412	 0.020195354470048 
413	 2.05317514817288E-02 
414	 2.09016369108071E-02 
415	 2.13216509834609E-02 
416	 2.17182865634949E-02 
417	 2.19965719343791E-02 
418	 0.022182778767989 
419	 2.24052814812563E-02 
420	 0.022731303818185 
421	 2.31376186160086E-02 
422	 2.34578041641433E-02 
423	 2.37181050075148E-02 
424	 2.40101038624038E-02 
425	 2.43194268443169E-02 
426	 2.45811761641398E-02 
427	 2.47921631457636E-02 
428	 2.50533043003541E-02 
429	 2.52828394660288E-02 
430	 2.54674077884038E-02 
431	 2.56284554195901E-02 
432	 2.58455440959485E-02 
433	 2.60613321880733E-02 
434	 2.62350163875181E-02 
435	 2.63521311303012E-02 
436	 2.65854079094424E-02 
437	 2.68325865885626E-02 
438	 2.69534943007807E-02 
439	 2.71063790241992E-02 
440	 2.72911391913669E-02 
441	 2.74759383054596E-02 
442	 2.75966213962197E-02 
443	 2.77976893916298E-02 
444	 2.80345660975006E-02 
445	 2.82287499813304E-02 
446	 2.84300259385872E-02 
447	 2.86659361610606E-02 
448	 2.89338995485007E-02 
449	 2.92007502998382E-02 
450	 2.94360685873179E-02 
451	 2.96302994480446E-02 
452	 2.97870714625804E-02 
453	 2.99285438109035E-02 
454	 0.030069710587263 
455	 3.02186547668577E-02 
456	 3.03767184202662E-02 
457	 3.05333010013687E-02 
458	 3.06950180631085E-02 
459	 3.08582445799683E-02 
460	 3.09494526722384E-02 
461	 3.10349723768964E-02 
462	 3.11393500507875E-02 
463	 3.12353515992122E-02 
464	 3.12977917223418E-02 
465	 3.13752803639606E-02 
466	 3.15001156014759E-02 
467	 3.15654361814525E-02 
468	 3.16141794723373E-02 
469	 3.16882867932494E-02 
470	 3.18225771599598E-02 
471	 3.19414855534657E-02 
472	 0.032050363731369 
473	 0.032162653077711 
474	 3.22533051910507E-02 
475	 3.23636923147726E-02 
476	 3.24667795774267E-02 
477	 3.24913333705614E-02 
478	 3.26150096991278E-02 
479	 3.27800205085053E-02 
480	 3.29119073739011E-02 
481	 0.033025180649339 
482	 3.31293334004055E-02 
483	 3.32517186274525E-02 
484	 3.34243040379293E-02 
485	 3.35429284677267E-02 
486	 3.37067361202227E-02 
487	 3.39679738571118E-02 
488	 3.41671559277032E-02 
489	 3.43832369471499E-02 
490	 3.46166070626031E-02 
491	 3.48336546944639E-02 
492	 3.50768746099148E-02 
493	 3.53763606681381E-02 
494	 3.57374956501432E-02 
495	 3.61221046182374E-02 
496	 3.64968174352154E-02 
497	 3.68975875554133E-02 
498	 3.73922357617374E-02 
499	 3.79999425580134E-02 
500	 3.86111404649357E-02 
501	 3.92014757781615E-02 
502	 3.99333439506119E-02 
503	 4.06803801317148E-02 
504	 4.14467306781498E-02 
505	 4.22936779028592E-02 
506	 4.33043334421935E-02 
507	 4.43396688157614E-02 
508	 4.53619173367098E-02 
509	 4.65019868918429E-02 
510	 0.047709030602764 
511	 4.90337219922194E-02 
512	 5.05275462677114E-02 
513	 5.20673420236237E-02 
514	 5.36585724903181E-02 
515	 5.53359763685915E-02 
516	 5.71520085264173E-02 
517	 5.91251293443712E-02 
518	 6.11517273702288E-02 
519	 6.31038981281603E-02 
520	 6.50070301405409E-02 
521	 6.69480638143211E-02 
522	 6.89543954602528E-02 
523	 7.09753902436502E-02 
524	 7.29850404645252E-02 
525	 7.49579982010271E-02 
526	 7.68743186147071E-02 
527	 7.87232996321488E-02 
528	 8.04918677882387E-02 
529	 8.21261607236834E-02 
530	 8.35932238636496E-02 
531	 8.50120161792362E-02 
532	 8.63640159094518E-02 
533	 8.76066626761062E-02 
534	 8.87531974112407E-02 
535	 8.97981308193828E-02 
536	 9.07209089790069E-02 
537	 9.15015986650793E-02 
538	 9.22471148914355E-02 
539	 9.29989542436547E-02 
540	 9.37400100486493E-02 
541	 0.094347099608783 
542	 9.49637210215559E-02 
543	 9.55604947399697E-02 
544	 9.60575064152984E-02 
545	 9.65412466539628E-02 
546	 9.70040412001585E-02 
547	 9.74360532446167E-02 
548	 9.78338778153558E-02 
549	 0.09819361758189 
550	 9.84958461477452E-02 
551	 9.87210246444114E-02 
552	 9.88785221830369E-02 
553	 9.89216699093489E-02 
554	 9.88311788552405E-02 
555	 9.86225778677687E-02 
556	 9.83450700822888E-02 
557	 9.79781605314418E-02 
558	 9.74945682688695E-02 
559	 9.69145566751522E-02 
560	 9.62361404841618E-02 
561	 9.55018393558336E-02 
562	 9.47795954801887E-02 
563	 9.39189342350299E-02 
564	 9.29485334492998E-02 
565	 9.19205696937609E-02 
566	 9.08251066072228E-02 
567	 8.97230809778264E-02 
568	 0.088607346290837 
569	 8.74264832078487E-02 
570	 0.08628143757111 
571	 8.51471580633975E-02 
572	 8.40116328872754E-02 
573	 8.29175615886679E-02 
574	 8.18907698952484E-02 
575	 8.09338498667899E-02 
576	 8.00509472725002E-02 
577	 7.92406154793386E-02 
578	 7.84695403596661E-02 
579	 7.77427369073364E-02 
580	 7.71235533235091E-02 
581	 7.65069591125825E-02 
582	 7.59110925867761E-02 
583	 7.53786333704866E-02 
584	 7.48441865611307E-02 
585	 7.43444354303013E-02 
586	 7.39122081083246E-02 
587	 7.35617343208687E-02 
588	 7.31969977055032E-02 
589	 7.28181578164342E-02 
590	 7.24615375461389E-02 
591	 7.21026403032896E-02 
592	 7.18242651671553E-02 
593	 7.16186002560944E-02 
594	 7.14281949758301E-02 
595	 7.12200715976596E-02 
596	 7.10130411793833E-02 
597	 7.08195493949765E-02 
598	 7.06112963825137E-02 
599	 0.070428772467636 
600	 7.02437678471999E-02 
601	 7.00024439833963E-02 
602	 6.97079130078923E-02 
603	 6.93571762806549E-02 
604	 0.068965295599233 
605	 6.85737945331685E-02 
606	 6.80946320548192E-02 
607	 6.75830244154762E-02 
608	 0.067100948981688 
609	 6.65455167075229E-02 
610	 6.59567307681657E-02 
611	 6.53631397891639E-02 
612	 0.064765574207819 
613	 0.064129642205828 
614	 6.35156916890985E-02 
615	 6.29729683463111E-02 
616	 6.24669178570281E-02 
617	 6.19844787012321E-02 
618	 6.15427814421165E-02 
619	 6.11549947610029E-02 
620	 6.07860591249467E-02 
621	 6.04711621069673E-02 
622	 6.02227131273496E-02 
623	 5.99976990947465E-02 
624	 5.98478155611344E-02 
625	 5.97509043668932E-02 
626	 5.96644399511228E-02 
627	 5.96057904857813E-02 
628	 5.95563421417112E-02 
629	 5.95185570492021E-02 
630	 0.059518286753248 
631	 5.94997414997702E-02 
632	 5.94274251531166E-02 
633	 5.92919403562376E-02 
634	 5.91472196397946E-02 
635	 5.89707597935233E-02 
636	 5.87034795230019E-02 
637	 5.82822970604726E-02 
638	 5.78518966849486E-02 
639	 5.74114160734283E-02 
640	 5.69285544696104E-02 
641	 5.63545727918641E-02 
642	 0.055761415316639 
643	 5.51611994840916E-02 
644	 5.45441573810955E-02 
645	 5.39475651077531E-02 
646	 5.33373128926168E-02 
647	 5.27421277679477E-02 
648	 5.22586053115721E-02 
649	 5.18182453511692E-02 
650	 5.13994147503786E-02 
651	 5.09958793626517E-02 
652	 0.05062658592989 
653	 5.02477139319508E-02 
654	 4.98524204093848E-02 
655	 4.94405546953561E-02 
656	 4.90529661015736E-02 
657	 4.85448374707312E-02 
658	 4.79044619917611E-02 
659	 4.72967325721354E-02 
660	 0.046684877635939 
661	 4.60708864738029E-02 
662	 4.54586840566367E-02 
663	 0.044900075239012 
664	 4.43643653031239E-02 
665	 4.38642724941139E-02 
666	 4.34413047399045E-02 
667	 4.30936268585351E-02 
668	 4.27686635457068E-02 
669	 4.24656072741367E-02 
670	 4.23750739941048E-02 
671	 4.22753228113218E-02 
672	 0.042144812466032 
673	 4.20702072846385E-02 
674	 4.20946819997502E-02 
675	 4.21664436720351E-02 
676	 4.22558236614628E-02 
677	 4.23823004856205E-02 
678	 4.25682740860577E-02 
679	 4.28710397517746E-02 
680	 4.33096837625857E-02 
681	 4.37200277577225E-02 
682	 4.42629080955328E-02 
683	 4.49857766897564E-02 
684	 4.58519747692494E-02 
685	 4.70264455270394E-02 
686	 4.86180213765553E-02 
687	 5.06230154878481E-02 
688	 5.24669740662495E-02 
689	 5.45148835774289E-02 
690	 5.68678498429329E-02 
691	 5.94897949672225E-02 
692	 0.062555861916084 
693	 6.61290547754817E-02 
694	 7.01369570895597E-02 
695	 7.43147041609045E-02 
696	 7.88012101817564E-02 
697	 8.35583890543427E-02 
698	 8.86478524895646E-02 
699	 9.40210362600024E-02 
700	 9.96172670025506E-02 
701	 0.105331253670382 
702	 0.111056579578275 
703	 0.11675851062466 
704	 0.122479695474117 
705	 0.128296684601477 
706	 0.134151439137219 
707	 0.14014951374366 
708	 0.146247721552824 
709	 0.152402827899203 
710	 0.158609740218909 
711	 0.16498563740306 
712	 0.171585168983376 
713	 0.178358293034516 
714	 0.185246896292169 
715	 0.192117559203574 
716	 0.199183166765885 
717	 0.206662946463152 
718	 0.214683440090759 
719	 0.222975544300647 
720	 0.230964430028764 
721	 0.238527019952718 
722	 0.245798379480962 
723	 0.253531832430528 
724	 0.26165073881389 
725	 0.269763354794413 
726	 0.277592472407924 
727	 0.285301195091579 
728	 0.293020856633517 
729	 0.300522489865117 
730	 0.307838826535826 
731	 0.314993673143887 
732	 0.321882061105665 
733	 0.328343258231256 
734	 0.334527703971057 
735	 0.340631407569174 
736	 0.346540616314353 
737	 0.352167185964003 
738	 0.357501229499124 
739	 0.362576673258457 
740	 0.36737372812455 
741	 0.371880418851201 
742	 0.37609344642004 
743	 0.380028511697846 
744	 0.383691156220848 
745	 0.387106417813466 
746	 0.390280064000244 
747	 0.393294779098056 
748	 0.396060044987034 
749	 0.398574598396098 
750	 0.400969584774658 
751	 0.403219347513298 
752	 0.405299400798945 
753	 0.407201280624909 
754	 0.408958770313457 
755	 0.410648691860313 
756	 0.41223513379087 
757	 0.413732947653457 
758	 0.415655872885656 
759	 0.418373614181728 
760	 0.421756524797521 
761	 0.423295158724093 
762	 0.423676078150379 
763	 0.423796020531602 
764	 0.424002314208356 
765	 0.423859264167218 
766	 0.42388510650215 
767	 0.424141840312338 
768	 0.424575062006484 
769	 0.425079545494852 
770	 0.425600514412367 
771	 0.426119566074196 
772	 0.426658832382936 
773	 0.427209317555745 
774	 0.427756702980475 
775	 0.42829012292618 
776	 0.42880876315863 
777	 0.429325294388277 
778	 0.429840920003821 
779	 0.430361901179561 
780	 0.430970662151323 
781	 0.431493151847077 
782	 0.431925546322189 
783	 0.432368376001163 
784	 0.432788712213619 
785	 0.433253523108052 
786	 0.433757308034634 
787	 0.434198451734152 
788	 0.434632457192978 
789	 0.435084375549587 
790	 0.435564233236989 
791	 0.436057588415701 
792	 0.436566069075 
793	 0.437038133914655 
794	 0.437433519963424 
795	 0.4378732759077 
796	 0.438310369466441 
797	 0.438732696396408 
798	 0.439170509915473 
799	 0.439647529478972 
800	 0.440100692199816 
801	 0.440495370429531 
802	 0.440871646596795 
803	 0.441362380560582 
804	 0.441892775509878 
805	 0.442353124031139 
806	 0.442734627574674 
807	 0.443093445988446 
808	 0.44349801345853 
809	 0.443957459293279 
810	 0.444159971881933 
811	 0.444359866164293 
812	 0.444609756562769 
813	 0.444723496232544 
814	 0.444918029187519 
815	 0.445190793744532 
816	 0.445552268710476 
817	 0.446137907684132 
818	 0.446570838955065 
819	 0.44689908199067 
820	 0.447287588669055 
821	 0.447795716639423 
822	 0.448299885800664 
823	 0.448696571407165 
824	 0.448958366467473 
825	 0.449405584498126 
826	 0.449856360108519 
827	 0.450221652173631 
828	 0.450523364325432 
829	 0.450778375492174 
830	 0.451085071722208 
831	 0.451492448844361 
832	 0.451946895011651 
833	 0.452373878388172 
834	 0.452730597486004 
835	 0.453059685405615 
836	 0.453549857076841 
837	 0.454075046088997 
838	 0.454526984926263 
839	 0.45485887158835 
840	 0.455308672850161 
841	 0.45574760007424 
842	 0.456135187599591 
843	 0.456508666378422 
844	 0.456873152689135 
845	 0.457238489275056 
846	 0.457624470635957 
847	 0.458068193006881 
848	 0.458441720199194 
849	 0.458742993194179 
850	 0.459032125924072 
851	 0.459425598165862 
852	 0.459893954073682 
853	 0.460312790197656 
854	 0.460596785394975 
855	 0.460883860992283 
856	 0.461240822033393 
857	 0.461623403005609 
858	 0.461947144433531 
859	 0.462321665390796 
860	 0.462696007865205 
861	 0.463021066995436 
862	 0.463281595406908 
863	 0.463601629665323 
864	 0.46396327377173 
865	 0.464306240052111 
866	 0.464586066626187 
867	 0.464862996596458 
868	 0.465145822453054 
869	 0.465467153490199 
870	 0.465950328743124 
871	 0.466244291123054 
872	 0.466475344302342 
873	 0.466830486198857 
874	 0.467010740270122 
875	 0.467334559787519 
876	 0.467739614458949 
877	 0.468009453049368 
878	 0.468388950518646 
879	 0.468667871637649 
880	 0.46887298827758 
881	 0.469232897639833 
882	 0.469504226478054 
883	 0.46967871550855 
884	 0.469834407982781 
885	 0.470107377026016 
886	 0.470392173908527 
887	 0.470597093125181 
888	 0.47074950035696 
889	 0.471022968291891 
890	 0.471042791220265 
891	 0.471035577028167 
892	 0.471206656669612 
893	 0.471299666664459 
894	 0.471330785183032 
895	 0.471268834563883 
896	 0.471141401040978 
897	 0.471205821617597 
898	 0.471302294294893 
899	 0.471368368845145 
900	 0.471448304171972 
901	 0.471865981538692 
902	 0.47211395927232 
903	 0.472139954926801 
904	 0.472218514448308 
905	 0.472482780557508 
906	 0.472890477741989 
907	 0.473171289849419 
908	 0.472899114303593 
909	 0.472623119957483 
910	 0.472636383272938 
911	 0.472910948402666 
912	 0.473045590288565 
913	 0.473042066023866 
914	 0.473237417558787 
915	 0.473671647164618 
916	 0.473715355235663 
917	 0.473926666547777 
918	 0.474196166320732 
919	 0.474370324599541 
920	 0.474641209183452 
921	 0.474612786645776 
922	 0.47435831967471 
923	 0.474045917485004 
924	 0.473596123047421 
925	 0.473272150155872 
926	 0.472726404994334 
927	 0.471528820420412 
928	 0.470391331018773 
929	 0.469445070242488 
930	 0.468216697835291 
931	 0.46607868711781 
932	 0.464976198883447 
933	 0.463174787352708 
934	 0.460994308306648 
935	 0.460358337078586 
936	 0.45929487727153 
937	 0.458361859996684 
938	 0.458072621309165 
939	 0.458511503692549 
940	 0.458761482349404 
941	 0.458310270587447 
942	 0.457388632627806 
943	 0.456826458971315 
944	 0.456378875911393 
945	 0.455430982367264 
946	 0.453854114587257 
947	 0.452243787631276 
948	 0.451173034349331 
949	 0.450749277197677 
950	 0.450588410252528 
951	 0.449936050824958 
952	 0.449241564301134 
953	 0.44797355815246 
954	 0.446442228142279 
955	 0.446400682102017 
956	 0.445941864040643 
957	 0.445011674659855 
958	 0.444147090285257 
959	 0.44406379472435 
960	 0.443904186643677 
961	 0.443669090999567 
962	 0.443621638757438 
963	 0.444075855823777 
964	 0.444799900709845 
965	 0.445032900666239 
966	 0.44454117180596 
967	 0.444471813161764 
968	 0.444989319591406 
969	 0.445641193345285 
970	 0.446003885909351 
971	 0.446347023852696 
972	 0.446348836551919 
973	 0.44660971428097 
974	 0.447398275002936 
975	 0.447115694898088 
976	 0.447184276031997 
977	 0.447603993944583 
978	 0.44797002643741 
979	 0.448338224249765 
980	 0.448779462452506 
981	 0.448974039999926 
982	 0.448871392520994 
983	 0.449765067364228 
984	 0.450621231565839 
985	 0.451157562025881 
986	 0.451495254008097 
987	 0.452039793557514 
988	 0.452292119677379 
989	 0.452544635516269 
990	 0.45328168725554 
991	 0.454550635205434 
992	 0.455108166150385 
993	 0.455206336128479 
994	 0.455618404522658 
995	 0.4563103095703 
996	 0.457108973254141 
997	 0.45771230483814 
998	 0.457935438416714 
999	 0.458163571633995 
1000	 0.458142558119389 
1001	 0.466399187002293 
1002	 0.46707303159722 
1003	 0.467692776131689 
1004	 0.46840409875976 
1005	 0.469244198537858 
1006	 0.469899280875802 
1007	 0.470447960497348 
1008	 0.47112902264698 
1009	 0.471826071771476 
1010	 0.472627517933844 
1011	 0.473475445811328 
1012	 0.474098638122824 
1013	 0.474743947063844 
1014	 0.475469819776406 
1015	 0.476253497202514 
1016	 0.47708631565903 
1017	 0.477933651812491 
1018	 0.478823134357452 
1019	 0.479576469224025 
1020	 0.480214748685966 
1021	 0.481037846539029 
1022	 0.481862590456709 
1023	 0.482503494935708 
1024	 0.483162992802644 
1025	 0.483909045575506 
1026	 0.484574796860917 
1027	 0.485084699579384 
1028	 0.485650997274376 
1029	 0.48635066586407 
1030	 0.486936902483774 
1031	 0.487551545195502 
1032	 0.488213050821458 
1033	 0.489039988540412 
1034	 0.489723328486077 
1035	 0.490386735125809 
1036	 0.491122549689458 
1037	 0.491756638889636 
1038	 0.492342798872663 
1039	 0.493015444320481 
1040	 0.493728817332523 
1041	 0.494419876095099 
1042	 0.495020242972166 
1043	 0.495544627957063 
1044	 0.496056623087537 
1045	 0.496490414595194 
1046	 0.496906323481907 
1047	 0.497268621926166 
1048	 0.497627615675336 
1049	 0.498104750579325 
1050	 0.498602405737936 
1051	 0.499114262975444 
1052	 0.49977559944513 
1053	 0.500436574814994 
1054	 0.500935089001435 
1055	 0.501411645469187 
1056	 0.50182332526289 
1057	 0.502115689000496 
1058	 0.502005153708777 
1059	 0.50230728797706 
1060	 0.502764464512204 
1061	 0.503214757388197 
1062	 0.503774321884505 
1063	 0.504362371461092 
1064	 0.504741428055824 
1065	 0.504949045339565 
1066	 0.505129327462879 
1067	 0.50532139052579 
1068	 0.505510142990357 
1069	 0.505931331952809 
1070	 0.506199428123066 
1071	 0.506473677263466 
1072	 0.506708256584459 
1073	 0.506837559472207 
1074	 0.506986577076877 
1075	 0.507143936527201 
1076	 0.507406564653372 
1077	 0.507614340114343 
1078	 0.50767637956422 
1079	 0.507642771233465 
1080	 0.507662429609716 
1081	 0.507744781614545 
1082	 0.507771490280491 
1083	 0.507720236548891 
1084	 0.507600367399517 
1085	 0.507581234164818 
1086	 0.507469105743403 
1087	 0.507423081562812 
1088	 0.507590641074008 
1089	 0.507610769881601 
1090	 0.507481739098406 
1091	 0.507406128488575 
1092	 0.507292085332222 
1093	 0.507110166924118 
1094	 0.507034452747915 
1095	 0.506830633831631 
1096	 0.506666890937276 
1097	 0.506622577801301 
1098	 0.50631580568626 
1099	 0.505824446466246 
1100	 0.505455654986203 
1101	 0.504975731143688 
1102	 0.504560428364613 
1103	 0.504196913872413 
1104	 0.503872937384153 
1105	 0.503667998312984 
1106	 0.503286185401463 
1107	 0.502891774859874 
1108	 0.502427657580496 
1109	 0.501812913088363 
1110	 0.501093224148763 
1111	 0.500367626071465 
1112	 0.49953416818509 
1113	 0.498807742768156 
1114	 0.497923144109262 
1115	 0.49727821961596 
1116	 0.497075277604245 
1117	 0.496462971553324 
1118	 0.495895678459753 
1119	 0.49497937371955 
1120	 0.493545748859838 
1121	 0.492102563213363 
1122	 0.490226776214187 
1123	 0.488556322188728 
1124	 0.486932949180579 
1125	 0.485537818257703 
1126	 0.48373786409389 
1127	 0.482186636479652 
1128	 0.480237159277008 
1129	 0.4779947951611 
1130	 0.475902255002056 
1131	 0.474153697052999 
1132	 0.472009641476524 
1133	 0.469736643210528 
1134	 0.467608090246387 
1135	 0.465432315842485 
1136	 0.463299357473654 
1137	 0.46139034975287 
1138	 0.459305921374246 
1139	 0.457214680033852 
1140	 0.454829825395366 
1141	 0.4524907224228 
1142	 0.45018210207897 
1143	 0.447513894016256 
1144	 0.444586582991843 
1145	 0.441898630121035 
1146	 0.438932459554464 
1147	 0.436463765810581 
1148	 0.434483299680423 
1149	 0.43221940424051 
1150	 0.430048911880667 
1151	 0.427905339751648 
1152	 0.425604499835055 
1153	 0.423637215346179 
1154	 0.421729905526296 
1155	 0.42023359555418 
1156	 0.419155692958345 
1157	 0.417843796736579 
1158	 0.416983465804196 
1159	 0.416491788268282 
1160	 0.415857578117866 
1161	 0.415148160582172 
1162	 0.414891465254865 
1163	 0.414859149339628 
1164	 0.414679022563596 
1165	 0.414792197371327 
1166	 0.414624507400973 
1167	 0.414059364836238 
1168	 0.413846504578938 
1169	 0.413777684499023 
1170	 0.413675033462851 
1171	 0.41373264673489 
1172	 0.41371725630459 
1173	 0.413434039018956 
1174	 0.413247656510558 
1175	 0.413147698203016 
1176	 0.413064532975973 
1177	 0.412952685771706 
1178	 0.412940023054466 
1179	 0.412859954925667 
1180	 0.412667736435458 
1181	 0.412516214588543 
1182	 0.412382361993278 
1183	 0.412288002647111 
1184	 0.412201228248254 
1185	 0.412113739204524 
1186	 0.41206774116997 
1187	 0.412025771799444 
1188	 0.412063713569002 
1189	 0.41191781905203 
1190	 0.411781101047753 
1191	 0.411771538125292 
1192	 0.411739812481913 
1193	 0.411720775640821 
1194	 0.411735175962126 
1195	 0.411805544333735 
1196	 0.411915805286905 
1197	 0.412100926805591 
1198	 0.41217387558704 
1199	 0.412299346951012 
1200	 0.412315363687012 
1201	 0.411979012231378 
1202	 0.412071164805776 
1203	 0.412450275782527 
1204	 0.412731456513806 
1205	 0.413198260192492 
1206	 0.413597250395302 
1207	 0.413807441557873 
1208	 0.413974319716947 
1209	 0.414154738096647 
1210	 0.414489976394326 
1211	 0.415019235961239 
1212	 0.415417384516519 
1213	 0.415763540770171 
1214	 0.416078087282138 
1215	 0.416450649281168 
1216	 0.416747627463707 
1217	 0.417155304430876 
1218	 0.417727116205462 
1219	 0.418236400970792 
1220	 0.418677564900039 
1221	 0.419137083867551 
1222	 0.41964679659817 
1223	 0.420121498131231 
1224	 0.420529703888668 
1225	 0.421056687796085 
1226	 0.421663409073733 
1227	 0.422109243731232 
1228	 0.422444167194613 
1229	 0.423003300321792 
1230	 0.423602547327462 
1231	 0.424051530447373 
1232	 0.424561547483895 
1233	 0.425044281025486 
1234	 0.425373323042378 
1235	 0.425884571797815 
1236	 0.426442795045234 
1237	 0.427225271823145 
1238	 0.427677614486956 
1239	 0.42795711738861 
1240	 0.428390637388018 
1241	 0.42873160310275 
1242	 0.429229063858492 
1243	 0.429980839053981 
1244	 0.430557850765465 
1245	 0.430925762217333 
1246	 0.431081212961452 
1247	 0.431400369948099 
1248	 0.431916441298012 
1249	 0.432373521949699 
1250	 0.433012508321677 
1251	 0.43348812000364 
1252	 0.433641425574109 
1253	 0.433911791345223 
1254	 0.434268621489354 
1255	 0.434717723958217 
1256	 0.435109079172191 
1257	 0.435429342541086 
1258	 0.435753719154326 
1259	 0.436034316806563 
1260	 0.436233931020259 
1261	 0.43648433555189 
1262	 0.436776627388406 
1263	 0.437007810997181 
1264	 0.437222853047572 
1265	 0.43723221898472 
1266	 0.437284401456426 
1267	 0.437543528825738 
1268	 0.437757491671666 
1269	 0.437808069859853 
1270	 0.437840498240361 
1271	 0.437681751170627 
1272	 0.437514253522549 
1273	 0.437696734438307 
1274	 0.437849588901606 
1275	 0.437762733964621 
1276	 0.437468343930341 
1277	 0.437098051931326 
1278	 0.436883826105255 
1279	 0.436749858468107 
1280	 0.4364973352196 
1281	 0.436357547261158 
1282	 0.435982731265188 
1283	 0.435321946217357 
1284	 0.434789895352198 
1285	 0.434555497155001 
1286	 0.43422064842791 
1287	 0.433835933711706 
1288	 0.433485397726817 
1289	 0.432860527559727 
1290	 0.432183613917022 
1291	 0.431500944562318 
1292	 0.430749687790347 
1293	 0.430168628957111 
1294	 0.429489696909081 
1295	 0.428674618070229 
1296	 0.427995079626419 
1297	 0.427114630447044 
1298	 0.426016126399665 
1299	 0.42508201570553 
1300	 0.424073041295572 
1301	 0.422878560537712 
1302	 0.421727282722915 
1303	 0.420595834570987 
1304	 0.419480984601745 
1305	 0.418405508112577 
1306	 0.417418266600392 
1307	 0.416262349958561 
1308	 0.414944970223467 
1309	 0.413221406168015 
1310	 0.41127679374297 
1311	 0.409441557282779 
1312	 0.407814003512644 
1313	 0.406417066601369 
1314	 0.404949256623939 
1315	 0.40316981472173 
1316	 0.401081044549967 
1317	 0.398990416072525 
1318	 0.396842249349867 
1319	 0.394600008205987 
1320	 0.392772180809756 
1321	 0.390999176183573 
1322	 0.389023446871634 
1323	 0.387203123341347 
1324	 0.385084676765947 
1325	 0.38268668001462 
1326	 0.380606990448945 
1327	 0.378435527073933 
1328	 0.376063485355414 
1329	 0.373711495014492 
1330	 0.371224228691653 
1331	 0.368404718773462 
1332	 0.365735050696077 
1333	 0.363421282610675 
1334	 0.361110825375178 
1335	 0.358987084027279 
1336	 0.356622640026625 
1337	 0.354045252980714 
1338	 0.351964161551787 
1339	 0.349968092744439 
1340	 0.347948684753384 
1341	 0.346299328080703 
1342	 0.344536922377099 
1343	 0.342489171348303 
1344	 0.340862188582468 
1345	 0.339725766524116 
1346	 0.338524379414836 
1347	 0.337174182452785 
1348	 0.335961397955776 
1349	 0.334469862082205 
1350	 0.332542019140947 
1351	 0.331184523100285 
1352	 0.329888071279429 
1353	 0.32798552539275 
1354	 0.326143517932622 
1355	 0.324092699552076 
1356	 0.322598660470299 
1357	 0.322188361754471 
1358	 0.322793838746031 
1359	 0.321894649531751 
1360	 0.319102683332583 
1361	 0.306833633010605 
1362	 0.303822372137653 
1363	 0.314996579850305 
1364	 0.328164304749568 
1365	 0.367793583835029 
1366	 0.355553582038786 
1367	 0.311029400340911 
1368	 0.340280084751491 
1369	 0.358089281778724 
1370	 0.401802962165181 
1371	 0.407772513007503 
1372	 0.324759471588145 
1373	 0.270067832279652 
1374	 0.224533404671544 
1375	 0.285831770446616 
1376	 0.338779117451878 
1377	 0.282574522274735 
1378	 0.29005892857145 
1379	 0.265096155641752 
1380	 0.241871921471654 
1381	 0.296665537071784 
1382	 0.283951394940038 
1383	 0.225175623616428 
1384	 0.211127446180173 
1385	 0.221879735936073 
1386	 0.262098931804195 
1387	 0.292068669676138 
1388	 0.269732487374106 
1389	 0.250913168957219 
1390	 0.206240289769766 
1391	 0.177287128732053 
1392	 0.174397929893497 
1393	 0.181875238837616 
1394	 0.159441865513897 
1395	 0.145480032957674 
1396	 0.164952491997366 
1397	 0.172326649874977 
1398	 0.181562385940892 
1399	 0.192834535100147 
1400	 0.153822432403537 
1401	 0.122474055796458 
1402	 0.128988015138269 
1403	 0.118651865091254 
1404	 0.115022332211513 
1405	 0.1212977782881 
1406	 0.106959265529785 
1407	 0.101689103704915 
1408	 0.109161552849904 
1409	 0.106508427037354 
1410	 0.105243314644053 
1411	 0.108106162638959 
1412	 0.104153786816835 
1413	 9.89494778524873E-02 
1414	 0.098454966207959 
1415	 9.85402078172904E-02 
1416	 9.68629977730782E-02 
1417	 9.37478426472341E-02 
1418	 8.89522313178168E-02 
1419	 8.51568313455921E-02 
1420	 8.43719507172381E-02 
1421	 8.58846127209085E-02 
1422	 8.73861683484002E-02 
1423	 0.086902097688867 
1424	 8.51988680722516E-02 
1425	 8.39874737880714E-02 
1426	 8.36319196404351E-02 
1427	 8.39686216706771E-02 
1428	 8.48764152794902E-02 
1429	 8.49323378965389E-02 
1430	 8.41386590305431E-02 
1431	 8.38544419805358E-02 
1432	 8.38915331273213E-02 
1433	 8.38961536721509E-02 
1434	 8.33151866258817E-02 
1435	 0.082441471052483 
1436	 8.19934405637459E-02 
1437	 8.18867186780437E-02 
1438	 8.25285680465858E-02 
1439	 8.25712812059601E-02 
1440	 0.081719401410385 
1441	 8.08863306103171E-02 
1442	 8.00586716499013E-02 
1443	 8.01571149192737E-02 
1444	 8.07441803922315E-02 
1445	 8.08912884632999E-02 
1446	 8.09711144718452E-02 
1447	 0.080805158787619 
1448	 0.080512716743249 
1449	 8.05207020613623E-02 
1450	 8.07566683393841E-02 
1451	 0.080747117240005 
1452	 8.02225297875932E-02 
1453	 8.01416878713318E-02 
1454	 8.03249852729645E-02 
1455	 8.02769194577451E-02 
1456	 8.08213974454082E-02 
1457	 8.13185633662258E-02 
1458	 8.10448681932042E-02 
1459	 8.10928319647823E-02 
1460	 8.15262545106396E-02 
1461	 8.13787689116636E-02 
1462	 8.14397049831521E-02 
1463	 8.22369328148074E-02 
1464	 8.23743946363682E-02 
1465	 8.20229625265544E-02 
1466	 8.24442182186292E-02 
1467	 8.30278413844189E-02 
1468	 8.33952740036613E-02 
1469	 8.39602765367256E-02 
1470	 8.46332661077759E-02 
1471	 8.52661800362041E-02 
1472	 8.55268782721811E-02 
1473	 8.60023364104036E-02 
1474	 8.72205257580222E-02 
1475	 0.088189017250469 
1476	 8.86412917982349E-02 
1477	 8.95128033898884E-02 
1478	 9.03873861225576E-02 
1479	 9.11056501812832E-02 
1480	 9.19130851128749E-02 
1481	 9.26337098574871E-02 
1482	 9.34586525160944E-02 
1483	 9.43572623319205E-02 
1484	 9.55441957242507E-02 
1485	 9.68606295799509E-02 
1486	 9.76234243762395E-02 
1487	 9.82576446737553E-02 
1488	 9.90385133568396E-02 
1489	 9.97848094213471E-02 
1490	 0.100758766015294 
1491	 0.101872796634574 
1492	 0.102909520151423 
1493	 0.103886780611626 
1494	 0.104826424428843 
1495	 0.105768440141125 
1496	 0.106528622028849 
1497	 0.107297378775971 
1498	 0.10841699118444 
1499	 0.109469501239798 
1500	 0.110373294086377 
1501	 0.111436772885581 
1502	 0.112364530719079 
1503	 0.113265106186627 
1504	 0.114499760677686 
1505	 0.115671980459301 
1506	 0.116573179144974 
1507	 0.117509393525771 
1508	 0.118554592233276 
1509	 0.119640288924559 
1510	 0.120866138412924 
1511	 0.12208045185288 
1512	 0.123091435765072 
1513	 0.124104725998008 
1514	 0.125089720530866 
1515	 0.126137516984551 
1516	 0.127510497408768 
1517	 0.128686537334117 
1518	 0.129623737939276 
1519	 0.130831410529726 
1520	 0.131932582816555 
1521	 0.132808669179811 
1522	 0.13394794296197 
1523	 0.13517676786252 
1524	 0.136314332890195 
1525	 0.137479523933512 
1526	 0.138627228577315 
1527	 0.139724167542358 
1528	 0.14071168435756 
1529	 0.14187610904133 
1530	 0.143147745872173 
1531	 0.144285765321479 
1532	 0.145350753894793 
1533	 0.146467947420219 
1534	 0.147525158589998 
1535	 0.14861984050898 
1536	 0.149677269267372 
1537	 0.150769978087317 
1538	 0.151875498903346 
1539	 0.153104686139658 
1540	 0.154271199007585 
1541	 0.155548936651338 
1542	 0.156704320861414 
1543	 0.157654405671933 
1544	 0.15870037674675 
1545	 0.159793833361983 
1546	 0.160923283732729 
1547	 0.162023877994113 
1548	 0.162945755790119 
1549	 0.164080680729878 
1550	 0.16521195283574 
1551	 0.166197454015164 
1552	 0.167398210782153 
1553	 0.168426387266031 
1554	 0.169400879630189 
1555	 0.170542725853219 
1556	 0.171645747211657 
1557	 0.172772470257477 
1558	 0.173669247371852 
1559	 0.174500987356379 
1560	 0.175509923384962 
1561	 0.176403220151196 
1562	 0.177601212480457 
1563	 0.178981774624626 
1564	 0.179871256346908 
1565	 0.180690357726059 
1566	 0.181504361420628 
1567	 0.182265221742196 
1568	 0.183425328565635 
1569	 0.184627356906648 
1570	 0.185564230803852 
1571	 0.186523945646846 
1572	 0.187409498710718 
1573	 0.18832285666144 
1574	 0.189442085767374 
1575	 0.190459950885464 
1576	 0.191444570925878 
1577	 0.192351739786754 
1578	 0.193065156085635 
1579	 0.193940171543972 
1580	 0.194901940801329 
1581	 0.195835022179975 
1582	 0.196854611414957 
1583	 0.19779108981327 
1584	 0.198623837465551 
1585	 0.199444805057728 
1586	 0.200303505828209 
1587	 0.201133201334991 
1588	 0.201859553253473 
1589	 0.202694387953371 
1590	 0.20353837987412 
1591	 0.204336299930279 
1592	 0.20531787865145 
1593	 0.206119449962278 
1594	 0.206802405331037 
1595	 0.207633300740343 
1596	 0.208276113295257 
1597	 0.208994493253849 
1598	 0.209920957368216 
1599	 0.21074240071176 
1600	 0.211500332274221 
1601	 0.212287664226795 
1602	 0.213021874832385 
1603	 0.213742990539155 
1604	 0.214609886820208 
1605	 0.215423945655794 
1606	 0.216087156431242 
1607	 0.216934383955899 
1608	 0.217916171032108 
1609	 0.218753572773156 
1610	 0.219635049410067 
1611	 0.220354442519179 
1612	 0.220748804174556 
1613	 0.221430042895359 
1614	 0.222282718782226 
1615	 0.222853369471358 
1616	 0.22359856802396 
1617	 0.224374271366519 
1618	 0.224769432846194 
1619	 0.225477056890323 
1620	 0.226354215686289 
1621	 0.226798758541291 
1622	 0.227388082760749 
1623	 0.228139498504289 
1624	 0.22864970465561 
1625	 0.229185674589075 
1626	 0.229660911401502 
1627	 0.230065124757066 
1628	 0.230645459940636 
1629	 0.231323471152396 
1630	 0.231907608673054 
1631	 0.232229642494549 
1632	 0.232621170014931 
1633	 0.233203149636669 
1634	 0.233809626499666 
1635	 0.234442294181045 
1636	 0.234775996719996 
1637	 0.23492731341227 
1638	 0.235303647496757 
1639	 0.235912596183601 
1640	 0.23669999280588 
1641	 0.237278963495862 
1642	 0.237599389587991 
1643	 0.237857923382274 
1644	 0.238056791433082 
1645	 0.238434593551568 
1646	 0.238789768183422 
1647	 0.239095747637822 
1648	 0.239505564236995 
1649	 0.239811429530068 
1650	 0.240242659538231 
1651	 0.240854836728556 
1652	 0.241331819489969 
1653	 0.241582305215372 
1654	 0.241568071522765 
1655	 0.24160712180693 
1656	 0.241926182930508 
1657	 0.242272104653822 
1658	 0.242682034524848 
1659	 0.243039697513582 
1660	 0.243049342292386 
1661	 0.243128326979061 
1662	 0.243546785618136 
1663	 0.243882022489699 
1664	 0.243987151264127 
1665	 0.244119284823543 
1666	 0.244124770676315 
1667	 0.24399663974479 
1668	 0.244125050425189 
1669	 0.244327350138922 
1670	 0.244493434766576 
1671	 0.244740775612185 
1672	 0.244830150531235 
1673	 0.244668463492553 
1674	 0.244525522799825 
1675	 0.244432651618386 
1676	 0.244246441660855 
1677	 0.244320457298017 
1678	 0.244507250376132 
1679	 0.244308080807665 
1680	 0.244009195941937 
1681	 0.243895193284118 
1682	 0.243734076520091 
1683	 0.243636059861834 
1684	 0.243708941011355 
1685	 0.243476862944526 
1686	 0.242922374314805 
1687	 0.242620902618725 
1688	 0.242516569375972 
1689	 0.242411981476569 
1690	 0.242332166300986 
1691	 0.242116777953322 
1692	 0.241791603602055 
1693	 0.241496538618882 
1694	 0.241203379140637 
1695	 0.240850531115204 
1696	 0.24054148419494 
1697	 0.240180019130222 
1698	 0.23988347351719 
1699	 0.239665059777858 
1700	 0.239458512527318 
1701	 0.23943878229709 
1702	 0.239029234956879 
1703	 0.238653596671364 
1704	 0.23803422724702 
1705	 0.237584392608933 
1706	 0.237419124064125 
1707	 0.237087058560626 
1708	 0.236635702853046 
1709	 0.236212100079332 
1710	 0.235673286797634 
1711	 0.235262538628506 
1712	 0.235097405676402 
1713	 0.234650556591136 
1714	 0.234106808507568 
1715	 0.233656365120683 
1716	 0.233013387890592 
1717	 0.23248339386019 
1718	 0.232157918113807 
1719	 0.231578791566358 
1720	 0.230795084033823 
1721	 0.230249304097457 
1722	 0.229764244612258 
1723	 0.229198255478581 
1724	 0.22881557410747 
1725	 0.228210821292624 
1726	 0.227241531018297 
1727	 0.226630970041864 
1728	 0.226085285024593 
1729	 0.225601782108782 
1730	 0.225493029395553 
1731	 0.225095435277047 
1732	 0.224643792620449 
1733	 0.223969417461128 
1734	 0.22286530539356 
1735	 0.222224685173335 
1736	 0.221708407828253 
1737	 0.221188900623981 
1738	 0.221038295250336 
1739	 0.220510005176184 
1740	 0.219729470480483 
1741	 0.218925989197679 
1742	 0.218029058300272 
1743	 0.217241601664497 
1744	 0.216347574484989 
1745	 0.215560028303792 
1746	 0.214907766956522 
1747	 0.214137327963128 
1748	 0.213247613888776 
1749	 0.212709703904272 
1750	 0.212347771867718 
1751	 0.212067884741978 
1752	 0.211554517684319 
1753	 0.210265697091369 
1754	 0.209183853239246 
1755	 0.208074525988984 
1756	 0.207051334553121 
1757	 0.206314626553927 
1758	 0.205409994746225 
1759	 0.204590899296988 
1760	 0.20362076390585 
1761	 0.202889892219828 
1762	 0.202405196801354 
1763	 0.201544005314086 
1764	 0.200790204022162 
1765	 0.199862092179207 
1766	 0.19878642752031 
1767	 0.198374888819006 
1768	 0.19798656952385 
1769	 0.197144279388199 
1770	 0.196447736006569 
1771	 0.195342596275247 
1772	 0.194684781524344 
1773	 0.195205924394425 
1774	 0.194858900393525 
1775	 0.193993737218291 
1776	 0.193243757097408 
1777	 0.191741170863197 
1778	 0.190872148575285 
1779	 0.190542500808988 
1780	 0.190202685601455 
1781	 0.190371384031148 
1782	 0.190028787579763 
1783	 0.189298860468536 
1784	 0.188882290715547 
1785	 0.188311972088019 
1786	 0.188010612624092 
1787	 0.188307404332972 
1788	 0.188115500921495 
1789	 0.187680372501474 
1790	 0.187177121349893 
1791	 0.18630733134812 
1792	 0.185902775417301 
1793	 0.185391560704244 
1794	 0.1855337181588 
1795	 0.186618180099576 
1796	 0.187133855375754 
1797	 0.188195247258386 
1798	 0.188352464267137 
1799	 0.187517544188452 
1800	 0.186813027798305 
1801	 0.185249189428753 
1802	 0.18495809776221 
1803	 0.185344162955803 
1804	 0.185666905161287 
1805	 0.187045375884388 
1806	 0.18783876599251 
1807	 0.188265801107222 
1808	 0.188969641367143 
1809	 0.190110691337303 
1810	 0.191759989287773 
1811	 0.191828440921351 
1812	 0.191560409713924 
1813	 0.191007341818152 
1814	 0.189455617714709 
1815	 0.189340943274518 
1816	 0.190818323078678 
1817	 0.191427491214259 
1818	 0.182406255807453 
1819	 0.179693527182902 
1820	 0.17729970912413 
1821	 0.177713600680992 
1822	 0.196541934068223 
1823	 0.206389484282301 
1824	 0.206967889114862 
1825	 0.213818319314449 
1826	 0.216741090942164 
1827	 0.221823488683831 
1828	 0.240555100218897 
1829	 0.245154024381756 
1830	 0.226015848158682 
1831	 0.187704624457727 
1832	 0.208579337671309 
1833	 0.244071026887144 
1834	 0.595454519924748 
1835	 0.931343836942283 
1836	 0.486506061013359 
1837	 0.460665950415705 
1838	 0.215793179686829 
1839	 0.147932402307878 
1840	 0.537825582334526 
1841	 0.548152991497229 
1842	 0.589093893910706 
1843	 0.324916791086378 
1844	 0.423541921432541 
1845	 2.51369690743928 
1846	-13.3063353971332 
1847	 1.96255451422102 
1848	 4.76691039653473 
1849	 2.45599869066285 
1850	 0.838052415693799 
1851	 0.732752472490495 
1852	 0.510213693431841 
1853	 0.682458338953402 
1854	 4.58442309227372 
1855	 3.32171786158662 
1856	 0.66638911844547 
1857	 0.614759507721614 
1858	 1.42417289382554 
1859	 2.11921989549236 
1860	 0.416808508288597 
1861	 2.52888309957563 
1862	 0.562992410751604 
1863	-0.397749090101422 
1864	-0.329191632787501 
1865	 0.276074267481773 
1866	 0.616043066575631 
1867	 1.06712924070312 
1868	 1.36033841528759 
1869	 1.14421254103275 
1870	 0.609352649992597 
1871	 0.869428612977363 
1872	 4.11149015109805 
1873	 3.3301007813383 
1874	 1.68131673754984 
1875	 1.41541403211347 
1876	 0.867013906027442 
1877	 0.297954753668067 
1878	 0.197933768663808 
1879	 0.567883598917539 
1880	 0.576979840265903 
1881	 0.518885971403681 
1882	 0.510745374707608 
1883	 0.423815463779867 
1884	 0.323579541930444 
1885	 0.222675319425568 
1886	 0.182779383149267 
1887	 0.218759875729444 
1888	 0.18856975113985 
1889	 8.90348809694575E-02 
1890	 0.13850553814477 
1891	 0.174323474589831 
1892	 0.209687197305236 
1893	 0.182273929642641 
1894	 0.103975957252942 
1895	 0.118155117897354 
1896	 9.79045642710705E-02 
1897	 0.14266677331014 
1898	 0.210360724314343 
1899	 0.397375388722388 
1900	 0.333595135164618 
1901	 0.276035061194288 
1902	 0.193559833518652 
1903	 7.55593442219489E-02 
1904	 2.15876521608153E-02 
1905	-5.52376211391441E-03 
1906	 6.74157857036689E-02 
1907	-8.91033417554911E-02 
1908	 7.44163876945422E-02 
1909	 0.18145883114116 
1910	 0.107486593216596 
1911	 0.153288756767822 
1912	 0.181136216163853 
1913	 0.170689844046423 
1914	 0.128919396028679 
1915	 0.105724667551305 
1916	 5.76489962591426E-02 
1917	 6.21998209210997E-02 
1918	 8.89840925972643E-02 
1919	 0.101787761010052 
1920	 0.130398040495374 
1921	 0.110172534049533 
1922	 8.01441911226973E-02 
1923	 0.055523627797163 
1924	 3.65147484912736E-02 
1925	-8.29361335560711E-03 
1926	 1.31926190701849E-02 
1927	 6.16508360606838E-02 
1928	 6.60808803836277E-02 
1929	 7.04972003800473E-02 
1930	 6.34153308711171E-02 
1931	 3.90580659044773E-02 
1932	 2.42438601389115E-02 
1933	 0.036122900950455 
1934	 5.66421788165141E-02 
1935	 5.72327191540289E-02 
1936	 0.056042595378287 
1937	 5.12870444914426E-02 
1938	 3.72575827958389E-02 
1939	 2.48489149648146E-02 
1940	 2.84949428673327E-02 
1941	 3.63008235409147E-02 
1942	 0.037163842116976 
1943	 3.28132034865057E-02 
1944	 0.024948863236859 
1945	 0.018053265550176 
1946	 1.61710285100997E-02 
1947	 1.80159995112625E-02 
1948	 2.00928795388041E-02 
1949	 2.42706010295653E-02 
1950	 3.00282624281362E-02 
1951	 0.0283581447725 
1952	 2.78587644173328E-02 
1953	 2.94073797604237E-02 
1954	 2.63756845525493E-02 
1955	 2.60259943070756E-02 
1956	 2.97247982897578E-02 
1957	 3.05428965178549E-02 
1958	 3.01262355618997E-02 
1959	 2.81796680846947E-02 
1960	 2.99380807650896E-02 
1961	 3.09127186534487E-02 
1962	 2.97611969910761E-02 
1963	 3.16998219761999E-02 
1964	 3.20940482581267E-02 
1965	 3.07734192917279E-02 
1966	 3.19622140673845E-02 
1967	 3.29505449574826E-02 
1968	 3.21471668750545E-02 
1969	 3.17169526893167E-02 
1970	 3.10442891579393E-02 
1971	 3.08706322856072E-02 
1972	 3.12738866324962E-02 
1973	 3.22460832409648E-02 
1974	 3.29183832090419E-02 
1975	 3.29828087136088E-02 
1976	 0.033196472237218 
1977	 3.31816474306038E-02 
1978	 3.35492927029122E-02 
1979	 3.45209029985244E-02 
1980	 3.42414965877929E-02 
1981	 3.35804109502857E-02 
1982	 3.38023078188332E-02 
1983	 0.034553562831477 
1984	 3.51445473116456E-02 
1985	 3.54777288577377E-02 
1986	 3.60816649628987E-02 
1987	 3.61654541680628E-02 
1988	 3.53668009979351E-02 
1989	 0.035615778276434 
1990	 0.036338269007925 
1991	 3.63779510531486E-02 
1992	 3.70410914081652E-02 
1993	 3.73052664778807E-02 
1994	 3.66186193937761E-02 
1995	 3.66599602603359E-02 
1996	 0.036963394794158 
1997	 3.78270242422432E-02 
1998	 3.91494788074577E-02 
1999	 3.97488582481424E-02 
2000	 3.87071097238284E-02 
2001	 0.037635354089585 
2002	 3.75916508124649E-02 
2003	 3.74701958416053E-02 
2004	 3.94829719588053E-02 
2005	 4.29225724774567E-02 
2006	 0.044224406716644 
2007	 4.17740737442704E-02 
2008	 4.25488335586539E-02 
2009	 4.47019184673433E-02 
2010	 4.57812225105465E-02 
2011	 0.044913423982561 
2012	 4.56022059657784E-02 
2013	 4.75774248587701E-02 
2014	 4.71017361197093E-02 
2015	 0.046281812062109 
2016	 4.78312189569333E-02 
2017	 4.84443665450285E-02 
2018	 4.78062318966358E-02 
2019	 4.81955084867067E-02 
2020	 5.05359589394522E-02 
2021	 5.11266344366597E-02 
2022	 5.07543803152625E-02 
2023	 5.10328687613112E-02 
2024	 5.11463517476395E-02 
2025	 4.98889528383491E-02 
2026	 4.87765339857386E-02 
2027	 4.91178806924058E-02 
2028	 4.98784348335211E-02 
2029	 5.01289361665923E-02 
2030	 5.08975631899653E-02 
2031	 5.19816582129688E-02 
2032	 5.24039833734215E-02 
2033	 5.22417834954788E-02 
2034	 5.26235547201109E-02 
2035	 5.35297324955463E-02 
2036	 5.29968935010011E-02 
2037	 5.27277625221943E-02 
2038	 5.37314879211949E-02 
2039	 5.39667159964606E-02 
2040	 5.44240945517305E-02 
2041	 5.49713900963727E-02 
2042	 5.45479572366328E-02 
2043	 5.49498157759218E-02 
2044	 5.58022269443633E-02 
2045	 5.61447119012498E-02 
2046	 5.65834277945146E-02 
2047	 5.68882091638531E-02 
2048	 5.65487311262683E-02 
2049	 5.65778511760066E-02 
2050	 5.67159979190016E-02 
2051	 5.71839538146796E-02 
2052	 5.75267174047243E-02 
2053	 5.78342924737729E-02 
2054	 5.80581294445005E-02 
2055	 5.82525690590795E-02 
2056	 5.88448453946887E-02 
2057	 5.94116030028555E-02 
2058	 5.94451056295107E-02 
2059	 5.99026915336357E-02 
2060	 6.07597862217662E-02 
2061	 6.22862075198794E-02 
2062	 6.25774367334567E-02 
2063	 6.25894854804204E-02 
2064	 6.30443300032762E-02 
2065	 6.29621933099681E-02 
2066	 6.23889937510289E-02 
2067	 6.37595227945159E-02 
2068	 6.50675521380667E-02 
2069	 6.48561033766705E-02 
2070	 6.56413271802239E-02 
2071	 6.68203595682468E-02 
2072	 6.66099427881806E-02 
2073	 6.66301521327567E-02 
2074	 6.72251549076028E-02 
2075	 0.067658405692953 
2076	 6.79493268027956E-02 
2077	 6.81543587064932E-02 
2078	 6.81539793521722E-02 
2079	 6.86777202210985E-02 
2080	 6.96041988633884E-02 
2081	 6.96450669632561E-02 
2082	 6.92193611331963E-02 
2083	 6.96264220998798E-02 
2084	 6.95073555608114E-02 
2085	 6.98552924742907E-02 
2086	 7.11301392758709E-02 
2087	 7.14413150887538E-02 
2088	 7.15281281428811E-02 
2089	 7.16125430129373E-02 
2090	 7.14447822009493E-02 
2091	 7.10852041060868E-02 
2092	 7.15233406587095E-02 
2093	 7.20100303385215E-02 
2094	 7.23828123212545E-02 
2095	 7.33499424049443E-02 
2096	 7.42177115323464E-02 
2097	 7.51398812440893E-02 
2098	 7.52906632872303E-02 
2099	 7.52410362254338E-02 
2100	 0.075753119858493 
2101	 7.62727346415679E-02 
2102	 7.66929361496606E-02 
2103	 7.74473423730919E-02 
2104	 7.79887590704986E-02 
2105	 7.76030273051554E-02 
2106	 7.76957918822389E-02 
2107	 7.79978105336201E-02 
2108	 7.86890418387806E-02 
2109	 7.90987654283122E-02 
2110	 7.94962887973654E-02 
2111	 8.00987493325986E-02 
2112	 8.13019587523748E-02 
2113	 8.15603913669132E-02 
2114	 8.14559713770437E-02 
2115	 8.11367602587631E-02 
2116	 8.07346544494441E-02 
2117	 8.08947114088941E-02 
2118	 8.21568618017715E-02 
2119	 8.31713061354602E-02 
2120	 8.33660481007947E-02 
2121	 8.34808394759841E-02 
2122	 8.37690844174943E-02 
2123	 8.44106733968439E-02 
2124	 8.51666054873818E-02 
2125	 0.086458001392101 
2126	 8.69926541226498E-02 
2127	 8.72395482543979E-02 
2128	 8.78702231270539E-02 
2129	 8.85836730504208E-02 
2130	 8.88484757560652E-02 
2131	 0.088785041488234 
2132	 8.91865091430524E-02 
2133	 8.93442341913739E-02 
2134	 8.97644047507911E-02 
2135	 9.07379168644103E-02 
2136	 9.09719627609971E-02 
2137	 0.090486541335067 
2138	 9.05164215792835E-02 
2139	 9.09802644274572E-02 
2140	 0.091159518721766 
2141	 0.091257880486308 
2142	 9.18250704801294E-02 
2143	 9.22615941261332E-02 
2144	 9.27710862606275E-02 
2145	 9.31497037595475E-02 
2146	 9.36875414435128E-02 
2147	 9.38482201036166E-02 
2148	 9.31649665373162E-02 
2149	 9.32477996792168E-02 
2150	 9.40437663918808E-02 
2151	 9.44276689877048E-02 
2152	 9.45577365573634E-02 
2153	 9.53789666055668E-02 
2154	 9.67375148180763E-02 
2155	 9.64707486866174E-02 
2156	 9.60619910203769E-02 
2157	 9.65994103865664E-02 
2158	 0.096920355367762 
2159	 9.67925288485163E-02 
2160	 9.69304961597324E-02 
2161	 9.76030393933315E-02 
2162	 9.78671380860497E-02 
2163	 9.77426535540277E-02 
2164	 9.79951883821284E-02 
2165	 9.85948985393949E-02 
2166	 9.88118926960713E-02 
2167	 9.92932095291998E-02 
2168	 9.91787579712429E-02 
2169	 9.81208409293523E-02 
2170	 9.82218923738065E-02 
2171	 9.81795301708502E-02 
2172	 0.098449831004231 
2173	 9.97852942645615E-02 
2174	 0.10110766693565 
2175	 0.100394083464367 
2176	 0.100687649487191 
2177	 0.100889951587245 
2178	 0.100294937581233 
2179	 0.101114706474934 
2180	 0.101817117653755 
2181	 0.101170617764891 
2182	 0.101394359833785 
2183	 0.101767009314178 
2184	 0.100559032326565 
2185	 0.100720864801557 
2186	 0.102316254632431 
2187	 0.102562374156763 
2188	 0.102250306598621 
2189	 0.102796431849663 
2190	 0.103545165099027 
2191	 0.103494386675777 
2192	 0.103075598074509 
2193	 0.103515520408325 
2194	 0.104207858608866 
2195	 0.104035867805052 
2196	 0.103827924833126 
2197	 0.104400122231554 
2198	 0.103826297854705 
2199	 0.102793744696337 
2200	 0.103693391958989 
2201	 0.104967387781937 
2202	 0.105467352973674 
2203	 0.106085944348574 
2204	 0.105619223743639 
2205	 0.105178868514998 
2206	 0.105990306955142 
2207	 0.10537998726823 
2208	 0.10432795727537 
2209	 0.104623633839839 
2210	 0.104878731167538 
2211	 0.105020772815214 
2212	 0.105059839585117 
2213	 0.106067416161172 
2214	 0.106071375310618 
2215	 0.104669353444085 
2216	 0.104623746198629 
2217	 0.105131624099513 
2218	 0.105161530227071 
2219	 0.106063350028955 
2220	 0.106026095233233 
2221	 0.105187511238944 
2222	 0.104338115250212 
2223	 0.103899100639359 
2224	 0.103285351116023 
2225	 0.104099023916005 
2226	 0.104599782121484 
2227	 0.104360715967436 
2228	 0.104545072107347 
2229	 0.104093726192395 
2230	 0.103626194415936 
2231	 0.103582271099038 
2232	 0.103363051438494 
2233	 0.103054013122705 
2234	 0.102800859412345 
2235	 0.102798847204819 
2236	 0.102398268798324 
2237	 0.102276476029409 
2238	 0.102538911606207 
2239	 0.102667795327542 
2240	 0.102953580971499 
2241	 0.102378028985215 
2242	 0.101359850044482 
2243	 0.1004776506381 
2244	 0.098331388208291 
2245	 9.78485264443131E-02 
2246	 9.95296728507134E-02 
2247	 9.82843129530107E-02 
2248	 0.094892465360422 
2249	 9.48735648982409E-02 
2250	 9.55412375379419E-02 
2251	 9.50087548329447E-02 
2252	 9.71839473462482E-02 
2253	 9.93596669881499E-02 
2254	 9.69636338531362E-02 
2255	 9.46049553964023E-02 
2256	 9.48822182041534E-02 
2257	 0.095029397203708 
2258	 9.52747513180764E-02 
2259	 0.095285256618195 
2260	 9.48395816614061E-02 
2261	 9.44286460701852E-02 
2262	 9.40245881312059E-02 
2263	 9.44503069768126E-02 
2264	 9.36723039979411E-02 
2265	 9.17360217654692E-02 
2266	 9.13278895112953E-02 
2267	 9.06591160507024E-02 
2268	 9.00268224998859E-02 
2269	 9.00728176207055E-02 
2270	 8.91004701196821E-02 
2271	 8.99573133128637E-02 
2272	 9.06303713504474E-02 
2273	 9.30598146886625E-02 
2274	 9.23047297319699E-02 
2275	 8.89628926075884E-02 
2276	 8.81942031506385E-02 
2277	 8.77040962859695E-02 
2278	 8.70612974089745E-02 
2279	 8.80117123110744E-02 
2280	 8.77034107256453E-02 
2281	 8.50734297610129E-02 
2282	 8.42699899628811E-02 
2283	 8.57652322846343E-02 
2284	 8.56751688981654E-02 
2285	 8.40285133234698E-02 
2286	 8.43371656386097E-02 
2287	 8.54075369738453E-02 
2288	 8.57552435646389E-02 
2289	 8.62575726051255E-02 
2290	 0.08558938851362 
2291	 8.37373575954487E-02 
2292	 8.29896075059367E-02 
2293	 8.33278548410323E-02 
2294	 0.083938912953978 
2295	 0.084140978658835 
2296	 8.31442468302706E-02 
2297	 8.35166939319313E-02 
2298	 8.49428699924921E-02 
2299	 8.50352177046154E-02 
2300	 8.39473562013513E-02 
2301	 8.21492995006351E-02 
2302	 8.09244474594196E-02 
2303	 0.078301626907998 
2304	 7.58085618217959E-02 
2305	 7.60952308636518E-02 
2306	 7.59896054102773E-02 
2307	 7.62513154419211E-02 
2308	 7.78436026701898E-02 
2309	 7.77945086777894E-02 
2310	 7.66788789656179E-02 
2311	 7.54298078985944E-02 
2312	 7.58487258599889E-02 
2313	 0.07742858928994 
2314	 7.50554756144204E-02 
2315	 7.28251722323878E-02 
2316	 7.40270589614052E-02 
2317	 7.29573627526438E-02 
2318	 7.13634408102899E-02 
2319	 7.04308689422884E-02 
2320	 7.00510528516558E-02 
2321	 7.02843993610853E-02 
2322	 7.05119569679665E-02 
2323	 7.08921282320743E-02 
2324	 7.30447286833613E-02 
2325	 7.37255931535196E-02 
2326	 7.37486313029309E-02 
2327	 7.38824553100202E-02 
2328	 7.39320615496763E-02 
2329	 7.25339653411427E-02 
2330	 6.95587173235654E-02 
2331	 0.067494889256417 
2332	 6.45175999324458E-02 
2333	 6.38301041664669E-02 
2334	 6.55640247350642E-02 
2335	 6.48658316938908E-02 
2336	 6.35331997208408E-02 
2337	 6.44329103148917E-02 
2338	 0.064895843797022 
2339	 0.064179345117716 
2340	 6.48687484475511E-02 
2341	 0.066147618386243 
2342	 6.27029342021983E-02 
2343	 6.03551338716073E-02 
2344	 5.95575770454007E-02 
2345	 5.75678568024848E-02 
2346	 5.97030361163112E-02 
2347	 0.06350515462981 
2348	 6.45067482637032E-02 
2349	 6.48253748291157E-02 
2350	 6.29560664174987E-02 
2351	 6.14254896484982E-02 
2352	 6.12527010892266E-02 
2353	 6.17061751922792E-02 
2354	 6.02775309960231E-02 
2355	 5.50059417597318E-02 
2356	 5.72490022714155E-02 
2357	 6.36812741814937E-02 
2358	 6.10825619681159E-02 
2359	 6.07984015928988E-02 
2360	 6.48635879861646E-02 
2361	 6.12377047391562E-02 
2362	 5.81326383473452E-02 
2363	 6.13746167566675E-02 
2364	 6.33047118899856E-02 
2365	 6.26182318062932E-02 
2366	 6.61269404082463E-02 
2367	 6.78288832707668E-02 
2368	 6.14970435699094E-02 
2369	 5.60673130180097E-02 
2370	 5.64068008282013E-02 
2371	 0.058465361825399 
2372	 5.74954558879578E-02 
2373	 5.63737149368735E-02 
2374	 5.40424957096542E-02 
2375	 5.24261698585074E-02 
2376	 5.64666751426415E-02 
2377	 5.81526462110927E-02 
2378	 5.33362183155043E-02 
2379	 4.93565458816294E-02 
2380	 5.38287442149283E-02 
2381	 5.62367545230304E-02 
2382	 5.23227044281618E-02 
2383	 5.20174614019159E-02 
2384	 4.81875844283115E-02 
2385	 4.54488977582336E-02 
2386	 5.17072301633922E-02 
2387	 0.058320870403291 
2388	 6.11428699792858E-02 
2389	 0.057298897924454 
2390	 5.43364196497087E-02 
2391	 5.72684003481295E-02 
2392	 5.19160113908692E-02 
2393	 4.22294022429362E-02 
2394	 4.93365566398877E-02 
2395	 5.30145222134884E-02 
2396	 4.85366371845173E-02 
2397	 5.69896665483912E-02 
2398	 0.055497562626508 
2399	 4.90698188061144E-02 
2400	 5.70308920380439E-02 
2401	 5.63001730883449E-02 
2402	 4.98244404360456E-02 
2403	 5.73049946527985E-02 
2404	 0.058040290210911 
2405	 5.56839054999792E-02 
2406	 6.75597121426004E-02 
2407	 6.48146939928311E-02 
2408	 5.38357896722172E-02 
2409	 5.75328304844679E-02 
2410	 5.15231529193918E-02 
2411	 3.63530389207644E-02 
2412	 4.03564242301715E-02 
2413	 5.66108870004398E-02 
2414	 6.32858568497924E-02 
2415	 5.54060742195679E-02 
2416	 4.38606153082488E-02 
2417	 3.13304498175829E-02 
2418	 2.05946587435683E-02 
2419	 3.39091074670698E-02 
2420	 4.79521772386423E-02 
2421	 3.31974870541319E-02 
2422	 2.21404758998776E-02 
2423	 2.66923899205049E-02 
2424	 2.67171683739472E-02 
2425	 4.02736046002716E-02 
2426	 0.054075827752292 
2427	 4.42865189173507E-02 
2428	 0.04608273467939 
2429	 5.39314259265482E-02 
2430	 5.71928262947526E-02 
2431	 6.62685220902406E-02 
2432	 0.059736826810352 
2433	 4.35327866696351E-02 
2434	 0.030211396906996 
2435	 2.21669038670542E-02 
2436	 3.10060475084499E-02 
2437	 4.17746343879575E-02 
2438	 0.049087803020368 
2439	 5.38079984524877E-02 
2440	 4.49194454799461E-02 
2441	 4.53213682670398E-02 
2442	 4.19623057745515E-02 
2443	 3.41868660680485E-02 
2444	 6.12957971412743E-02 
2445	 7.04946743491138E-02 
2446	 5.98387131595226E-02 
2447	 6.54735246415798E-02 
2448	 4.86052170786082E-02 
2449	 2.58579226598388E-02 
2450	 2.81862848148861E-02 
2451	 5.49945962044953E-02 
2452	 6.64955135819673E-02 
2453	 5.81030866675455E-02 
2454	 6.44791216948165E-02 
2455	 3.91988653477843E-02 
2456	 1.02647517132511E-02 
2457	 1.55945046499631E-02 
2458	 1.08583658996319E-02 
2459	 1.63932726888875E-02 
2460	 3.12270190688262E-02 
2461	 2.82601977928308E-02 
2462	 3.76129828425931E-02 
2463	 4.05650722193444E-02 
2464	 1.63850873039854E-02 
2465	 0.025643866812649 
2466	 4.41314292396753E-02 
2467	 2.46192568436963E-02 
2468	 0.054933061547578 
2469	 5.76582803764987E-02 
2470	 2.70183864721315E-02 
2471	 2.84540572061519E-02 
2472	 4.63224983571648E-02 
2473	 4.13336093540925E-02 
2474	 3.04182246467271E-02 
2475	 2.53220342915357E-02 
2476	 2.38019278281221E-02 
2477	 1.13727334126794E-03 
2478	-5.98800318337519E-02 
2479	-0.072969131102399 
2480	-0.076647667966191 
2481	-0.144204558053503 
2482	-0.174491331789748 
2483	-0.13723493470562 
2484	-4.90849993980154E-02 
2485	 8.20358038787103E-04 
2486	 1.97134386658983E-02 
2487	 4.02074872345929E-02 
2488	-0.106838009524443 
2489	-8.07873597859874E-02 
2490	 0.278326042025321 
2491	 0.318589192869663 
2492	 0.263836539341743 
2493	 3.51369397956097E-02 
2494	-0.225961464460785 
2495	 0.104484069371165 
2496	 0.553085190423298 
2497	 0.454651904083256 
2498	 0.265024973854953 
2499	 9.05708091807996E-02 
2500	-9.14278693483873E-02 
