Wavelength	09/27/123 at 12:14:38
350	 9.48211412433672E-03 
351	 9.09510334675896E-03 
352	 9.2402151260277E-03 
353	 9.51456729446099E-03 
354	 9.15745901431521E-03 
355	 9.42858992483692E-03 
356	 9.69698737097332E-03 
357	 9.55497206050655E-03 
358	 9.40748072786446E-03 
359	 9.46811485988279E-03 
360	 9.64291931518064E-03 
361	 9.70971399784217E-03 
362	 9.87015773688352E-03 
363	 9.91616116627903E-03 
364	 9.77994778659751E-03 
365	 9.74949880283605E-03 
366	 9.74794900650004E-03 
367	 9.7011344989813E-03 
368	 9.57961154177076E-03 
369	 9.90413083466047E-03 
370	 1.02180038841078E-02 
371	 1.01832799227029E-02 
372	 9.89948213141954E-03 
373	 1.00406631959703E-02 
374	 1.04087595293111E-02 
375	 1.03916876647828E-02 
376	 1.04275578097801E-02 
377	 1.05171884423183E-02 
378	 1.05788044060509E-02 
379	 0.010425553337563 
380	 0.010492626568674 
381	 1.07995801638352E-02 
382	 1.11412999500094E-02 
383	 0.011328498084483 
384	 1.16003430799769E-02 
385	 1.19859560271302E-02 
386	 1.19283487902331E-02 
387	 1.17724762835946E-02 
388	 1.18253159615027E-02 
389	 1.22748739760865E-02 
390	 1.24115330098004E-02 
391	 1.27048970116745E-02 
392	 1.32896681928719E-02 
393	 1.34610094413189E-02 
394	 1.35364018761477E-02 
395	 1.36589602287611E-02 
396	 1.39022556066078E-02 
397	 1.42369956236427E-02 
398	 1.45560534326431E-02 
399	 1.48108255161688E-02 
400	 1.50499493410733E-02 
401	 1.52858932312487E-02 
402	 1.55392391216561E-02 
403	 1.58222421555597E-02 
404	 1.60577559541133E-02 
405	 1.63595053530768E-02 
406	 1.67331113412339E-02 
407	 0.016947049202018 
408	 1.72595360897523E-02 
409	 1.76786723751274E-02 
410	 1.81113800951736E-02 
411	 1.84773805701319E-02 
412	 1.88094829183671E-02 
413	 1.91420146346522E-02 
414	 1.94893740513453E-02 
415	 1.98670625647748E-02 
416	 2.02261076727264E-02 
417	 2.04981968940946E-02 
418	 2.06627274565145E-02 
419	 2.08863338126995E-02 
420	 2.12273143786152E-02 
421	 2.15575713792939E-02 
422	 2.18544785812996E-02 
423	 2.20947915783805E-02 
424	 2.22785689852043E-02 
425	 2.25107489604756E-02 
426	 2.27794665692187E-02 
427	 2.30512172958293E-02 
428	 2.32803308196788E-02 
429	 2.34506968547156E-02 
430	 2.35931109527342E-02 
431	 2.37476580178065E-02 
432	 2.38868432380802E-02 
433	 0.024030853796544 
434	 2.41808447575692E-02 
435	 0.024304910346586 
436	 2.45248041943867E-02 
437	 2.47828263747522E-02 
438	 2.49745559973308E-02 
439	 2.50728332350914E-02 
440	 2.51929844328106E-02 
441	 2.53657390457342E-02 
442	 2.55012457700669E-02 
443	 2.56748997012428E-02 
444	 2.58736693479628E-02 
445	 2.60728698693974E-02 
446	 2.63235386251992E-02 
447	 2.65786818078217E-02 
448	 2.68104607482304E-02 
449	 2.70244050119444E-02 
450	 2.71888846801375E-02 
451	 2.73460733163328E-02 
452	 2.75384871512685E-02 
453	 2.77018205321687E-02 
454	 2.78579188360507E-02 
455	 0.028011233520962 
456	 2.81424155869957E-02 
457	 2.82963713437523E-02 
458	 0.028461488459763 
459	 2.86106934480902E-02 
460	 2.87234419422317E-02 
461	 2.88051744172812E-02 
462	 2.88705225243163E-02 
463	 2.89401297968354E-02 
464	 2.90444700753953E-02 
465	 2.91536511394724E-02 
466	 0.029225796291098 
467	 2.92334483486838E-02 
468	 2.92999169950833E-02 
469	 2.94249680027944E-02 
470	 2.94961254857358E-02 
471	 2.96498419107696E-02 
472	 2.98079507515902E-02 
473	 2.98862417628742E-02 
474	 2.99286180787619E-02 
475	 3.00301742063046E-02 
476	 0.030162749093562 
477	 3.02077084282258E-02 
478	 3.02974217795428E-02 
479	 3.04468047265906E-02 
480	 3.06317670840408E-02 
481	 3.07906127383995E-02 
482	 3.08823735509561E-02 
483	 3.09595071966919E-02 
484	 3.11354600188505E-02 
485	 3.13163060425509E-02 
486	 3.14984005352912E-02 
487	 3.16828053715401E-02 
488	 3.18410905472978E-02 
489	 3.20258569856467E-02 
490	 3.22604739493845E-02 
491	 3.25445463080236E-02 
492	 3.28053832587064E-02 
493	 3.30964510681584E-02 
494	 3.34450025728701E-02 
495	 3.37831836192236E-02 
496	 0.034127820538136 
497	 3.45236014203775E-02 
498	 3.50213869206133E-02 
499	 0.035582037274496 
500	 3.61728578900661E-02 
501	 3.67976011774063E-02 
502	 3.75296614623424E-02 
503	 3.82783607979979E-02 
504	 3.90471836074518E-02 
505	 3.98826415548259E-02 
506	 0.040827802930994 
507	 4.18739107890847E-02 
508	 4.29829127913171E-02 
509	 4.40722630613345E-02 
510	 4.52502803886841E-02 
511	 4.65758253013699E-02 
512	 4.80648798788839E-02 
513	 4.95839153255473E-02 
514	 5.11958184959961E-02 
515	 5.29325547178397E-02 
516	 5.47628966102451E-02 
517	 5.67241606804431E-02 
518	 5.87359665067228E-02 
519	 6.06979896934422E-02 
520	 6.26711596511766E-02 
521	 6.46570347252509E-02 
522	 0.066676671680471 
523	 0.068745523902331 
524	 7.08149351489088E-02 
525	 7.28208353528783E-02 
526	 7.47313488622002E-02 
527	 7.66253954222967E-02 
528	 7.84392559035248E-02 
529	 8.01065294136337E-02 
530	 8.16129292551054E-02 
531	 8.31089041887052E-02 
532	 0.084514783456252 
533	 8.57527300304405E-02 
534	 8.69113161545165E-02 
535	 8.79776268250242E-02 
536	 8.89433191357934E-02 
537	 0.089806637270954 
538	 9.06563336858962E-02 
539	 9.14585147215028E-02 
540	 0.09217434079784 
541	 9.27856969811132E-02 
542	 9.33831752995031E-02 
543	 9.39822204699872E-02 
544	 9.45600632214016E-02 
545	 9.50565323872735E-02 
546	 0.095502185384797 
547	 9.59306289136643E-02 
548	 9.63623161478085E-02 
549	 0.096770501827425 
550	 9.71175007677406E-02 
551	 9.73656759932786E-02 
552	 9.74974429622017E-02 
553	 9.75165427226843E-02 
554	 9.74301684622174E-02 
555	 9.72465643064301E-02 
556	 9.69569740740951E-02 
557	 9.65680728510601E-02 
558	 0.096086144421478 
559	 9.54749545883513E-02 
560	 9.47978849228665E-02 
561	 0.094082300093781 
562	 9.33103912697899E-02 
563	 9.24245472318856E-02 
564	 9.14219703726794E-02 
565	 9.03335865847424E-02 
566	 8.92421397419957E-02 
567	 8.81388830314567E-02 
568	 8.69891293514953E-02 
569	 8.57472533592941E-02 
570	 8.45675023763234E-02 
571	 8.34286858201829E-02 
572	 8.22952601854612E-02 
573	 8.11428193420277E-02 
574	 8.00634708563315E-02 
575	 0.079063749438647 
576	 7.81346335980854E-02 
577	 7.73487579622257E-02 
578	 7.65780717521568E-02 
579	 7.57928617355341E-02 
580	 7.51438596095476E-02 
581	 0.074489034174502 
582	 7.38687447523506E-02 
583	 7.33498820340139E-02 
584	 7.28150979060642E-02 
585	 0.072297312155951 
586	 7.18463200204797E-02 
587	 7.15118522752083E-02 
588	 7.11291633297701E-02 
589	 7.07314567754325E-02 
590	 7.03888410961763E-02 
591	 7.00181941338006E-02 
592	 6.97191616940366E-02 
593	 6.95075757050291E-02 
594	 6.93499548774264E-02 
595	 6.91607842198925E-02 
596	 6.89402368795464E-02 
597	 6.87176567599452E-02 
598	 6.85586716788499E-02 
599	 6.83573154536257E-02 
600	 6.81007737365215E-02 
601	 0.067826969999635 
602	 6.75833942927315E-02 
603	 6.72997603253269E-02 
604	 6.69225376089991E-02 
605	 6.64332348960453E-02 
606	 6.59385505321976E-02 
607	 6.54401565407363E-02 
608	 6.49088967391465E-02 
609	 6.43753931381911E-02 
610	 6.38177788328353E-02 
611	 6.32250668178082E-02 
612	 6.25908965540234E-02 
613	 6.19259358500015E-02 
614	 0.061309240786878 
615	 6.07876861083314E-02 
616	 6.02884204727725E-02 
617	 5.97787200856751E-02 
618	 5.93002325620945E-02 
619	 5.89099715080795E-02 
620	 5.85270133096776E-02 
621	 5.82086690461367E-02 
622	 0.057981818754315 
623	 5.77895401004347E-02 
624	 5.76611520075729E-02 
625	 0.057557080993697 
626	 5.74329238237547E-02 
627	 5.73608787845832E-02 
628	 5.73247712501228E-02 
629	 5.73008034874324E-02 
630	 5.72615689032216E-02 
631	 5.72398347632196E-02 
632	 5.71616441108524E-02 
633	 5.69841204939025E-02 
634	 5.68505868258801E-02 
635	 5.66945428068761E-02 
636	 5.64338951317754E-02 
637	 5.59983682595428E-02 
638	 5.55273347183419E-02 
639	 5.50689807090085E-02 
640	 5.46065281863869E-02 
641	 5.40215932404597E-02 
642	 5.34136177896841E-02 
643	 5.27823800822578E-02 
644	 5.21084808345544E-02 
645	 5.15149498949102E-02 
646	 5.09245788528915E-02 
647	 5.03356659163994E-02 
648	 4.98416549789963E-02 
649	 4.93936810364482E-02 
650	 4.89868439212964E-02 
651	 4.86095272022295E-02 
652	 4.82067674993716E-02 
653	 4.78324761784129E-02 
654	 4.74722765876262E-02 
655	 4.70482722313041E-02 
656	 4.65785408148079E-02 
657	 4.60430484936269E-02 
658	 4.54634544276604E-02 
659	 4.48631027258114E-02 
660	 4.42303941841143E-02 
661	 4.36158659504549E-02 
662	 0.043051982919751 
663	 4.24465980822707E-02 
664	 4.18999553970759E-02 
665	 4.14283794554483E-02 
666	 4.09416903567609E-02 
667	 4.05579918986509E-02 
668	 0.040257658638449 
669	 4.00091664071615E-02 
670	 3.98396701880138E-02 
671	 0.039754955675962 
672	 3.96858503451664E-02 
673	 3.95601125249735E-02 
674	 3.96267720599478E-02 
675	 0.039703219219423 
676	 3.97207555079419E-02 
677	 3.98371147245553E-02 
678	 4.00399475137677E-02 
679	 4.03472602832173E-02 
680	 4.07606977402623E-02 
681	 4.12014254103528E-02 
682	 4.17465883999633E-02 
683	 4.24475000296933E-02 
684	 4.33309754611138E-02 
685	 4.44657729815862E-02 
686	 4.60711164652978E-02 
687	 4.81891943529403E-02 
688	 5.00343118911568E-02 
689	 5.20274345457703E-02 
690	 5.43767731498764E-02 
691	 5.71232204476969E-02 
692	 0.060313909364593 
693	 6.39857177054179E-02 
694	 6.80618346132692E-02 
695	 7.22930116457212E-02 
696	 7.68700762028273E-02 
697	 0.081772354002303 
698	 8.70661908134005E-02 
699	 9.26964986798087E-02 
700	 9.85065956976342E-02 
701	 0.10441516640445 
702	 0.11038205094424 
703	 0.116290260640883 
704	 0.122295747678794 
705	 0.128486967891881 
706	 0.134684747277666 
707	 0.141030166746659 
708	 0.147501097199442 
709	 0.154071823498183 
710	 0.160744779344347 
711	 0.167635809855716 
712	 0.174795355030149 
713	 0.18216426755529 
714	 0.189688195441749 
715	 0.19727061814325 
716	 0.20521357607691 
717	 0.21385450582519 
718	 0.222908679901948 
719	 0.232099460659736 
720	 0.240966661051334 
721	 0.24941324603376 
722	 0.257725537322872 
723	 0.26671996388639 
724	 0.276166622423813 
725	 0.285526652721661 
726	 0.29463060423536 
727	 0.303697487343234 
728	 0.312706216115048 
729	 0.321572460492024 
730	 0.330235692886105 
731	 0.338616278142161 
732	 0.346662977554172 
733	 0.354362340009813 
734	 0.361860758083752 
735	 0.369259642181097 
736	 0.376473022567515 
737	 0.383348784544054 
738	 0.389846433487528 
739	 0.39601326761131 
740	 0.401903424827891 
741	 0.407475878575868 
742	 0.412689951777998 
743	 0.417590518632478 
744	 0.422169777452545 
745	 0.426458203044429 
746	 0.430454318122193 
747	 0.434120752667466 
748	 0.437597334458622 
749	 0.440903475584121 
750	 0.44388430273762 
751	 0.44669676118188 
752	 0.449312752029508 
753	 0.451688339984988 
754	 0.453841130019225 
755	 0.455956060757828 
756	 0.457985440045863 
757	 0.459879882425578 
758	 0.462093835970069 
759	 0.465034917957815 
760	 0.468696171109978 
761	 0.470783727056365 
762	 0.471514282367693 
763	 0.471748171157877 
764	 0.472015424964714 
765	 0.472125805109169 
766	 0.47229127851547 
767	 0.472623726885874 
768	 0.473177433855735 
769	 0.473865041144413 
770	 0.474534188899798 
771	 0.475158855591782 
772	 0.475834530304215 
773	 0.476586507479908 
774	 0.477289528823065 
775	 0.47789141747814 
776	 0.478516416715737 
777	 0.479144674050577 
778	 0.479758883887835 
779	 0.48034917973827 
780	 0.480981664499737 
781	 0.481576099421875 
782	 0.482120778441852 
783	 0.482654180784654 
784	 0.483242709751368 
785	 0.483830964826079 
786	 0.484376349020392 
787	 0.484882152061728 
788	 0.485477528911569 
789	 0.486083404065815 
790	 0.486620982615884 
791	 0.487152924624584 
792	 0.487688520704694 
793	 0.488191211803977 
794	 0.488638529888708 
795	 0.489180214299865 
796	 0.489723522877168 
797	 0.490250174735454 
798	 0.490810836506078 
799	 0.491283216294862 
800	 0.491735326118546 
801	 0.492223377209962 
802	 0.492739538093379 
803	 0.493253507734873 
804	 0.49376249474725 
805	 0.494266434070608 
806	 0.494737037637066 
807	 0.495255444906556 
808	 0.495796044719657 
809	 0.496265822487484 
810	 0.496626911100011 
811	 0.497044343738385 
812	 0.497515323200664 
813	 0.497865512296336 
814	 0.498322137754829 
815	 0.498777914452667 
816	 0.499164224536059 
817	 0.499639065964858 
818	 0.500065299293897 
819	 0.500461157251606 
820	 0.500889863957674 
821	 0.501366069508588 
822	 0.501876876724302 
823	 0.502293747004253 
824	 0.502505756950533 
825	 0.502867799605661 
826	 0.503278206196046 
827	 0.503671365163655 
828	 0.504033930224321 
829	 0.504298831014992 
830	 0.504577338843219 
831	 0.504921946231907 
832	 0.505230478692715 
833	 0.5056155430822 
834	 0.506037049168429 
835	 0.506451564221419 
836	 0.506868213210726 
837	 0.507299681935732 
838	 0.507701819172147 
839	 0.508037670065792 
840	 0.508453820624743 
841	 0.508926738318628 
842	 0.509380106685736 
843	 0.509717118771012 
844	 0.510094388692015 
845	 0.510466249009548 
846	 0.510844999246104 
847	 0.511356175572944 
848	 0.51171908391024 
849	 0.512023858711246 
850	 0.512382370620696 
851	 0.512730024825521 
852	 0.513144015442079 
853	 0.513558501498034 
854	 0.513902426564521 
855	 0.514239283110414 
856	 0.514552026390326 
857	 0.514865629104446 
858	 0.515221496498011 
859	 0.515673547253328 
860	 0.516130581088231 
861	 0.516494563925539 
862	 0.516715678457047 
863	 0.517127615849721 
864	 0.517482194673075 
865	 0.517670373907261 
866	 0.517961230835713 
867	 0.518311017114276 
868	 0.518660474847055 
869	 0.519008017927275 
870	 0.519512007912045 
871	 0.519782434447654 
872	 0.519932786332933 
873	 0.520212614308724 
874	 0.520629100197098 
875	 0.52096556130369 
876	 0.521313738672666 
877	 0.521826421570369 
878	 0.522159648288989 
879	 0.522393228867341 
880	 0.522599866071328 
881	 0.522859614112032 
882	 0.523157872078433 
883	 0.523491068470145 
884	 0.52376881309144 
885	 0.523844424525133 
886	 0.524170594623727 
887	 0.524579886278789 
888	 0.524892672654013 
889	 0.52507170327669 
890	 0.525142745435286 
891	 0.525302879110056 
892	 0.525623103553006 
893	 0.52576308532481 
894	 0.525878929015419 
895	 0.526041529249769 
896	 0.526278474592985 
897	 0.526527553262184 
898	 0.526702203784491 
899	 0.52688060379116 
900	 0.527149328320346 
901	 0.52719347991329 
902	 0.527303191707637 
903	 0.527544908880403 
904	 0.527776633629472 
905	 0.527983778486989 
906	 0.528218145658762 
907	 0.528365271916404 
908	 0.528177974085677 
909	 0.52833288649124 
910	 0.528498427284828 
911	 0.528451202259879 
912	 0.528357676720489 
913	 0.528308190824078 
914	 0.528481318503125 
915	 0.528873018548333 
916	 0.529117476731793 
917	 0.529220919355571 
918	 0.529377002617431 
919	 0.529558401676153 
920	 0.529112171452499 
921	 0.528911950069823 
922	 0.528808251317899 
923	 0.528490541803641 
924	 0.528249408632853 
925	 0.528091053534757 
926	 0.527617113203367 
927	 0.526435853427914 
928	 0.525169207511578 
929	 0.524600874464413 
930	 0.524076745428464 
931	 0.522112892037552 
932	 0.520249559982417 
933	 0.518319279940449 
934	 0.516545538477746 
935	 0.515425457296565 
936	 0.514634964957884 
937	 0.51437494645163 
938	 0.51428562103816 
939	 0.513687671032536 
940	 0.513040577107871 
941	 0.512336152561514 
942	 0.511466571868059 
943	 0.510325017311948 
944	 0.509219645648813 
945	 0.507956124351127 
946	 0.506293013226335 
947	 0.504083466387117 
948	 0.501971871321293 
949	 0.500783629591628 
950	 0.50023774225626 
951	 0.498757682565927 
952	 0.497593076253019 
953	 0.495802332682892 
954	 0.493408799506862 
955	 0.492459193583627 
956	 0.491167842479337 
957	 0.489900345814353 
958	 0.489080086139412 
959	 0.488336519726835 
960	 0.487504518899257 
961	 0.487002035131878 
962	 0.486929333460698 
963	 0.486490880937336 
964	 0.486342019866692 
965	 0.486320759831779 
966	 0.486089422474559 
967	 0.485363327808123 
968	 0.485293249387636 
969	 0.485737716984869 
970	 0.486222021116151 
971	 0.486587953476401 
972	 0.48642430693398 
973	 0.486268989046637 
974	 0.486616870263675 
975	 0.486966847942925 
976	 0.486701569531469 
977	 0.486264147967283 
978	 0.486330153105848 
979	 0.486827999414944 
980	 0.487565675381671 
981	 0.488322079991299 
982	 0.488934221886114 
983	 0.489450186900151 
984	 0.489572711956092 
985	 0.489628009215602 
986	 0.490098386261287 
987	 0.491160029906143 
988	 0.491996632693439 
989	 0.492529131865354 
990	 0.493068130486275 
991	 0.494104749384357 
992	 0.494691406189458 
993	 0.495177314549353 
994	 0.496088269900265 
995	 0.496359561559244 
996	 0.496692041132333 
997	 0.497334221935758 
998	 0.498157183978125 
999	 0.498481035779323 
1000	 0.498894070384214 
1001	 0.507584362721206 
1002	 0.508225143128604 
1003	 0.509061192286714 
1004	 0.509845218016204 
1005	 0.510435695131532 
1006	 0.511266074688069 
1007	 0.512256468068681 
1008	 0.513232743329143 
1009	 0.514221223371119 
1010	 0.515402755881741 
1011	 0.51662972155506 
1012	 0.517471062865903 
1013	 0.518230209542345 
1014	 0.519064978114677 
1015	 0.519857490489148 
1016	 0.520929613306364 
1017	 0.521923375245615 
1018	 0.523065054940575 
1019	 0.523999297968944 
1020	 0.524767348650411 
1021	 0.525385985128345 
1022	 0.526052794742607 
1023	 0.526881265728387 
1024	 0.527896187426261 
1025	 0.528922548822194 
1026	 0.529829379710233 
1027	 0.530858387550768 
1028	 0.531874655307758 
1029	 0.532743652359658 
1030	 0.533677682896029 
1031	 0.534576711721603 
1032	 0.535399540057744 
1033	 0.53613724942448 
1034	 0.53697575223961 
1035	 0.537829711798353 
1036	 0.538558093171568 
1037	 0.539207582546974 
1038	 0.539900550204104 
1039	 0.540577955747394 
1040	 0.541274764860204 
1041	 0.542132812553085 
1042	 0.543078501463342 
1043	 0.543949305051285 
1044	 0.544776263139194 
1045	 0.545610647923268 
1046	 0.546413156155363 
1047	 0.547024988139825 
1048	 0.547629754642829 
1049	 0.54820489115306 
1050	 0.548702228540438 
1051	 0.549258444621981 
1052	 0.549739857180871 
1053	 0.550299196557345 
1054	 0.550810103747624 
1055	 0.551386079650213 
1056	 0.551979161758654 
1057	 0.552414302645648 
1058	 0.552739519688837 
1059	 0.55314585368414 
1060	 0.553434829210721 
1061	 0.55378578474225 
1062	 0.554230947861709 
1063	 0.554799033699959 
1064	 0.555508253758005 
1065	 0.556002178338769 
1066	 0.556373555960282 
1067	 0.556534636769967 
1068	 0.556558166853997 
1069	 0.556641278337943 
1070	 0.556811972687986 
1071	 0.557264320569251 
1072	 0.557456033155005 
1073	 0.557476095878749 
1074	 0.557611984622463 
1075	 0.557773894741409 
1076	 0.557831547231152 
1077	 0.55800734157295 
1078	 0.558231798480344 
1079	 0.558138396567897 
1080	 0.558004727214258 
1081	 0.557890334483734 
1082	 0.55756037993218 
1083	 0.557432778205492 
1084	 0.557354228879275 
1085	 0.557338709636831 
1086	 0.557525632134193 
1087	 0.557507367267991 
1088	 0.557414870553836 
1089	 0.557324046513506 
1090	 0.557192963122161 
1091	 0.556852217510591 
1092	 0.55660502120446 
1093	 0.556367473754462 
1094	 0.5560308509852 
1095	 0.555693899667578 
1096	 0.555378395888297 
1097	 0.555100684145432 
1098	 0.554788398748517 
1099	 0.55445335572511 
1100	 0.554144357785169 
1101	 0.553881004565081 
1102	 0.553495155651372 
1103	 0.553128331679772 
1104	 0.552670091979355 
1105	 0.551947852081183 
1106	 0.551398715549781 
1107	 0.550888724320268 
1108	 0.550348769760274 
1109	 0.55001910208707 
1110	 0.549633883948859 
1111	 0.54913706682595 
1112	 0.54853423272016 
1113	 0.547942064543412 
1114	 0.547131831326111 
1115	 0.546540823639137 
1116	 0.546311948810948 
1117	 0.545562721043311 
1118	 0.544560346054961 
1119	 0.543544247206462 
1120	 0.541989901350065 
1121	 0.540627608952958 
1122	 0.539643014546409 
1123	 0.538282317297293 
1124	 0.536746457180295 
1125	 0.535241412550594 
1126	 0.533202364527426 
1127	 0.531161020198346 
1128	 0.528264039087268 
1129	 0.524815019922406 
1130	 0.521530735868218 
1131	 0.517804164999336 
1132	 0.514617041051066 
1133	 0.511927292516301 
1134	 0.509208026499209 
1135	 0.506853097152381 
1136	 0.504239026849366 
1137	 0.502022638933646 
1138	 0.499097574345094 
1139	 0.495745545813423 
1140	 0.491967024088631 
1141	 0.488642213833111 
1142	 0.485037320497679 
1143	 0.481669929769272 
1144	 0.478861108614773 
1145	 0.475467342827399 
1146	 0.471710899645565 
1147	 0.468230982036324 
1148	 0.464799100639924 
1149	 0.46134383535273 
1150	 0.457847232340766 
1151	 0.454712595638669 
1152	 0.451663375560584 
1153	 0.448952256598319 
1154	 0.446644349434383 
1155	 0.444445566403951 
1156	 0.442580430027667 
1157	 0.44078522806444 
1158	 0.439394548601077 
1159	 0.438360459534548 
1160	 0.43735236587903 
1161	 0.436410048622357 
1162	 0.435773870748884 
1163	 0.435427889472183 
1164	 0.434849042544148 
1165	 0.434344072495847 
1166	 0.433868185941036 
1167	 0.433122647714697 
1168	 0.43267061604832 
1169	 0.432482859993168 
1170	 0.432201664035718 
1171	 0.431912009185635 
1172	 0.431748070327345 
1173	 0.431438857384999 
1174	 0.431156407270383 
1175	 0.430898417351534 
1176	 0.430606673501866 
1177	 0.430389156531471 
1178	 0.430264437143902 
1179	 0.430070260484244 
1180	 0.429859127648105 
1181	 0.429625864699532 
1182	 0.429302892842905 
1183	 0.429085302522815 
1184	 0.428939824885175 
1185	 0.428783050554352 
1186	 0.428709112617234 
1187	 0.428540370719817 
1188	 0.428367521485299 
1189	 0.428061159235454 
1190	 0.427846901840187 
1191	 0.427753070492724 
1192	 0.427680936836599 
1193	 0.427711327774723 
1194	 0.427662354996306 
1195	 0.427518584825018 
1196	 0.427510717506429 
1197	 0.427606962611619 
1198	 0.427634611296286 
1199	 0.427652797212742 
1200	 0.42777891051436 
1201	 0.427895056188029 
1202	 0.42800742728535 
1203	 0.428300793980673 
1204	 0.428485115511502 
1205	 0.428533716136821 
1206	 0.428693124060342 
1207	 0.428848814137218 
1208	 0.429028534741351 
1209	 0.429532791035315 
1210	 0.430050877521769 
1211	 0.430391536240871 
1212	 0.430770277728099 
1213	 0.431025081056775 
1214	 0.431117247543194 
1215	 0.431482018291964 
1216	 0.432124879897324 
1217	 0.432597939934215 
1218	 0.433140321964105 
1219	 0.433584105016577 
1220	 0.433843889157537 
1221	 0.4342857511877 
1222	 0.434837270202359 
1223	 0.435306710396464 
1224	 0.435827757756107 
1225	 0.436278114578234 
1226	 0.436718812740048 
1227	 0.437225419613038 
1228	 0.437728659722237 
1229	 0.438305878216985 
1230	 0.438895235770867 
1231	 0.439346901242462 
1232	 0.439803304219092 
1233	 0.440369587793896 
1234	 0.440808688246416 
1235	 0.44131304572724 
1236	 0.441805977730841 
1237	 0.442262288962508 
1238	 0.442725224582432 
1239	 0.44322420405603 
1240	 0.443701146683704 
1241	 0.444299688639055 
1242	 0.444788071621163 
1243	 0.445201895437413 
1244	 0.445524747621882 
1245	 0.445936592645688 
1246	 0.446230974775186 
1247	 0.446785100139736 
1248	 0.447398401802848 
1249	 0.447843338144348 
1250	 0.448325390241131 
1251	 0.448645427131353 
1252	 0.448926444375249 
1253	 0.449351561655806 
1254	 0.449729328201622 
1255	 0.450140153196802 
1256	 0.450490006987522 
1257	 0.450814537630572 
1258	 0.45111278350047 
1259	 0.451394303302643 
1260	 0.451667621673019 
1261	 0.451909061987281 
1262	 0.452100740461683 
1263	 0.452259775826321 
1264	 0.452532479671609 
1265	 0.452728611939277 
1266	 0.452771494706037 
1267	 0.452819265775054 
1268	 0.45282247715583 
1269	 0.452756346744365 
1270	 0.452831664644521 
1271	 0.452873538856951 
1272	 0.452823985839211 
1273	 0.452767446355126 
1274	 0.452621307667131 
1275	 0.452472124103694 
1276	 0.452068638095926 
1277	 0.451578454542559 
1278	 0.451396472887473 
1279	 0.451162281923756 
1280	 0.450816131379498 
1281	 0.450559046952356 
1282	 0.450141076044688 
1283	 0.449494101741243 
1284	 0.44893356665617 
1285	 0.448360630213043 
1286	 0.447837098768083 
1287	 0.447389546138926 
1288	 0.4467385390024 
1289	 0.446125101203443 
1290	 0.445559798259124 
1291	 0.44466713384275 
1292	 0.443756574171923 
1293	 0.442939095427741 
1294	 0.44203135483656 
1295	 0.441223143831181 
1296	 0.44032145644774 
1297	 0.43926377360639 
1298	 0.438208057626002 
1299	 0.437011408286871 
1300	 0.43592971490765 
1301	 0.434817547456772 
1302	 0.433273952752273 
1303	 0.431842813857689 
1304	 0.430420383868556 
1305	 0.428935507894026 
1306	 0.427321485068103 
1307	 0.425990724634789 
1308	 0.424514724822739 
1309	 0.422568594775238 
1310	 0.420742472706042 
1311	 0.4189600906188 
1312	 0.417071892818477 
1313	 0.415178046296679 
1314	 0.413188969358886 
1315	 0.411213423700903 
1316	 0.408980440298376 
1317	 0.406876590010776 
1318	 0.405077033122086 
1319	 0.402601073461118 
1320	 0.400061976293651 
1321	 0.397998960462821 
1322	 0.395559230439593 
1323	 0.393202646782549 
1324	 0.391158064307421 
1325	 0.388745974530374 
1326	 0.386367301951034 
1327	 0.384087998629351 
1328	 0.381677965582908 
1329	 0.379322008839224 
1330	 0.376743404238543 
1331	 0.373946637033364 
1332	 0.37111711742354 
1333	 0.368527353075768 
1334	 0.365935455015467 
1335	 0.363582169280162 
1336	 0.361229821493152 
1337	 0.358835713147899 
1338	 0.356619289832315 
1339	 0.354437890921339 
1340	 0.352711329205858 
1341	 0.351020297846035 
1342	 0.349013582853881 
1343	 0.347436098773805 
1344	 0.346158887947956 
1345	 0.344983927548184 
1346	 0.343745933691687 
1347	 0.342144745150858 
1348	 0.340472515052327 
1349	 0.338994338288901 
1350	 0.33782992205776 
1351	 0.337319887330054 
1352	 0.336642674199759 
1353	 0.33412501969404 
1354	 0.331773822305198 
1355	 0.332006657843175 
1356	 0.331543762258327 
1357	 0.330576051223593 
1358	 0.332629601681317 
1359	 0.334112816996867 
1360	 0.330603160694055 
1361	 0.326791785108448 
1362	 0.332421098168086 
1363	 0.326035704622934 
1364	 0.312915260016835 
1365	 0.31661571737917 
1366	 0.312455700949025 
1367	 0.302948117506299 
1368	 0.331328028975009 
1369	 0.32387273204131 
1370	 0.264409314381123 
1371	 0.280799204255769 
1372	 0.29163032375959 
1373	 0.20790290516244 
1374	 0.236123654132176 
1375	 0.399853314260244 
1376	 0.361903026441073 
1377	 0.294252362412035 
1378	 0.375186119641366 
1379	 0.370037193267893 
1380	 0.344050121352777 
1381	 0.369849614547485 
1382	 0.305566828882429 
1383	 0.222446475607816 
1384	 0.218830725753879 
1385	 0.236314103260808 
1386	 0.248726613879525 
1387	 0.214955961684787 
1388	 0.152102121849295 
1389	 0.143433438931849 
1390	 0.168915126898303 
1391	 0.182362309476785 
1392	 0.183388051109673 
1393	 0.18921905170601 
1394	 0.160078169833942 
1395	 0.156353097469055 
1396	 0.180134715445657 
1397	 0.193222085866193 
1398	 0.207348987407752 
1399	 0.194207291200753 
1400	 0.147907888559813 
1401	 0.130115034466362 
1402	 0.134121790107465 
1403	 0.117320332764377 
1404	 0.113457957854867 
1405	 0.119232345051437 
1406	 0.10357731007301 
1407	 0.100647134378347 
1408	 0.110295217926558 
1409	 0.108201434174844 
1410	 0.107939626420817 
1411	 0.107650946009462 
1412	 9.91312846969115E-02 
1413	 9.29329507513127E-02 
1414	 9.37191073696204E-02 
1415	 9.33380088162307E-02 
1416	 9.21774361321329E-02 
1417	 9.30369146446496E-02 
1418	 9.01884031172387E-02 
1419	 8.94646084112553E-02 
1420	 9.08694089432602E-02 
1421	 8.92201482442171E-02 
1422	 8.84620421204467E-02 
1423	 0.086758950074174 
1424	 8.43597715647152E-02 
1425	 8.39566115426755E-02 
1426	 8.32478760063388E-02 
1427	 8.23337791539383E-02 
1428	 8.11693667216086E-02 
1429	 8.13279090255448E-02 
1430	 8.16581935535927E-02 
1431	 8.12372348118984E-02 
1432	 8.07362603219984E-02 
1433	 8.01538668415074E-02 
1434	 7.96365851058861E-02 
1435	 7.98651584063818E-02 
1436	 8.02051966144444E-02 
1437	 7.94811016630038E-02 
1438	 7.82093129882139E-02 
1439	 7.78136014866753E-02 
1440	 7.80131387343632E-02 
1441	 7.83738137888713E-02 
1442	 7.84807235544208E-02 
1443	 7.76368422069268E-02 
1444	 7.70767324421034E-02 
1445	 7.69558156408058E-02 
1446	 7.68315093836798E-02 
1447	 0.076968913580156 
1448	 7.68339026393823E-02 
1449	 7.67554428859612E-02 
1450	 0.077342322085519 
1451	 7.77412354935323E-02 
1452	 7.73434605177635E-02 
1453	 0.077263733932383 
1454	 7.74911824878081E-02 
1455	 7.75497134105314E-02 
1456	 7.79635540901912E-02 
1457	 0.078241399348767 
1458	 7.78964496569848E-02 
1459	 7.77212842705924E-02 
1460	 7.80002753762718E-02 
1461	 7.80704587615427E-02 
1462	 7.84898178187136E-02 
1463	 7.93899371918336E-02 
1464	 7.95567232184066E-02 
1465	 7.95509035544089E-02 
1466	 8.00649896742913E-02 
1467	 8.04683055201758E-02 
1468	 8.06530231165967E-02 
1469	 8.09356496659563E-02 
1470	 8.14909460998027E-02 
1471	 0.082003274091207 
1472	 8.23990208119269E-02 
1473	 8.33410499683093E-02 
1474	 8.43480585711859E-02 
1475	 8.44373177405645E-02 
1476	 8.47934988314519E-02 
1477	 8.57006155912671E-02 
1478	 8.65607251877846E-02 
1479	 8.78856381196702E-02 
1480	 8.91477529664564E-02 
1481	 8.94241387013441E-02 
1482	 8.96903807293051E-02 
1483	 9.08315360520812E-02 
1484	 9.18543471138662E-02 
1485	 9.24822690044311E-02 
1486	 9.35636214853695E-02 
1487	 9.45661661720334E-02 
1488	 9.49111253440802E-02 
1489	 9.57802011151494E-02 
1490	 9.70237672590831E-02 
1491	 9.76145773177091E-02 
1492	 9.84181282748393E-02 
1493	 9.96573622112754E-02 
1494	 0.100606421427734 
1495	 0.101529401402614 
1496	 0.102456869331406 
1497	 0.103062060811998 
1498	 0.103639192607237 
1499	 0.104523901114717 
1500	 0.105620989935087 
1501	 0.106693522881161 
1502	 0.107697843683529 
1503	 0.108623852944612 
1504	 0.109487456017018 
1505	 0.110384800563157 
1506	 0.111395092742655 
1507	 0.11253297877763 
1508	 0.113614202505521 
1509	 0.114627452425388 
1510	 0.115692550533518 
1511	 0.116604214898326 
1512	 0.117453563362594 
1513	 0.118630874135592 
1514	 0.119875351070447 
1515	 0.12089187877224 
1516	 0.121977533401829 
1517	 0.123011071088703 
1518	 0.12383993547425 
1519	 0.124964585449138 
1520	 0.126286771102306 
1521	 0.127355658624181 
1522	 0.128394277210271 
1523	 0.12951486881971 
1524	 0.130606098285472 
1525	 0.131727523813724 
1526	 0.132834059869162 
1527	 0.133845765088347 
1528	 0.134836686713854 
1529	 0.135991171245194 
1530	 0.137197792922959 
1531	 0.13828511925085 
1532	 0.13935798449917 
1533	 0.140430438213036 
1534	 0.141278461738729 
1535	 0.142392477648144 
1536	 0.143798799632773 
1537	 0.144937221887498 
1538	 0.146004649716436 
1539	 0.147194640369268 
1540	 0.148203190642988 
1541	 0.149269545206845 
1542	 0.15067696109519 
1543	 0.151839538739199 
1544	 0.152782355054039 
1545	 0.153745888376074 
1546	 0.154614317960971 
1547	 0.155684125935717 
1548	 0.156981344425265 
1549	 0.158270461523404 
1550	 0.15946889593258 
1551	 0.160428731526873 
1552	 0.161318127578196 
1553	 0.162185722927577 
1554	 0.162996619863961 
1555	 0.164001668839423 
1556	 0.165091342231024 
1557	 0.166364433002936 
1558	 0.167639444187229 
1559	 0.168473072968264 
1560	 0.169462530872709 
1561	 0.170512268956956 
1562	 0.171284535455956 
1563	 0.17240122773498 
1564	 0.173493760359918 
1565	 0.174276595447795 
1566	 0.175342742895081 
1567	 0.176462723824804 
1568	 0.177278867493764 
1569	 0.178126572318556 
1570	 0.179099023175746 
1571	 0.180027960325344 
1572	 0.181110538614351 
1573	 0.182298160642209 
1574	 0.183179588080111 
1575	 0.1838397076309 
1576	 0.184546299826199 
1577	 0.185322859134861 
1578	 0.186300879282479 
1579	 0.187381880461875 
1580	 0.18843268721553 
1581	 0.189462263556272 
1582	 0.190321243174086 
1583	 0.191146799399338 
1584	 0.191877230261788 
1585	 0.192579326148038 
1586	 0.19355176289608 
1587	 0.194487063416472 
1588	 0.195349159402033 
1589	 0.196185158373571 
1590	 0.196824587620252 
1591	 0.197502229428489 
1592	 0.198368357684023 
1593	 0.199264948055027 
1594	 0.200193653044046 
1595	 0.20098901624405 
1596	 0.201702188933927 
1597	 0.202664041839912 
1598	 0.20338031604066 
1599	 0.203954886048741 
1600	 0.204931745472952 
1601	 0.205705573230582 
1602	 0.206419082665358 
1603	 0.207466170468406 
1604	 0.208138392550645 
1605	 0.208594628986223 
1606	 0.209253074439952 
1607	 0.209943373019167 
1608	 0.210689120905056 
1609	 0.211385331119254 
1610	 0.212148979754542 
1611	 0.21300749587951 
1612	 0.213680134988332 
1613	 0.214504115257821 
1614	 0.215471049758296 
1615	 0.215963020188175 
1616	 0.21633829973517 
1617	 0.21693747528396 
1618	 0.217473950788829 
1619	 0.218132636036619 
1620	 0.218970334807165 
1621	 0.219640842619069 
1622	 0.220091403878232 
1623	 0.22056410338464 
1624	 0.221206191962636 
1625	 0.221763853708417 
1626	 0.22224689402129 
1627	 0.222825731531286 
1628	 0.223303579624617 
1629	 0.223853205480297 
1630	 0.224427945382148 
1631	 0.224946037417657 
1632	 0.225547250013494 
1633	 0.225950148002951 
1634	 0.22634753789788 
1635	 0.226802374079565 
1636	 0.227129899182013 
1637	 0.227661078552712 
1638	 0.228219908165013 
1639	 0.228633250846477 
1640	 0.229267277253095 
1641	 0.229791922157724 
1642	 0.230248765121935 
1643	 0.230974282690382 
1644	 0.231289823689254 
1645	 0.231382636671626 
1646	 0.23171358108156 
1647	 0.232010624759776 
1648	 0.232470728195549 
1649	 0.23289005645253 
1650	 0.233080003645922 
1651	 0.23335294400655 
1652	 0.233665592265742 
1653	 0.23399242862137 
1654	 0.234353901043047 
1655	 0.234650056228817 
1656	 0.23480711792015 
1657	 0.234939621631103 
1658	 0.235133176349227 
1659	 0.235308946864568 
1660	 0.235572370006481 
1661	 0.236012489203059 
1662	 0.236347484723682 
1663	 0.23651257927465 
1664	 0.236558411080594 
1665	 0.236302375270679 
1666	 0.236265684121338 
1667	 0.236704086770946 
1668	 0.237042669274128 
1669	 0.237330700324128 
1670	 0.237369595394961 
1671	 0.237042892601658 
1672	 0.236928837205051 
1673	 0.236886117491309 
1674	 0.236908958628679 
1675	 0.237003765220978 
1676	 0.236934446979087 
1677	 0.237016355308956 
1678	 0.237020067517963 
1679	 0.236932943921509 
1680	 0.236960033335905 
1681	 0.236725717072792 
1682	 0.236495101011955 
1683	 0.236510095346957 
1684	 0.23630455403404 
1685	 0.235950760399558 
1686	 0.235652740795967 
1687	 0.235313144419646 
1688	 0.235021702999509 
1689	 0.234804776710167 
1690	 0.234576352234919 
1691	 0.234357337027498 
1692	 0.234239233244365 
1693	 0.234012398279176 
1694	 0.233681498928173 
1695	 0.233438162499988 
1696	 0.232992107791891 
1697	 0.232624706347679 
1698	 0.232695340476853 
1699	 0.232631837772924 
1700	 0.232474083778494 
1701	 0.232432918158735 
1702	 0.231757293150611 
1703	 0.231287840949501 
1704	 0.230619353175359 
1705	 0.230220563422233 
1706	 0.230319730573112 
1707	 0.229992609814248 
1708	 0.229637675585774 
1709	 0.229157885882283 
1710	 0.228025238320757 
1711	 0.227564738717211 
1712	 0.227646021543514 
1713	 0.227280531543902 
1714	 0.227165095328289 
1715	 0.226725281755066 
1716	 0.225708480523432 
1717	 0.22496213632415 
1718	 0.224110131138281 
1719	 0.223607086071907 
1720	 0.223396066370278 
1721	 0.222995757400811 
1722	 0.22290133939803 
1723	 0.222455949887402 
1724	 0.221594607773613 
1725	 0.221017834544965 
1726	 0.220488669610405 
1727	 0.21993941076279 
1728	 0.219447776952735 
1729	 0.219000834900101 
1730	 0.218596580891226 
1731	 0.21802204372849 
1732	 0.217389737942567 
1733	 0.216796977897502 
1734	 0.216143289427226 
1735	 0.215459485590654 
1736	 0.214722758463506 
1737	 0.214299290712204 
1738	 0.214012846999643 
1739	 0.213489034495965 
1740	 0.213193495269158 
1741	 0.21247893655017 
1742	 0.211304186529625 
1743	 0.210418539343586 
1744	 0.209565749400694 
1745	 0.208905036803614 
1746	 0.208298162526004 
1747	 0.207611465626171 
1748	 0.207118917329832 
1749	 0.206191344597413 
1750	 0.205002672274002 
1751	 0.204059600350715 
1752	 0.203066378769633 
1753	 0.202533452951111 
1754	 0.201771150158536 
1755	 0.200927347558853 
1756	 0.200349638174161 
1757	 0.199708904494553 
1758	 0.1991211067407 
1759	 0.198387583346325 
1760	 0.197414299561147 
1761	 0.196148946407839 
1762	 0.195025709996299 
1763	 0.194506640599641 
1764	 0.193881667359194 
1765	 0.19358644146044 
1766	 0.192973885002161 
1767	 0.191530713012561 
1768	 0.190595973092277 
1769	 0.189693738238069 
1770	 0.189176510539083 
1771	 0.18939282496254 
1772	 0.189037405434436 
1773	 0.188415280810447 
1774	 0.187887715455262 
1775	 0.187021538840972 
1776	 0.186374162378932 
1777	 0.185998318446767 
1778	 0.185514613283479 
1779	 0.184894882088793 
1780	 0.184511170885605 
1781	 0.184474207300304 
1782	 0.18411106667526 
1783	 0.183596317241967 
1784	 0.183297060390974 
1785	 0.182939214582812 
1786	 0.182426351462613 
1787	 0.181939629760548 
1788	 0.181592122944104 
1789	 0.181020287336143 
1790	 0.180770719164386 
1791	 0.181055216121934 
1792	 0.181095287153733 
1793	 0.181180571112363 
1794	 0.181042679741462 
1795	 0.180758355215563 
1796	 0.180704701493766 
1797	 0.180177848507125 
1798	 0.180451198445773 
1799	 0.181709275831447 
1800	 0.182305515583327 
1801	 0.183597348202636 
1802	 0.183950071770578 
1803	 0.182717342248256 
1804	 0.18293513867949 
1805	 0.183235806001445 
1806	 0.183694648253914 
1807	 0.185854060047843 
1808	 0.186566383435649 
1809	 0.185647624350799 
1810	 0.187771373387953 
1811	 0.190215550499751 
1812	 0.190402410574196 
1813	 0.191677987361001 
1814	 0.190214127393322 
1815	 0.187224726480399 
1816	 0.193263347966901 
1817	 0.194467604014207 
1818	 0.196429583481545 
1819	 0.197087066508121 
1820	 0.186345692970404 
1821	 0.186591778175654 
1822	 0.201455708081568 
1823	 0.207540992628725 
1824	 0.227980082577316 
1825	 0.234814886884333 
1826	 0.187616411509438 
1827	 0.187668986818265 
1828	 0.224196835860829 
1829	 0.256154111314901 
1830	 0.366049931121011 
1831	 0.126820995274281 
1832	 0.158594946667727 
1833	 0.163032780483235 
1834	 0.306498318268351 
1835	 0.360594382373446 
1836	 5.18841990654999E-03 
1837	-6.40547601174506E-02 
1838	-4.40268249851679E-02 
1839	-8.31489032936206E-03 
1840	 0.511401295412602 
1841	 0.935784278484867 
1842	 1.12597219325406 
1843	 0.373403458413699 
1844	 0.425025607020296 
1845	 1.48450465971667 
1846	-5.39748986849062 
1847	 1.57499540499334 
1848	 4.91582265243966 
1849	 1.70790621741391 
1850	 0.465667800117832 
1851	 0.443080003207318 
1852	 0.800340306864666 
1853	 1.06063946933328 
1854	 5.95749491008712 
1855	 5.14039492133805 
1856	 0.994797572584873 
1857	 0.62521317937692 
1858	 2.09986060963482 
1859	 5.45422000781193 
1860	 4.14551439935241 
1861	 23.5001592299768 
1862	 9.57347850505656 
1863	 0.808607466068379 
1864	 0.535957984846211 
1865	 0.240141054364429 
1866	 0.106247985925664 
1867	 0.270148485304536 
1868	 0.490914646693966 
1869	 0.641078553899599 
1870	 0.6846781638158 
1871	 0.637498408818845 
1872	 3.43698081812978E-03 
1873	-8.67162073240886E-02 
1874	 8.97352299265396E-02 
1875	 4.65468361316091E-02 
1876	-5.88539405822749E-02 
1877	 9.90895689518891E-02 
1878	 0.14124713938899 
1879	 0.327031443340949 
1880	 0.364902255741374 
1881	 0.308465651405635 
1882	 0.338895120376587 
1883	 0.410466453666925 
1884	 0.36435697165469 
1885	 0.328865717740657 
1886	 0.269956324338261 
1887	 0.105817027888406 
1888	 0.139381361480795 
1889	 0.298746723799916 
1890	 0.296779291654691 
1891	 0.254691303693067 
1892	 0.120745819956204 
1893	 7.48058813595337E-02 
1894	-1.49554069909021E-02 
1895	-3.14285939663594E-02 
1896	 0.132807567148622 
1897	 0.166737139547227 
1898	 0.115730844016855 
1899	-8.36350387723815E-02 
1900	-0.329895860481883 
1901	-0.271160010527333 
1902	-0.226788487098335 
1903	 2.71233293183877E-02 
1904	 0.212272031202132 
1905	 0.460995664979262 
1906	 0.361007190200468 
1907	 0.55002413866579 
1908	 0.399100297101339 
1909	 0.106304701398602 
1910	 0.14661040682137 
1911	 0.130086867936082 
1912	 4.46043648698611E-02 
1913	 3.73809395300236E-02 
1914	 0.143177280420192 
1915	 0.14719409622678 
1916	 0.117878848763518 
1917	 5.99568743313899E-02 
1918	 8.69640444442605E-02 
1919	 0.121440196195261 
1920	 0.100822165363506 
1921	 0.130729370432428 
1922	 0.155788188268901 
1923	 0.121369911849122 
1924	 0.101165909502139 
1925	 8.18510502232516E-02 
1926	 8.03897922574694E-02 
1927	 6.08745245501127E-02 
1928	 3.10546064221137E-02 
1929	 2.04694715882757E-02 
1930	 1.42436510063164E-02 
1931	-2.36599714746181E-03 
1932	 9.88269839072769E-03 
1933	 3.09778870963833E-02 
1934	 3.29113915694296E-02 
1935	 3.26532961881774E-02 
1936	 3.19050770220845E-02 
1937	 3.56867978715724E-02 
1938	 3.50660223307101E-02 
1939	 3.48586975336244E-02 
1940	 4.51098511824851E-02 
1941	 4.41941314554707E-02 
1942	 3.62470760160949E-02 
1943	 3.32431211824106E-02 
1944	 2.94947281249841E-02 
1945	 2.80839434110405E-02 
1946	 0.026897274846927 
1947	 2.65491968512529E-02 
1948	 2.59963435741722E-02 
1949	 2.43752330613776E-02 
1950	 2.26261830659893E-02 
1951	 2.53046071415181E-02 
1952	 2.68031894892243E-02 
1953	 2.67153589827809E-02 
1954	 2.89280386359519E-02 
1955	 0.028633798195183 
1956	 2.72744622166362E-02 
1957	 3.00986124430893E-02 
1958	 3.04437607333198E-02 
1959	 3.05611034284808E-02 
1960	 0.027485035766626 
1961	 0.026016286718253 
1962	 0.024302392521466 
1963	 0.022612840346447 
1964	 2.47345792643667E-02 
1965	 2.76735226890318E-02 
1966	 2.81388859363243E-02 
1967	 2.76583538661338E-02 
1968	 2.74489587464683E-02 
1969	 2.75799510707509E-02 
1970	 2.70462166053558E-02 
1971	 2.73858938172147E-02 
1972	 2.85784413906847E-02 
1973	 2.84759772181361E-02 
1974	 2.81091829251524E-02 
1975	 2.83753952379143E-02 
1976	 2.83471664410494E-02 
1977	 2.89002512939514E-02 
1978	 2.96580200313503E-02 
1979	 3.02987272249042E-02 
1980	 0.030475953923897 
1981	 3.01183708781932E-02 
1982	 3.03811983028575E-02 
1983	 0.030653260286691 
1984	 0.030997251033465 
1985	 3.16454390117721E-02 
1986	 3.20007589548838E-02 
1987	 3.19210521179379E-02 
1988	 3.22062079408931E-02 
1989	 3.21499587285946E-02 
1990	 3.23384450531766E-02 
1991	 3.25972686184725E-02 
1992	 0.031793581108302 
1993	 0.031949775891622 
1994	 3.33122109614717E-02 
1995	 3.35419372508868E-02 
1996	 3.33477729743182E-02 
1997	 3.40605444389577E-02 
1998	 3.46729091338858E-02 
1999	 3.38432822196434E-02 
2000	 3.44138609995279E-02 
2001	 3.60743687001254E-02 
2002	 3.60121595133427E-02 
2003	 3.58563349324978E-02 
2004	 3.66316043187708E-02 
2005	 3.74537493089516E-02 
2006	 3.81452117407115E-02 
2007	 3.79781715573465E-02 
2008	 3.83950341965633E-02 
2009	 0.038891363188045 
2010	 4.16113444611534E-02 
2011	 4.26630755614824E-02 
2012	 4.09745934856179E-02 
2013	 4.02204919345556E-02 
2014	 4.02695708890448E-02 
2015	 3.90377278147825E-02 
2016	 3.98041028635535E-02 
2017	 4.33095941582822E-02 
2018	 4.40463565101354E-02 
2019	 4.41631836771239E-02 
2020	 4.35981434403167E-02 
2021	 4.44099966035489E-02 
2022	 0.045452192672345 
2023	 4.51268774691964E-02 
2024	 4.48518115904486E-02 
2025	 0.045584079014541 
2026	 4.57341779941552E-02 
2027	 4.51486634615597E-02 
2028	 4.55074514156955E-02 
2029	 4.57584220101473E-02 
2030	 0.045730344680577 
2031	 4.62930780438624E-02 
2032	 4.66503140593787E-02 
2033	 4.71549635715725E-02 
2034	 4.76663738385703E-02 
2035	 4.82083557670456E-02 
2036	 4.85307816015745E-02 
2037	 4.87466724097669E-02 
2038	 4.90044031388708E-02 
2039	 4.89067842418657E-02 
2040	 4.88925812507129E-02 
2041	 4.93669702983592E-02 
2042	 4.98024594583335E-02 
2043	 5.00429472444378E-02 
2044	 5.05160250434386E-02 
2045	 5.07916896507953E-02 
2046	 5.06326792301122E-02 
2047	 0.050877136088792 
2048	 5.14759573775866E-02 
2049	 0.052006577641174 
2050	 5.26956771140644E-02 
2051	 5.32932868126839E-02 
2052	 5.38244656837116E-02 
2053	 5.40750391299977E-02 
2054	 5.38243110194547E-02 
2055	 0.054197262238929 
2056	 5.49220867089883E-02 
2057	 5.51143889741157E-02 
2058	 5.57773453862279E-02 
2059	 5.68379025057541E-02 
2060	 5.72651084655819E-02 
2061	 0.057448586671342 
2062	 5.74455419319372E-02 
2063	 0.056494176530337 
2064	 5.65967419570591E-02 
2065	 5.71593477266363E-02 
2066	 5.78712765212807E-02 
2067	 5.86352851505381E-02 
2068	 5.91014891408783E-02 
2069	 5.92893121591824E-02 
2070	 5.98611070356113E-02 
2071	 6.00850214729171E-02 
2072	 5.98481691773253E-02 
2073	 6.03195865487955E-02 
2074	 6.12141219722254E-02 
2075	 6.15359499777389E-02 
2076	 6.19936367654683E-02 
2077	 6.24875203455385E-02 
2078	 6.24817115460719E-02 
2079	 6.25138192608363E-02 
2080	 6.26377256089593E-02 
2081	 6.30639498023188E-02 
2082	 6.36094195800826E-02 
2083	 0.064196068199466 
2084	 6.43227562072113E-02 
2085	 6.48641835778716E-02 
2086	 6.54104622179316E-02 
2087	 6.56393654187524E-02 
2088	 6.62692948051069E-02 
2089	 0.067068751557951 
2090	 6.77737451490872E-02 
2091	 6.85464946155358E-02 
2092	 6.86813442872397E-02 
2093	 6.82307512874862E-02 
2094	 0.068732357101137 
2095	 6.91551779454502E-02 
2096	 6.92043806107422E-02 
2097	 6.94002799845241E-02 
2098	 0.070863785650476 
2099	 7.06302075802266E-02 
2100	 7.04157760389215E-02 
2101	 7.19261174805742E-02 
2102	 7.24974824742831E-02 
2103	 7.17478134058474E-02 
2104	 7.20695112093441E-02 
2105	 7.30405953439406E-02 
2106	 7.31071891532337E-02 
2107	 7.32440517359473E-02 
2108	 7.38392281831681E-02 
2109	 7.47453944772955E-02 
2110	 7.55104671930998E-02 
2111	 7.56784033594469E-02 
2112	 7.61500386479883E-02 
2113	 7.66471313849142E-02 
2114	 7.63197765149381E-02 
2115	 7.63392947516721E-02 
2116	 7.68553640650834E-02 
2117	 7.72817992687168E-02 
2118	 7.77549834956255E-02 
2119	 7.82915858957336E-02 
2120	 7.95130003891138E-02 
2121	 8.05675970322025E-02 
2122	 8.03758186672452E-02 
2123	 7.99538794741723E-02 
2124	 8.00296017468296E-02 
2125	 7.99866806432823E-02 
2126	 8.02927353463654E-02 
2127	 8.12918230063678E-02 
2128	 8.18126046798431E-02 
2129	 8.20597605776142E-02 
2130	 8.24218509943041E-02 
2131	 8.28194150442673E-02 
2132	 8.32025246442926E-02 
2133	 8.35368936303912E-02 
2134	 8.40313661788081E-02 
2135	 8.48024104778494E-02 
2136	 8.47286841178607E-02 
2137	 0.08411272017741 
2138	 0.084572135401847 
2139	 8.51159694861691E-02 
2140	 8.55376657711382E-02 
2141	 8.65950704430367E-02 
2142	 8.72260762523159E-02 
2143	 8.75631288981529E-02 
2144	 8.72036734202326E-02 
2145	 8.74197320982073E-02 
2146	 8.80761281736006E-02 
2147	 8.81266516531514E-02 
2148	 8.73076049622665E-02 
2149	 8.77660528445052E-02 
2150	 8.91811154107303E-02 
2151	 8.94422850935905E-02 
2152	 8.98078334334929E-02 
2153	 0.090130345946392 
2154	 9.03449719555007E-02 
2155	 9.03721484356446E-02 
2156	 9.05658562656803E-02 
2157	 9.21016766442215E-02 
2158	 9.31226068218473E-02 
2159	 9.21238632694659E-02 
2160	 9.14946768536723E-02 
2161	 9.24306811265546E-02 
2162	 9.31845190974679E-02 
2163	 9.34535612661911E-02 
2164	 9.35526740874673E-02 
2165	 9.38117926626345E-02 
2166	 9.38113653805536E-02 
2167	 9.30342592915887E-02 
2168	 9.29935269322763E-02 
2169	 9.34468378769565E-02 
2170	 9.34131044629787E-02 
2171	 9.33179550210646E-02 
2172	 9.34163860513571E-02 
2173	 9.34660458900278E-02 
2174	 9.35503791304518E-02 
2175	 9.40980603974333E-02 
2176	 9.46690180117384E-02 
2177	 9.54267332555834E-02 
2178	 9.66052132178358E-02 
2179	 9.71414624246145E-02 
2180	 9.65152049086988E-02 
2181	 9.56608112335072E-02 
2182	 9.54253353711486E-02 
2183	 9.58025601095726E-02 
2184	 9.63901027685686E-02 
2185	 9.67502734645713E-02 
2186	 9.70246347170786E-02 
2187	 9.73632715356099E-02 
2188	 9.78348939730769E-02 
2189	 9.78080218040761E-02 
2190	 9.74404571363298E-02 
2191	 9.78703359803657E-02 
2192	 9.84341640895032E-02 
2193	 9.85862933981022E-02 
2194	 9.93065735437494E-02 
2195	 9.96322854392025E-02 
2196	 9.94294309158598E-02 
2197	 9.88418628480777E-02 
2198	 9.82450624041224E-02 
2199	 9.76959181934949E-02 
2200	 9.76159545663553E-02 
2201	 9.75383465928159E-02 
2202	 9.79920947358761E-02 
2203	 9.84440267157357E-02 
2204	 9.79385514187036E-02 
2205	 9.80865581982255E-02 
2206	 0.098860179620895 
2207	 9.85409826907284E-02 
2208	 9.83936680451363E-02 
2209	 9.87827441631725E-02 
2210	 9.87136588954784E-02 
2211	 9.86476076730635E-02 
2212	 9.86632513329403E-02 
2213	 9.84754482341449E-02 
2214	 0.098267589446303 
2215	 9.78278813839303E-02 
2216	 9.80491600853937E-02 
2217	 9.90081790575766E-02 
2218	 9.90709421108677E-02 
2219	 9.87213139344921E-02 
2220	 9.86691905564867E-02 
2221	 9.81995744422425E-02 
2222	 9.80814806446255E-02 
2223	 0.097921894400514 
2224	 9.85976843727493E-02 
2225	 9.95991653645235E-02 
2226	 0.100067610304452 
2227	 0.09977127573275 
2228	 0.100047515890857 
2229	 0.100483819003948 
2230	 9.87873721085999E-02 
2231	 9.71875927303037E-02 
2232	 9.74824040002228E-02 
2233	 9.67032641882079E-02 
2234	 9.57121531446774E-02 
2235	 9.59513570919432E-02 
2236	 9.59099089184905E-02 
2237	 9.60252300335199E-02 
2238	 9.63064152637402E-02 
2239	 9.63396503278342E-02 
2240	 0.097015095912822 
2241	 9.71761361460975E-02 
2242	 9.63604799066929E-02 
2243	 9.60983998156845E-02 
2244	 9.65448853540412E-02 
2245	 9.55654755702029E-02 
2246	 9.32241456151356E-02 
2247	 9.26444760790104E-02 
2248	 9.23469638081986E-02 
2249	 9.14770906372342E-02 
2250	 9.05678801451134E-02 
2251	 9.16514761817836E-02 
2252	 0.092304405749109 
2253	 9.11856184238787E-02 
2254	 9.03770173412874E-02 
2255	 9.17508480337449E-02 
2256	 0.091662610661656 
2257	 8.95196564835055E-02 
2258	 8.96874428443685E-02 
2259	 8.99408555202744E-02 
2260	 8.93234691391241E-02 
2261	 8.96951829308832E-02 
2262	 8.85928387386312E-02 
2263	 8.67743350239521E-02 
2264	 8.61399972613004E-02 
2265	 8.65193177883272E-02 
2266	 8.66108422549499E-02 
2267	 8.58942263712353E-02 
2268	 8.48793330210528E-02 
2269	 8.38861037175187E-02 
2270	 8.44027529601385E-02 
2271	 8.52262672445071E-02 
2272	 8.49199193207725E-02 
2273	 8.40491521078512E-02 
2274	 8.35414010540695E-02 
2275	 8.22835120357557E-02 
2276	 0.080837133253073 
2277	 0.079251223483347 
2278	 7.93094370505444E-02 
2279	 7.90604068788698E-02 
2280	 7.96579958901226E-02 
2281	 8.37989172790451E-02 
2282	 8.42179556411944E-02 
2283	 8.20645582146065E-02 
2284	 8.19286584314929E-02 
2285	 8.10873753138616E-02 
2286	 8.02395153774668E-02 
2287	 8.02444360340132E-02 
2288	 8.03904534207136E-02 
2289	 7.86869362664586E-02 
2290	 7.73527406915125E-02 
2291	 7.74321547118871E-02 
2292	 7.80522500491531E-02 
2293	 7.91633238089196E-02 
2294	 8.01485123177025E-02 
2295	 7.91287703489653E-02 
2296	 7.80168928520716E-02 
2297	 7.78853134820155E-02 
2298	 7.68014296437669E-02 
2299	 7.63335966184102E-02 
2300	 7.68788964021677E-02 
2301	 7.80826257768338E-02 
2302	 7.80695533216549E-02 
2303	 7.61212580048388E-02 
2304	 7.60139382778123E-02 
2305	 7.58880639613761E-02 
2306	 0.073937376863562 
2307	 0.073045586102778 
2308	 7.16262863521394E-02 
2309	 6.99069949976876E-02 
2310	 7.21725489204119E-02 
2311	 7.39226171821368E-02 
2312	 7.24843372787943E-02 
2313	 7.17068086336386E-02 
2314	 7.00966603209533E-02 
2315	 6.86525139935718E-02 
2316	 7.06637386059664E-02 
2317	 7.29973007055316E-02 
2318	 0.071336933409766 
2319	 6.95320952198177E-02 
2320	 6.65384428526022E-02 
2321	 6.67514080627907E-02 
2322	 6.69434861945189E-02 
2323	 6.69037348563308E-02 
2324	 7.05709299782259E-02 
2325	 7.05460321468998E-02 
2326	 6.63122092338481E-02 
2327	 6.50323609941079E-02 
2328	 6.45832314298221E-02 
2329	 0.064264650486231 
2330	 0.065131701827447 
2331	 6.46182018998565E-02 
2332	 6.27822061945546E-02 
2333	 6.31574504491094E-02 
2334	 6.54522530621377E-02 
2335	 0.065075051301474 
2336	 6.35917680614516E-02 
2337	 6.39893146186364E-02 
2338	 6.38695961111338E-02 
2339	 6.23296318050303E-02 
2340	 6.20734473400715E-02 
2341	 6.22671881172952E-02 
2342	 5.77759694107331E-02 
2343	 5.61651098683818E-02 
2344	 6.02218337450186E-02 
2345	 6.10488680913295E-02 
2346	 6.24387993075967E-02 
2347	 6.20816359477005E-02 
2348	 5.71150980901467E-02 
2349	 5.87649414129153E-02 
2350	 0.061931191733897 
2351	 6.08051562891445E-02 
2352	 6.03485383381151E-02 
2353	 5.89884422942806E-02 
2354	 5.71760606124486E-02 
2355	 5.44462930169482E-02 
2356	 0.054299211403688 
2357	 5.83666233258915E-02 
2358	 5.85867048185954E-02 
2359	 5.73332267604184E-02 
2360	 5.67398565424452E-02 
2361	 5.37781754116168E-02 
2362	 5.06467055224951E-02 
2363	 0.050878393199872 
2364	 5.30420288597412E-02 
2365	 5.26192223746285E-02 
2366	 0.053007597666797 
2367	 5.40281976629681E-02 
2368	 5.15359329782863E-02 
2369	 4.94910780029244E-02 
2370	 5.07816471712958E-02 
2371	 5.34760953784758E-02 
2372	 5.55385558986999E-02 
2373	 0.057992421851015 
2374	 5.68696100849044E-02 
2375	 4.82979972034549E-02 
2376	 4.50936083445673E-02 
2377	 4.53163816110688E-02 
2378	 4.33686004203359E-02 
2379	 4.83560108371339E-02 
2380	 0.052354345486702 
2381	 5.13822914447086E-02 
2382	 4.83751967340119E-02 
2383	 4.52102045217612E-02 
2384	 4.35564697134857E-02 
2385	 4.44162532441804E-02 
2386	 4.62443732324775E-02 
2387	 0.044450303917863 
2388	 4.28353073582095E-02 
2389	 3.97556391762434E-02 
2390	 3.82440163132983E-02 
2391	 0.039581618249338 
2392	 3.84451122837349E-02 
2393	 4.16045611802995E-02 
2394	 4.22537306689263E-02 
2395	 3.99471571416458E-02 
2396	 4.67440064850334E-02 
2397	 4.77004471184486E-02 
2398	 4.22952303334302E-02 
2399	 4.33453588905156E-02 
2400	 4.13366317944806E-02 
2401	 4.26669039906436E-02 
2402	 5.23755779526172E-02 
2403	 5.19440409555737E-02 
2404	 0.049438495714738 
2405	 4.96579363859761E-02 
2406	 4.04947983585769E-02 
2407	 4.42673282623472E-02 
2408	 5.53494224357057E-02 
2409	 0.048476798936572 
2410	 4.94775884964428E-02 
2411	 5.24856343842745E-02 
2412	 3.73729085975358E-02 
2413	 3.64123591527749E-02 
2414	 4.32850433722672E-02 
2415	 3.49013628503298E-02 
2416	 0.040484594005761 
2417	 4.69318113342479E-02 
2418	 3.47161796390531E-02 
2419	 3.59717338110526E-02 
2420	 3.36712849371662E-02 
2421	 2.62437178293742E-02 
2422	 4.03056536752839E-02 
2423	 4.51522094438956E-02 
2424	 4.33586950084504E-02 
2425	 4.73958636394462E-02 
2426	 3.51177789129034E-02 
2427	 2.13527142398126E-02 
2428	 2.44809634971442E-02 
2429	 3.24668868698534E-02 
2430	 4.12182557930998E-02 
2431	 4.87330758201404E-02 
2432	 5.09437483827493E-02 
2433	 4.71494825016174E-02 
2434	 4.35771861518557E-02 
2435	 5.51428878892889E-02 
2436	 6.04434262005352E-02 
2437	 4.72662362134383E-02 
2438	 3.80477845119258E-02 
2439	 3.04065157318698E-02 
2440	 2.47780832573426E-02 
2441	 2.82009557654446E-02 
2442	 3.40866270237559E-02 
2443	 3.27909657145054E-02 
2444	 2.86244919733966E-02 
2445	 2.49863121869274E-02 
2446	 1.71568200010909E-02 
2447	 2.26418885982029E-02 
2448	 2.63999568660671E-02 
2449	 2.60298460947545E-02 
2450	 4.09854146602329E-02 
2451	 4.35372626064304E-02 
2452	 3.15800542874469E-02 
2453	 3.31392083022353E-02 
2454	 5.33112871231061E-02 
2455	 4.15255312490215E-02 
2456	 2.18664821941378E-02 
2457	 4.77289497146224E-02 
2458	 4.18885207759967E-02 
2459	 3.30230048573181E-02 
2460	 6.11245582708767E-02 
2461	 6.58113736156698E-02 
2462	 6.30123779599616E-02 
2463	 6.79028782123257E-02 
2464	 7.87885968395844E-02 
2465	 6.25508599800983E-02 
2466	 3.49873264962257E-02 
2467	 3.78038613523054E-02 
2468	 4.49026922319394E-03 
2469	 1.47170575664559E-03 
2470	 4.42302063695935E-02 
2471	 3.90613501598453E-02 
2472	 2.11979918552393E-02 
2473	 1.66369083653861E-02 
2474	-3.14722773258771E-02 
2475	-3.55480236354094E-02 
2476	-7.36213567528538E-05 
2477	 2.51476328283333E-02 
2478	 9.37204609697923E-02 
2479	 7.57970650085101E-02 
2480	 0.075523156000069 
2481	 0.111674034702924 
2482	 5.54559015305037E-02 
2483	 0.103118218645228 
2484	 0.214446349620765 
2485	 0.10507416619746 
2486	 7.90582388621319E-02 
2487	 0.121015260273399 
2488	-6.93493797809884E-02 
2489	-6.83062171679065E-02 
2490	 0.227024922374298 
2491	 0.259907702179719 
2492	 0.22503029314824 
2493	-5.90659845112721E-02 
2494	-0.33923448484904 
2495	-0.177267636327884 
2496	 0.301782599697745 
2497	 0.635796672988487 
2498	 0.513614380521169 
2499	 3.86849473591484E-02 
2500	-0.231658819368168 
