Wavelength	09/27/123 at 12:14:58
350	 1.01882295827023E-02 
351	 9.61581249773138E-03 
352	 9.69583149368921E-03 
353	 9.93149878784674E-03 
354	 9.39419388170823E-03 
355	 1.00216242312076E-02 
356	 1.03723343265432E-02 
357	 9.78453250293221E-03 
358	 9.84563100053256E-03 
359	 1.00514256439182E-02 
360	 1.01717210194961E-02 
361	 1.01022763832532E-02 
362	 1.01274860765874E-02 
363	 1.02014161025664E-02 
364	 1.02862461297331E-02 
365	 1.04635615742172E-02 
366	 1.05696122208127E-02 
367	 1.05011661197956E-02 
368	 1.02541822866867E-02 
369	 1.05128607208614E-02 
370	 1.06249970261464E-02 
371	 1.03170249367141E-02 
372	 1.05345834580341E-02 
373	 1.07558407886953E-02 
374	 1.08540887041165E-02 
375	 1.08798939254287E-02 
376	 1.07807914274419E-02 
377	 1.08724717676443E-02 
378	 0.011238344865793 
379	 1.13841178954162E-02 
380	 0.011290035082147 
381	 0.011249305681227 
382	 1.16465290775606E-02 
383	 1.17644852892258E-02 
384	 1.18834178858788E-02 
385	 1.21437019860949E-02 
386	 1.20722806040672E-02 
387	 1.21381325773707E-02 
388	 1.23954934514659E-02 
389	 1.27063712206701E-02 
390	 1.30132971942262E-02 
391	 1.32354041166954E-02 
392	 1.34231361910127E-02 
393	 1.39067916951894E-02 
394	 0.014193445944051 
395	 1.42764083946925E-02 
396	 0.014340550410337 
397	 1.44040446199087E-02 
398	 1.46693667461062E-02 
399	 1.51412140637267E-02 
400	 0.015524651573984 
401	 1.57530486320937E-02 
402	 1.59167965541583E-02 
403	 1.61444488268629E-02 
404	 1.62348576541106E-02 
405	 1.64628163046386E-02 
406	 0.016902602971363 
407	 1.72113397479062E-02 
408	 1.74563831407093E-02 
409	 1.77036523649718E-02 
410	 1.80198530738033E-02 
411	 1.83770744220604E-02 
412	 1.87483025850892E-02 
413	 1.91099341903923E-02 
414	 1.94359460121066E-02 
415	 1.98169719372932E-02 
416	 2.01289506429552E-02 
417	 2.02218530121925E-02 
418	 2.03446160055187E-02 
419	 2.05796500764298E-02 
420	 2.09246451824829E-02 
421	 2.12900594391586E-02 
422	 2.15247583294423E-02 
423	 2.16833611869092E-02 
424	 2.18911635811219E-02 
425	 2.21403607056384E-02 
426	 2.23354100517972E-02 
427	 2.24606014126184E-02 
428	 2.26348000660977E-02 
429	 2.27821486267507E-02 
430	 2.29293825307098E-02 
431	 2.31217109149882E-02 
432	 2.33166487895143E-02 
433	 2.34883109671512E-02 
434	 0.023611062463788 
435	 2.36443002389182E-02 
436	 2.38321337690762E-02 
437	 2.40714101787215E-02 
438	 0.024196067983548 
439	 2.43476811525592E-02 
440	 2.44999711508512E-02 
441	 2.46348807317383E-02 
442	 2.47535291753335E-02 
443	 2.49591867851369E-02 
444	 2.51734049424346E-02 
445	 2.53091124583235E-02 
446	 0.025528507519495 
447	 2.57626037765214E-02 
448	 0.025970135233307 
449	 2.61615097767929E-02 
450	 2.63378595192856E-02 
451	 2.65094654561089E-02 
452	 0.026682617840628 
453	 0.026833149821406 
454	 2.69931115824151E-02 
455	 2.71634025854182E-02 
456	 2.73069364203766E-02 
457	 2.74199792089502E-02 
458	 0.027543705329857 
459	 2.76933403854725E-02 
460	 2.77038190860485E-02 
461	 2.77540874616903E-02 
462	 2.78769410519732E-02 
463	 2.79391695842794E-02 
464	 2.80182818499265E-02 
465	 2.81409060300854E-02 
466	 2.82975910917057E-02 
467	 0.028392123520197 
468	 2.84696701922308E-02 
469	 2.85486801025649E-02 
470	 2.86210419485362E-02 
471	 2.87045988496755E-02 
472	 2.88064791321373E-02 
473	 2.89155767126445E-02 
474	 2.89670213926035E-02 
475	 2.90584038951375E-02 
476	 2.91774521878714E-02 
477	 2.92305352508611E-02 
478	 2.93256443261595E-02 
479	 2.94410983738914E-02 
480	 2.95491854297762E-02 
481	 2.96790606206781E-02 
482	 2.98028304348842E-02 
483	 2.99313912703886E-02 
484	 3.00972822889096E-02 
485	 3.02186812158036E-02 
486	 3.03890698869658E-02 
487	 3.06456065392698E-02 
488	 3.08058373893054E-02 
489	 3.09391573965346E-02 
490	 3.11144283470598E-02 
491	 3.13905365033268E-02 
492	 0.031684877763008 
493	 3.19492635905809E-02 
494	 3.21910497003988E-02 
495	 3.25171670849204E-02 
496	 3.29245722940993E-02 
497	 0.033374856968171 
498	 3.38213027001098E-02 
499	 3.43709174743188E-02 
500	 3.49269610378611E-02 
501	 3.54694150309943E-02 
502	 3.61673505785666E-02 
503	 3.68568351316881E-02 
504	 3.75697486932748E-02 
505	 3.84018078603199E-02 
506	 3.93367329939511E-02 
507	 0.040305402115471 
508	 4.12998235722686E-02 
509	 4.24033121315659E-02 
510	 4.35782431645104E-02 
511	 4.48424482959284E-02 
512	 4.62253566538851E-02 
513	 4.77121196748109E-02 
514	 4.92566356667569E-02 
515	 5.08677062268483E-02 
516	 5.26166976320188E-02 
517	 5.44882844616766E-02 
518	 5.64445438792111E-02 
519	 5.84103794426178E-02 
520	 6.03089146115194E-02 
521	 0.062221272833496 
522	 6.41912918821925E-02 
523	 6.62006964473163E-02 
524	 6.81581642033762E-02 
525	 7.00631838676348E-02 
526	 7.19349721487239E-02 
527	 7.37848247760365E-02 
528	 7.55239686603798E-02 
529	 7.70922258222037E-02 
530	 0.078500746145835 
531	 7.98655107838407E-02 
532	 8.11841832043505E-02 
533	 8.24161032274063E-02 
534	 8.35349170192037E-02 
535	 0.084529755285259 
536	 8.54007041246617E-02 
537	 8.61640265253329E-02 
538	 8.69468964950219E-02 
539	 8.77076381453979E-02 
540	 8.83940011752336E-02 
541	 8.89812766977137E-02 
542	 8.95497947648245E-02 
543	 9.00882217534175E-02 
544	 9.05615141024349E-02 
545	 9.10450610504495E-02 
546	 9.15158663010764E-02 
547	 9.19366128428663E-02 
548	 9.22517710597538E-02 
549	 9.25733481136738E-02 
550	 9.28920578997172E-02 
551	 9.31518374920414E-02 
552	 9.32980292994919E-02 
553	 0.093322156773979 
554	 9.32306105952968E-02 
555	 9.30417388405297E-02 
556	 9.27605332294964E-02 
557	 9.23734610652941E-02 
558	 9.18734883366834E-02 
559	 9.12860921336375E-02 
560	 9.06112723821714E-02 
561	 8.98852913181023E-02 
562	 8.91636618030097E-02 
563	 8.83171091927028E-02 
564	 8.73642080005839E-02 
565	 8.63471957237951E-02 
566	 8.52694017966107E-02 
567	 8.41721183507252E-02 
568	 0.083049546461592 
569	 8.18647155558563E-02 
570	 8.07046986729927E-02 
571	 7.95760155968903E-02 
572	 7.84714701487625E-02 
573	 7.73624326791426E-02 
574	 7.63429425289297E-02 
575	 7.53974689398088E-02 
576	 7.44923697631775E-02 
577	 0.073755790397826 
578	 7.30610530559134E-02 
579	 7.23528207479101E-02 
580	 7.17211555057707E-02 
581	 7.11144043153002E-02 
582	 7.05576307395349E-02 
583	 7.00768334460119E-02 
584	 6.95745256381636E-02 
585	 6.90802078385182E-02 
586	 6.86427784738702E-02 
587	 6.83154488784388E-02 
588	 6.79534720342232E-02 
589	 6.75788531033978E-02 
590	 6.72508035055607E-02 
591	 6.69147686847192E-02 
592	 6.66260625103511E-02 
593	 6.63956865490712E-02 
594	 6.62153541885857E-02 
595	 0.066039463909152 
596	 6.58710897892844E-02 
597	 6.57068241465473E-02 
598	 6.55019976543157E-02 
599	 6.53243887716772E-02 
600	 6.51525450388376E-02 
601	 0.064928623725297 
602	 6.46465905051897E-02 
603	 0.064331806012026 
604	 0.063989836385657 
605	 6.35930007598666E-02 
606	 6.30851908278847E-02 
607	 6.25524722757108E-02 
608	 6.20827282909321E-02 
609	 6.15730907441341E-02 
610	 6.10160155565917E-02 
611	 6.04372921301148E-02 
612	 5.98801064337476E-02 
613	 5.92795576679508E-02 
614	 5.87180042804918E-02 
615	 5.82481467026687E-02 
616	 5.77482496735996E-02 
617	 5.72833265289606E-02 
618	 0.056861844705576 
619	 5.64500571968946E-02 
620	 5.61208608338875E-02 
621	 5.58553182644959E-02 
622	 5.56269651312781E-02 
623	 5.54218431977588E-02 
624	 5.52893226156075E-02 
625	 5.51905506915049E-02 
626	 5.50732365583274E-02 
627	 5.50128723717457E-02 
628	 5.49971896874714E-02 
629	 5.49952773682023E-02 
630	 5.49603517748009E-02 
631	 5.49144710225256E-02 
632	 5.48027126516185E-02 
633	 5.46109620646128E-02 
634	 5.45217322221555E-02 
635	 0.054375567419683 
636	 5.41073959896352E-02 
637	 5.37297481275092E-02 
638	 5.32944135650542E-02 
639	 5.28219752148816E-02 
640	 5.23167110572334E-02 
641	 5.17654020995259E-02 
642	 5.12098332264693E-02 
643	 5.06378328252422E-02 
644	 5.00314058441278E-02 
645	 4.95022918241892E-02 
646	 0.048947512713033 
647	 4.83650973679038E-02 
648	 4.78802734147676E-02 
649	 4.74516067230006E-02 
650	 4.70897800330019E-02 
651	 4.67832956884365E-02 
652	 4.64342151281803E-02 
653	 4.60871449297694E-02 
654	 4.57562195258492E-02 
655	 4.54199250368715E-02 
656	 4.51063184922488E-02 
657	 4.46593183010036E-02 
658	 4.40754496645315E-02 
659	 4.35635539572696E-02 
660	 4.30159442175265E-02 
661	 4.24585617845725E-02 
662	 4.19368422134451E-02 
663	 4.14477111683044E-02 
664	 4.09908831963286E-02 
665	 4.05601870181127E-02 
666	 4.01337930032944E-02 
667	 3.98411296760261E-02 
668	 3.96395363763569E-02 
669	 3.94726308795118E-02 
670	 3.93649809765314E-02 
671	 3.92873220454937E-02 
672	 3.92385362513958E-02 
673	 3.92380795648969E-02 
674	 3.93483942695252E-02 
675	 3.95102832695226E-02 
676	 3.96766748705719E-02 
677	 3.98399127140182E-02 
678	 4.00374244379952E-02 
679	 4.03665058288874E-02 
680	 4.08696285761857E-02 
681	 4.13198925086563E-02 
682	 4.18791555743968E-02 
683	 4.26252748851455E-02 
684	 4.35619473733731E-02 
685	 4.47391978958728E-02 
686	 4.63170612295144E-02 
687	 4.83095480433736E-02 
688	 5.00228483484247E-02 
689	 5.19184846078651E-02 
690	 5.41884001329081E-02 
691	 5.68376804546026E-02 
692	 5.98653931785601E-02 
693	 6.33890641374231E-02 
694	 6.74039492129096E-02 
695	 7.17060803650888E-02 
696	 0.076347877942147 
697	 8.12709515011472E-02 
698	 8.65479717645146E-02 
699	 9.21677054345457E-02 
700	 0.098066472681584 
701	 0.10411537590678 
702	 0.11018208067563 
703	 0.11625662574413 
704	 0.122457592362923 
705	 0.128843160274587 
706	 0.135220505071225 
707	 0.14180564607332 
708	 0.148534337396546 
709	 0.155346628329041 
710	 0.162323321067659 
711	 0.169448123441621 
712	 0.176803558478784 
713	 0.184430550312499 
714	 0.192186374876079 
715	 0.200006017948695 
716	 0.20815663394329 
717	 0.216799789982143 
718	 0.22602289987421 
719	 0.235518927490658 
720	 0.244663288529454 
721	 0.253337416749236 
722	 0.261716358822535 
723	 0.270739490029936 
724	 0.280377763349283 
725	 0.289813567844265 
726	 0.298945776713897 
727	 0.3080548185149 
728	 0.317107399288805 
729	 0.326013173611612 
730	 0.334731360895187 
731	 0.343202251396687 
732	 0.351389328878188 
733	 0.359165368149008 
734	 0.366651277865476 
735	 0.373984966706017 
736	 0.38121465898861 
737	 0.388106546113621 
738	 0.394590081835281 
739	 0.400786445984547 
740	 0.40668226318298 
741	 0.412228849497165 
742	 0.41739451228093 
743	 0.422228582844312 
744	 0.426759975607022 
745	 0.431000004021101 
746	 0.434916839610008 
747	 0.438616177402733 
748	 0.442052579071461 
749	 0.445231875380471 
750	 0.448239900304938 
751	 0.451045234877266 
752	 0.453609197748353 
753	 0.45592820838927 
754	 0.458085040185563 
755	 0.460181795209182 
756	 0.462188682483738 
757	 0.464107381301336 
758	 0.466293785974665 
759	 0.469220366549767 
760	 0.47314947525638 
761	 0.476171576115599 
762	 0.476891884181872 
763	 0.476769041458047 
764	 0.476900173860885 
765	 0.476806413856057 
766	 0.476856689959528 
767	 0.477086798289749 
768	 0.477473595774149 
769	 0.478049969715474 
770	 0.478669595500949 
771	 0.47928919527017 
772	 0.479965116323033 
773	 0.480656779798474 
774	 0.481347506288108 
775	 0.482017328504296 
776	 0.482636157482744 
777	 0.483238804820084 
778	 0.483836819759367 
779	 0.484444545056691 
780	 0.485162597526872 
781	 0.485783971865797 
782	 0.486300360729922 
783	 0.486833394877126 
784	 0.487419346530537 
785	 0.488015753925593 
786	 0.48858154082875 
787	 0.489101382194755 
788	 0.489608175297092 
789	 0.490187323081473 
790	 0.490850817086039 
791	 0.491377274906745 
792	 0.491959932515902 
793	 0.492551649734649 
794	 0.493043527683525 
795	 0.493556770351821 
796	 0.494062935917766 
797	 0.494558411779981 
798	 0.49506719330214 
799	 0.495539869669304 
800	 0.49603759642369 
801	 0.496602170728013 
802	 0.497223981767631 
803	 0.497770148784835 
804	 0.498293211788754 
805	 0.4988490114148 
806	 0.499313800232912 
807	 0.499752024143675 
808	 0.50021081052329 
809	 0.500685815488745 
810	 0.50100673504768 
811	 0.501268120280176 
812	 0.501505758450358 
813	 0.501693673895732 
814	 0.502033886618002 
815	 0.502402853993016 
816	 0.502781235690876 
817	 0.503500956326397 
818	 0.504156931994545 
819	 0.504685942565683 
820	 0.505139158017271 
821	 0.505510391496571 
822	 0.505850139988229 
823	 0.506307760877926 
824	 0.506987383950438 
825	 0.507486940603603 
826	 0.507859439191412 
827	 0.508175511884123 
828	 0.508480633487623 
829	 0.50883053628892 
830	 0.509274895705138 
831	 0.509793905296567 
832	 0.51026657262104 
833	 0.510725288260504 
834	 0.511154451852593 
835	 0.511588559732166 
836	 0.512181198158157 
837	 0.51272665444398 
838	 0.513180516065741 
839	 0.513588068452561 
840	 0.514058924613721 
841	 0.514527562503045 
842	 0.514981685658606 
843	 0.515449005429637 
844	 0.515947962961958 
845	 0.516443386550023 
846	 0.516897896769987 
847	 0.517291781780223 
848	 0.517547599684204 
849	 0.517891618320747 
850	 0.51842252471919 
851	 0.518758567007598 
852	 0.519151093716264 
853	 0.519546170448748 
854	 0.519890039216299 
855	 0.52049314549152 
856	 0.521019827030814 
857	 0.521394091568212 
858	 0.521701712505542 
859	 0.522002654574543 
860	 0.522465045159538 
861	 0.522997947546017 
862	 0.523313457797976 
863	 0.523686989632097 
864	 0.523987608165818 
865	 0.524211305145886 
866	 0.524654603866781 
867	 0.525008232035248 
868	 0.525399168074873 
869	 0.525906845300566 
870	 0.526282055043275 
871	 0.526529492668867 
872	 0.526738763888923 
873	 0.527040387300424 
874	 0.527504339175126 
875	 0.527865327014529 
876	 0.528162490085705 
877	 0.528554790454452 
878	 0.529015659056579 
879	 0.529290321740762 
880	 0.529460982248201 
881	 0.529876322303522 
882	 0.530284111383758 
883	 0.530540123120331 
884	 0.530679364968199 
885	 0.530923757912057 
886	 0.531160854283562 
887	 0.531412104710285 
888	 0.531684390947488 
889	 0.531869364625712 
890	 0.531959151275031 
891	 0.532013108924671 
892	 0.53207199322266 
893	 0.532129838403613 
894	 0.532104774373526 
895	 0.531977680742999 
896	 0.531802930338463 
897	 0.531737856992731 
898	 0.531900851190475 
899	 0.532128941442162 
900	 0.532244707802883 
901	 0.532927042620735 
902	 0.533466929372629 
903	 0.533613495101036 
904	 0.533529630305705 
905	 0.533652670014685 
906	 0.533876121232049 
907	 0.534063570559914 
908	 0.534092850473371 
909	 0.533998189892346 
910	 0.53396922968133 
911	 0.534047420497132 
912	 0.534035385598722 
913	 0.534153042743919 
914	 0.534354046997234 
915	 0.534518807792382 
916	 0.534458143787955 
917	 0.534752926686536 
918	 0.535278490280691 
919	 0.535687966711201 
920	 0.535612418059236 
921	 0.535528296227354 
922	 0.535400993403 
923	 0.535092904286048 
924	 0.534711700622365 
925	 0.534010960592156 
926	 0.533012682497742 
927	 0.531812323081912 
928	 0.530066789012055 
929	 0.528589052283883 
930	 0.527135966315072 
931	 0.524801904919509 
932	 0.522489108807615 
933	 0.520239185044467 
934	 0.518470955576007 
935	 0.517722648250641 
936	 0.51742743507774 
937	 0.517686706911337 
938	 0.517857434455446 
939	 0.517043117596463 
940	 0.516967462096055 
941	 0.51680007955714 
942	 0.515883807509903 
943	 0.514159312247412 
944	 0.513126801644787 
945	 0.512032024504105 
946	 0.510692507686881 
947	 0.509919028435152 
948	 0.507676046387158 
949	 0.505951565665589 
950	 0.505347425118438 
951	 0.503781220402384 
952	 0.502393028014631 
953	 0.501155462548364 
954	 0.500077807506465 
955	 0.499484668770427 
956	 0.498210749870389 
957	 0.497310449473045 
958	 0.497220870958862 
959	 0.496378306557217 
960	 0.495697975644842 
961	 0.495229180229016 
962	 0.495136384886449 
963	 0.496240616770165 
964	 0.496411818487217 
965	 0.496177085095582 
966	 0.496370673774382 
967	 0.496884394344653 
968	 0.496946156431834 
969	 0.497187526052904 
970	 0.49796071431072 
971	 0.497794022264656 
972	 0.496978407537188 
973	 0.496621212648186 
974	 0.497284952445961 
975	 0.497073545956416 
976	 0.497234009094402 
977	 0.497593837389196 
978	 0.497801737126243 
979	 0.498604242301845 
980	 0.499320455965368 
981	 0.499740608585454 
982	 0.500089957646897 
983	 0.501429229244845 
984	 0.501875345900804 
985	 0.501791636324899 
986	 0.502256901985018 
987	 0.503489052926883 
988	 0.504615848039807 
989	 0.505186166627471 
990	 0.505259809183975 
991	 0.505869554851695 
992	 0.506654983773092 
993	 0.507468998024874 
994	 0.508189073837249 
995	 0.5084074534344 
996	 0.508876798638222 
997	 0.509683229534412 
998	 0.510434014781844 
999	 0.510142745174617 
1000	 0.510792089293196 
1001	 0.52606504609192 
1002	 0.526553035529906 
1003	 0.527268458276324 
1004	 0.528158112080971 
1005	 0.529113196700242 
1006	 0.530059300316455 
1007	 0.531311557499987 
1008	 0.532343231728085 
1009	 0.532979465007974 
1010	 0.533816159368676 
1011	 0.534577285636102 
1012	 0.53521324956339 
1013	 0.536200020106401 
1014	 0.537198205172692 
1015	 0.538073916273987 
1016	 0.538946781439285 
1017	 0.539865920837933 
1018	 0.540694515292838 
1019	 0.54154079827593 
1020	 0.542543031753007 
1021	 0.54364091278308 
1022	 0.544444603527311 
1023	 0.545264627527726 
1024	 0.54618686731176 
1025	 0.547067174048876 
1026	 0.548102593669596 
1027	 0.54927576210034 
1028	 0.550230833960624 
1029	 0.551050372776758 
1030	 0.551944819184603 
1031	 0.552695460596894 
1032	 0.553251807274194 
1033	 0.5538624616249 
1034	 0.554606555578704 
1035	 0.555235834902822 
1036	 0.55590353792634 
1037	 0.556716950884329 
1038	 0.557597362546975 
1039	 0.558485348310529 
1040	 0.559294617260558 
1041	 0.560215199708912 
1042	 0.561140419825298 
1043	 0.561809497246867 
1044	 0.56254628887014 
1045	 0.563310949085246 
1046	 0.564096555511993 
1047	 0.564742881199996 
1048	 0.565377238711402 
1049	 0.565965188156229 
1050	 0.566527342906234 
1051	 0.567067776425757 
1052	 0.567597740564779 
1053	 0.568232782959763 
1054	 0.568713103482743 
1055	 0.5690708837517 
1056	 0.569512905962049 
1057	 0.569897934043103 
1058	 0.57016957675003 
1059	 0.570592846592737 
1060	 0.571081643534085 
1061	 0.571547403628958 
1062	 0.572049873636071 
1063	 0.572487159579107 
1064	 0.572907872120876 
1065	 0.573235217914875 
1066	 0.573652931692723 
1067	 0.574006447084517 
1068	 0.574248508185136 
1069	 0.574665012983114 
1070	 0.574937029419177 
1071	 0.575220798120294 
1072	 0.575389978528729 
1073	 0.575386326383296 
1074	 0.57541064054706 
1075	 0.575401244173955 
1076	 0.575404446673263 
1077	 0.575422259992217 
1078	 0.575400918986403 
1079	 0.575335420525205 
1080	 0.575304074649317 
1081	 0.57521431879393 
1082	 0.575347757096809 
1083	 0.575428348493624 
1084	 0.575561760903073 
1085	 0.575533370394532 
1086	 0.575526893636295 
1087	 0.575376368773712 
1088	 0.575010697543585 
1089	 0.574782478737474 
1090	 0.574545554331297 
1091	 0.574210885894754 
1092	 0.573967767099903 
1093	 0.573780740826199 
1094	 0.57361779820751 
1095	 0.573408081151074 
1096	 0.573204905884992 
1097	 0.573079942586178 
1098	 0.572763289034401 
1099	 0.572364420168343 
1100	 0.571937417418035 
1101	 0.571367995939646 
1102	 0.570858510204221 
1103	 0.570355650555323 
1104	 0.569823788155593 
1105	 0.569154966377646 
1106	 0.568623768851166 
1107	 0.568229545774748 
1108	 0.567775106055583 
1109	 0.567067529223849 
1110	 0.566491140213275 
1111	 0.565828910140824 
1112	 0.564910633721166 
1113	 0.564035571864578 
1114	 0.563184149544243 
1115	 0.562325497926313 
1116	 0.561268508235288 
1117	 0.560321205717383 
1118	 0.559807048074044 
1119	 0.558736190510154 
1120	 0.557421172601001 
1121	 0.555827111338526 
1122	 0.553415316741686 
1123	 0.551323950211937 
1124	 0.549249585922683 
1125	 0.547326871729103 
1126	 0.545014401479424 
1127	 0.543183267714446 
1128	 0.540469139967688 
1129	 0.537130316297333 
1130	 0.534283336443496 
1131	 0.531439065194041 
1132	 0.528904908597326 
1133	 0.527088306226375 
1134	 0.524796534564727 
1135	 0.522764175386484 
1136	 0.520228340927007 
1137	 0.517265246173745 
1138	 0.514358844786715 
1139	 0.511236128757878 
1140	 0.507879026460305 
1141	 0.504999196406889 
1142	 0.502557652918799 
1143	 0.499266164709725 
1144	 0.495855515430882 
1145	 0.492425957738785 
1146	 0.488317726833737 
1147	 0.484936060497477 
1148	 0.482010730561706 
1149	 0.479041454501018 
1150	 0.476323976097606 
1151	 0.473552830958569 
1152	 0.47075085885431 
1153	 0.468310818780079 
1154	 0.466041371050767 
1155	 0.463925762207385 
1156	 0.462126850082009 
1157	 0.460441097604429 
1158	 0.459180773016062 
1159	 0.458124516162018 
1160	 0.457303060629638 
1161	 0.456780486281772 
1162	 0.45635862842268 
1163	 0.456166836042096 
1164	 0.455776089048303 
1165	 0.455440324148244 
1166	 0.455073521961524 
1167	 0.454390995125645 
1168	 0.454081395206988 
1169	 0.454128028788555 
1170	 0.453938156683096 
1171	 0.453736892838358 
1172	 0.453630837904184 
1173	 0.453229809924154 
1174	 0.452789391674204 
1175	 0.452529810957895 
1176	 0.452332015721006 
1177	 0.452128631880979 
1178	 0.452055165845141 
1179	 0.451856312487422 
1180	 0.451564778250828 
1181	 0.451335467849747 
1182	 0.451097821987685 
1183	 0.450870768899491 
1184	 0.450659071186517 
1185	 0.450445780877441 
1186	 0.450182766265888 
1187	 0.45000262400465 
1188	 0.449893009130049 
1189	 0.449808409370762 
1190	 0.449786689512449 
1191	 0.449681333365966 
1192	 0.449476706565905 
1193	 0.449351802316284 
1194	 0.449259478197555 
1195	 0.449112080547323 
1196	 0.449128912109613 
1197	 0.44930724031757 
1198	 0.449419769079632 
1199	 0.449599616195077 
1200	 0.449758992331834 
1201	 0.449890573517437 
1202	 0.449994098667219 
1203	 0.450061808690955 
1204	 0.45022994714816 
1205	 0.450325904739277 
1206	 0.450715975627047 
1207	 0.451033814118679 
1208	 0.451252662734912 
1209	 0.451722091961861 
1210	 0.451947445479827 
1211	 0.452248381972182 
1212	 0.452787448123982 
1213	 0.453131911313227 
1214	 0.453576936122515 
1215	 0.454038419461615 
1216	 0.454532051524319 
1217	 0.455021558782949 
1218	 0.45553148682502 
1219	 0.456078441931528 
1220	 0.456733288851117 
1221	 0.457275357482124 
1222	 0.457789571302269 
1223	 0.45828747572435 
1224	 0.458646529111031 
1225	 0.459070282035502 
1226	 0.459805974550857 
1227	 0.460486386847619 
1228	 0.461099850061278 
1229	 0.461728555146078 
1230	 0.462134190616617 
1231	 0.46246805938187 
1232	 0.463028252243445 
1233	 0.463792930480194 
1234	 0.464480238252533 
1235	 0.465121673811878 
1236	 0.465796102917068 
1237	 0.466456746716753 
1238	 0.466942801945526 
1239	 0.467408669548882 
1240	 0.467928685867582 
1241	 0.468235969266478 
1242	 0.468713022451824 
1243	 0.469354457504792 
1244	 0.469991185279028 
1245	 0.470489462324086 
1246	 0.471004576664032 
1247	 0.47153543604053 
1248	 0.471830359490825 
1249	 0.472138172606947 
1250	 0.472681109549717 
1251	 0.473199487069535 
1252	 0.473754946213029 
1253	 0.474273516937294 
1254	 0.474519069534637 
1255	 0.474804343262082 
1256	 0.475036887646375 
1257	 0.475316606362884 
1258	 0.475751988249879 
1259	 0.476114092363969 
1260	 0.476381530023439 
1261	 0.476731598810041 
1262	 0.477176635269528 
1263	 0.477393495195598 
1264	 0.477710593865026 
1265	 0.478103528614655 
1266	 0.478142279562359 
1267	 0.478105807331588 
1268	 0.478052443213335 
1269	 0.477798540709564 
1270	 0.477717341724492 
1271	 0.478031559593552 
1272	 0.478251821053624 
1273	 0.478107323905055 
1274	 0.477940464637675 
1275	 0.47766374953056 
1276	 0.477240899157211 
1277	 0.477160329429181 
1278	 0.477171019793641 
1279	 0.47681562586392 
1280	 0.476493453746871 
1281	 0.476158326054241 
1282	 0.475713839388357 
1283	 0.475140669924487 
1284	 0.474600074292144 
1285	 0.473984863542077 
1286	 0.473396061577774 
1287	 0.472985704643701 
1288	 0.472501025810603 
1289	 0.47197573651982 
1290	 0.471298655836171 
1291	 0.470300732815576 
1292	 0.469456280710543 
1293	 0.468752886805488 
1294	 0.467805891919777 
1295	 0.466827165833997 
1296	 0.465861000400106 
1297	 0.464683866214614 
1298	 0.463571057762008 
1299	 0.462606151136038 
1300	 0.461578700223692 
1301	 0.460412139099254 
1302	 0.458929868797778 
1303	 0.45745416989429 
1304	 0.45569986657422 
1305	 0.454136623892739 
1306	 0.452560546162592 
1307	 0.451340182137977 
1308	 0.449886058207506 
1309	 0.447903971824224 
1310	 0.446007056846071 
1311	 0.443830024921699 
1312	 0.441714442992094 
1313	 0.440160883188064 
1314	 0.438210618355931 
1315	 0.436194106127032 
1316	 0.434135420470541 
1317	 0.431487465065742 
1318	 0.429113894544231 
1319	 0.426703769443474 
1320	 0.424199168380872 
1321	 0.422373968140145 
1322	 0.420125869153206 
1323	 0.417423014445388 
1324	 0.415050283602845 
1325	 0.412401420994479 
1326	 0.409806933839347 
1327	 0.407470466553103 
1328	 0.404769068781897 
1329	 0.401760864025563 
1330	 0.398886104924677 
1331	 0.395927742990821 
1332	 0.393237590553073 
1333	 0.390629246807094 
1334	 0.38802362854556 
1335	 0.385545439007523 
1336	 0.38290137212741 
1337	 0.380193786779858 
1338	 0.377908351838524 
1339	 0.375696135613994 
1340	 0.373552958300174 
1341	 0.371718974401061 
1342	 0.369562713692177 
1343	 0.367210638355803 
1344	 0.365379572979777 
1345	 0.364271851153476 
1346	 0.363134844754817 
1347	 0.36169535669389 
1348	 0.360483773657477 
1349	 0.358280562640855 
1350	 0.355605074966766 
1351	 0.354596677445683 
1352	 0.353559424312282 
1353	 0.351174106253085 
1354	 0.349494174834853 
1355	 0.347565697964164 
1356	 0.344082609298793 
1357	 0.34483551564118 
1358	 0.349518072687328 
1359	 0.349947406495682 
1360	 0.346299949993615 
1361	 0.337819802994433 
1362	 0.323062899666341 
1363	 0.302481406699325 
1364	 0.30621682553181 
1365	 0.33681683316331 
1366	 0.34390876458301 
1367	 0.338940023529481 
1368	 0.330357989278451 
1369	 0.288519165862898 
1370	 0.287618265137361 
1371	 0.323621138101384 
1372	 0.322890468648391 
1373	 0.307282199403059 
1374	 0.307045782983702 
1375	 0.275382017112142 
1376	 0.271992395265343 
1377	 0.29791859190055 
1378	 0.256314447891601 
1379	 0.207052560131744 
1380	 0.171566627186681 
1381	 0.138503848980206 
1382	 0.146636982009998 
1383	 0.16239113389565 
1384	 0.167306598850845 
1385	 0.168317618628562 
1386	 0.178662497760224 
1387	 0.175638598098213 
1388	 0.178302012391529 
1389	 0.183073265924556 
1390	 0.187599758994108 
1391	 0.189518967517077 
1392	 0.199988758397994 
1393	 0.180089618632189 
1394	 0.165284624056693 
1395	 0.156223337370095 
1396	 0.146904633112476 
1397	 0.162080474845296 
1398	 0.155744399215407 
1399	 0.138280627958007 
1400	 0.127041679310243 
1401	 0.117401310410053 
1402	 0.123411061874963 
1403	 0.128982096068979 
1404	 0.131284022633806 
1405	 0.132530017640214 
1406	 0.127854905657358 
1407	 0.119912426756108 
1408	 0.115085875026359 
1409	 0.110133890357712 
1410	 0.100632596721818 
1411	 9.81733006210171E-02 
1412	 0.104101076197922 
1413	 0.104593250832857 
1414	 0.101960385508605 
1415	 0.101457370033902 
1416	 9.87400561535921E-02 
1417	 9.67389000691805E-02 
1418	 9.81068801041112E-02 
1419	 9.78047688066783E-02 
1420	 9.47621160827845E-02 
1421	 0.09286090043205 
1422	 9.18113988831357E-02 
1423	 9.05154347979904E-02 
1424	 8.99771042127268E-02 
1425	 9.00800105565173E-02 
1426	 8.98542662346417E-02 
1427	 8.91943962287141E-02 
1428	 8.86959135159608E-02 
1429	 8.88707697919275E-02 
1430	 8.84622746696135E-02 
1431	 8.75846655832633E-02 
1432	 8.78888215853144E-02 
1433	 8.81462061132114E-02 
1434	 8.69506966814014E-02 
1435	 8.67742490427506E-02 
1436	 8.64066307013912E-02 
1437	 8.50511229406363E-02 
1438	 8.59757418513205E-02 
1439	 8.66254778356174E-02 
1440	 8.61030181269626E-02 
1441	 8.64049916048801E-02 
1442	 8.57185354443807E-02 
1443	 8.42928920301798E-02 
1444	 8.36389701507063E-02 
1445	 8.34204612134255E-02 
1446	 8.33875304141149E-02 
1447	 8.35092200754492E-02 
1448	 8.35781362318583E-02 
1449	 8.36320223682498E-02 
1450	 8.37750963665122E-02 
1451	 8.39415363626697E-02 
1452	 8.40693298516476E-02 
1453	 8.38405243431547E-02 
1454	 0.083616196957416 
1455	 8.36908174968243E-02 
1456	 8.37392975429421E-02 
1457	 8.40942766703311E-02 
1458	 8.46610682393822E-02 
1459	 8.46063884079501E-02 
1460	 8.43158246129209E-02 
1461	 8.45104719017964E-02 
1462	 0.084687845412332 
1463	 8.51366323272402E-02 
1464	 8.58878824614465E-02 
1465	 8.60992324077402E-02 
1466	 8.63896499642211E-02 
1467	 0.086853380586558 
1468	 0.087076368301173 
1469	 8.75289398359407E-02 
1470	 0.088025422611931 
1471	 8.83927355912985E-02 
1472	 8.87974160399193E-02 
1473	 8.98467520975667E-02 
1474	 0.090901832048113 
1475	 9.17968955522818E-02 
1476	 9.25808282328994E-02 
1477	 9.28957224987861E-02 
1478	 0.093211884727427 
1479	 9.42913173086606E-02 
1480	 9.55533623238541E-02 
1481	 0.096499598673002 
1482	 9.73248662044748E-02 
1483	 9.77885103934806E-02 
1484	 9.83394773823036E-02 
1485	 9.92234408447566E-02 
1486	 0.100465207139252 
1487	 0.102101891907125 
1488	 0.103213802479272 
1489	 0.103937432620713 
1490	 0.104829216469624 
1491	 0.10562395311377 
1492	 0.106491306769963 
1493	 0.107705410955065 
1494	 0.108781530010406 
1495	 0.109483428043683 
1496	 0.110224341971387 
1497	 0.111118385781225 
1498	 0.112130762249754 
1499	 0.113286808210404 
1500	 0.114435450157021 
1501	 0.115370568785047 
1502	 0.116334427486231 
1503	 0.11754325113077 
1504	 0.118605256847058 
1505	 0.119512349233649 
1506	 0.120511865680389 
1507	 0.121617766792388 
1508	 0.12282684388412 
1509	 0.124002886970604 
1510	 0.12525885888441 
1511	 0.126413724977519 
1512	 0.127124780034921 
1513	 0.128077080228869 
1514	 0.129440925927519 
1515	 0.13046908722771 
1516	 0.131551303931961 
1517	 0.132903127723234 
1518	 0.133917238237228 
1519	 0.134933325927976 
1520	 0.136132294987396 
1521	 0.137263305121356 
1522	 0.13857232966845 
1523	 0.13993323027426 
1524	 0.141067358508825 
1525	 0.142217861982206 
1526	 0.143446793182286 
1527	 0.144543860398601 
1528	 0.145626764264581 
1529	 0.146859269497811 
1530	 0.148033051339576 
1531	 0.149114123237659 
1532	 0.150134106848424 
1533	 0.151369427191722 
1534	 0.152584366012641 
1535	 0.153680971253264 
1536	 0.154952194803228 
1537	 0.156147465437703 
1538	 0.15714071390131 
1539	 0.158359620469574 
1540	 0.159768206747713 
1541	 0.160855614811997 
1542	 0.161871063226454 
1543	 0.162947474082385 
1544	 0.164067065385554 
1545	 0.165255127410638 
1546	 0.166417218158731 
1547	 0.167702944626552 
1548	 0.168862395285993 
1549	 0.169775527557083 
1550	 0.170851922763164 
1551	 0.171969296658445 
1552	 0.173062230694435 
1553	 0.174258722454533 
1554	 0.175399335178743 
1555	 0.176462858290329 
1556	 0.177501143321041 
1557	 0.17869390526937 
1558	 0.180013042951572 
1559	 0.181054758583028 
1560	 0.181923057641793 
1561	 0.182860924574675 
1562	 0.183837209896504 
1563	 0.184934091556953 
1564	 0.186055071801686 
1565	 0.187035565013089 
1566	 0.187960685798447 
1567	 0.188891828864751 
1568	 0.189810348251529 
1569	 0.190817460090392 
1570	 0.191895851287548 
1571	 0.19304404264376 
1572	 0.194243259221927 
1573	 0.195301525731561 
1574	 0.196196178344073 
1575	 0.19696899558394 
1576	 0.197825975476852 
1577	 0.198844390922046 
1578	 0.199841905880754 
1579	 0.200734189898014 
1580	 0.201539731074046 
1581	 0.202467319359615 
1582	 0.203511067784409 
1583	 0.20458452356902 
1584	 0.205693646495375 
1585	 0.206565315989266 
1586	 0.207226841481512 
1587	 0.2080725929967 
1588	 0.209055152739177 
1589	 0.209929364606371 
1590	 0.210724268854885 
1591	 0.211411497508494 
1592	 0.21212858747793 
1593	 0.213046649834913 
1594	 0.214012770439326 
1595	 0.21490399361419 
1596	 0.215657369339372 
1597	 0.216509411391215 
1598	 0.217424108533183 
1599	 0.218276910694731 
1600	 0.219249521140603 
1601	 0.219907741839154 
1602	 0.220511890547527 
1603	 0.221540248719162 
1604	 0.222401249306754 
1605	 0.223231184557819 
1606	 0.224227506580132 
1607	 0.224915067891347 
1608	 0.22552896200167 
1609	 0.226363501646147 
1610	 0.227230551404614 
1611	 0.2280177188819 
1612	 0.228790157022383 
1613	 0.229526096974812 
1614	 0.230072886442753 
1615	 0.230674216443341 
1616	 0.231542117646056 
1617	 0.232437134813613 
1618	 0.233354358186139 
1619	 0.234138799231642 
1620	 0.234595835301029 
1621	 0.235150585867438 
1622	 0.23578594169173 
1623	 0.236405608007936 
1624	 0.237064517563583 
1625	 0.237506547321003 
1626	 0.237998086479443 
1627	 0.238570538489857 
1628	 0.239111504610383 
1629	 0.239878514482978 
1630	 0.240581339739875 
1631	 0.241012490924796 
1632	 0.241513547463193 
1633	 0.241946615071696 
1634	 0.242337370921434 
1635	 0.24285648458042 
1636	 0.243294791754177 
1637	 0.244010083044576 
1638	 0.244746907249324 
1639	 0.245194770485413 
1640	 0.245734137200992 
1641	 0.246083735869465 
1642	 0.24641045989167 
1643	 0.246952693120356 
1644	 0.247403806151528 
1645	 0.24789548789583 
1646	 0.248247509114472 
1647	 0.248423719959901 
1648	 0.248894939632049 
1649	 0.249333796133596 
1650	 0.249818146664746 
1651	 0.250492564779864 
1652	 0.250673701162629 
1653	 0.250779987518496 
1654	 0.25091514971767 
1655	 0.250729819879398 
1656	 0.251073265101742 
1657	 0.251571288555603 
1658	 0.2516640498537 
1659	 0.25207867233193 
1660	 0.252410054717342 
1661	 0.252559150143234 
1662	 0.252867128008846 
1663	 0.252972279897967 
1664	 0.253017162771021 
1665	 0.253078252322234 
1666	 0.253254954645199 
1667	 0.253527075044142 
1668	 0.253541833618805 
1669	 0.253648159336035 
1670	 0.253786437041459 
1671	 0.25358101826442 
1672	 0.253465286869277 
1673	 0.253298921012423 
1674	 0.253024058340492 
1675	 0.253104602466314 
1676	 0.253282708570525 
1677	 0.253306422876855 
1678	 0.2532851749887 
1679	 0.253291021203949 
1680	 0.253085607391947 
1681	 0.252795518418376 
1682	 0.252563377139452 
1683	 0.252335722303683 
1684	 0.252275729785915 
1685	 0.252174640517245 
1686	 0.251984347751371 
1687	 0.251748203789874 
1688	 0.251326634360162 
1689	 0.251018042127195 
1690	 0.25086465813875 
1691	 0.250650390381331 
1692	 0.250479699863696 
1693	 0.25018465441998 
1694	 0.249621839584341 
1695	 0.249113578734316 
1696	 0.248781968760828 
1697	 0.248376503418577 
1698	 0.248063499293161 
1699	 0.247882683781791 
1700	 0.247591110869751 
1701	 0.247552926354336 
1702	 0.247443529949948 
1703	 0.247108778309448 
1704	 0.246492974175567 
1705	 0.246062686758258 
1706	 0.245769475824158 
1707	 0.245291308129388 
1708	 0.24472515349117 
1709	 0.244127486148546 
1710	 0.243150450359891 
1711	 0.242673222068317 
1712	 0.242718382620456 
1713	 0.242359453023952 
1714	 0.242161212562186 
1715	 0.241722602371663 
1716	 0.24072921950912 
1717	 0.240090426188535 
1718	 0.23957480573717 
1719	 0.238996907440167 
1720	 0.238537926978761 
1721	 0.238040200460633 
1722	 0.237572022125324 
1723	 0.23702589929431 
1724	 0.236410014859094 
1725	 0.235808001937988 
1726	 0.235110073245087 
1727	 0.23443450344512 
1728	 0.23376822620567 
1729	 0.233289440381503 
1730	 0.232883931297915 
1731	 0.232358680288748 
1732	 0.232040399185978 
1733	 0.231413688599778 
1734	 0.23041489908094 
1735	 0.22983956035054 
1736	 0.229361678489916 
1737	 0.228798179999474 
1738	 0.228515190305943 
1739	 0.227888449210042 
1740	 0.22699946788149 
1741	 0.226118923345888 
1742	 0.225054350037016 
1743	 0.224175684363225 
1744	 0.223349753216124 
1745	 0.222676240325163 
1746	 0.222148786099551 
1747	 0.221468584930366 
1748	 0.220830600636182 
1749	 0.219979724341722 
1750	 0.218943849929978 
1751	 0.218386529894276 
1752	 0.21769653344399 
1753	 0.217121679199018 
1754	 0.216242814490479 
1755	 0.215227896881959 
1756	 0.214349277339836 
1757	 0.213368017143776 
1758	 0.21261827592343 
1759	 0.211858014234017 
1760	 0.21077224642789 
1761	 0.209951780438544 
1762	 0.209419322892107 
1763	 0.20898440705252 
1764	 0.20854050149612 
1765	 0.207864078250057 
1766	 0.207024870878828 
1767	 0.205810717116563 
1768	 0.204755619040742 
1769	 0.203963945597353 
1770	 0.20295404515966 
1771	 0.202760669276637 
1772	 0.202238887659113 
1773	 0.201887355161407 
1774	 0.201372626112589 
1775	 0.200201192247769 
1776	 0.19954531245623 
1777	 0.199203437383984 
1778	 0.198725884017539 
1779	 0.198659432751852 
1780	 0.198336715686285 
1781	 0.197723830975681 
1782	 0.197281248596849 
1783	 0.196698079420374 
1784	 0.196216232259486 
1785	 0.195887323316115 
1786	 0.195511882973736 
1787	 0.195115381599218 
1788	 0.195042322390773 
1789	 0.195224402642095 
1790	 0.195152624491876 
1791	 0.195301538222604 
1792	 0.195347286314938 
1793	 0.195082992208013 
1794	 0.19496679922295 
1795	 0.195471017881863 
1796	 0.194736758272936 
1797	 0.192624520917852 
1798	 0.191516839627092 
1799	 0.189566248679827 
1800	 0.188941232986841 
1801	 0.190406597139374 
1802	 0.190684842953541 
1803	 0.191064708190037 
1804	 0.191508813579034 
1805	 0.191398075735479 
1806	 0.19257519417567 
1807	 0.195463731941976 
1808	 0.196703198372405 
1809	 0.197781914681693 
1810	 0.19906490896476 
1811	 0.197494965336743 
1812	 0.197128969852858 
1813	 0.198284375597883 
1814	 0.196876315760662 
1815	 0.196478800220154 
1816	 0.194929419708721 
1817	 0.191494013419764 
1818	 0.192171278565671 
1819	 0.194652263109401 
1820	 0.209510624587518 
1821	 0.216048427324549 
1822	 0.214504526455029 
1823	 0.214666368301266 
1824	 0.196671069219376 
1825	 0.193403898141284 
1826	 0.214789489074164 
1827	 0.223292576366071 
1828	 0.222443759940957 
1829	 0.244041933553645 
1830	 0.289066698566613 
1831	 0.14717618261646 
1832	 0.127390164292659 
1833	 0.112567056058847 
1834	 0.222942924973072 
1835	 0.486231033134444 
1836	 0.589867350898649 
1837	 0.718510221214825 
1838	 0.701705219118926 
1839	 0.808041881682111 
1840	 0.501786290156604 
1841	 0.111763377795761 
1842	 0.130210920298117 
1843	 0.635249981605507 
1844	 0.748421885899481 
1845	 9.67634135136546 
1846	-38.597936098865 
1847	 0.104375675993315 
1848	-6.88000936386896 
1849	-3.71232717472405 
1850	-0.844210875675917 
1851	-0.66648864462533 
1852	 1.4922787096595 
1853	 2.28155904702449 
1854	 4.481211288063 
1855	 2.95044652312736 
1856	-4.23332150379559E-02 
1857	 6.99546317388252E-02 
1858	-0.053162877748623 
1859	 0.247183039080349 
1860	 1.03061312217586 
1861	 11.2143329475672 
1862	 4.02127073189072 
1863	 0.241965376456002 
1864	 0.242417278676159 
1865	 0.517351309699073 
1866	 0.418071552694397 
1867	 0.385947861891372 
1868	-1.08250051354256E-02 
1869	-0.107835238159921 
1870	-0.283205447308669 
1871	-6.43621076813199E-02 
1872	 3.37815048955802 
1873	 2.51087761494645 
1874	 0.317629420291466 
1875	 0.224917821558079 
1876	 0.211119438906013 
1877	-2.56347105558956E-02 
1878	 8.45822653945048E-02 
1879	 0.345111020926698 
1880	 0.334813224028628 
1881	 7.05258954519619E-02 
1882	-2.51408326325234E-02 
1883	-0.122000270151275 
1884	-0.14590093793438 
1885	-0.225486516116908 
1886	-0.272115940062825 
1887	-2.13006993917317E-02 
1888	 6.98627899900485E-02 
1889	 0.102235462812301 
1890	 0.198144879556497 
1891	 0.199686274793869 
1892	 5.94052959041808E-02 
1893	 0.086870247878418 
1894	 0.252109998058944 
1895	 0.239278360400588 
1896	 0.174649839694694 
1897	 0.151380256773299 
1898	 3.10745583859534E-02 
1899	-0.154890783340982 
1900	 9.72147629286248E-03 
1901	 0.360026000356041 
1902	 0.422030618026223 
1903	 0.225618782431768 
1904	 0.174029432319442 
1905	 4.17186192745768E-02 
1906	-0.225871090258744 
1907	-8.75407707684858E-02 
1908	 0.321072464056515 
1909	 0.320847315528928 
1910	 0.23391214390289 
1911	 0.242769720993556 
1912	-1.47268859259079E-02 
1913	-0.118957994526233 
1914	-0.100060365776154 
1915	-8.41787686007552E-02 
1916	-9.99292447827011E-02 
1917	-0.100773691277866 
1918	-5.01618614036252E-02 
1919	-0.054573304704679 
1920	-3.69774158803933E-02 
1921	 1.75537906967697E-02 
1922	 0.040734463539779 
1923	 0.033367302207929 
1924	 3.20923109299863E-02 
1925	 2.55052035374671E-02 
1926	 0.012240763810616 
1927	-4.24809371857206E-03 
1928	 1.53077142388457E-02 
1929	 4.58723715772853E-02 
1930	 4.73806233400588E-02 
1931	 0.048575185644988 
1932	 4.81357667430656E-02 
1933	 1.87068570433811E-02 
1934	-1.47269899205656E-03 
1935	-1.79951270718711E-03 
1936	 7.29995449495208E-03 
1937	 1.04177265269394E-02 
1938	 2.36799572607422E-02 
1939	 3.95390506143059E-02 
1940	 3.34895591540321E-02 
1941	 2.53777736694726E-02 
1942	 2.09319193844568E-02 
1943	 1.25665141777834E-02 
1944	 1.74867023373871E-02 
1945	 2.48665234140721E-02 
1946	 2.57590318634362E-02 
1947	 0.024893314753369 
1948	 2.76700358194041E-02 
1949	 2.40491168592542E-02 
1950	 1.87901024654003E-02 
1951	 2.00558175282473E-02 
1952	 2.42026120643806E-02 
1953	 2.84559782801872E-02 
1954	 2.74930459762345E-02 
1955	 2.74214309261793E-02 
1956	 2.64828092333608E-02 
1957	 2.26232312443565E-02 
1958	 0.022553144507493 
1959	 2.62460408713108E-02 
1960	 2.94475707767201E-02 
1961	 2.84038293494745E-02 
1962	 2.84032268217613E-02 
1963	 2.88509349309238E-02 
1964	 3.06868939699194E-02 
1965	 3.25832788956191E-02 
1966	 3.16555258258046E-02 
1967	 3.22794505139059E-02 
1968	 3.31853592345825E-02 
1969	 3.28353796294013E-02 
1970	 3.19340626073734E-02 
1971	 3.27735233321143E-02 
1972	 3.22784433464735E-02 
1973	 3.08265232958928E-02 
1974	 3.12641594672182E-02 
1975	 3.20931356933997E-02 
1976	 3.24971926872937E-02 
1977	 3.30507931082404E-02 
1978	 3.35195868592434E-02 
1979	 3.38414213383857E-02 
1980	 3.43953387432996E-02 
1981	 3.46926667118904E-02 
1982	 0.034667556474429 
1983	 3.40733903222061E-02 
1984	 3.37447775601207E-02 
1985	 3.36382852665556E-02 
1986	 3.38450030941337E-02 
1987	 3.46273017238259E-02 
1988	 3.53676561565404E-02 
1989	 3.57778665208462E-02 
1990	 3.58909922770393E-02 
1991	 3.56208134028848E-02 
1992	 0.035294899806145 
1993	 3.54141384194305E-02 
1994	 3.63264676745684E-02 
1995	 3.65764761384609E-02 
1996	 3.67326110124639E-02 
1997	 3.68439830239066E-02 
1998	 3.66991839039423E-02 
1999	 3.60808201310578E-02 
2000	 3.69892694564503E-02 
2001	 3.79340455814343E-02 
2002	 3.76244443606257E-02 
2003	 3.88246252181661E-02 
2004	 3.98167271371334E-02 
2005	 3.93032385482807E-02 
2006	 0.03977254758519 
2007	 0.042079230155154 
2008	 0.042650069950683 
2009	 4.22100394050391E-02 
2010	 4.13177871376831E-02 
2011	 0.040761040059318 
2012	 4.11472990114292E-02 
2013	 4.26970533375854E-02 
2014	 4.59845379075248E-02 
2015	 4.86438955802202E-02 
2016	 4.88359840294211E-02 
2017	 4.73256739624153E-02 
2018	 4.57847597831617E-02 
2019	 4.61389504183209E-02 
2020	 4.83568946290894E-02 
2021	 4.88860526206739E-02 
2022	 4.96335123036575E-02 
2023	 4.98735009727094E-02 
2024	 4.94873264847633E-02 
2025	 4.90537072639407E-02 
2026	 4.98701574819496E-02 
2027	 5.06184150556881E-02 
2028	 5.06447070177048E-02 
2029	 5.07483624327019E-02 
2030	 5.05266450923957E-02 
2031	 5.05640517479509E-02 
2032	 0.051123593114616 
2033	 5.28501440899007E-02 
2034	 5.32154247921347E-02 
2035	 5.31439811484228E-02 
2036	 5.31799247387595E-02 
2037	 5.33529056486723E-02 
2038	 5.30550190600263E-02 
2039	 5.31123843091073E-02 
2040	 5.38275083674897E-02 
2041	 5.42505317928504E-02 
2042	 5.41911018570691E-02 
2043	 5.45966736033724E-02 
2044	 5.50165476536291E-02 
2045	 5.50792771252726E-02 
2046	 5.44837917718984E-02 
2047	 5.48709082007683E-02 
2048	 5.56889840498407E-02 
2049	 5.60390790498603E-02 
2050	 5.66475763381061E-02 
2051	 5.74903256134765E-02 
2052	 5.74873360401081E-02 
2053	 5.76001557903387E-02 
2054	 5.85776062984706E-02 
2055	 5.90456854891075E-02 
2056	 5.89643516969981E-02 
2057	 5.98873837554083E-02 
2058	 6.10591928852533E-02 
2059	 6.13313279486164E-02 
2060	 6.14507129971897E-02 
2061	 6.14197758067775E-02 
2062	 0.061616091185997 
2063	 6.09426035927206E-02 
2064	 6.10748092459716E-02 
2065	 6.23558385791831E-02 
2066	 6.24890308727678E-02 
2067	 0.061577043112367 
2068	 6.27105093254885E-02 
2069	 0.064038284703546 
2070	 6.39769954975489E-02 
2071	 0.064135014032987 
2072	 0.064734696261756 
2073	 6.49669375483699E-02 
2074	 6.59041063445736E-02 
2075	 6.63737483293744E-02 
2076	 6.69663673108203E-02 
2077	 6.74624392128859E-02 
2078	 6.77107848645499E-02 
2079	 6.78101531781324E-02 
2080	 6.77997992005439E-02 
2081	 6.85612037126276E-02 
2082	 6.90107270935841E-02 
2083	 0.068844582805128 
2084	 0.069831568169971 
2085	 7.06807092960708E-02 
2086	 7.03803314001178E-02 
2087	 7.09290927808824E-02 
2088	 7.17308933145838E-02 
2089	 7.17986516887218E-02 
2090	 7.22151695769488E-02 
2091	 7.31761942588374E-02 
2092	 7.35680540640712E-02 
2093	 7.34285616352862E-02 
2094	 7.39368258152057E-02 
2095	 7.47918133632857E-02 
2096	 7.51924078660721E-02 
2097	 7.54537093442052E-02 
2098	 0.076120510709447 
2099	 7.67292511176409E-02 
2100	 7.64679800585128E-02 
2101	 7.63000687670462E-02 
2102	 7.68874100989504E-02 
2103	 7.73563657903691E-02 
2104	 7.80428334599012E-02 
2105	 7.90066059746836E-02 
2106	 7.89095206909903E-02 
2107	 7.92179029792928E-02 
2108	 7.91289057800147E-02 
2109	 7.96157689861317E-02 
2110	 8.07198249175942E-02 
2111	 8.12111376942624E-02 
2112	 8.14975832226982E-02 
2113	 8.19274675805626E-02 
2114	 8.22109025443048E-02 
2115	 8.22680379793388E-02 
2116	 8.32476006488573E-02 
2117	 8.41253340499487E-02 
2118	 8.42520332279005E-02 
2119	 8.43601504150369E-02 
2120	 8.45295500999946E-02 
2121	 8.44107655952014E-02 
2122	 8.43930608990981E-02 
2123	 8.52673965685382E-02 
2124	 8.60494563445613E-02 
2125	 8.72424463291633E-02 
2126	 8.76957275588084E-02 
2127	 8.79469682710562E-02 
2128	 8.81671337614306E-02 
2129	 8.74302226563433E-02 
2130	 8.79605505458305E-02 
2131	 8.99059464277534E-02 
2132	 0.090518076240532 
2133	 9.10288024682817E-02 
2134	 9.14429322800356E-02 
2135	 9.11890754786762E-02 
2136	 9.10371755138879E-02 
2137	 9.17422439251896E-02 
2138	 9.21852851895245E-02 
2139	 9.21504508498943E-02 
2140	 9.22602057658868E-02 
2141	 0.092940193696263 
2142	 9.32594947854593E-02 
2143	 9.34033995921409E-02 
2144	 9.35516940396612E-02 
2145	 9.35336342697413E-02 
2146	 9.26223274542234E-02 
2147	 9.28322989959287E-02 
2148	 0.093550664446164 
2149	 9.40777180843444E-02 
2150	 9.57713502571945E-02 
2151	 9.65913177582843E-02 
2152	 0.097115470168276 
2153	 9.65140810369728E-02 
2154	 9.66049869367869E-02 
2155	 9.68514022857641E-02 
2156	 9.69163909620338E-02 
2157	 0.097064051884187 
2158	 9.66957312963731E-02 
2159	 9.64729997121388E-02 
2160	 9.68196436603019E-02 
2161	 9.73676778002868E-02 
2162	 9.86518364444921E-02 
2163	 9.94525999188788E-02 
2164	 9.99132905889405E-02 
2165	 0.100180516465389 
2166	 0.10052183375425 
2167	 0.10027992829536 
2168	 0.100250657708013 
2169	 0.100417601476228 
2170	 0.100454421909331 
2171	 0.100358159909437 
2172	 0.100437963398231 
2173	 0.100583474778392 
2174	 0.100558680703357 
2175	 0.101069209771687 
2176	 0.101970649391945 
2177	 0.102323355278114 
2178	 0.10244183585965 
2179	 0.1022706536654 
2180	 0.101853915816625 
2181	 0.102279634855546 
2182	 0.102519917114429 
2183	 0.102567914327769 
2184	 0.103938444893804 
2185	 0.104227865788262 
2186	 0.103960314406304 
2187	 0.10394289439205 
2188	 0.10330344125132 
2189	 0.103423386873898 
2190	 0.104231975401591 
2191	 0.104600755837737 
2192	 0.105188057002684 
2193	 0.105662825687687 
2194	 0.106235878885851 
2195	 0.106464504587923 
2196	 0.106892864459853 
2197	 0.106098351806768 
2198	 0.105779225809332 
2199	 0.105418970898357 
2200	 0.105902950018677 
2201	 0.106996885947373 
2202	 0.107035841180026 
2203	 0.107176185484328 
2204	 0.106846613389124 
2205	 0.106308785152826 
2206	 0.106396356646685 
2207	 0.105895183772128 
2208	 0.105719585272804 
2209	 0.105885347869142 
2210	 0.10630044191579 
2211	 0.10767017763054 
2212	 0.10731473609784 
2213	 0.105961546265704 
2214	 0.105841006048498 
2215	 0.105028702870774 
2216	 0.104642284804697 
2217	 0.105383242390751 
2218	 0.106093229869833 
2219	 0.107061063936034 
2220	 0.107172993610842 
2221	 0.107307005328304 
2222	 0.107300106549803 
2223	 0.107662086813812 
2224	 0.106798494325822 
2225	 0.106460222520588 
2226	 0.107669738279691 
2227	 0.107804723246679 
2228	 0.106901934650351 
2229	 0.10716131964932 
2230	 0.108224358768794 
2231	 0.108361813220781 
2232	 0.10820546387106 
2233	 0.107839120754632 
2234	 0.106775115730038 
2235	 0.105198783355093 
2236	 0.104247431051631 
2237	 0.103400690857951 
2238	 0.102495938899491 
2239	 0.102446736475314 
2240	 0.103887193958906 
2241	 0.103393739288335 
2242	 0.101772595565 
2243	 0.101730154959519 
2244	 0.101598932352803 
2245	 0.10116898046687 
2246	 0.102330153707574 
2247	 0.102572063357738 
2248	 0.101043644305954 
2249	 0.100121195141464 
2250	 9.94643036349413E-02 
2251	 9.95144833187759E-02 
2252	 9.91208008556324E-02 
2253	 9.86037494774368E-02 
2254	 9.72573345720424E-02 
2255	 9.58957038896473E-02 
2256	 9.55867462240984E-02 
2257	 9.49410374405001E-02 
2258	 9.48371705584565E-02 
2259	 9.55314497038442E-02 
2260	 9.61499470814666E-02 
2261	 9.56843181408118E-02 
2262	 9.45954437477619E-02 
2263	 9.53411482786354E-02 
2264	 9.48344611649401E-02 
2265	 9.30697494778209E-02 
2266	 9.23925866096867E-02 
2267	 9.13818397680233E-02 
2268	 9.17447193988964E-02 
2269	 9.27088087290859E-02 
2270	 9.20689168031205E-02 
2271	 9.07801594273192E-02 
2272	 9.03656772286698E-02 
2273	 8.93734594529284E-02 
2274	 8.87151057538864E-02 
2275	 8.93720792224052E-02 
2276	 8.94144458617145E-02 
2277	 8.80126536574896E-02 
2278	 8.75613121956696E-02 
2279	 8.83424473945792E-02 
2280	 8.83749519887205E-02 
2281	 8.82386353272892E-02 
2282	 8.83605722708774E-02 
2283	 8.91357084461673E-02 
2284	 8.81769691900145E-02 
2285	 8.51129945671881E-02 
2286	 8.40768844089981E-02 
2287	 8.29079790103804E-02 
2288	 8.24532439033982E-02 
2289	 8.30442265788622E-02 
2290	 8.45354089625864E-02 
2291	 8.52081827101456E-02 
2292	 8.39339656240579E-02 
2293	 8.22208090051832E-02 
2294	 0.080468053216885 
2295	 7.88889541563414E-02 
2296	 7.90937901045156E-02 
2297	 8.02383987758473E-02 
2298	 8.10254817204356E-02 
2299	 8.09562164729671E-02 
2300	 7.96878807242942E-02 
2301	 7.76137710739254E-02 
2302	 7.66279581859604E-02 
2303	 7.80394823260375E-02 
2304	 7.89792694568563E-02 
2305	 7.97018133870419E-02 
2306	 0.081647341552909 
2307	 7.99167528911297E-02 
2308	 7.59547567001382E-02 
2309	 7.56693153993535E-02 
2310	 7.53067807973316E-02 
2311	 7.43751701414379E-02 
2312	 7.60066363301251E-02 
2313	 7.48727152254777E-02 
2314	 7.26136850680766E-02 
2315	 7.40311646363774E-02 
2316	 7.48056417218869E-02 
2317	 0.074864246270723 
2318	 7.58248206225525E-02 
2319	 7.57127424244391E-02 
2320	 7.35785464316091E-02 
2321	 7.26444302794547E-02 
2322	 7.20144431593732E-02 
2323	 7.19907932407079E-02 
2324	 0.071912354633172 
2325	 7.16383745145015E-02 
2326	 7.33596213982707E-02 
2327	 7.26565045538115E-02 
2328	 6.90473679263836E-02 
2329	 6.90228819068963E-02 
2330	 7.04292678584558E-02 
2331	 6.87303817935268E-02 
2332	 6.70381481300016E-02 
2333	 6.70029530962763E-02 
2334	 6.45362218070845E-02 
2335	 6.43156371558249E-02 
2336	 6.90251739730651E-02 
2337	 7.05058082325978E-02 
2338	 7.08409848563293E-02 
2339	 6.96508022571146E-02 
2340	 6.69791866146432E-02 
2341	 6.35740264393694E-02 
2342	 5.99674896775796E-02 
2343	 6.05283590084127E-02 
2344	 6.81305116013094E-02 
2345	 7.08465869831399E-02 
2346	 6.91222069053446E-02 
2347	 0.069095918490944 
2348	 6.54549395176362E-02 
2349	 6.55031127486942E-02 
2350	 6.91185031936885E-02 
2351	 6.62802713993196E-02 
2352	 6.19729582639335E-02 
2353	 6.00429429896739E-02 
2354	 6.07107253298787E-02 
2355	 0.063120824086785 
2356	 6.48856525228327E-02 
2357	 6.36477235038381E-02 
2358	 6.07165731958899E-02 
2359	 6.14950372451808E-02 
2360	 6.28892877220311E-02 
2361	 0.060461269996772 
2362	 5.68586984414154E-02 
2363	 5.76899421724828E-02 
2364	 5.96982708721353E-02 
2365	 5.82436061762209E-02 
2366	 5.96432369149102E-02 
2367	 6.09306473827996E-02 
2368	 0.054821514633216 
2369	 4.98492372348051E-02 
2370	 5.40591076514945E-02 
2371	 5.62480629192399E-02 
2372	 5.41721011565779E-02 
2373	 5.99222646899708E-02 
2374	 6.14204953920518E-02 
2375	 5.27625374867791E-02 
2376	 5.04147726540114E-02 
2377	 0.05502752585177 
2378	 5.50318273282554E-02 
2379	 5.21666623598493E-02 
2380	 5.13922613592396E-02 
2381	 5.22614260758316E-02 
2382	 5.54531792931507E-02 
2383	 0.058752642212558 
2384	 5.88292857643292E-02 
2385	 5.61156727118292E-02 
2386	 5.55654396840473E-02 
2387	 4.98000235303837E-02 
2388	 4.97831157195385E-02 
2389	 5.60166190138953E-02 
2390	 5.00935599906798E-02 
2391	 4.58013964274804E-02 
2392	 4.02749932748454E-02 
2393	 3.99820522879506E-02 
2394	 5.18224959275861E-02 
2395	 5.66127754309955E-02 
2396	 5.98377655761507E-02 
2397	 6.02922724589646E-02 
2398	 4.79212959556689E-02 
2399	 3.77058295409148E-02 
2400	 4.02208536428303E-02 
2401	 4.16726314393182E-02 
2402	 4.19722220730613E-02 
2403	 4.56653598610722E-02 
2404	 4.13783840544333E-02 
2405	 3.50782691876365E-02 
2406	 3.54628001489189E-02 
2407	 3.54490981072192E-02 
2408	 3.85194825922148E-02 
2409	 4.59358675633979E-02 
2410	 4.74592564566604E-02 
2411	 5.07305105331989E-02 
2412	 5.10248375725182E-02 
2413	 0.044436374513404 
2414	 4.23062475170543E-02 
2415	 3.40263720313817E-02 
2416	 2.97810574180804E-02 
2417	 3.68501912661459E-02 
2418	 3.85983474000762E-02 
2419	 4.21431511819942E-02 
2420	 5.07905529142519E-02 
2421	 0.054482711911236 
2422	 4.63859075590098E-02 
2423	 3.53298616796459E-02 
2424	 2.97808173673845E-02 
2425	 2.54148108393988E-02 
2426	 3.77411957142983E-02 
2427	 5.46374244543282E-02 
2428	 4.77000670220389E-02 
2429	 3.50025426634826E-02 
2430	 2.58180875462378E-02 
2431	 2.76102898626575E-02 
2432	 4.33093335056878E-02 
2433	 5.66818387475141E-02 
2434	 6.18564818431642E-02 
2435	 4.32540895271165E-02 
2436	 2.61630940825465E-02 
2437	 3.28982979295824E-02 
2438	 3.53917826958729E-02 
2439	 4.18979719629169E-02 
2440	 5.47672868552344E-02 
2441	 4.15672790190106E-02 
2442	 3.12782572944135E-02 
2443	 4.13577629851055E-02 
2444	 3.37312825845721E-02 
2445	 3.11566193342477E-02 
2446	 0.027935285985374 
2447	 8.0060835838882E-03 
2448	 0.013639017971558 
2449	 0.033787279693796 
2450	 4.98904845258887E-02 
2451	 5.82839480578032E-02 
2452	 5.38926518022501E-02 
2453	 3.62961418503097E-02 
2454	 2.00767456430006E-02 
2455	 9.55120073409066E-03 
2456	-2.60888115251929E-02 
2457	-0.030425966326891 
2458	 3.66159845842415E-03 
2459	 0.025882930955006 
2460	 6.21064109181217E-02 
2461	 8.30130376536981E-02 
2462	 6.39906736793689E-02 
2463	 2.87595596672706E-02 
2464	 6.62949216641186E-03 
2465	 1.54354314457674E-02 
2466	 3.43678018204978E-02 
2467	 6.24634053410907E-02 
2468	 5.07789921475199E-02 
2469	 4.88002978625665E-02 
2470	 1.84989038891981E-02 
2471	 1.45676990100367E-02 
2472	 8.84626622418254E-02 
2473	 0.10109884316669 
2474	 4.62345149229711E-02 
2475	 3.50591178648831E-02 
2476	 7.99291723574635E-03 
2477	-2.85845879344168E-02 
2478	-3.66798765849933E-02 
2479	 1.47069658942861E-02 
2480	 4.73829983649763E-02 
2481	 3.51635183667599E-02 
2482	 9.38723544541414E-02 
2483	 9.74401163698067E-02 
2484	-2.94032014751495E-02 
2485	 7.33183530617556E-02 
2486	 0.125120256985988 
2487	-4.99911321186347E-02 
2488	-0.108153576248857 
2489	-9.24403541620453E-02 
2490	-0.182846357657911 
2491	-0.210150995784092 
2492	-3.95776775862844E-02 
2493	-0.275387735550461 
2494	-0.413974389720802 
2495	 5.61667091554838E-03 
2496	 9.92164421206925E-02 
2497	 0.172083961688264 
2498	 0.371451232732024 
2499	-3.32934279327837E-02 
2500	-0.307138707725792 
