Wavelength	09/27/123 at 12:14:45
350	 9.07794720696517E-03 
351	 9.05561533650335E-03 
352	 9.59964423777953E-03 
353	 9.96937481456122E-03 
354	 9.28781325488809E-03 
355	 9.39326551565236E-03 
356	 9.59215935503837E-03 
357	 9.42687254922236E-03 
358	 9.50409862919661E-03 
359	 9.45743496700743E-03 
360	 9.48965217997764E-03 
361	 9.93251515743053E-03 
362	 9.8753263459945E-03 
363	 9.7613326878383E-03 
364	 9.85163381448699E-03 
365	 9.70646924154943E-03 
366	 9.6352985123567E-03 
367	 9.64509100314431E-03 
368	 9.63861705215139E-03 
369	 9.91646430366945E-03 
370	 1.01607045817221E-02 
371	 1.01725111853495E-02 
372	 1.01497607613758E-02 
373	 1.02058020173716E-02 
374	 1.03111633514278E-02 
375	 1.03635705806156E-02 
376	 1.04715239851332E-02 
377	 1.05991557035337E-02 
378	 1.06913894793784E-02 
379	 1.06609379482701E-02 
380	 1.07970420591754E-02 
381	 1.10077230565733E-02 
382	 1.10471822533856E-02 
383	 1.12322104389393E-02 
384	 1.14879859539641E-02 
385	 1.16733120335054E-02 
386	 1.15816145150712E-02 
387	 1.16951378565537E-02 
388	 1.20106919172974E-02 
389	 1.22943524889775E-02 
390	 1.24121463704736E-02 
391	 1.26225555992926E-02 
392	 1.30630220579738E-02 
393	 1.36251495095983E-02 
394	 1.40164673076093E-02 
395	 1.41642230411669E-02 
396	 0.014152198121649 
397	 0.014401802775429 
398	 1.47011491560963E-02 
399	 1.49331011981011E-02 
400	 1.52531304468998E-02 
401	 1.54924376708802E-02 
402	 1.57229800058655E-02 
403	 1.60706798955629E-02 
404	 1.63601069320068E-02 
405	 1.66149826395228E-02 
406	 1.68969084656497E-02 
407	 1.73277668335644E-02 
408	 1.76071005683494E-02 
409	 1.78570296461272E-02 
410	 1.83102104052903E-02 
411	 1.87251456433632E-02 
412	 1.90390979772892E-02 
413	 1.93083629710176E-02 
414	 1.97708072755601E-02 
415	 2.01534001743168E-02 
416	 2.04579579809209E-02 
417	 2.07630776935667E-02 
418	 2.09261631260972E-02 
419	 2.11550488300526E-02 
420	 2.15304938345088E-02 
421	 2.19045976475957E-02 
422	 2.21397496820804E-02 
423	 2.23014852986182E-02 
424	 2.25203087707026E-02 
425	 2.27325128453976E-02 
426	 2.30152986952301E-02 
427	 2.33506811157636E-02 
428	 2.35645470561939E-02 
429	 2.36915880769549E-02 
430	 2.38065196173338E-02 
431	 2.39819058986924E-02 
432	 2.41596062269307E-02 
433	 2.43078808109776E-02 
434	 2.44180783575819E-02 
435	 2.44988341768827E-02 
436	 2.47307868164423E-02 
437	 0.025000743245658 
438	 2.51416306311212E-02 
439	 2.52367314796238E-02 
440	 2.53894734815306E-02 
441	 2.56047058291762E-02 
442	 2.57595647907953E-02 
443	 2.59372819598351E-02 
444	 2.60965312078051E-02 
445	 2.62059629184891E-02 
446	 2.64582395122855E-02 
447	 0.026751099156864 
448	 2.70028556045856E-02 
449	 2.71778443761596E-02 
450	 2.73810743729263E-02 
451	 2.75879234789594E-02 
452	 2.77504594578168E-02 
453	 2.79085422609836E-02 
454	 2.80760144315365E-02 
455	 2.82224573936601E-02 
456	 2.82682592799956E-02 
457	 2.83945759449289E-02 
458	 2.85927669960926E-02 
459	 2.87838323944454E-02 
460	 2.88327354654812E-02 
461	 2.88831201864089E-02 
462	 0.028978781441388 
463	 2.90466662340902E-02 
464	 2.91219853369133E-02 
465	 2.92319686403394E-02 
466	 2.93701196263337E-02 
467	 2.94101860380566E-02 
468	 2.94258763855333E-02 
469	 2.94718470602598E-02 
470	 2.95791094742883E-02 
471	 2.97397481722376E-02 
472	 2.98695574467959E-02 
473	 2.99202570740296E-02 
474	 3.00156900269671E-02 
475	 3.01091872764894E-02 
476	 3.01773969969853E-02 
477	 3.02198604990117E-02 
478	 3.03106683860936E-02 
479	 3.04681675603006E-02 
480	 3.06590791556335E-02 
481	 3.07314246706927E-02 
482	 3.07969165403246E-02 
483	 3.09247080324472E-02 
484	 3.11416624332885E-02 
485	 3.12801196448546E-02 
486	 3.14250065398783E-02 
487	 3.16366115014049E-02 
488	 3.17880313956002E-02 
489	 3.19596816775256E-02 
490	 3.21910195738219E-02 
491	 3.24902838699188E-02 
492	 3.27634627548781E-02 
493	 3.30484771985599E-02 
494	 3.33773152167662E-02 
495	 3.37238064160755E-02 
496	 3.41240277078688E-02 
497	 3.45821673469063E-02 
498	 0.0350924047594 
499	 3.57171650589584E-02 
500	 3.63582061704828E-02 
501	 3.69740332188385E-02 
502	 3.76531096324594E-02 
503	 3.84261239414641E-02 
504	 3.92704237914423E-02 
505	 4.01607697634466E-02 
506	 4.12099777393197E-02 
507	 4.22993887068269E-02 
508	 4.33917455739977E-02 
509	 4.45891248036389E-02 
510	 4.58595403905611E-02 
511	 4.72568570791009E-02 
512	 4.88314195884611E-02 
513	 5.04562265435344E-02 
514	 5.21704472442559E-02 
515	 5.39919756600451E-02 
516	 5.58893266293458E-02 
517	 5.79461990372113E-02 
518	 6.01175174133027E-02 
519	 6.22869850116242E-02 
520	 0.06433252922097 
521	 6.64297471090483E-02 
522	 6.86244700572455E-02 
523	 7.08140580751122E-02 
524	 7.30038411215945E-02 
525	 7.51488018738545E-02 
526	 7.72086599651544E-02 
527	 7.91829283966876E-02 
528	 8.10779697200533E-02 
529	 0.082857239367611 
530	 8.45002099260568E-02 
531	 8.60396755770628E-02 
532	 8.74808841800201E-02 
533	 0.08881058453284 
534	 9.00342065480638E-02 
535	 9.11364223567229E-02 
536	 9.21224782070811E-02 
537	 9.30094180511559E-02 
538	 9.38264427868639E-02 
539	 9.46102290278279E-02 
540	 9.53651187161325E-02 
541	 9.60285954746298E-02 
542	 9.66399603000449E-02 
543	 9.72219951400585E-02 
544	 0.097785218387589 
545	 0.09826506321964 
546	 9.87003865865448E-02 
547	 9.91208239081668E-02 
548	 9.95218008454494E-02 
549	 9.98917396025417E-02 
550	 0.100213303328563 
551	 0.100457584194193 
552	 0.100541948731036 
553	 0.100529168454938 
554	 0.100433882964393 
555	 0.100201591582332 
556	 9.98018182606867E-02 
557	 9.92908453379763E-02 
558	 9.87259352190573E-02 
559	 9.80244829196921E-02 
560	 0.097245562009473 
561	 9.64325117920158E-02 
562	 9.55963936580918E-02 
563	 9.46055949045745E-02 
564	 9.34880765974503E-02 
565	 9.23057460801736E-02 
566	 9.10991263682817E-02 
567	 8.99022121525468E-02 
568	 8.86735523765638E-02 
569	 0.087328246951559 
570	 8.60219970417266E-02 
571	 0.084743313308526 
572	 8.34819181131432E-02 
573	 8.22727130995189E-02 
574	 8.11244429244694E-02 
575	 8.00393637317652E-02 
576	 7.90357820294308E-02 
577	 7.81481919351904E-02 
578	 7.72926203346012E-02 
579	 7.64568564790784E-02 
580	 7.57540377446379E-02 
581	 7.50463693160623E-02 
582	 0.074383895899992 
583	 0.073838488718599 
584	 7.32645313704622E-02 
585	 7.26658495057976E-02 
586	 7.21109573471895E-02 
587	 7.17193732250991E-02 
588	 7.13597217203434E-02 
589	 7.09747866417559E-02 
590	 7.05670219932161E-02 
591	 7.01883067357885E-02 
592	 6.98470256927096E-02 
593	 6.95502989013333E-02 
594	 0.069314318859807 
595	 6.90463949590927E-02 
596	 6.87992200151584E-02 
597	 6.85997136428977E-02 
598	 6.83603001896061E-02 
599	 6.81382438057146E-02 
600	 6.78953596510819E-02 
601	 0.067571077260503 
602	 6.72652222560852E-02 
603	 6.69023485539432E-02 
604	 6.64653398607702E-02 
605	 6.60479770972121E-02 
606	 6.55060910113446E-02 
607	 6.49154185795393E-02 
608	 0.064376063548816 
609	 6.37895510377447E-02 
610	 0.063156796327983 
611	 6.25019622295272E-02 
612	 6.18567707564577E-02 
613	 6.11869809705181E-02 
614	 6.05593937655433E-02 
615	 6.00079327717613E-02 
616	 5.94142429564684E-02 
617	 5.88485249472182E-02 
618	 5.83483525972502E-02 
619	 5.79086458445048E-02 
620	 5.75227497775122E-02 
621	 5.72224447164786E-02 
622	 0.057001826643027 
623	 5.67795760669727E-02 
624	 5.66064630041455E-02 
625	 5.64599941005898E-02 
626	 0.056306065623259 
627	 5.61919887524739E-02 
628	 5.61225668149236E-02 
629	 5.60843384000023E-02 
630	 5.60432049669404E-02 
631	 0.056000237372818 
632	 0.055903201927902 
633	 5.57272609034118E-02 
634	 5.55778280844519E-02 
635	 0.055375586631618 
636	 5.50639507441383E-02 
637	 5.46201266881298E-02 
638	 5.41647571097859E-02 
639	 5.36559946557559E-02 
640	 5.30693103735575E-02 
641	 5.24740512412798E-02 
642	 5.18615341401497E-02 
643	 5.12140343114523E-02 
644	 5.05211710824427E-02 
645	 4.98759491407196E-02 
646	 4.92465139604315E-02 
647	 4.86493683219597E-02 
648	 4.81561780851323E-02 
649	 4.76795136236973E-02 
650	 4.72433540147697E-02 
651	 4.68649977412387E-02 
652	 4.64676733168494E-02 
653	 4.60394416760197E-02 
654	 4.56368641500512E-02 
655	 4.53231490796137E-02 
656	 4.48679634129395E-02 
657	 4.42738017388312E-02 
658	 4.36337426359723E-02 
659	 4.30202210660175E-02 
660	 4.23745667871766E-02 
661	 4.17629420734164E-02 
662	 4.12354809936345E-02 
663	 4.06225004172359E-02 
664	 0.040097647674317 
665	 0.039678091033218 
666	 3.91989240817316E-02 
667	 3.88673437552886E-02 
668	 3.86018930036178E-02 
669	 3.83384748969228E-02 
670	 3.82398453761346E-02 
671	 3.81996286622001E-02 
672	 3.81578249965401E-02 
673	 3.81047074146301E-02 
674	 3.82367535991631E-02 
675	 3.83841349789578E-02 
676	 3.84895711320628E-02 
677	 3.87135689269401E-02 
678	 3.89740319793596E-02 
679	 3.93325112007286E-02 
680	 3.98357832669189E-02 
681	 4.03214700689198E-02 
682	 4.09125035621018E-02 
683	 4.16821531017732E-02 
684	 4.26578303549082E-02 
685	 4.39097849697148E-02 
686	 4.56329148337303E-02 
687	 4.78285038513594E-02 
688	 4.96418641463266E-02 
689	 5.16022494017995E-02 
690	 5.39297001421802E-02 
691	 5.66371050950535E-02 
692	 5.97132358226593E-02 
693	 6.33724637156008E-02 
694	 6.76053402260012E-02 
695	 7.20955216935973E-02 
696	 0.076828864165416 
697	 8.18452978950539E-02 
698	 8.72859383067568E-02 
699	 9.30514545174692E-02 
700	 9.90964213276656E-02 
701	 0.105286965667777 
702	 0.111479794952741 
703	 0.117676389161839 
704	 0.123940219211312 
705	 0.130344035374847 
706	 0.136785931192906 
707	 0.1433653662573 
708	 0.150086744595326 
709	 0.156951218359955 
710	 0.163948438137446 
711	 0.171179132044543 
712	 0.178689615152119 
713	 0.186421285685816 
714	 0.194318301584462 
715	 0.202357008791926 
716	 0.210857183834527 
717	 0.220046012446512 
718	 0.229714502050558 
719	 0.23948480050652 
720	 0.248793654897511 
721	 0.257610776273466 
722	 0.266400439972472 
723	 0.276032219079434 
724	 0.286176758888746 
725	 0.296172555132431 
726	 0.305843239563559 
727	 0.315486387363552 
728	 0.325201988086657 
729	 0.334689460349282 
730	 0.343954586734869 
731	 0.35298883118521 
732	 0.361598592382044 
733	 0.36982022762872 
734	 0.377869032220889 
735	 0.385894344964432 
736	 0.393656819756022 
737	 0.401033579330941 
738	 0.408032056605478 
739	 0.414737480820418 
740	 0.421100799606747 
741	 0.427088132966216 
742	 0.432688407249197 
743	 0.437942920885357 
744	 0.442875232349422 
745	 0.44748252789506 
746	 0.451713759363893 
747	 0.455682420858317 
748	 0.459376509926233 
749	 0.462804120239544 
750	 0.466010931965201 
751	 0.469000986217305 
752	 0.471734520949636 
753	 0.474204403830177 
754	 0.476511139920674 
755	 0.478714831374633 
756	 0.480778836689892 
757	 0.48275680467951 
758	 0.485340830048893 
759	 0.488984951192497 
760	 0.493565162551736 
761	 0.495920603669686 
762	 0.496360100628201 
763	 0.496202703900311 
764	 0.496147312924843 
765	 0.495765060499872 
766	 0.495645285130266 
767	 0.495819883263359 
768	 0.496207953550764 
769	 0.496782228784518 
770	 0.497395135466442 
771	 0.498013357134541 
772	 0.498705292138455 
773	 0.499369205201316 
774	 0.499987563395264 
775	 0.500584434278411 
776	 0.501237734487987 
777	 0.501819374759724 
778	 0.502377247399608 
779	 0.502977295642587 
780	 0.503569760683339 
781	 0.50413551159675 
782	 0.504664825262578 
783	 0.505169165223404 
784	 0.505792962918686 
785	 0.506412720196832 
786	 0.506954381934426 
787	 0.507458929939151 
788	 0.508037312168873 
789	 0.508625482458338 
790	 0.509154809006611 
791	 0.509661497448941 
792	 0.51020127311664 
793	 0.51071965009122 
794	 0.511158219288565 
795	 0.511698629567974 
796	 0.512213420677257 
797	 0.51269447969513 
798	 0.51324444554271 
799	 0.513783432989448 
800	 0.514295900906837 
801	 0.514763729116776 
802	 0.515154059025785 
803	 0.515647897282228 
804	 0.516187830352985 
805	 0.51667881285861 
806	 0.517149273916364 
807	 0.517586474753354 
808	 0.518057153097348 
809	 0.51861370720007 
810	 0.519038039945895 
811	 0.519436632907796 
812	 0.519836924259669 
813	 0.520177901981876 
814	 0.52064163606988 
815	 0.521133964782216 
816	 0.521597666816259 
817	 0.522187701476626 
818	 0.522573480657848 
819	 0.522857583657146 
820	 0.523237598607196 
821	 0.523751968852456 
822	 0.524205620517857 
823	 0.524574948440477 
824	 0.524930323344398 
825	 0.525280357758359 
826	 0.525658864511478 
827	 0.526028508080353 
828	 0.526287875862505 
829	 0.526540661059761 
830	 0.526797701361548 
831	 0.527104850728089 
832	 0.527586081473635 
833	 0.528012126320449 
834	 0.528348311575445 
835	 0.528663845326376 
836	 0.529087324256231 
837	 0.529522181601988 
838	 0.529930568699679 
839	 0.530310798703254 
840	 0.530728362934694 
841	 0.531111960543775 
842	 0.531484832681539 
843	 0.531925288825286 
844	 0.532352554478301 
845	 0.532722557831037 
846	 0.533067349998746 
847	 0.533516805256265 
848	 0.533928940330236 
849	 0.534299138288161 
850	 0.534652623253245 
851	 0.534988045935226 
852	 0.535434460310135 
853	 0.535899649321159 
854	 0.536264243798014 
855	 0.536581106324446 
856	 0.536917337841229 
857	 0.537290547901855 
858	 0.537680377568994 
859	 0.538094467878004 
860	 0.538482567160489 
861	 0.538837474120814 
862	 0.539203084298641 
863	 0.539582311156047 
864	 0.539945892966083 
865	 0.540253427656813 
866	 0.540505013435421 
867	 0.540857037214351 
868	 0.541204430905994 
869	 0.541492439667403 
870	 0.541926966478225 
871	 0.542210587317942 
872	 0.542453609103123 
873	 0.542827933592591 
874	 0.543124288168947 
875	 0.543468989436478 
876	 0.543858127027247 
877	 0.544211356133747 
878	 0.544566915303415 
879	 0.544807711047368 
880	 0.54501099457308 
881	 0.545398921734549 
882	 0.545603156267012 
883	 0.545803091498889 
884	 0.546100193316795 
885	 0.546426406554342 
886	 0.546655554024322 
887	 0.54682476294796 
888	 0.547029410194602 
889	 0.547341712483569 
890	 0.547501336629811 
891	 0.547642012502416 
892	 0.547886255771572 
893	 0.548093132811097 
894	 0.548101984136206 
895	 0.548053380208161 
896	 0.54817034763758 
897	 0.548395920183196 
898	 0.548540226694146 
899	 0.548684989016152 
900	 0.548988442235262 
901	 0.549233555180944 
902	 0.549366566289811 
903	 0.549410088182414 
904	 0.549448962059971 
905	 0.549905022039887 
906	 0.55022262122356 
907	 0.550273749395552 
908	 0.5504040264903 
909	 0.550340372117697 
910	 0.550179452613575 
911	 0.550087404157086 
912	 0.550212541091633 
913	 0.55061488717099 
914	 0.550898059084868 
915	 0.550858483129078 
916	 0.550741689861214 
917	 0.550737028180628 
918	 0.550715156379436 
919	 0.550571217950387 
920	 0.550504511076243 
921	 0.550494718567784 
922	 0.550395566373895 
923	 0.550065453490085 
924	 0.54949481901812 
925	 0.549080420687573 
926	 0.548542998166137 
927	 0.547495022990493 
928	 0.546750028981022 
929	 0.546199328230108 
930	 0.545210840069455 
931	 0.543069611456145 
932	 0.541619973538588 
933	 0.539762728337528 
934	 0.537743890283917 
935	 0.536885003014538 
936	 0.536077486220583 
937	 0.535524829096676 
938	 0.534971809745128 
939	 0.533897254836666 
940	 0.533170131255607 
941	 0.532729605994903 
942	 0.532194777562548 
943	 0.531097090497604 
944	 0.530173732836514 
945	 0.528925852260234 
946	 0.52714078272146 
947	 0.525179728226823 
948	 0.522906976121754 
949	 0.521000159101649 
950	 0.519747761896736 
951	 0.518783837714504 
952	 0.517407619476889 
953	 0.515606451329001 
954	 0.51370983169472 
955	 0.512224588262638 
956	 0.510661781725004 
957	 0.509132540592986 
958	 0.508022546295766 
959	 0.507902344140019 
960	 0.507038631835936 
961	 0.506276266773997 
962	 0.506248331500542 
963	 0.505867987857733 
964	 0.50610424162766 
965	 0.506325851807751 
966	 0.505927194092764 
967	 0.505232979424259 
968	 0.505183421367081 
969	 0.505800482663181 
970	 0.506533936004568 
971	 0.506205802155668 
972	 0.505890233297952 
973	 0.506112940209363 
974	 0.506801005434518 
975	 0.506849448203982 
976	 0.506334412161794 
977	 0.506120424404876 
978	 0.50678712289362 
979	 0.506948073401433 
980	 0.507524873762081 
981	 0.508108733237923 
982	 0.508249463627401 
983	 0.509066037862987 
984	 0.509433867576774 
985	 0.50943060536622 
986	 0.509671871120802 
987	 0.510888619583516 
988	 0.511781408037857 
989	 0.512342770716232 
990	 0.513056066365812 
991	 0.514045200407402 
992	 0.514839633189353 
993	 0.515552440187239 
994	 0.516431981596015 
995	 0.517187809657644 
996	 0.517896350401568 
997	 0.518458201221078 
998	 0.518756818880037 
999	 0.518712160190705 
1000	 0.520206214356642 
1001	 0.527324088242006 
1002	 0.527927625198346 
1003	 0.528731085133274 
1004	 0.529564571173235 
1005	 0.530126895758484 
1006	 0.531007573831713 
1007	 0.53230017993436 
1008	 0.533227837523546 
1009	 0.534077344662545 
1010	 0.535125804802828 
1011	 0.536025703893506 
1012	 0.537088841479045 
1013	 0.538164501899958 
1014	 0.539046845313201 
1015	 0.539956167672462 
1016	 0.540954600095317 
1017	 0.541999805320544 
1018	 0.543150477637236 
1019	 0.54423178322152 
1020	 0.545100628734327 
1021	 0.54579886205911 
1022	 0.546389001960171 
1023	 0.547330711743433 
1024	 0.548391040282331 
1025	 0.549485929862488 
1026	 0.550698737777705 
1027	 0.551624273072807 
1028	 0.552477441957949 
1029	 0.553483482448418 
1030	 0.554484802116529 
1031	 0.555415634913799 
1032	 0.556314222584324 
1033	 0.557319264339772 
1034	 0.55819715705885 
1035	 0.558974066060568 
1036	 0.559763643899334 
1037	 0.560464761978526 
1038	 0.561259064886683 
1039	 0.562048380499053 
1040	 0.562896122014514 
1041	 0.563727161575883 
1042	 0.564465650980216 
1043	 0.565213875119862 
1044	 0.565956813634616 
1045	 0.566614556358819 
1046	 0.567439909836156 
1047	 0.568291888119475 
1048	 0.5690659339509 
1049	 0.569803280960842 
1050	 0.570270473577079 
1051	 0.570794278509682 
1052	 0.571391340902497 
1053	 0.571940096543422 
1054	 0.572594841435255 
1055	 0.573140612851014 
1056	 0.573670502502143 
1057	 0.574171756700438 
1058	 0.574620767923595 
1059	 0.575120229698768 
1060	 0.575706400191945 
1061	 0.576055614745891 
1062	 0.576480166494568 
1063	 0.576973880555676 
1064	 0.577380608127248 
1065	 0.577708216787257 
1066	 0.577904833011684 
1067	 0.578039604274664 
1068	 0.578213438154629 
1069	 0.578464403996879 
1070	 0.578695353129734 
1071	 0.579007920260461 
1072	 0.579363391952035 
1073	 0.579694359118332 
1074	 0.579995059704862 
1075	 0.580518305435589 
1076	 0.580784122472004 
1077	 0.580638527181672 
1078	 0.580682279654342 
1079	 0.580734358822304 
1080	 0.580672682904683 
1081	 0.580671218844446 
1082	 0.580645163207337 
1083	 0.580538353845056 
1084	 0.580147611881927 
1085	 0.580025278163741 
1086	 0.580071369619761 
1087	 0.579987216964141 
1088	 0.579901759781111 
1089	 0.579842063424673 
1090	 0.579788924934738 
1091	 0.579595313433005 
1092	 0.579265760279657 
1093	 0.579013770360232 
1094	 0.578732057368418 
1095	 0.5784335676491 
1096	 0.578145021777995 
1097	 0.578004064917479 
1098	 0.577710483805626 
1099	 0.577261336201806 
1100	 0.576887435083165 
1101	 0.576641489891939 
1102	 0.576198569402462 
1103	 0.575607460163059 
1104	 0.575085418430561 
1105	 0.574418578625424 
1106	 0.573838339181461 
1107	 0.573364960687851 
1108	 0.572772881883674 
1109	 0.572372142982609 
1110	 0.571957889070656 
1111	 0.571523525364013 
1112	 0.57120227263677 
1113	 0.570671249575508 
1114	 0.569985535188913 
1115	 0.569243624358385 
1116	 0.568379282732831 
1117	 0.567388033382666 
1118	 0.566110995085096 
1119	 0.564912396961648 
1120	 0.563634719255145 
1121	 0.562302398137974 
1122	 0.561210179197777 
1123	 0.559740851901971 
1124	 0.558051919188252 
1125	 0.556328715897714 
1126	 0.554053147632924 
1127	 0.551555167920943 
1128	 0.548729511577293 
1129	 0.545647577005802 
1130	 0.542544188563671 
1131	 0.539495017220536 
1132	 0.53634718228409 
1133	 0.53332390431604 
1134	 0.530226290742517 
1135	 0.526997104551336 
1136	 0.523999754856002 
1137	 0.521292223046189 
1138	 0.51828384513182 
1139	 0.515342546302508 
1140	 0.512120828126294 
1141	 0.508814042933234 
1142	 0.5053310373928 
1143	 0.501597503445762 
1144	 0.497729311708484 
1145	 0.493880467968814 
1146	 0.489661978628546 
1147	 0.485923112377371 
1148	 0.482361191017134 
1149	 0.479021152176638 
1150	 0.476152916876248 
1151	 0.473041123536349 
1152	 0.469940930541966 
1153	 0.467092843890955 
1154	 0.464123097602535 
1155	 0.461587761306714 
1156	 0.459458762981739 
1157	 0.457833278920396 
1158	 0.45632207512213 
1159	 0.455115029306936 
1160	 0.453969967722563 
1161	 0.452834946401698 
1162	 0.452161164402866 
1163	 0.451845274886926 
1164	 0.451392593072613 
1165	 0.45117129719304 
1166	 0.450753955954506 
1167	 0.45010313562237 
1168	 0.449607732627527 
1169	 0.449119026626019 
1170	 0.448746285339978 
1171	 0.448363943828269 
1172	 0.448194898846196 
1173	 0.448040050095811 
1174	 0.447859759924113 
1175	 0.447625028045264 
1176	 0.447323535933333 
1177	 0.447071986698923 
1178	 0.446815636570894 
1179	 0.446563654024819 
1180	 0.44631631766423 
1181	 0.446103998116578 
1182	 0.44587691145868 
1183	 0.445676265710212 
1184	 0.445596517639923 
1185	 0.445373706856765 
1186	 0.444924719297643 
1187	 0.444731671572397 
1188	 0.444717172892226 
1189	 0.444562723081881 
1190	 0.444415150896661 
1191	 0.444391260596888 
1192	 0.444165908677809 
1193	 0.444076220849507 
1194	 0.444052195166548 
1195	 0.444198048978117 
1196	 0.444186063435403 
1197	 0.44409835159861 
1198	 0.444136390907365 
1199	 0.444255268966917 
1200	 0.444363142766993 
1201	 0.444485288508457 
1202	 0.444621339840535 
1203	 0.444701961888127 
1204	 0.444890983169421 
1205	 0.445176709929001 
1206	 0.445554450882522 
1207	 0.445794210330585 
1208	 0.445914389991538 
1209	 0.446136142322934 
1210	 0.446420945446563 
1211	 0.44674666640068 
1212	 0.447266151904381 
1213	 0.447810080179807 
1214	 0.448273842163206 
1215	 0.448693991962294 
1216	 0.449092715265213 
1217	 0.449559964971936 
1218	 0.449987971628008 
1219	 0.450439525806239 
1220	 0.450991459556556 
1221	 0.451505214755724 
1222	 0.451975746396077 
1223	 0.452436162163511 
1224	 0.452877622313847 
1225	 0.453387756823334 
1226	 0.453945826388775 
1227	 0.454347383986424 
1228	 0.454872715934405 
1229	 0.455615852519267 
1230	 0.456219342867213 
1231	 0.456805102769734 
1232	 0.457348728837472 
1233	 0.457746097406386 
1234	 0.458260436799255 
1235	 0.458877881465764 
1236	 0.459395745504652 
1237	 0.459931433948632 
1238	 0.460422534528177 
1239	 0.460780225083221 
1240	 0.461276578477274 
1241	 0.461900038011596 
1242	 0.462455356661433 
1243	 0.463052863783851 
1244	 0.463551386239624 
1245	 0.463950597483384 
1246	 0.46440118925602 
1247	 0.46488978349625 
1248	 0.465341545867131 
1249	 0.46586469347534 
1250	 0.466366291992094 
1251	 0.466800882841191 
1252	 0.467195084928663 
1253	 0.467401259856735 
1254	 0.467639248011679 
1255	 0.468093020662011 
1256	 0.468486233960468 
1257	 0.468827198824313 
1258	 0.469329185831002 
1259	 0.469639094485661 
1260	 0.469665978001442 
1261	 0.469916180196604 
1262	 0.470268385126136 
1263	 0.47048894469922 
1264	 0.470822565580534 
1265	 0.471065186012013 
1266	 0.47108001503911 
1267	 0.471246301867939 
1268	 0.471354342199258 
1269	 0.471326837902914 
1270	 0.471260597874725 
1271	 0.471095968984688 
1272	 0.471039644833823 
1273	 0.471042511351407 
1274	 0.470984778308169 
1275	 0.470872222840476 
1276	 0.470422393074634 
1277	 0.469925966691533 
1278	 0.469770118790261 
1279	 0.469496276781587 
1280	 0.469138980444446 
1281	 0.468952272205171 
1282	 0.468487582743618 
1283	 0.46769639004534 
1284	 0.467008454898793 
1285	 0.466540929126961 
1286	 0.46594750642661 
1287	 0.465423682462301 
1288	 0.464962531239071 
1289	 0.464123714773172 
1290	 0.463261437775385 
1291	 0.462577224760382 
1292	 0.461659169541985 
1293	 0.460863586484338 
1294	 0.46020162076762 
1295	 0.459234446744863 
1296	 0.458231913649366 
1297	 0.457292372358022 
1298	 0.45609291470788 
1299	 0.454759772699533 
1300	 0.453644306576029 
1301	 0.452508231806033 
1302	 0.451114280870227 
1303	 0.449755276680046 
1304	 0.448455474368014 
1305	 0.446944561846254 
1306	 0.445225065175709 
1307	 0.443729094298582 
1308	 0.442033978870072 
1309	 0.439999347972011 
1310	 0.438090782703214 
1311	 0.436144013337509 
1312	 0.434273433881669 
1313	 0.432506362541017 
1314	 0.430512228895673 
1315	 0.428438591916744 
1316	 0.426117545700696 
1317	 0.423741353120913 
1318	 0.421502038281569 
1319	 0.418914710433364 
1320	 0.416421053394189 
1321	 0.414240880246259 
1322	 0.412009950873575 
1323	 0.409893519910078 
1324	 0.407584143562681 
1325	 0.404914691333349 
1326	 0.402346406876953 
1327	 0.399717954946116 
1328	 0.397071260337512 
1329	 0.39453851758323 
1330	 0.391822520727865 
1331	 0.388876616870895 
1332	 0.38595714723017 
1333	 0.383284094191651 
1334	 0.38043529753251 
1335	 0.377647576056288 
1336	 0.375150158395531 
1337	 0.372674905132189 
1338	 0.370423968356602 
1339	 0.368443953417636 
1340	 0.366544990971389 
1341	 0.364348123946168 
1342	 0.362036476841395 
1343	 0.36021651604114 
1344	 0.358506994058623 
1345	 0.357241917095224 
1346	 0.35630308150573 
1347	 0.354933999256865 
1348	 0.353470800569207 
1349	 0.351432562244043 
1350	 0.349158172364074 
1351	 0.348221091903811 
1352	 0.347251647061382 
1353	 0.345172678492901 
1354	 0.344575881496257 
1355	 0.343865612866275 
1356	 0.340578492037792 
1357	 0.339448248443211 
1358	 0.336511984635428 
1359	 0.33216457193359 
1360	 0.321394663539849 
1361	 0.320612966227368 
1362	 0.321411783000647 
1363	 0.325267549107005 
1364	 0.350025612929394 
1365	 0.351622367917418 
1366	 0.316475714054336 
1367	 0.319814532840203 
1368	 0.310516136351284 
1369	 0.256881708601487 
1370	 0.263462425860947 
1371	 0.281146313989329 
1372	 0.272345023125351 
1373	 0.285584230963967 
1374	 0.313857477406796 
1375	 0.301614353561871 
1376	 0.224985913548437 
1377	 0.189861661072671 
1378	 0.226005668962597 
1379	 0.235561351303035 
1380	 0.242313987979768 
1381	 0.257180157529103 
1382	 0.163668562463777 
1383	 0.12068607196334 
1384	 0.160817502376352 
1385	 0.160253715150897 
1386	 0.187469745671005 
1387	 0.187002399758612 
1388	 0.155328370599421 
1389	 0.152338201998912 
1390	 0.170747718033626 
1391	 0.163771545284374 
1392	 0.157028978182401 
1393	 0.150747245746015 
1394	 0.128783213313364 
1395	 0.129103150714111 
1396	 0.126730841440077 
1397	 0.121155601067914 
1398	 0.133987514477998 
1399	 0.140794838412551 
1400	 0.129091570288694 
1401	 0.130671501612439 
1402	 0.1311593509711 
1403	 0.107650763192268 
1404	 0.106042224893664 
1405	 0.11524952279865 
1406	 0.106403462539751 
1407	 0.106958023526247 
1408	 0.110325103345422 
1409	 0.101147414633615 
1410	 9.61360939380558E-02 
1411	 9.86436713466991E-02 
1412	 9.89183634387489E-02 
1413	 9.78772366565818E-02 
1414	 9.65710906917866E-02 
1415	 9.47857052689941E-02 
1416	 9.23878801028265E-02 
1417	 8.86557928544239E-02 
1418	 8.57803213335413E-02 
1419	 8.37734120672731E-02 
1420	 8.39906551910912E-02 
1421	 8.51303703268119E-02 
1422	 8.48545400782615E-02 
1423	 8.58512959383206E-02 
1424	 8.52214770873039E-02 
1425	 8.26008249597327E-02 
1426	 8.18561153665388E-02 
1427	 8.25649773978709E-02 
1428	 8.19375576409912E-02 
1429	 8.02692030871781E-02 
1430	 8.05010209755404E-02 
1431	 8.06274154625962E-02 
1432	 7.97206041207311E-02 
1433	 7.96083179795706E-02 
1434	 8.03840398373798E-02 
1435	 8.02770089408462E-02 
1436	 7.92948901977675E-02 
1437	 7.92149356484867E-02 
1438	 7.93433534019615E-02 
1439	 7.89979703597119E-02 
1440	 7.91528058180015E-02 
1441	 7.88593759832389E-02 
1442	 7.83471747112573E-02 
1443	 7.79633187196597E-02 
1444	 7.69039928655041E-02 
1445	 7.66332156971189E-02 
1446	 7.69464386485899E-02 
1447	 7.69147203840457E-02 
1448	 7.74138027759718E-02 
1449	 7.77473366831371E-02 
1450	 0.07734354151278 
1451	 7.70805215440988E-02 
1452	 7.73255889637967E-02 
1453	 7.77043207271821E-02 
1454	 7.79713027973641E-02 
1455	 7.78595105712415E-02 
1456	 7.74048027430869E-02 
1457	 7.74925066640005E-02 
1458	 0.078096553371991 
1459	 7.84289706780898E-02 
1460	 0.078813291760434 
1461	 7.92380089139497E-02 
1462	 0.079155202238081 
1463	 7.92797415528993E-02 
1464	 7.95291168178081E-02 
1465	 7.93225653893065E-02 
1466	 7.95151685464166E-02 
1467	 8.02156599605637E-02 
1468	 8.09395702863046E-02 
1469	 8.15801048245652E-02 
1470	 8.19506729088787E-02 
1471	 8.19008643867282E-02 
1472	 8.16819631104029E-02 
1473	 8.24799433466019E-02 
1474	 8.39264499635394E-02 
1475	 8.49743267430905E-02 
1476	 8.58809094184942E-02 
1477	 8.64785853271222E-02 
1478	 8.66220988814628E-02 
1479	 8.74184459913025E-02 
1480	 8.86443464289886E-02 
1481	 8.96058670768669E-02 
1482	 9.04796042249243E-02 
1483	 9.12581272764121E-02 
1484	 9.20668742191806E-02 
1485	 9.29264326703305E-02 
1486	 9.37491386512041E-02 
1487	 9.47186878968508E-02 
1488	 9.57964983877242E-02 
1489	 0.096691538777696 
1490	 9.73908108225232E-02 
1491	 9.82260001166303E-02 
1492	 9.93054837368987E-02 
1493	 0.100323482923885 
1494	 0.101265131468309 
1495	 0.102145399342727 
1496	 0.102815109410827 
1497	 0.103630387846195 
1498	 0.104700374817838 
1499	 0.105737772801264 
1500	 0.106779530645547 
1501	 0.107653880412626 
1502	 0.108373330759283 
1503	 0.109342608694989 
1504	 0.110362273466826 
1505	 0.111392242177448 
1506	 0.112676158810259 
1507	 0.113830973226199 
1508	 0.114826385065272 
1509	 0.115838172924166 
1510	 0.116842674578662 
1511	 0.118012930639839 
1512	 0.119057703034241 
1513	 0.120110206421293 
1514	 0.121383487936103 
1515	 0.122386000729829 
1516	 0.123385562848064 
1517	 0.124635365933538 
1518	 0.12581035138064 
1519	 0.126860400464575 
1520	 0.127990799003723 
1521	 0.129221659536029 
1522	 0.130221126637627 
1523	 0.131210767335303 
1524	 0.132447613135283 
1525	 0.133584237803248 
1526	 0.134673648320828 
1527	 0.135937174335673 
1528	 0.137193457330949 
1529	 0.138258103113813 
1530	 0.139269037958393 
1531	 0.140350997427722 
1532	 0.14135209683388 
1533	 0.142492867649133 
1534	 0.143779410891841 
1535	 0.144994026875424 
1536	 0.146280707305791 
1537	 0.147395740340291 
1538	 0.148333160769643 
1539	 0.149619235695411 
1540	 0.15087657614573 
1541	 0.15194967711659 
1542	 0.153219441680384 
1543	 0.154304707372431 
1544	 0.155183399180091 
1545	 0.156240025126219 
1546	 0.157306487293778 
1547	 0.158458531424158 
1548	 0.159778429944093 
1549	 0.160965363735554 
1550	 0.161992619113602 
1551	 0.163112695174745 
1552	 0.16424129153073 
1553	 0.165186812942827 
1554	 0.166323226517888 
1555	 0.167496779176161 
1556	 0.168305412453188 
1557	 0.169415375908624 
1558	 0.17067724411782 
1559	 0.171548093995076 
1560	 0.17262858602303 
1561	 0.173768532163235 
1562	 0.174683203309798 
1563	 0.175853851664936 
1564	 0.176960329314283 
1565	 0.177876611817137 
1566	 0.178951062742573 
1567	 0.179987903591303 
1568	 0.181018669140069 
1569	 0.182027134774825 
1570	 0.183057850788397 
1571	 0.184171168357463 
1572	 0.185043889175441 
1573	 0.185882704300882 
1574	 0.186735649877161 
1575	 0.187607876712647 
1576	 0.188736618355258 
1577	 0.18977516537279 
1578	 0.190719356232957 
1579	 0.191694105253581 
1580	 0.192496323670272 
1581	 0.193479096390578 
1582	 0.194640640244037 
1583	 0.195447705380547 
1584	 0.196175417710238 
1585	 0.197127941338813 
1586	 0.198012736014992 
1587	 0.198856620796658 
1588	 0.199776982695428 
1589	 0.200497963246307 
1590	 0.201258314732482 
1591	 0.202254885326028 
1592	 0.203232924678921 
1593	 0.20417992324067 
1594	 0.204829100800034 
1595	 0.205447897333737 
1596	 0.206304337043837 
1597	 0.207117765446443 
1598	 0.208186493886141 
1599	 0.209197731255914 
1600	 0.209783756391429 
1601	 0.210475074275834 
1602	 0.211286941115117 
1603	 0.212106196975188 
1604	 0.213177509105389 
1605	 0.214172842710624 
1606	 0.214723967177732 
1607	 0.21533888560009 
1608	 0.216120428920606 
1609	 0.216795486098261 
1610	 0.217599177426487 
1611	 0.218336112129588 
1612	 0.218867557973366 
1613	 0.219460982842334 
1614	 0.220211173745111 
1615	 0.221064584520761 
1616	 0.221888249302875 
1617	 0.222504964596038 
1618	 0.222989019174673 
1619	 0.2237080675448 
1620	 0.224542909404108 
1621	 0.225246822420123 
1622	 0.225880155144686 
1623	 0.226440837429593 
1624	 0.226895192356075 
1625	 0.227442262722345 
1626	 0.228292493617585 
1627	 0.22896287308605 
1628	 0.229416996240463 
1629	 0.230052357183157 
1630	 0.230316064301597 
1631	 0.230548579274499 
1632	 0.231393118343006 
1633	 0.2320086353291 
1634	 0.232518046312012 
1635	 0.233231390178032 
1636	 0.233497175825813 
1637	 0.233848795823716 
1638	 0.234633373513778 
1639	 0.235172589709983 
1640	 0.235504159621756 
1641	 0.235882791247877 
1642	 0.236141068083084 
1643	 0.23647911139014 
1644	 0.237169455383858 
1645	 0.237642294562622 
1646	 0.237894993117651 
1647	 0.238441414081121 
1648	 0.238862547064939 
1649	 0.239166988216115 
1650	 0.239571622762263 
1651	 0.239727501856115 
1652	 0.239844579710135 
1653	 0.240166660565749 
1654	 0.240345849210012 
1655	 0.24064971681798 
1656	 0.241335617799354 
1657	 0.241663457210364 
1658	 0.241991874889421 
1659	 0.242554262413039 
1660	 0.242355544553792 
1661	 0.242217894437297 
1662	 0.24256760399215 
1663	 0.242587581175099 
1664	 0.24282659375792 
1665	 0.243198219080151 
1666	 0.243142430757552 
1667	 0.243259300412276 
1668	 0.243406874526189 
1669	 0.243444491589258 
1670	 0.24369450920832 
1671	 0.243675751663024 
1672	 0.24354054692999 
1673	 0.243426166096059 
1674	 0.243304139565311 
1675	 0.243442540663153 
1676	 0.243692718588163 
1677	 0.244023760128123 
1678	 0.243931624590745 
1679	 0.243511997650451 
1680	 0.243225929266185 
1681	 0.242860321408742 
1682	 0.242729476776209 
1683	 0.242777409285326 
1684	 0.242575108249531 
1685	 0.242282780160143 
1686	 0.242133914608552 
1687	 0.24201313180243 
1688	 0.241672234562045 
1689	 0.241502875814984 
1690	 0.241317300715566 
1691	 0.240869498259585 
1692	 0.240819092857214 
1693	 0.240691571118194 
1694	 0.240290095231804 
1695	 0.240175892582885 
1696	 0.239890590336315 
1697	 0.239416329574609 
1698	 0.238998397915177 
1699	 0.238434962841166 
1700	 0.238008016124989 
1701	 0.237899952819008 
1702	 0.23817216088993 
1703	 0.238044389009704 
1704	 0.237860889544063 
1705	 0.237512388189707 
1706	 0.236689481824546 
1707	 0.23611266073305 
1708	 0.235600285577591 
1709	 0.23508604095747 
1710	 0.234688861215682 
1711	 0.234220502785473 
1712	 0.233704045333299 
1713	 0.233235565941321 
1714	 0.232843966286758 
1715	 0.232338183456416 
1716	 0.231746937481668 
1717	 0.231162803796572 
1718	 0.230371231991633 
1719	 0.229860121858917 
1720	 0.229651112199241 
1721	 0.229236199478086 
1722	 0.228908552413847 
1723	 0.228431012798892 
1724	 0.227741501450255 
1725	 0.227085532476971 
1726	 0.226344672412282 
1727	 0.225771647656471 
1728	 0.225258319507441 
1729	 0.2246923541461 
1730	 0.224245873589663 
1731	 0.223618714780771 
1732	 0.222878443366267 
1733	 0.222188736342227 
1734	 0.221400809651521 
1735	 0.220830970434964 
1736	 0.220293488918462 
1737	 0.219726525089779 
1738	 0.219491658351272 
1739	 0.218715156093076 
1740	 0.217518815500819 
1741	 0.216791650350288 
1742	 0.215955573127072 
1743	 0.215314981332207 
1744	 0.215177240678169 
1745	 0.214475513324286 
1746	 0.213489468329939 
1747	 0.212674366694533 
1748	 0.211682615924976 
1749	 0.210950261397861 
1750	 0.210488213459164 
1751	 0.209586375332179 
1752	 0.208718107660303 
1753	 0.20773672139327 
1754	 0.206565421117565 
1755	 0.205682340618833 
1756	 0.204929592643285 
1757	 0.204104066318532 
1758	 0.203503196933874 
1759	 0.202710409742175 
1760	 0.202083640996896 
1761	 0.201694873077862 
1762	 0.200610767011634 
1763	 0.199659182853091 
1764	 0.198619298409609 
1765	 0.197173433859729 
1766	 0.196663834546832 
1767	 0.196292766492935 
1768	 0.195695527655819 
1769	 0.195375971055003 
1770	 0.194586419255402 
1771	 0.193950979253055 
1772	 0.193252436313857 
1773	 0.192346874052291 
1774	 0.191802914222997 
1775	 0.191594552178221 
1776	 0.190917127009147 
1777	 0.190123339923255 
1778	 0.189578352520752 
1779	 0.188497391616347 
1780	 0.187967502460125 
1781	 0.188331843511648 
1782	 0.188281228751658 
1783	 0.1884045350164 
1784	 0.188111493508955 
1785	 0.187234660309893 
1786	 0.186881188918192 
1787	 0.186487897577176 
1788	 0.186156122563028 
1789	 0.186499396690197 
1790	 0.186199525517947 
1791	 0.185094542153202 
1792	 0.184648579167292 
1793	 0.184303841024765 
1794	 0.184082887600978 
1795	 0.184449070869273 
1796	 0.184499362671438 
1797	 0.184520408044472 
1798	 0.184405233310088 
1799	 0.184091840282974 
1800	 0.183809995037649 
1801	 0.183164652108456 
1802	 0.183137246087156 
1803	 0.183892534341938 
1804	 0.183964024113653 
1805	 0.183772402752906 
1806	 0.183991514153738 
1807	 0.183990872789035 
1808	 0.183777123124634 
1809	 0.18407851714797 
1810	 0.184342433291 
1811	 0.184494865989625 
1812	 0.186465211372048 
1813	 0.189753417668627 
1814	 0.195341959474804 
1815	 0.200850988364452 
1816	 0.200741620705601 
1817	 0.203249426196766 
1818	 0.196395286842645 
1819	 0.19201076354047 
1820	 0.187741179465246 
1821	 0.188332127654324 
1822	 0.197823539187783 
1823	 0.205140608792505 
1824	 0.227359506620379 
1825	 0.237588854071208 
1826	 0.226862476492445 
1827	 0.221581298733204 
1828	 0.197650186037702 
1829	 0.187368448777513 
1830	 0.200809424658506 
1831	 0.170237749975101 
1832	 0.24161969912868 
1833	 0.286695845972451 
1834	 0.547370077506097 
1835	 0.838253097261673 
1836	 0.25168143313293 
1837	 0.17125937574182 
1838	 0.339062204461879 
1839	 0.28089695804438 
1840	-0.110865782144434 
1841	 0.300681828150022 
1842	 0.439659067823442 
1843	 0.262816049331932 
1844	 0.116503932812943 
1845	-1.31631958701867 
1846	 9.09287817880612 
1847	-1.0119462300808 
1848	-4.0909084177742 
1849	-0.770735919612413 
1850	 0.508582217688291 
1851	 0.833142933904021 
1852	 3.40811107137372 
1853	 3.44055424198617 
1854	 6.62186267966549 
1855	 4.15443312225868 
1856	 0.297223805674725 
1857	 6.52972017068327E-02 
1858	 0.977151237829272 
1859	 3.37202856477681 
1860	 2.52699784170449 
1861	 13.7344692111367 
1862	 4.93144011443559 
1863	-4.04116547888561E-03 
1864	-6.86832113436437E-02 
1865	-4.02256116332322E-02 
1866	 7.15722742613345E-02 
1867	 0.788237634881589 
1868	 1.24541524780702 
1869	 1.03359103514077 
1870	 0.871656566606664 
1871	 0.855005851223053 
1872	 1.11843510013893 
1873	 0.667010384594004 
1874	 0.259661603458673 
1875	 0.298536823358078 
1876	 0.516556763123121 
1877	 0.399025392542695 
1878	 0.380787536891711 
1879	 0.48727826006969 
1880	 0.337722235605567 
1881	-8.28179516730723E-02 
1882	-0.131085685194877 
1883	 7.72182340124823E-03 
1884	 3.80517745564771E-02 
1885	 0.106055517138283 
1886	 0.139125157029454 
1887	 0.180312676400228 
1888	 6.53170390050883E-02 
1889	-3.26282488136851E-02 
1890	 0.055822323343218 
1891	 6.97315043413829E-02 
1892	 7.46204815429649E-02 
1893	 9.56189374950782E-02 
1894	 9.31516308582714E-02 
1895	 8.19942262490252E-02 
1896	 8.52785355905586E-02 
1897	 0.112944186942981 
1898	-3.15329140956597E-02 
1899	-4.72202837857693E-02 
1900	 8.40764032300615E-02 
1901	 0.098173190369567 
1902	 6.96117881999234E-02 
1903	 0.212848590736994 
1904	 0.230622616071774 
1905	 3.73844766157035E-02 
1906	-8.44228740007675E-02 
1907	 3.51044997015591E-02 
1908	-7.13767947635224E-02 
1909	-4.43489475690202E-02 
1910	 0.116122115408553 
1911	-0.011950690622435 
1912	-6.41654285048246E-02 
1913	-2.32780131398224E-02 
1914	 0.043338720967338 
1915	 2.02250445397543E-02 
1916	 2.32510283688977E-02 
1917	 3.16337494710155E-02 
1918	-3.25024874222733E-02 
1919	-7.55354448167875E-02 
1920	-3.42844248307063E-02 
1921	 0.029947249735308 
1922	 5.64311650639942E-02 
1923	 6.31788782087102E-02 
1924	 5.55532743215801E-02 
1925	 0.012887762634771 
1926	 4.95097133145409E-03 
1927	 1.74673109400717E-02 
1928	 2.17408031157009E-03 
1929	 2.10005665313576E-02 
1930	 3.49666065976421E-02 
1931	 2.74505836160132E-02 
1932	 2.83661363619658E-02 
1933	 2.62209882065784E-02 
1934	 2.74715198447898E-02 
1935	 0.02794859935413 
1936	 2.97675156798476E-02 
1937	 3.88656584211675E-02 
1938	 3.87718995310092E-02 
1939	 0.022318164409014 
1940	 1.77410629910121E-02 
1941	 2.30328281775371E-02 
1942	 0.027358023621992 
1943	 3.35932879280817E-02 
1944	 3.73942045183171E-02 
1945	 3.84962288496065E-02 
1946	 3.79729135584381E-02 
1947	 3.51729888557966E-02 
1948	 3.52338805129911E-02 
1949	 0.033462172187372 
1950	 2.50503206884344E-02 
1951	 0.021473186218404 
1952	 2.27435936922258E-02 
1953	 2.52905317639834E-02 
1954	 2.68339895893942E-02 
1955	 2.40831652625491E-02 
1956	 2.18839285836983E-02 
1957	 2.03288793874503E-02 
1958	 2.03228088540824E-02 
1959	 2.16461455153316E-02 
1960	 2.67952825296686E-02 
1961	 2.88273501877928E-02 
1962	 2.68773758166055E-02 
1963	 2.73515160532639E-02 
1964	 2.72221289818993E-02 
1965	 2.59202822023957E-02 
1966	 2.68607030064048E-02 
1967	 2.61703262945197E-02 
1968	 2.52779966526041E-02 
1969	 2.54131866188776E-02 
1970	 2.59684412395623E-02 
1971	 2.63186629021485E-02 
1972	 2.76608106487193E-02 
1973	 2.84238496216938E-02 
1974	 2.81681739109657E-02 
1975	 2.81242115889121E-02 
1976	 2.76599941428206E-02 
1977	 2.72744942710039E-02 
1978	 2.75697273028647E-02 
1979	 2.79307086623796E-02 
1980	 0.028725691273906 
1981	 0.029596350852273 
1982	 0.029945597399225 
1983	 2.99748223659896E-02 
1984	 3.00807611019579E-02 
1985	 3.01206674668058E-02 
1986	 2.97889427699741E-02 
1987	 2.97735410460646E-02 
1988	 3.05476702581092E-02 
1989	 3.12130228739493E-02 
1990	 3.10784996831227E-02 
1991	 3.10280036347269E-02 
1992	 3.10937576407849E-02 
1993	 3.13168623490758E-02 
1994	 3.17176344285893E-02 
1995	 0.032053330800148 
1996	 3.27095601611882E-02 
1997	 3.30852425533083E-02 
1998	 3.33489323204758E-02 
1999	 3.38514016834847E-02 
2000	 3.42151056574254E-02 
2001	 3.48478615426787E-02 
2002	 3.60292804101571E-02 
2003	 3.64655468615892E-02 
2004	 3.72111043136235E-02 
2005	 3.79217081057139E-02 
2006	 3.84462160209851E-02 
2007	 3.76302366781249E-02 
2008	 0.038059398122692 
2009	 3.97919229970121E-02 
2010	 3.98201587492762E-02 
2011	 0.039989336409994 
2012	 4.00753457440795E-02 
2013	 3.94082683343516E-02 
2014	 4.02210759647852E-02 
2015	 4.04794123302514E-02 
2016	 4.03256542255277E-02 
2017	 4.17004385842532E-02 
2018	 4.30250816198841E-02 
2019	 4.37924123842764E-02 
2020	 4.54172472635896E-02 
2021	 4.53546081942118E-02 
2022	 4.39627190491415E-02 
2023	 4.30590947316198E-02 
2024	 4.32062242518698E-02 
2025	 4.36659889183688E-02 
2026	 4.48387156666027E-02 
2027	 4.57015035464433E-02 
2028	 4.53617109785909E-02 
2029	 4.51524773643213E-02 
2030	 4.54649620249756E-02 
2031	 4.56067322780846E-02 
2032	 0.045890507131763 
2033	 4.67745547707538E-02 
2034	 4.70142974424583E-02 
2035	 4.67436030167519E-02 
2036	 0.046879475150711 
2037	 4.76743792395886E-02 
2038	 4.78112680646323E-02 
2039	 4.77597526540299E-02 
2040	 4.82368476094315E-02 
2041	 0.048749713609008 
2042	 4.91463618476847E-02 
2043	 4.94550902240967E-02 
2044	 4.97268449484042E-02 
2045	 5.01463680300168E-02 
2046	 5.01000493830745E-02 
2047	 5.04355289552864E-02 
2048	 5.16620261859969E-02 
2049	 0.051971778948081 
2050	 5.16168976724887E-02 
2051	 5.12614130081227E-02 
2052	 5.14235499089971E-02 
2053	 5.22865729630743E-02 
2054	 5.35994251491411E-02 
2055	 5.37783231976821E-02 
2056	 5.31105481967057E-02 
2057	 0.053283179789832 
2058	 0.053062972489145 
2059	 5.33800103591142E-02 
2060	 5.39670747078352E-02 
2061	 5.49851685311896E-02 
2062	 5.53976775659372E-02 
2063	 5.60561185061332E-02 
2064	 5.64922285687999E-02 
2065	 5.64874472141255E-02 
2066	 5.67058303229476E-02 
2067	 5.76622994620793E-02 
2068	 5.82223550894129E-02 
2069	 5.78672402194338E-02 
2070	 5.84970935965522E-02 
2071	 5.92363025675129E-02 
2072	 5.88870529283838E-02 
2073	 5.91715830916167E-02 
2074	 6.01998664870063E-02 
2075	 6.08454111700485E-02 
2076	 6.10277151735929E-02 
2077	 6.16096400551002E-02 
2078	 6.26928903234785E-02 
2079	 6.32138681976381E-02 
2080	 6.35006988151323E-02 
2081	 6.37332759987025E-02 
2082	 0.06392826373165 
2083	 6.39425488579379E-02 
2084	 6.37827084075071E-02 
2085	 6.46687916427976E-02 
2086	 0.066164768236129 
2087	 6.66136179929965E-02 
2088	 6.61154950926097E-02 
2089	 6.60843611342431E-02 
2090	 6.68246385453144E-02 
2091	 0.068223786283166 
2092	 6.83647123112523E-02 
2093	 6.83908730423784E-02 
2094	 6.87333829271644E-02 
2095	 6.80451539958064E-02 
2096	 6.80899186083379E-02 
2097	 6.91820380094902E-02 
2098	 7.04024395176974E-02 
2099	 7.06454117690968E-02 
2100	 7.01726142639585E-02 
2101	 0.070483381139986 
2102	 7.14216178037351E-02 
2103	 7.21624916168395E-02 
2104	 7.26994833287498E-02 
2105	 7.32151654517882E-02 
2106	 7.34575285191911E-02 
2107	 7.38507256851407E-02 
2108	 7.43394018020262E-02 
2109	 7.49206289076036E-02 
2110	 7.57299639216865E-02 
2111	 7.59822114897572E-02 
2112	 7.56169597997616E-02 
2113	 7.60479875316452E-02 
2114	 7.63931302673989E-02 
2115	 7.73756534685723E-02 
2116	 7.83742667326245E-02 
2117	 7.88663656918503E-02 
2118	 0.078582412497036 
2119	 7.79414611418499E-02 
2120	 7.82813188081234E-02 
2121	 7.87649198767155E-02 
2122	 7.89750924215927E-02 
2123	 7.95097780637611E-02 
2124	 7.99143195250059E-02 
2125	 8.00510395019671E-02 
2126	 8.06064521830073E-02 
2127	 0.081493305408005 
2128	 8.20550206360477E-02 
2129	 8.27090835144139E-02 
2130	 8.31603341463199E-02 
2131	 8.33239729178264E-02 
2132	 0.083686765419196 
2133	 8.42757431589946E-02 
2134	 8.43285489544939E-02 
2135	 8.41917241659333E-02 
2136	 8.45632907992748E-02 
2137	 8.49991494438364E-02 
2138	 8.54821165528365E-02 
2139	 8.57629397110123E-02 
2140	 8.57881904562188E-02 
2141	 0.086068575715915 
2142	 8.63734047226219E-02 
2143	 8.69177527578739E-02 
2144	 8.84243980082576E-02 
2145	 8.89318043822658E-02 
2146	 8.89042302765486E-02 
2147	 8.91555858151236E-02 
2148	 8.90229385692499E-02 
2149	 8.91433824840061E-02 
2150	 8.94920338877835E-02 
2151	 8.96204252614033E-02 
2152	 8.95875655641757E-02 
2153	 8.99197473144112E-02 
2154	 9.00691904150394E-02 
2155	 9.01039096888754E-02 
2156	 9.01649011178414E-02 
2157	 9.12018170432431E-02 
2158	 9.20911524259059E-02 
2159	 9.19867065963923E-02 
2160	 9.23158350555865E-02 
2161	 9.22433355436845E-02 
2162	 0.092117909501941 
2163	 0.09304382833684 
2164	 9.32027205323329E-02 
2165	 9.28025482318762E-02 
2166	 9.28915860437044E-02 
2167	 9.30678600414365E-02 
2168	 9.33404166128528E-02 
2169	 0.094053472455453 
2170	 9.43355803057755E-02 
2171	 9.40630811695055E-02 
2172	 9.42227102970161E-02 
2173	 0.094318291030605 
2174	 9.51013452839439E-02 
2175	 9.62460378994743E-02 
2176	 9.67547491353478E-02 
2177	 9.56296181749966E-02 
2178	 9.52401626512921E-02 
2179	 9.63073027027054E-02 
2180	 9.61363709275563E-02 
2181	 9.58160150635806E-02 
2182	 9.61816509866442E-02 
2183	 9.62297566042015E-02 
2184	 9.62156022429565E-02 
2185	 9.62721883325713E-02 
2186	 9.77326135962424E-02 
2187	 9.79543915467335E-02 
2188	 9.63004753511848E-02 
2189	 9.64125188551837E-02 
2190	 9.79984454689969E-02 
2191	 9.83452390267827E-02 
2192	 9.80822530909095E-02 
2193	 9.86350888964325E-02 
2194	 9.98432108838799E-02 
2195	 9.97891019470521E-02 
2196	 9.94132120624488E-02 
2197	 9.94881004391554E-02 
2198	 9.90446616021908E-02 
2199	 9.83536528207648E-02 
2200	 9.84780014977864E-02 
2201	 9.96882548080786E-02 
2202	 0.100816864413838 
2203	 0.100053229236304 
2204	 9.92805914972254E-02 
2205	 9.93185323642941E-02 
2206	 9.95972151234085E-02 
2207	 9.93525543703108E-02 
2208	 9.90485305050531E-02 
2209	 0.099606944596352 
2210	 9.95264709646809E-02 
2211	 9.84468576121989E-02 
2212	 9.83561883734778E-02 
2213	 9.87071354375149E-02 
2214	 9.89332302282912E-02 
2215	 0.100154005145659 
2216	 0.100127523955829 
2217	 9.87701907610711E-02 
2218	 9.84542160402195E-02 
2219	 9.80227157942975E-02 
2220	 0.097747738742523 
2221	 9.81223429424127E-02 
2222	 9.88093337902189E-02 
2223	 0.098542250673048 
2224	 9.74467057020938E-02 
2225	 9.68852136092922E-02 
2226	 9.77955745614539E-02 
2227	 9.80634363065188E-02 
2228	 9.70743326174553E-02 
2229	 9.64616063121501E-02 
2230	 9.62808267601961E-02 
2231	 9.69445784758428E-02 
2232	 9.78988652047144E-02 
2233	 9.82345638646018E-02 
2234	 9.79165191424045E-02 
2235	 0.096539482417427 
2236	 0.09539204942475 
2237	 9.49521556486405E-02 
2238	 9.45606773475001E-02 
2239	 9.50066577707299E-02 
2240	 9.74958271117309E-02 
2241	 0.09733536890624 
2242	 9.58848860545528E-02 
2243	 9.55225868152876E-02 
2244	 0.093874600703822 
2245	 9.30100377710388E-02 
2246	 0.09389155314077 
2247	 9.39540131564026E-02 
2248	 9.33624338283166E-02 
2249	 0.093094717260401 
2250	 9.34029103657391E-02 
2251	 9.25806409979165E-02 
2252	 9.28541055921175E-02 
2253	 9.21929463100018E-02 
2254	 9.15683160235619E-02 
2255	 9.26933093363994E-02 
2256	 9.21830511115093E-02 
2257	 9.15324708922197E-02 
2258	 9.22331556389195E-02 
2259	 9.20106519511231E-02 
2260	 9.08468379377301E-02 
2261	 8.95911101224738E-02 
2262	 8.90396101788451E-02 
2263	 8.83002160964153E-02 
2264	 8.80060415805828E-02 
2265	 0.08885749929855 
2266	 8.88482582177453E-02 
2267	 8.87819786397679E-02 
2268	 8.90048686851491E-02 
2269	 8.88680286038836E-02 
2270	 8.76881319168731E-02 
2271	 8.52594327995962E-02 
2272	 8.40648817858243E-02 
2273	 8.29207919297221E-02 
2274	 8.25871944373529E-02 
2275	 8.34174329445249E-02 
2276	 8.34084310600269E-02 
2277	 8.41445542011531E-02 
2278	 8.35612224929963E-02 
2279	 8.13925149474561E-02 
2280	 8.03581615242089E-02 
2281	 0.078690376281096 
2282	 7.79175095429952E-02 
2283	 7.84372516345092E-02 
2284	 7.83361096623459E-02 
2285	 7.89240615067207E-02 
2286	 0.078779805884806 
2287	 7.72728355005789E-02 
2288	 7.69269608480339E-02 
2289	 7.90817522799965E-02 
2290	 7.96742693139663E-02 
2291	 7.98307566745424E-02 
2292	 8.13184020807356E-02 
2293	 8.09625608771065E-02 
2294	 7.94570766305398E-02 
2295	 7.78786613101188E-02 
2296	 7.68928150753258E-02 
2297	 7.64694366143688E-02 
2298	 7.51658709175833E-02 
2299	 7.62235239173218E-02 
2300	 7.75544035554682E-02 
2301	 7.62368204304572E-02 
2302	 7.53332770560905E-02 
2303	 7.38055260682793E-02 
2304	 7.25453753940665E-02 
2305	 7.32049411636432E-02 
2306	 7.27195918369132E-02 
2307	 7.15912081293766E-02 
2308	 0.071421121722627 
2309	 7.13377626563647E-02 
2310	 7.08436529556899E-02 
2311	 6.95273343435259E-02 
2312	 6.91394271142135E-02 
2313	 7.05536786476376E-02 
2314	 7.21490477828154E-02 
2315	 7.29612260785306E-02 
2316	 0.072829440958943 
2317	 7.16880230075989E-02 
2318	 6.92708096266914E-02 
2319	 6.79853261848991E-02 
2320	 6.88682478318152E-02 
2321	 6.81905511622529E-02 
2322	 6.56948997892691E-02 
2323	 6.54391121094825E-02 
2324	 6.66131649984922E-02 
2325	 6.69857988879375E-02 
2326	 6.85697501599584E-02 
2327	 6.73101534972351E-02 
2328	 6.25318253589767E-02 
2329	 6.22584531525955E-02 
2330	 6.43729032540602E-02 
2331	 6.50731019428625E-02 
2332	 6.76146855594881E-02 
2333	 6.69527667452238E-02 
2334	 6.22453722135069E-02 
2335	 6.13261009823789E-02 
2336	 0.061881831217037 
2337	 6.21327457457193E-02 
2338	 6.45241700340461E-02 
2339	 6.39855568093415E-02 
2340	 5.95344388821909E-02 
2341	 6.13002980649807E-02 
2342	 6.40504891597819E-02 
2343	 6.11616013087434E-02 
2344	 6.03027492672178E-02 
2345	 6.01172224075674E-02 
2346	 5.82749855329671E-02 
2347	 5.59991451715238E-02 
2348	 5.34018582425126E-02 
2349	 5.45923832355133E-02 
2350	 5.67131269124111E-02 
2351	 5.67998901968904E-02 
2352	 5.92316152455229E-02 
2353	 6.08256548414152E-02 
2354	 6.09387075863559E-02 
2355	 5.93741516965747E-02 
2356	 5.81700816097334E-02 
2357	 6.01904320539531E-02 
2358	 5.82111722625899E-02 
2359	 5.86243799379928E-02 
2360	 6.12991988720972E-02 
2361	 5.74170843277293E-02 
2362	 5.43583466909891E-02 
2363	 5.55757026693581E-02 
2364	 5.68402424072478E-02 
2365	 5.74464002031173E-02 
2366	 5.69985363418187E-02 
2367	 5.18377140022714E-02 
2368	 4.80514585456997E-02 
2369	 5.11836296673188E-02 
2370	 5.26907903407509E-02 
2371	 5.40771157623433E-02 
2372	 0.058944681616313 
2373	 5.67661426024052E-02 
2374	 5.19531405018854E-02 
2375	 5.42217916556435E-02 
2376	 5.19618233460937E-02 
2377	 4.68179902039682E-02 
2378	 4.95378173877379E-02 
2379	 4.89919237837066E-02 
2380	 4.69886797705925E-02 
2381	 5.26172777821186E-02 
2382	 5.18317921518572E-02 
2383	 4.79151541693897E-02 
2384	 5.21018042620081E-02 
2385	 4.84003118334115E-02 
2386	 4.15925898325675E-02 
2387	 4.51859926709451E-02 
2388	 4.43598862396508E-02 
2389	 4.02033759192882E-02 
2390	 4.52920514833606E-02 
2391	 5.02457416755108E-02 
2392	 4.53912791759477E-02 
2393	 4.02808670372874E-02 
2394	 3.78911683999835E-02 
2395	 3.50794688870701E-02 
2396	 3.67484457505462E-02 
2397	 4.25561901914222E-02 
2398	 4.50893202973146E-02 
2399	 4.16299621458027E-02 
2400	 3.71642087938276E-02 
2401	 3.68882013293898E-02 
2402	 4.02720920535002E-02 
2403	 4.05694129525587E-02 
2404	 0.042023265262874 
2405	 4.35896440001548E-02 
2406	 3.19028997678885E-02 
2407	 2.27119934164662E-02 
2408	 2.63023119303328E-02 
2409	 2.93401623237149E-02 
2410	 3.91545699291784E-02 
2411	 4.07383429265339E-02 
2412	 2.28139622535964E-02 
2413	 1.89460049465265E-02 
2414	 2.43666939599884E-02 
2415	 3.45779942506913E-02 
2416	 6.23696020389941E-02 
2417	 6.58444726014007E-02 
2418	 4.54214417246241E-02 
2419	 4.39842592892532E-02 
2420	 4.11613940894573E-02 
2421	 3.77015608548352E-02 
2422	 4.94621054032359E-02 
2423	 4.28758805830929E-02 
2424	 2.29248332636122E-02 
2425	 3.37625634320314E-02 
2426	 5.41466992676043E-02 
2427	 0.052245932839826 
2428	 5.48028198004059E-02 
2429	 4.84034248089154E-02 
2430	 2.84964725396107E-02 
2431	 3.35158853122069E-02 
2432	 5.13442800628796E-02 
2433	 5.61522996104017E-02 
2434	 4.86869866514297E-02 
2435	 3.62056948108569E-02 
2436	 3.48889483684345E-02 
2437	 3.86746114133358E-02 
2438	 3.76701907515035E-02 
2439	 3.57980292114152E-02 
2440	 2.60211920926885E-02 
2441	 1.35048710519442E-02 
2442	 1.06398635574105E-02 
2443	 1.25643667021318E-02 
2444	 1.24806312598426E-02 
2445	 0.019033351228075 
2446	 2.42515279699548E-02 
2447	 2.87636792888144E-02 
2448	 2.88415819154055E-02 
2449	 1.21107709434536E-02 
2450	-2.23902402636186E-04 
2451	 1.59446878638332E-03 
2452	 2.29447392556348E-02 
2453	 3.56828727725382E-02 
2454	 4.53124604552684E-02 
2455	 6.15455633798871E-02 
2456	 5.92042939156455E-02 
2457	 5.27510042206459E-02 
2458	 5.15841782696057E-02 
2459	 4.56547260452106E-02 
2460	 3.00633602405885E-02 
2461	 2.86745444042446E-02 
2462	 2.21741853370769E-02 
2463	 8.21589160007598E-03 
2464	 2.12721244863937E-02 
2465	 1.38474150579253E-02 
2466	-7.98758167679674E-03 
2467	 5.09139625420328E-04 
2468	-1.42895831462441E-02 
2469	-2.05276172470146E-02 
2470	-2.04615408161626E-02 
2471	-3.04676023235321E-02 
2472	-4.28798415282953E-02 
2473	-2.78871122624718E-02 
2474	 4.22590815111835E-03 
2475	 0.031105188169403 
2476	 6.97499466414842E-02 
2477	 7.48851885664973E-02 
2478	 7.11051012910956E-02 
2479	 2.92003326877347E-02 
2480	 7.05676636095191E-03 
2481	 4.63342678290801E-02 
2482	 7.82382697517791E-03 
2483	-3.05169328423403E-03 
2484	 6.59885239425344E-02 
2485	 8.94456367436216E-02 
2486	 0.146968052447047 
2487	 0.149703346845062 
2488	 2.45450689248745E-02 
2489	-7.29646871642722E-02 
2490	 3.23167552146089E-02 
2491	 0.174435655602576 
2492	 0.36251700103264 
2493	 0.324150935577003 
2494	-0.118335194260372 
2495	-0.445380240901676 
2496	-0.224709620300016 
2497	-0.120969236371287 
2498	-4.37012650519992E-02 
2499	 0.234884314834082 
2500	 6.76981414834971E-02 
