Wavelength	09/27/123 at 12:15:04
350	 1.02104631061599E-02 
351	 9.85214161393821E-03 
352	 9.88441587106156E-03 
353	 9.98377241255116E-03 
354	 9.57069832776048E-03 
355	 9.89810165239495E-03 
356	 1.01307519244552E-02 
357	 9.88792479187538E-03 
358	 1.01471674297921E-02 
359	 1.05577017340681E-02 
360	 1.06652690872524E-02 
361	 1.01210937517281E-02 
362	 1.02814790484028E-02 
363	 1.05212562876527E-02 
364	 1.03975888373999E-02 
365	 1.02803473815924E-02 
366	 1.01519709149953E-02 
367	 1.01172685085623E-02 
368	 0.010306139966173 
369	 1.06294357192174E-02 
370	 1.08304695695171E-02 
371	 1.08225642044604E-02 
372	 1.09296791921847E-02 
373	 1.09580077217349E-02 
374	 1.09109653113595E-02 
375	 1.08827013578018E-02 
376	 1.08523801825423E-02 
377	 1.09530196401722E-02 
378	 0.011213396150834 
379	 1.14158521932599E-02 
380	 1.15041616010893E-02 
381	 1.15880623434641E-02 
382	 1.18450406348043E-02 
383	 1.20916406200016E-02 
384	 1.22688997709785E-02 
385	 1.23375909231184E-02 
386	 1.22220213363449E-02 
387	 1.23527326380155E-02 
388	 1.26777061730747E-02 
389	 1.29147104925502E-02 
390	 1.28935260206114E-02 
391	 1.30989966115393E-02 
392	 1.36493728603115E-02 
393	 1.38655348908537E-02 
394	 1.42105454373787E-02 
395	 0.014563008267588 
396	 1.46610415601897E-02 
397	 1.49209815703177E-02 
398	 0.015198987946864 
399	 1.54418359114401E-02 
400	 1.58640008320374E-02 
401	 0.01616398565222 
402	 1.63212188727494E-02 
403	 1.64392478273237E-02 
404	 0.016702861325661 
405	 1.70870359738293E-02 
406	 1.75377864121901E-02 
407	 0.018011007707522 
408	 1.83690002552896E-02 
409	 0.018671272619811 
410	 0.019046198183627 
411	 1.94758019123866E-02 
412	 1.98569762324062E-02 
413	 2.01837137199982E-02 
414	 2.06309348598506E-02 
415	 2.10212022314774E-02 
416	 2.13445974331422E-02 
417	 2.16505147903428E-02 
418	 2.19532023284548E-02 
419	 2.22477580259281E-02 
420	 0.022544118585065 
421	 2.28895219348628E-02 
422	 2.31667664619435E-02 
423	 2.34099916409145E-02 
424	 2.37004641200335E-02 
425	 2.40366817370133E-02 
426	 2.43094683254468E-02 
427	 0.024496526936492 
428	 2.47210792348052E-02 
429	 2.49348353505757E-02 
430	 2.51063591619865E-02 
431	 2.52251391922925E-02 
432	 2.53683193740345E-02 
433	 0.025566167335002 
434	 2.57755817092784E-02 
435	 2.58550359663806E-02 
436	 2.60624672216682E-02 
437	 2.63084193762607E-02 
438	 2.64411687960703E-02 
439	 2.65936260616435E-02 
440	 2.67821627083673E-02 
441	 2.69765460352383E-02 
442	 0.027092968765651 
443	 2.72438671044895E-02 
444	 2.74399423449329E-02 
445	 2.76598324011857E-02 
446	 0.027882338482835 
447	 2.81312349676035E-02 
448	 2.83864108413855E-02 
449	 0.028573442905271 
450	 2.87808190203643E-02 
451	 2.89752500474084E-02 
452	 0.029114816160825 
453	 2.92952680251468E-02 
454	 2.94762791425805E-02 
455	 2.96315277515616E-02 
456	 2.97590484317833E-02 
457	 2.99093733516896E-02 
458	 3.00634465407858E-02 
459	 3.01918781771338E-02 
460	 3.03147556066797E-02 
461	 3.03844230884897E-02 
462	 3.04130657424777E-02 
463	 3.04744669338432E-02 
464	 3.05777682907953E-02 
465	 3.06992106845761E-02 
466	 3.08090411879919E-02 
467	 3.09109479737065E-02 
468	 3.09475711144383E-02 
469	 3.09777616743054E-02 
470	 3.11587415734149E-02 
471	 3.12673196792946E-02 
472	 0.031349000799242 
473	 3.14634529032569E-02 
474	 3.15114482982797E-02 
475	 3.15529408233985E-02 
476	 3.16293984420999E-02 
477	 3.17620438652516E-02 
478	 3.18824627783911E-02 
479	 0.031997122295117 
480	 3.21249627581385E-02 
481	 3.22781968430393E-02 
482	 3.23910380421075E-02 
483	 3.24938799997272E-02 
484	 3.26778075788943E-02 
485	 3.28293218480245E-02 
486	 3.30067527793852E-02 
487	 3.32382166228447E-02 
488	 3.33930770259897E-02 
489	 3.35904932430836E-02 
490	 3.38392286807164E-02 
491	 3.40881177685266E-02 
492	 3.43058886481497E-02 
493	 3.45735032472373E-02 
494	 3.49300816086981E-02 
495	 3.52892884547216E-02 
496	 3.57043951562008E-02 
497	 3.61642291524615E-02 
498	 3.66369124646854E-02 
499	 3.71820392906917E-02 
500	 3.77857761103904E-02 
501	 3.84351130907918E-02 
502	 3.91388526382264E-02 
503	 3.98355557591387E-02 
504	 4.05723394565971E-02 
505	 4.14321932428922E-02 
506	 4.24074506705604E-02 
507	 4.34448348196845E-02 
508	 4.45152847796802E-02 
509	 4.56208285087649E-02 
510	 4.68601149625002E-02 
511	 4.82215450252048E-02 
512	 4.96592640755966E-02 
513	 5.11529663698159E-02 
514	 5.27077132112234E-02 
515	 5.43745777884691E-02 
516	 5.62517746731651E-02 
517	 5.81880439891006E-02 
518	 6.01798361948932E-02 
519	 0.062204841518654 
520	 6.40923148936051E-02 
521	 6.60396505852698E-02 
522	 6.80779784893705E-02 
523	 7.00592403310517E-02 
524	 7.20515326885686E-02 
525	 7.39944978032928E-02 
526	 7.58501960472018E-02 
527	 7.77485579536836E-02 
528	 7.95317168056389E-02 
529	 0.081133851069971 
530	 8.26053320474516E-02 
531	 8.40157690176414E-02 
532	 8.53608706179773E-02 
533	 8.66048700321616E-02 
534	 8.77131086122452E-02 
535	 0.088768124946969 
536	 0.089730814165691 
537	 9.05081503718546E-02 
538	 9.12595448660909E-02 
539	 9.19952735998568E-02 
540	 9.26917614638332E-02 
541	 9.32956586410666E-02 
542	 9.39077836695597E-02 
543	 9.45046583084229E-02 
544	 9.50213690523835E-02 
545	 9.54762215790873E-02 
546	 9.59282634905171E-02 
547	 9.63805779702315E-02 
548	 9.67353174681908E-02 
549	 9.70581737515741E-02 
550	 9.73622169722932E-02 
551	 9.76286638589566E-02 
552	 9.77663043316573E-02 
553	 9.77988072405383E-02 
554	 9.77290304533176E-02 
555	 9.75247218167648E-02 
556	 9.72298382264176E-02 
557	 9.68229284033106E-02 
558	 9.62922771916528E-02 
559	 0.095727479396847 
560	 0.09504986574555 
561	 0.094293358457167 
562	 9.35806784069897E-02 
563	 9.27171502318663E-02 
564	 9.17505431671536E-02 
565	 9.07433878748708E-02 
566	 8.96273084566196E-02 
567	 8.85211142355543E-02 
568	 8.74114951924636E-02 
569	 8.62018014021269E-02 
570	 8.50207094718334E-02 
571	 8.38627825464785E-02 
572	 8.27256648899996E-02 
573	 0.081647011803882 
574	 8.06230674612814E-02 
575	 7.96430339181405E-02 
576	 7.87170275288424E-02 
577	 7.79210795017881E-02 
578	 7.71709670540724E-02 
579	 7.64370386187678E-02 
580	 0.075794845492525 
581	 7.51588203605531E-02 
582	 7.45515474769297E-02 
583	 7.40173746364911E-02 
584	 7.35191075306254E-02 
585	 7.29914677044917E-02 
586	 7.24893273902113E-02 
587	 0.072188249019038 
588	 7.18375182313217E-02 
589	 7.14342129372189E-02 
590	 7.10550225263313E-02 
591	 0.070728660591843 
592	 7.04400704147663E-02 
593	 7.01845067729924E-02 
594	 6.99766015827155E-02 
595	 6.97727044985255E-02 
596	 6.95783183925077E-02 
597	 6.93936028272909E-02 
598	 6.91818747946702E-02 
599	 6.90123170790782E-02 
600	 6.88277060043701E-02 
601	 6.85353441955635E-02 
602	 6.82374477923531E-02 
603	 6.79149942617811E-02 
604	 6.75581944661313E-02 
605	 6.71902117796561E-02 
606	 6.67098933702835E-02 
607	 6.61717765449515E-02 
608	 6.56558978915622E-02 
609	 0.065136415255674 
610	 6.45687028980712E-02 
611	 6.39627549850582E-02 
612	 6.33714953185144E-02 
613	 6.27429315037432E-02 
614	 6.21210759803332E-02 
615	 6.15582966339128E-02 
616	 6.10862028932592E-02 
617	 0.060608887189258 
618	 6.01638515208026E-02 
619	 5.98306844828873E-02 
620	 5.94444241502447E-02 
621	 5.91044107437657E-02 
622	 5.88764382611155E-02 
623	 5.87098718785382E-02 
624	 0.058567569416124 
625	 5.84498674065499E-02 
626	 5.83639892350083E-02 
627	 5.82429793025999E-02 
628	 5.81720042632939E-02 
629	 5.81703064914131E-02 
630	 5.81659646589078E-02 
631	 5.81380401148296E-02 
632	 5.80551339370511E-02 
633	 5.79134309655902E-02 
634	 5.78025913386658E-02 
635	 5.76190544861246E-02 
636	 5.73157570015252E-02 
637	 5.69012188326696E-02 
638	 5.64833543520012E-02 
639	 5.60252339496796E-02 
640	 5.55037928718107E-02 
641	 5.49804594782895E-02 
642	 5.44144272533378E-02 
643	 5.38005873102563E-02 
644	 5.31565009006078E-02 
645	 5.25731087120202E-02 
646	 5.19929318308542E-02 
647	 5.14222654110078E-02 
648	 0.050944595570765 
649	 5.05102280766484E-02 
650	 5.00926472395265E-02 
651	 4.96820834745275E-02 
652	 4.93161170287013E-02 
653	 4.89371428171614E-02 
654	 4.85656163953507E-02 
655	 4.82410214609676E-02 
656	 4.78017586001467E-02 
657	 4.72457885317933E-02 
658	 4.66420995686792E-02 
659	 4.60341906015369E-02 
660	 4.54346060465866E-02 
661	 4.48704285486461E-02 
662	 4.43396697532201E-02 
663	 4.37571216467909E-02 
664	 4.32528757148217E-02 
665	 4.28266668142442E-02 
666	 4.23286310854098E-02 
667	 4.19382826271331E-02 
668	 4.16272130023879E-02 
669	 4.13628165695467E-02 
670	 4.12403397002283E-02 
671	 4.11553847115877E-02 
672	 4.10749904536488E-02 
673	 4.10145446940887E-02 
674	 0.041059733059621 
675	 0.041121000027214 
676	 4.11765934544282E-02 
677	 4.13293470891527E-02 
678	 4.15231527854734E-02 
679	 4.17994973095289E-02 
680	 4.21982168562982E-02 
681	 4.26494304144915E-02 
682	 4.31684105182083E-02 
683	 4.38470212577138E-02 
684	 4.48108633468709E-02 
685	 4.59389731772646E-02 
686	 4.74529378106659E-02 
687	 4.94498395877141E-02 
688	 5.12749734094423E-02 
689	 0.053229413390858 
690	 5.55201763317311E-02 
691	 5.82036570145237E-02 
692	 6.12079599421121E-02 
693	 6.46883953222813E-02 
694	 6.86262922142519E-02 
695	 7.27595836573034E-02 
696	 7.72217094646433E-02 
697	 8.19638663513598E-02 
698	 0.087033360748634 
699	 9.23597207184508E-02 
700	 9.78971252695671E-02 
701	 0.103583567207276 
702	 0.10934634583545 
703	 0.115043502737207 
704	 0.120779645118721 
705	 0.126650912218949 
706	 0.132557127355432 
707	 0.138587971108493 
708	 0.144731408096421 
709	 0.150971819408805 
710	 0.157293784650799 
711	 0.163757458199726 
712	 0.17042218148794 
713	 0.177273801004271 
714	 0.184246379022185 
715	 0.191223337558122 
716	 0.198437603230219 
717	 0.20612450832595 
718	 0.214346462853441 
719	 0.222816992278521 
720	 0.23098084239632 
721	 0.238801624312933 
722	 0.246270057983364 
723	 0.254201296206979 
724	 0.262632197457611 
725	 0.270928074144843 
726	 0.278992431626629 
727	 0.287052192692862 
728	 0.295062784176786 
729	 0.3028774852987 
730	 0.310498369629402 
731	 0.317914358797019 
732	 0.3250488244774 
733	 0.331807401754755 
734	 0.338319872142398 
735	 0.344715807225415 
736	 0.350886360857664 
737	 0.356767818662698 
738	 0.362358425753755 
739	 0.367671714345135 
740	 0.372692298613072 
741	 0.377396012517164 
742	 0.381791924915342 
743	 0.385997135249926 
744	 0.389917317829187 
745	 0.393532986084133 
746	 0.396842087794498 
747	 0.399947096061297 
748	 0.402853426740265 
749	 0.405552447373012 
750	 0.408031210682106 
751	 0.410383634233606 
752	 0.412607860351276 
753	 0.414663486969754 
754	 0.41646154045489 
755	 0.418210222819395 
756	 0.419899731617629 
757	 0.421506406483688 
758	 0.423432527288507 
759	 0.42591219466605 
760	 0.429012123866963 
761	 0.431274513608463 
762	 0.431921267229157 
763	 0.431979816462898 
764	 0.432186399337811 
765	 0.432169980543259 
766	 0.432256539794717 
767	 0.432487086404944 
768	 0.432846709165803 
769	 0.433352446648355 
770	 0.433896885281187 
771	 0.434446209535711 
772	 0.43503843815052 
773	 0.435620950187555 
774	 0.436168772483439 
775	 0.436695252986093 
776	 0.437274986165468 
777	 0.437865513010171 
778	 0.438413151964021 
779	 0.438892930322303 
780	 0.439433239268722 
781	 0.439946931405903 
782	 0.440427347825614 
783	 0.440915478328736 
784	 0.441393991765415 
785	 0.441889223494104 
786	 0.442375815097366 
787	 0.442767773059267 
788	 0.443240406096944 
789	 0.443747091546961 
790	 0.444232004583727 
791	 0.444772701675224 
792	 0.445259858695006 
793	 0.445706540030671 
794	 0.446168929957137 
795	 0.446610201150754 
796	 0.447044067913602 
797	 0.447488977905669 
798	 0.447962649952609 
799	 0.448399359657255 
800	 0.448828748259912 
801	 0.449274677910976 
802	 0.449730783312445 
803	 0.45023821585379 
804	 0.450771895729032 
805	 0.451276783300717 
806	 0.451667169559468 
807	 0.45204589519747 
808	 0.452441607526807 
809	 0.452815282835078 
810	 0.453057047137065 
811	 0.4532918248543 
812	 0.453519150221736 
813	 0.45361251845661 
814	 0.453830537937787 
815	 0.454114963067003 
816	 0.454455473507754 
817	 0.455076039337724 
818	 0.455607793352261 
819	 0.456040209552725 
820	 0.456468194041757 
821	 0.456895929397746 
822	 0.457332913868124 
823	 0.457769401961778 
824	 0.458186198843046 
825	 0.458597123808202 
826	 0.459002972660009 
827	 0.459350818998325 
828	 0.459552112965 
829	 0.459908406964172 
830	 0.460313724996474 
831	 0.460686521445787 
832	 0.461109050357462 
833	 0.461591017237697 
834	 0.462020357008456 
835	 0.462361809759741 
836	 0.462838435419776 
837	 0.463340583285637 
838	 0.463800333626424 
839	 0.464190143662845 
840	 0.464614618698591 
841	 0.465037366932258 
842	 0.465456252288706 
843	 0.465883685108517 
844	 0.466236574466492 
845	 0.466631669273787 
846	 0.467080712937427 
847	 0.467433110642762 
848	 0.46776157454576 
849	 0.468130969528489 
850	 0.468540403191291 
851	 0.468817530715419 
852	 0.469167038934902 
853	 0.469582499334018 
854	 0.470002823699879 
855	 0.47043316703166 
856	 0.470833115799949 
857	 0.47117425279332 
858	 0.471456977603891 
859	 0.4718060544549 
860	 0.47224032665512 
861	 0.472683791511094 
862	 0.473005461650476 
863	 0.473297882790742 
864	 0.473570822974572 
865	 0.473819791936462 
866	 0.474074300975306 
867	 0.474478284944578 
868	 0.474900453848372 
869	 0.475247179770593 
870	 0.475671701274139 
871	 0.475901124759813 
872	 0.476108326564213 
873	 0.47650701371543 
874	 0.476829361097076 
875	 0.477098062036387 
876	 0.477370599195305 
877	 0.47769983613736 
878	 0.47810908286033 
879	 0.478398724861206 
880	 0.478590582177717 
881	 0.478909085791066 
882	 0.479280017345844 
883	 0.479570950854199 
884	 0.479740498343074 
885	 0.479882835329432 
886	 0.480248735944385 
887	 0.480593388144958 
888	 0.48076650970519 
889	 0.480901870498033 
890	 0.480936341952678 
891	 0.481011999681361 
892	 0.481177211149019 
893	 0.481133786047518 
894	 0.481031435143675 
895	 0.480920362857653 
896	 0.480836801647744 
897	 0.480850372631733 
898	 0.48093391020872 
899	 0.481159729399865 
900	 0.481575839365014 
901	 0.481949708727263 
902	 0.482154086536082 
903	 0.482203836632925 
904	 0.482223293347482 
905	 0.482596698829076 
906	 0.482925795949551 
907	 0.482999251703193 
908	 0.482878155924346 
909	 0.482809299212992 
910	 0.482726671480865 
911	 0.482718082318355 
912	 0.483095715344824 
913	 0.483061633529816 
914	 0.483185719139542 
915	 0.48372312900359 
916	 0.483854284604123 
917	 0.484076898503904 
918	 0.484229833974957 
919	 0.484168270668756 
920	 0.484163559143438 
921	 0.484377857168956 
922	 0.484466456503788 
923	 0.484097484972028 
924	 0.483520788756621 
925	 0.483190050888101 
926	 0.482702532844395 
927	 0.481435466983294 
928	 0.479943530498567 
929	 0.478681238978646 
930	 0.477397396311097 
931	 0.475400843110577 
932	 0.473354485773159 
933	 0.470930916663828 
934	 0.468969170716685 
935	 0.468804548173216 
936	 0.468494254837491 
937	 0.468387630675036 
938	 0.468440293596208 
939	 0.468254491425109 
940	 0.468562840616794 
941	 0.468224747939276 
942	 0.467197473496162 
943	 0.466552868484279 
944	 0.465402908794398 
945	 0.463930125360657 
946	 0.462590152679005 
947	 0.461846559795066 
948	 0.460936157336176 
949	 0.460074923951454 
950	 0.459210779951659 
951	 0.45780223144334 
952	 0.456558805086643 
953	 0.455596154512643 
954	 0.454944390746063 
955	 0.454636019045653 
956	 0.45396242627913 
957	 0.453033391034954 
958	 0.452353030290474 
959	 0.452670872832627 
960	 0.452450668119763 
961	 0.452174551139295 
962	 0.452346230695655 
963	 0.452466005143766 
964	 0.453014942203051 
965	 0.453626608207564 
966	 0.453715196702369 
967	 0.45261118973384 
968	 0.452534436450855 
969	 0.453420673718396 
970	 0.454361509555057 
971	 0.454268335849136 
972	 0.45385214593556 
973	 0.453849921477287 
974	 0.454427270827673 
975	 0.454014901887728 
976	 0.454531491456635 
977	 0.455450539396123 
978	 0.455779685168592 
979	 0.456070532203616 
980	 0.456519300617533 
981	 0.456879516843481 
982	 0.457101494796339 
983	 0.45842963177268 
984	 0.459354679724545 
985	 0.459748857879561 
986	 0.459995259842556 
987	 0.46010554984473 
988	 0.460395224598917 
989	 0.461289520301215 
990	 0.462710014703957 
991	 0.462838646168434 
992	 0.462919467342419 
993	 0.463426309154231 
994	 0.464260960849795 
995	 0.464568491863057 
996	 0.465488019944673 
997	 0.466431202357227 
998	 0.466445564153734 
999	 0.466054527765724 
1000	 0.466632516959749 
1001	 0.475297382486942 
1002	 0.475793361521081 
1003	 0.476346113552325 
1004	 0.476966981805814 
1005	 0.477533023305302 
1006	 0.478221497294239 
1007	 0.479068361473119 
1008	 0.47985575582487 
1009	 0.480498833186684 
1010	 0.481307841562461 
1011	 0.481989012698925 
1012	 0.482689590269586 
1013	 0.483732598802652 
1014	 0.484694003670988 
1015	 0.485585113546285 
1016	 0.486454440133031 
1017	 0.487232819222374 
1018	 0.487838391274821 
1019	 0.488435829582505 
1020	 0.48911763893505 
1021	 0.489917206146223 
1022	 0.490775705713448 
1023	 0.491677099238179 
1024	 0.492528175453473 
1025	 0.493156535014027 
1026	 0.493755042728566 
1027	 0.494408248847401 
1028	 0.495100100200744 
1029	 0.495984053728499 
1030	 0.496834026526925 
1031	 0.497595570065362 
1032	 0.498264305324012 
1033	 0.499045751157957 
1034	 0.499821368028579 
1035	 0.500407783251959 
1036	 0.5009710427477 
1037	 0.501442808103062 
1038	 0.501968182552699 
1039	 0.502701111114864 
1040	 0.503499929669688 
1041	 0.50438195725286 
1042	 0.50504879990412 
1043	 0.50559113563116 
1044	 0.50614760039083 
1045	 0.506646531726936 
1046	 0.507091731589559 
1047	 0.507719906363381 
1048	 0.508354061834631 
1049	 0.508866230089385 
1050	 0.509455219164878 
1051	 0.509979189559202 
1052	 0.510485256204992 
1053	 0.511073218657652 
1054	 0.511558367119615 
1055	 0.511916508490339 
1056	 0.512156858913922 
1057	 0.512383715643635 
1058	 0.512393752384894 
1059	 0.512699657347781 
1060	 0.513101326664358 
1061	 0.513559529123839 
1062	 0.514194898882403 
1063	 0.514723701092999 
1064	 0.515267377623693 
1065	 0.515685329414684 
1066	 0.515772115679205 
1067	 0.515974173346744 
1068	 0.516069874649497 
1069	 0.516163754167817 
1070	 0.516387936699095 
1071	 0.516875482330269 
1072	 0.517164471250397 
1073	 0.517423423600944 
1074	 0.517599616468712 
1075	 0.517732683008308 
1076	 0.517840621598149 
1077	 0.51777561828707 
1078	 0.517694071965699 
1079	 0.517610771494766 
1080	 0.51749587282506 
1081	 0.517632509673703 
1082	 0.517842716976244 
1083	 0.517932231470477 
1084	 0.518059171064139 
1085	 0.518093469771834 
1086	 0.518008868096517 
1087	 0.517909924023733 
1088	 0.517745668568928 
1089	 0.517628491611588 
1090	 0.517458970086351 
1091	 0.517267307270569 
1092	 0.517182126158352 
1093	 0.517079714720752 
1094	 0.516827187172829 
1095	 0.516524439057305 
1096	 0.516217021547901 
1097	 0.515820442678611 
1098	 0.515497341325245 
1099	 0.515148935257873 
1100	 0.514912774885593 
1101	 0.514792155849848 
1102	 0.514555333839166 
1103	 0.514471860211637 
1104	 0.514171165140961 
1105	 0.513680620349202 
1106	 0.513165011370359 
1107	 0.512542087119499 
1108	 0.51174553621213 
1109	 0.511015848698571 
1110	 0.510327395503203 
1111	 0.509807243992304 
1112	 0.509498028701954 
1113	 0.508962339205321 
1114	 0.508604836866973 
1115	 0.507888699711746 
1116	 0.506738991157146 
1117	 0.505702040288877 
1118	 0.504328881152736 
1119	 0.503166335412005 
1120	 0.502448324625462 
1121	 0.501191585899951 
1122	 0.499718519026772 
1123	 0.498190441910153 
1124	 0.496443670866538 
1125	 0.494149313207345 
1126	 0.492293830692955 
1127	 0.491058304514642 
1128	 0.488987971457983 
1129	 0.486916390254803 
1130	 0.484555694810205 
1131	 0.481676822310104 
1132	 0.479335453281165 
1133	 0.477236851659197 
1134	 0.475230484667487 
1135	 0.473947247471178 
1136	 0.471882322319128 
1137	 0.469498521135588 
1138	 0.46711098282833 
1139	 0.464507142374474 
1140	 0.461382268823765 
1141	 0.458831188159956 
1142	 0.456593549197174 
1143	 0.453943095497875 
1144	 0.45135032365864 
1145	 0.448566341392688 
1146	 0.445459982212945 
1147	 0.442651899579658 
1148	 0.439786067936782 
1149	 0.437252446013101 
1150	 0.43503172605685 
1151	 0.43278921140009 
1152	 0.430737146618962 
1153	 0.428796993043263 
1154	 0.426872536747807 
1155	 0.425147933744445 
1156	 0.423576794628667 
1157	 0.422301235975718 
1158	 0.42131224344629 
1159	 0.420529446453187 
1160	 0.419935838568527 
1161	 0.419589294286501 
1162	 0.419276648562776 
1163	 0.419101796555425 
1164	 0.418942162460941 
1165	 0.418905043516073 
1166	 0.418760597495218 
1167	 0.418557317842508 
1168	 0.418362275211305 
1169	 0.418110540546684 
1170	 0.417931500571415 
1171	 0.417709531610682 
1172	 0.417706715558066 
1173	 0.417669771833215 
1174	 0.417456901632096 
1175	 0.41732022530928 
1176	 0.417145354026404 
1177	 0.417041022058978 
1178	 0.416988274725422 
1179	 0.416909643827194 
1180	 0.416872983205522 
1181	 0.416779656751286 
1182	 0.41662297315672 
1183	 0.416483011961626 
1184	 0.416346578593474 
1185	 0.416168028785865 
1186	 0.415917493444212 
1187	 0.415776770351803 
1188	 0.41566989289694 
1189	 0.415565580414173 
1190	 0.415709638165761 
1191	 0.415761989389943 
1192	 0.415700781635028 
1193	 0.415850294063423 
1194	 0.415914371459117 
1195	 0.415869870815334 
1196	 0.415902419397388 
1197	 0.41602560617413 
1198	 0.416089355710533 
1199	 0.416148484280324 
1200	 0.416230177370116 
1201	 0.416197491421143 
1202	 0.41636073508608 
1203	 0.41671402708543 
1204	 0.416942515593094 
1205	 0.417191393408208 
1206	 0.417504390226539 
1207	 0.417854395446454 
1208	 0.418179632146111 
1209	 0.418527276484563 
1210	 0.418920373569604 
1211	 0.419305860240955 
1212	 0.419456966774612 
1213	 0.419735032258252 
1214	 0.420304181253137 
1215	 0.420729075602906 
1216	 0.421085829423223 
1217	 0.4215857544237 
1218	 0.42215226142608 
1219	 0.422633381682713 
1220	 0.423193867098219 
1221	 0.423648401763349 
1222	 0.423923070802933 
1223	 0.424383678965912 
1224	 0.424879026656142 
1225	 0.425473218028219 
1226	 0.426044019890292 
1227	 0.426604909895796 
1228	 0.427110251895506 
1229	 0.427597529162485 
1230	 0.428168188753621 
1231	 0.42862867730675 
1232	 0.429020005882215 
1233	 0.429489040821621 
1234	 0.429984016212885 
1235	 0.430612500683335 
1236	 0.431183430057782 
1237	 0.43181102508059 
1238	 0.432313728049984 
1239	 0.432754150049672 
1240	 0.433239231772007 
1241	 0.433754005263624 
1242	 0.434200794725196 
1243	 0.434637314101784 
1244	 0.434941729933181 
1245	 0.435311171601223 
1246	 0.435731761452061 
1247	 0.43624562944282 
1248	 0.436695308345965 
1249	 0.43696440940827 
1250	 0.437444969589291 
1251	 0.43791061014801 
1252	 0.43831446879876 
1253	 0.438955643568696 
1254	 0.439371714458906 
1255	 0.439636315118161 
1256	 0.440008248724071 
1257	 0.440304799539823 
1258	 0.440453625280826 
1259	 0.440711237082219 
1260	 0.441063594058043 
1261	 0.441306527707488 
1262	 0.441489783271884 
1263	 0.441751576056341 
1264	 0.441876784104017 
1265	 0.441983829993662 
1266	 0.442176459593902 
1267	 0.442225421335197 
1268	 0.442283110520027 
1269	 0.442372262053341 
1270	 0.442376495168626 
1271	 0.442408677349339 
1272	 0.442441471528748 
1273	 0.442444988567085 
1274	 0.442333159094078 
1275	 0.442067771712667 
1276	 0.441809766713595 
1277	 0.441615438351194 
1278	 0.441522658803401 
1279	 0.44148505128349 
1280	 0.4412599730462 
1281	 0.440949736699133 
1282	 0.440494684711234 
1283	 0.439796138960241 
1284	 0.439259481608731 
1285	 0.438810651190985 
1286	 0.438488967120087 
1287	 0.438186977405071 
1288	 0.437592313882782 
1289	 0.436932179109533 
1290	 0.436300463492699 
1291	 0.435624134472248 
1292	 0.435003747372619 
1293	 0.434292287698097 
1294	 0.433449754082165 
1295	 0.432591667577193 
1296	 0.431648324736444 
1297	 0.430764119764515 
1298	 0.429909123502113 
1299	 0.428915036137622 
1300	 0.428067637717216 
1301	 0.427144363528302 
1302	 0.425727418357092 
1303	 0.424405514476101 
1304	 0.423020029725043 
1305	 0.421651783259199 
1306	 0.420140827628108 
1307	 0.419021309697456 
1308	 0.417808915988009 
1309	 0.416029633323589 
1310	 0.414203183012424 
1311	 0.412350650546116 
1312	 0.41058424905099 
1313	 0.408976270800275 
1314	 0.407189498085449 
1315	 0.40532423471944 
1316	 0.403253493450005 
1317	 0.400909183030046 
1318	 0.398887577137037 
1319	 0.396889844153065 
1320	 0.39459576236552 
1321	 0.392543984931161 
1322	 0.390556244170644 
1323	 0.388497814719703 
1324	 0.386486343927822 
1325	 0.384305946270009 
1326	 0.381932703411051 
1327	 0.379328282455332 
1328	 0.376859210881987 
1329	 0.374609211637124 
1330	 0.372109941079896 
1331	 0.369537392498085 
1332	 0.367102484953355 
1333	 0.364700027630768 
1334	 0.361914524607909 
1335	 0.359469989866202 
1336	 0.35716846351191 
1337	 0.354419913837012 
1338	 0.352276035326798 
1339	 0.350781896157749 
1340	 0.348944318117146 
1341	 0.346968075852714 
1342	 0.345117209436925 
1343	 0.343251921434334 
1344	 0.341769406521264 
1345	 0.340809920839459 
1346	 0.339515937307879 
1347	 0.337578123230176 
1348	 0.335455038351616 
1349	 0.333858259783963 
1350	 0.332974642356068 
1351	 0.331750308929365 
1352	 0.330356539753692 
1353	 0.32926974738443 
1354	 0.327856440667087 
1355	 0.326851573933944 
1356	 0.326330270633959 
1357	 0.325124453361166 
1358	 0.322341564113523 
1359	 0.319488708652068 
1360	 0.316428068658868 
1361	 0.314535833598819 
1362	 0.311269430253759 
1363	 0.321517507713188 
1364	 0.33800818133575 
1365	 0.32287150546987 
1366	 0.300004189488334 
1367	 0.300830005692138 
1368	 0.288756708699435 
1369	 0.313090131772204 
1370	 0.381344651064219 
1371	 0.345132266530964 
1372	 0.232982081442887 
1373	 0.24883443290521 
1374	 0.317106468206511 
1375	 0.303399403676363 
1376	 0.346821880581181 
1377	 0.402193589932201 
1378	 0.324486288796717 
1379	 0.254690571700197 
1380	 0.25019859984369 
1381	 0.230060151444055 
1382	 0.249941061687412 
1383	 0.297080630897161 
1384	 0.276878117809703 
1385	 0.245746648766208 
1386	 0.232970956954693 
1387	 0.218655892120525 
1388	 0.270275195898479 
1389	 0.267996002081577 
1390	 0.249853436386183 
1391	 0.179948186094713 
1392	 0.16134919403721 
1393	 0.147238006719686 
1394	 0.149848343996895 
1395	 0.191902676834426 
1396	 0.198574156305904 
1397	 0.163443602499468 
1398	 0.145832087762264 
1399	 0.142591983973014 
1400	 0.128164825912026 
1401	 0.120802650583836 
1402	 0.126803732061403 
1403	 0.122192496851262 
1404	 0.117789396729165 
1405	 0.128570233808848 
1406	 0.127520132676099 
1407	 0.112779712864569 
1408	 0.107728057020284 
1409	 0.105177239377359 
1410	 0.100581905735705 
1411	 0.101095727506803 
1412	 0.10228827662307 
1413	 9.85902738589212E-02 
1414	 9.43676809025647E-02 
1415	 9.32636115536766E-02 
1416	 9.10305029376317E-02 
1417	 8.76885372999327E-02 
1418	 8.74376101326967E-02 
1419	 8.85406008007807E-02 
1420	 8.73506461729982E-02 
1421	 8.62894254657925E-02 
1422	 8.68992329979301E-02 
1423	 8.51114830419726E-02 
1424	 8.22051257314944E-02 
1425	 0.081889917520635 
1426	 8.20650759790185E-02 
1427	 8.25504613290399E-02 
1428	 8.23090564493765E-02 
1429	 8.21911085676751E-02 
1430	 8.22690196958036E-02 
1431	 8.12341207984803E-02 
1432	 8.03666973341912E-02 
1433	 8.09274036556074E-02 
1434	 7.98578031934479E-02 
1435	 7.88377040684704E-02 
1436	 7.99072805503341E-02 
1437	 7.99296111911438E-02 
1438	 7.97456880604781E-02 
1439	 8.02086815344316E-02 
1440	 7.86762654138051E-02 
1441	 7.66957751266394E-02 
1442	 7.74102056397538E-02 
1443	 7.85786676519113E-02 
1444	 7.80310850207101E-02 
1445	 7.78129139753521E-02 
1446	 7.76750089034491E-02 
1447	 7.68022574740834E-02 
1448	 7.73628015289426E-02 
1449	 7.89296139824548E-02 
1450	 7.93884862228355E-02 
1451	 7.89186208271389E-02 
1452	 7.83513935993344E-02 
1453	 7.82300665525679E-02 
1454	 7.88009298942714E-02 
1455	 7.93238336749138E-02 
1456	 7.92761699350608E-02 
1457	 7.89909480893654E-02 
1458	 7.84908075418529E-02 
1459	 7.84285326987143E-02 
1460	 7.90725237047921E-02 
1461	 7.94652522832669E-02 
1462	 7.97026972805166E-02 
1463	 7.98847224135701E-02 
1464	 8.00013349103151E-02 
1465	 8.04609894895206E-02 
1466	 8.10476704706713E-02 
1467	 8.12185103306407E-02 
1468	 8.13059486688359E-02 
1469	 0.082027671877165 
1470	 8.26028816878217E-02 
1471	 0.083106374706488 
1472	 8.39466514527963E-02 
1473	 0.085214722977821 
1474	 8.53686388473089E-02 
1475	 8.53068258725446E-02 
1476	 8.64100511248182E-02 
1477	 8.74749242021433E-02 
1478	 8.81003208766987E-02 
1479	 8.91746085865124E-02 
1480	 8.98787994672535E-02 
1481	 8.99160137916494E-02 
1482	 9.06785499635723E-02 
1483	 9.22636168313002E-02 
1484	 9.34916451470246E-02 
1485	 9.42170636590717E-02 
1486	 9.52380854380508E-02 
1487	 9.64071052291362E-02 
1488	 9.71485214874499E-02 
1489	 9.80467904914338E-02 
1490	 9.91447183277804E-02 
1491	 9.98741060899663E-02 
1492	 0.100756696296699 
1493	 0.102013015282135 
1494	 0.102942343470859 
1495	 0.1035569894883 
1496	 0.104456207932926 
1497	 0.105563423106876 
1498	 0.106565478616398 
1499	 0.107444835978205 
1500	 0.108254493133543 
1501	 0.109118546711798 
1502	 0.110226802650297 
1503	 0.11144144669982 
1504	 0.112458668835378 
1505	 0.1133391807204 
1506	 0.114159021299619 
1507	 0.115025208881992 
1508	 0.116307498332771 
1509	 0.117689687612615 
1510	 0.11882102572119 
1511	 0.120068062012652 
1512	 0.121194378199357 
1513	 0.122131373608768 
1514	 0.123283606581296 
1515	 0.124372936135262 
1516	 0.125433903972199 
1517	 0.126578495882664 
1518	 0.127517571997793 
1519	 0.128531139122473 
1520	 0.12969312051914 
1521	 0.13080204548147 
1522	 0.132010193830738 
1523	 0.133259372984861 
1524	 0.134414656026364 
1525	 0.135508601867409 
1526	 0.136612444103341 
1527	 0.137684745795668 
1528	 0.138711698622055 
1529	 0.139847294087457 
1530	 0.141065772262491 
1531	 0.142193204975702 
1532	 0.143259179954049 
1533	 0.144409918781986 
1534	 0.14559121545247 
1535	 0.146677130149329 
1536	 0.147773176730513 
1537	 0.148887692510195 
1538	 0.149917746640461 
1539	 0.151063355367531 
1540	 0.152204773842023 
1541	 0.153424564395955 
1542	 0.154651020216985 
1543	 0.155595774471207 
1544	 0.156748929946316 
1545	 0.15798950041865 
1546	 0.158903015920708 
1547	 0.159920788395024 
1548	 0.161096910139095 
1549	 0.16217366601337 
1550	 0.16323506222455 
1551	 0.164381677853778 
1552	 0.165478376983251 
1553	 0.166434983237389 
1554	 0.167558221415007 
1555	 0.168780696829369 
1556	 0.169793863406436 
1557	 0.170822700483914 
1558	 0.171933042096735 
1559	 0.172958030061955 
1560	 0.17393588644182 
1561	 0.174910360496701 
1562	 0.175935630527432 
1563	 0.177087623096812 
1564	 0.178199603843701 
1565	 0.179012082654412 
1566	 0.179825142507935 
1567	 0.180787913609275 
1568	 0.181695710313396 
1569	 0.182728853681383 
1570	 0.183837029077097 
1571	 0.18483258763107 
1572	 0.1857485955714 
1573	 0.186829074390511 
1574	 0.187848672884113 
1575	 0.188568371500282 
1576	 0.189543788249554 
1577	 0.190613823410512 
1578	 0.191466926354239 
1579	 0.19252819766102 
1580	 0.193631010606754 
1581	 0.194387611009577 
1582	 0.195230043319394 
1583	 0.196176329993239 
1584	 0.196797092872018 
1585	 0.197628240447682 
1586	 0.198835200585732 
1587	 0.199749501401917 
1588	 0.20059254985345 
1589	 0.201447796073774 
1590	 0.201961116015369 
1591	 0.202692086588092 
1592	 0.203643713313124 
1593	 0.20441488521176 
1594	 0.205262419816628 
1595	 0.206081371204814 
1596	 0.206935555333734 
1597	 0.207965178808423 
1598	 0.208651344626776 
1599	 0.209229426271965 
1600	 0.209972542745746 
1601	 0.210514208642644 
1602	 0.211447077804119 
1603	 0.212614924210107 
1604	 0.213332846210509 
1605	 0.214093028949356 
1606	 0.214860104255791 
1607	 0.215566358224443 
1608	 0.216491422739027 
1609	 0.217393049126193 
1610	 0.218051437000062 
1611	 0.21860960084523 
1612	 0.219256233559081 
1613	 0.219954966688354 
1614	 0.220788834582635 
1615	 0.221584833113642 
1616	 0.222086320534789 
1617	 0.222680209556389 
1618	 0.223435380422754 
1619	 0.224042083363176 
1620	 0.224717338090277 
1621	 0.225412965296776 
1622	 0.225908901625357 
1623	 0.226528694776297 
1624	 0.227209571315027 
1625	 0.227662449440774 
1626	 0.228274445466711 
1627	 0.228988998983565 
1628	 0.229489501052014 
1629	 0.230082903159766 
1630	 0.2305541125762 
1631	 0.230856067874279 
1632	 0.231508787611945 
1633	 0.232211087143328 
1634	 0.232706134557752 
1635	 0.233171138038837 
1636	 0.23346303982469 
1637	 0.23375527259446 
1638	 0.234190003512044 
1639	 0.234628995095857 
1640	 0.235016860915672 
1641	 0.2353512371816 
1642	 0.235816465095761 
1643	 0.236294439913983 
1644	 0.23690846333322 
1645	 0.237640711491486 
1646	 0.238014057443395 
1647	 0.238194048625782 
1648	 0.238517544193705 
1649	 0.238802879164243 
1650	 0.238947988095455 
1651	 0.239424934375172 
1652	 0.239966108971809 
1653	 0.240138496788679 
1654	 0.240436379870829 
1655	 0.240767885603866 
1656	 0.240886181382961 
1657	 0.24101497799762 
1658	 0.241328838710169 
1659	 0.241769848161312 
1660	 0.241889397542514 
1661	 0.241884786869513 
1662	 0.242077814919434 
1663	 0.242139341031012 
1664	 0.242228669303634 
1665	 0.24253000772469 
1666	 0.242747670144974 
1667	 0.242950904302072 
1668	 0.243063481881784 
1669	 0.243112182187214 
1670	 0.243156079312427 
1671	 0.242920123045708 
1672	 0.242947093490742 
1673	 0.243164220683685 
1674	 0.243191036672303 
1675	 0.243463626577297 
1676	 0.243590547133048 
1677	 0.243542583777831 
1678	 0.243471417423179 
1679	 0.243210650949329 
1680	 0.243045238331502 
1681	 0.242861517447354 
1682	 0.242845329681915 
1683	 0.242828972735566 
1684	 0.242524146347449 
1685	 0.242363155520116 
1686	 0.241896772490294 
1687	 0.241330590736562 
1688	 0.241314464758201 
1689	 0.241110012770234 
1690	 0.240830189858013 
1691	 0.240936700166923 
1692	 0.240646192162279 
1693	 0.240240269537895 
1694	 0.240144963354297 
1695	 0.239769375465467 
1696	 0.239394252541881 
1697	 0.239178991061552 
1698	 0.238688159736985 
1699	 0.238277399693054 
1700	 0.238056021620772 
1701	 0.237638759694422 
1702	 0.237665476048356 
1703	 0.237480661606126 
1704	 0.237247954283722 
1705	 0.236895230746195 
1706	 0.236308034688621 
1707	 0.235791038023027 
1708	 0.235139007193339 
1709	 0.234637578825251 
1710	 0.234260349411666 
1711	 0.233895916845956 
1712	 0.233644830603662 
1713	 0.233270632586749 
1714	 0.233025572981619 
1715	 0.232504551222658 
1716	 0.231622371801382 
1717	 0.231064968482116 
1718	 0.230453661073289 
1719	 0.229918970602269 
1720	 0.229729974975355 
1721	 0.229273458546142 
1722	 0.228654409233602 
1723	 0.227998819626933 
1724	 0.227197021913699 
1725	 0.226513340629775 
1726	 0.225928742219597 
1727	 0.22531705720737 
1728	 0.224666183244131 
1729	 0.224143985040279 
1730	 0.223598750682944 
1731	 0.222996192562473 
1732	 0.222530601822195 
1733	 0.221981244956691 
1734	 0.221344520122916 
1735	 0.220732226991805 
1736	 0.220181467494685 
1737	 0.219578192869555 
1738	 0.218877457205877 
1739	 0.218249152568348 
1740	 0.217684048050592 
1741	 0.216954161486562 
1742	 0.216173853302827 
1743	 0.215393533388251 
1744	 0.214398968360071 
1745	 0.213792225576281 
1746	 0.213463861285261 
1747	 0.212829199618068 
1748	 0.212376014002816 
1749	 0.211530503253117 
1750	 0.210234488985249 
1751	 0.209340602014965 
1752	 0.208454073369582 
1753	 0.207564547473363 
1754	 0.206659945814843 
1755	 0.205699484813715 
1756	 0.204763827253182 
1757	 0.204259531248127 
1758	 0.203571957306438 
1759	 0.202351748671578 
1760	 0.201414759940362 
1761	 0.200698003554967 
1762	 0.19985454425611 
1763	 0.19903704484579 
1764	 0.198397983288729 
1765	 0.197503952261591 
1766	 0.196482962195851 
1767	 0.196019529227087 
1768	 0.195632360207256 
1769	 0.19480220844523 
1770	 0.193957161928988 
1771	 0.193434735548209 
1772	 0.19285816973269 
1773	 0.19270868010911 
1774	 0.192251366016812 
1775	 0.191323343537344 
1776	 0.190704879200823 
1777	 0.190096253140925 
1778	 0.189494687813473 
1779	 0.18921089469056 
1780	 0.188701299739791 
1781	 0.187890194980376 
1782	 0.187332839588951 
1783	 0.186844495925951 
1784	 0.186275295068384 
1785	 0.1857713674623 
1786	 0.185406816663088 
1787	 0.184977672294802 
1788	 0.184966574669468 
1789	 0.18576883478156 
1790	 0.185559385894717 
1791	 0.184707717765308 
1792	 0.184312453985362 
1793	 0.183469150363623 
1794	 0.183027781236836 
1795	 0.183335014841818 
1796	 0.183413978622891 
1797	 0.183173325676855 
1798	 0.183069349415491 
1799	 0.183890239632649 
1800	 0.183392303114091 
1801	 0.181289693170768 
1802	 0.180786481640622 
1803	 0.180254488737044 
1804	 0.179660587835576 
1805	 0.180885963048037 
1806	 0.181079801291847 
1807	 0.179619156146717 
1808	 0.180212932590379 
1809	 0.182866389095741 
1810	 0.182089327056091 
1811	 0.182019489469565 
1812	 0.182078470426714 
1813	 0.181033942579996 
1814	 0.181978879506519 
1815	 0.187592991633995 
1816	 0.190131172048912 
1817	 0.191977939141794 
1818	 0.194031736150438 
1819	 0.195734808851699 
1820	 0.198133022374364 
1821	 0.198223490496058 
1822	 0.191846693477725 
1823	 0.191945559789697 
1824	 0.191367274044758 
1825	 0.196805147329998 
1826	 0.22197659330135 
1827	 0.24385692050872 
1828	 0.28345347350398 
1829	 0.291922865285619 
1830	 0.256749918791488 
1831	 0.13494472916067 
1832	 0.149765519081442 
1833	 0.192798158860855 
1834	 0.634899514947824 
1835	 1.16761385240754 
1836	 0.896531108732556 
1837	 0.973843115816769 
1838	 0.630192175538325 
1839	 0.369119577443227 
1840	 1.42199098395476E-02 
1841	-0.190415289810269 
1842	-0.202055029251098 
1843	 0.39879077092851 
1844	 0.639006636150745 
1845	 8.14033425857122 
1846	-38.120436706812 
1847	 0.811364276705735 
1848	 1.29141030667801 
1849	 0.530781767893197 
1850	-7.71988739374374E-02 
1851	-0.131349311948345 
1852	 0.287086810116485 
1853	 0.485379631881112 
1854	 1.96557644744227 
1855	 0.762880030162531 
1856	-0.323628564712428 
1857	-0.228757666087064 
1858	-1.01188677895047 
1859	-3.13138858800945 
1860	-0.845282763977459 
1861	 16.2112197766773 
1862	 6.79167129870013 
1863	 0.401803564287203 
1864	 0.266944480159279 
1865	-0.249934366281786 
1866	-0.433415728976046 
1867	 2.73676370486365E-02 
1868	 0.533441571559063 
1869	 0.545691609413307 
1870	 0.344063798099415 
1871	 0.242609112428876 
1872	-0.688454980956032 
1873	-0.310215020596121 
1874	 0.345875258345663 
1875	 0.427998769282405 
1876	 0.772335321886969 
1877	 0.369440827669222 
1878	 3.60912748137089E-02 
1879	 2.54371938140979E-02 
1880	 3.06890622480577E-02 
1881	 0.100890470691722 
1882	 0.127028993953286 
1883	 0.26597917531003 
1884	 0.245281094420713 
1885	 0.154577807249519 
1886	 7.22895565239666E-02 
1887	-7.54590477021219E-02 
1888	-0.154494112458984 
1889	-5.08894653914278E-02 
1890	 0.132042104162923 
1891	 0.146143342031571 
1892	 0.119688781480861 
1893	 0.164084900671576 
1894	 0.115818010980666 
1895	 9.57412473100456E-02 
1896	 0.162270234342452 
1897	 0.430303149532657 
1898	 0.452510511803167 
1899	 0.281185334117789 
1900	 0.349059378919939 
1901	 0.313647587564903 
1902	 0.183431699747675 
1903	 0.102025286747727 
1904	-4.42121095223461E-02 
1905	-0.318456520752123 
1906	-0.490054680188816 
1907	-0.401833186198864 
1908	-8.05333075380283E-02 
1909	 0.226743689417217 
1910	 0.337088535390406 
1911	 0.101147326091637 
1912	-8.15744996467082E-02 
1913	-0.101100354818782 
1914	-0.133663611930322 
1915	-8.72352201688396E-02 
1916	 6.09884097943337E-02 
1917	 0.169936378035202 
1918	 0.104888114629668 
1919	 3.92648515884446E-02 
1920	 6.90758798628644E-02 
1921	 8.69713912132472E-02 
1922	 9.50393295854573E-02 
1923	 0.118093109809543 
1924	 0.121641579668428 
1925	 0.100990822723848 
1926	 0.059212816182294 
1927	 4.01749696691774E-02 
1928	 0.055211174588925 
1929	 6.53000118957006E-02 
1930	 3.93372177547561E-02 
1931	 3.55672633797012E-02 
1932	 0.045006954359238 
1933	 2.53886109319345E-02 
1934	 1.74566678567176E-02 
1935	 2.10745059616667E-02 
1936	 3.19390675755976E-02 
1937	 3.15674738961245E-02 
1938	 3.39552234026091E-02 
1939	 4.00016342762619E-02 
1940	 3.58930775221067E-02 
1941	 3.06495915423608E-02 
1942	 3.15853644266904E-02 
1943	 3.29934543356536E-02 
1944	 3.52925787759298E-02 
1945	 3.56204174492496E-02 
1946	 3.37474107450768E-02 
1947	 3.01709568532092E-02 
1948	 2.66244200863656E-02 
1949	 2.35090299944025E-02 
1950	 2.30784465097248E-02 
1951	 2.50598173269829E-02 
1952	 2.67261638553837E-02 
1953	 2.83814570595046E-02 
1954	 2.79009392714819E-02 
1955	 2.74364916860266E-02 
1956	 2.84142631312616E-02 
1957	 2.66751509267038E-02 
1958	 2.65595613017571E-02 
1959	 2.68870455913392E-02 
1960	 2.84945292810497E-02 
1961	 2.83041123016539E-02 
1962	 0.02777304766624 
1963	 2.69651684610821E-02 
1964	 2.67759700685846E-02 
1965	 2.84999618823429E-02 
1966	 3.04632564934059E-02 
1967	 3.00726441765226E-02 
1968	 2.85922523661131E-02 
1969	 2.85898988774006E-02 
1970	 2.79816265309695E-02 
1971	 2.76133351024672E-02 
1972	 2.88068740670179E-02 
1973	 3.10949250008113E-02 
1974	 3.13556698814353E-02 
1975	 0.030766106985299 
1976	 3.08853604196891E-02 
1977	 3.04697454645695E-02 
1978	 3.02828469517689E-02 
1979	 3.09645506003678E-02 
1980	 3.17284246131639E-02 
1981	 3.23473075594421E-02 
1982	 3.24875459391655E-02 
1983	 0.032134683184935 
1984	 3.15278095649009E-02 
1985	 3.18742565778879E-02 
1986	 3.25496857073261E-02 
1987	 3.29262714094895E-02 
1988	 0.033747241937283 
1989	 3.36593837791207E-02 
1990	 3.25636389469347E-02 
1991	 3.26120089051428E-02 
1992	 3.31508670801203E-02 
1993	 3.33500723918448E-02 
1994	 3.37158709118715E-02 
1995	 3.44465446282002E-02 
1996	 3.52105001577322E-02 
1997	 0.035830288777019 
1998	 0.037361125518353 
1999	 0.038690446051252 
2000	 3.84553776065296E-02 
2001	 3.80305552731704E-02 
2002	 3.86214872652573E-02 
2003	 3.92349608622744E-02 
2004	 3.96834795575873E-02 
2005	 4.06310681891869E-02 
2006	 4.12394529912518E-02 
2007	 4.00303560696973E-02 
2008	 3.99639102990968E-02 
2009	 4.05395004681496E-02 
2010	 4.17132694423958E-02 
2011	 4.37878817661269E-02 
2012	 4.52728170442017E-02 
2013	 4.52995019139764E-02 
2014	 4.50596517827316E-02 
2015	 0.044277823592191 
2016	 0.044592832215605 
2017	 4.56326850902061E-02 
2018	 4.57695118247769E-02 
2019	 4.57580029908308E-02 
2020	 4.42608088176657E-02 
2021	 4.44082433819931E-02 
2022	 4.49636326494385E-02 
2023	 4.65456175112749E-02 
2024	 4.73281261367788E-02 
2025	 4.71687821721061E-02 
2026	 4.71300988405504E-02 
2027	 4.68855468976435E-02 
2028	 4.69804120202265E-02 
2029	 4.73939057325954E-02 
2030	 4.71021447042037E-02 
2031	 4.70908305428067E-02 
2032	 4.76430286562748E-02 
2033	 4.89453819596574E-02 
2034	 4.94654959961673E-02 
2035	 5.01183465308049E-02 
2036	 5.05700542634455E-02 
2037	 5.06983595488969E-02 
2038	 5.05198015021043E-02 
2039	 0.051209456834705 
2040	 5.21087198151985E-02 
2041	 5.19304201924682E-02 
2042	 5.21083574933479E-02 
2043	 5.25988569746751E-02 
2044	 5.26260724707193E-02 
2045	 5.29926222960301E-02 
2046	 5.42008065784807E-02 
2047	 5.44604715916183E-02 
2048	 5.38069587621864E-02 
2049	 5.40152800764567E-02 
2050	 5.44617147159583E-02 
2051	 5.45084143311481E-02 
2052	 5.46370506120115E-02 
2053	 5.58377097982965E-02 
2054	 5.61266080411444E-02 
2055	 5.61100876070878E-02 
2056	 5.71905819725505E-02 
2057	 5.74595480221032E-02 
2058	 5.75246744411617E-02 
2059	 5.83025645080679E-02 
2060	 5.87080103958366E-02 
2061	 5.87763000692206E-02 
2062	 5.92522768527324E-02 
2063	 6.01560144375053E-02 
2064	 6.03903189606352E-02 
2065	 6.00919185360557E-02 
2066	 6.06193554823973E-02 
2067	 6.16506467916908E-02 
2068	 6.18421527410654E-02 
2069	 6.29580211973309E-02 
2070	 6.39244025610234E-02 
2071	 6.35621215368757E-02 
2072	 6.39984603722639E-02 
2073	 6.49680896097143E-02 
2074	 6.49385758691008E-02 
2075	 6.48647397677304E-02 
2076	 6.45504276686644E-02 
2077	 0.064725486697168 
2078	 6.44864179966749E-02 
2079	 6.47061759954855E-02 
2080	 6.54849042621595E-02 
2081	 6.63613108338908E-02 
2082	 6.70717849449294E-02 
2083	 6.82235080555241E-02 
2084	 6.83625685952652E-02 
2085	 6.79088675942967E-02 
2086	 0.06825698578282 
2087	 6.82328903323673E-02 
2088	 6.85039257522576E-02 
2089	 6.90953686395023E-02 
2090	 6.95566184749254E-02 
2091	 6.93851946096695E-02 
2092	 6.97963303442932E-02 
2093	 7.09120763816984E-02 
2094	 7.13039512665065E-02 
2095	 7.08953668632703E-02 
2096	 7.13671244366871E-02 
2097	 7.21974910848722E-02 
2098	 7.31557039191763E-02 
2099	 7.40159019981034E-02 
2100	 7.44403298370653E-02 
2101	 0.073631610736527 
2102	 7.35392158966008E-02 
2103	 7.46881145816592E-02 
2104	 7.45621298328358E-02 
2105	 7.45513120094538E-02 
2106	 7.55598886094371E-02 
2107	 7.60330973445643E-02 
2108	 7.59258212143822E-02 
2109	 7.64115722103625E-02 
2110	 7.73459276142895E-02 
2111	 7.80087798448578E-02 
2112	 7.87848787785525E-02 
2113	 7.94988747702526E-02 
2114	 8.06241946823521E-02 
2115	 8.04211904293159E-02 
2116	 8.00956910456473E-02 
2117	 8.04530666281559E-02 
2118	 8.09406831680884E-02 
2119	 8.17968488885566E-02 
2120	 8.27419056839712E-02 
2121	 8.36722899598901E-02 
2122	 0.083756826541263 
2123	 8.28767116242358E-02 
2124	 8.29727928800805E-02 
2125	 8.34003924042124E-02 
2126	 8.36041690176394E-02 
2127	 8.43092175018469E-02 
2128	 8.46139641024254E-02 
2129	 8.38905083643455E-02 
2130	 8.42898528900163E-02 
2131	 8.58485612416216E-02 
2132	 8.64417025398278E-02 
2133	 8.71604040735757E-02 
2134	 8.74600560710475E-02 
2135	 8.72729982173636E-02 
2136	 8.77449491207306E-02 
2137	 8.89935120534689E-02 
2138	 8.90656102231494E-02 
2139	 8.83134892917697E-02 
2140	 8.87196024198954E-02 
2141	 8.95289363040651E-02 
2142	 0.090364682294836 
2143	 9.07790591995906E-02 
2144	 9.10706212358834E-02 
2145	 9.15915393300834E-02 
2146	 9.21283959816144E-02 
2147	 9.21549944250949E-02 
2148	 9.22644959812566E-02 
2149	 9.26843936238004E-02 
2150	 9.23419942706894E-02 
2151	 9.22257302669207E-02 
2152	 9.27944614957623E-02 
2153	 9.35893984725333E-02 
2154	 9.33007873691535E-02 
2155	 9.33058327008876E-02 
2156	 9.43146753776686E-02 
2157	 9.45825410605158E-02 
2158	 9.38263296865666E-02 
2159	 9.40372791518013E-02 
2160	 9.51204595203375E-02 
2161	 9.48959749710578E-02 
2162	 9.50161157257831E-02 
2163	 9.58981429663412E-02 
2164	 9.61460514096375E-02 
2165	 9.56059248365867E-02 
2166	 9.56850710896915E-02 
2167	 9.60421780879167E-02 
2168	 9.59114138884348E-02 
2169	 0.09544976435593 
2170	 9.55061582899601E-02 
2171	 9.51860949221315E-02 
2172	 9.57652412836682E-02 
2173	 0.097265904919162 
2174	 9.86380299855114E-02 
2175	 9.94447882540275E-02 
2176	 9.97206222077281E-02 
2177	 9.95920802690553E-02 
2178	 9.93985600848352E-02 
2179	 9.91109858502415E-02 
2180	 9.91736609286536E-02 
2181	 9.89579019628561E-02 
2182	 9.86489432417443E-02 
2183	 9.90949946846775E-02 
2184	 9.97542287026801E-02 
2185	 0.100399030845997 
2186	 0.101805120106474 
2187	 0.101911432163971 
2188	 0.100885937321549 
2189	 0.101124041203359 
2190	 0.101872501973759 
2191	 0.101593606304925 
2192	 0.10094348397518 
2193	 0.10130440331089 
2194	 0.101454641218434 
2195	 0.101265047108219 
2196	 0.1020007788293 
2197	 0.102413783373784 
2198	 0.101271116126842 
2199	 0.10114681256402 
2200	 0.102231432383734 
2201	 0.103300417076907 
2202	 0.104104404088681 
2203	 0.103523602822731 
2204	 0.101852181505164 
2205	 0.101391981608826 
2206	 0.101851437900856 
2207	 0.102764226857098 
2208	 0.102737422149499 
2209	 0.101659409818785 
2210	 0.101545869835358 
2211	 0.100728952805737 
2212	 0.100637207274279 
2213	 0.102207391429707 
2214	 0.102597204993222 
2215	 0.102042250693117 
2216	 0.101684333317017 
2217	 0.101184655320951 
2218	 0.101033266665134 
2219	 0.100993777978656 
2220	 0.101214163457681 
2221	 0.102289483941256 
2222	 0.101946934447783 
2223	 0.101263012452946 
2224	 0.100633197524467 
2225	 0.100323884519433 
2226	 0.101161510552936 
2227	 0.10190733427274 
2228	 0.101906824450565 
2229	 0.101525320749983 
2230	 0.100844537185262 
2231	 0.100752631760102 
2232	 0.100759921998549 
2233	 9.99890264108776E-02 
2234	 0.10003291170039 
2235	 9.97484523554812E-02 
2236	 9.84955271321486E-02 
2237	 9.80807580010255E-02 
2238	 9.78452981967071E-02 
2239	 9.72866314195081E-02 
2240	 9.72427046419982E-02 
2241	 9.72855685237782E-02 
2242	 9.66209830554127E-02 
2243	 9.66876720865416E-02 
2244	 0.098228879868468 
2245	 9.79346437057336E-02 
2246	 9.62057610772159E-02 
2247	 0.095833496301838 
2248	 9.56371338052787E-02 
2249	 9.49286235398019E-02 
2250	 9.44292732061975E-02 
2251	 9.48212945212152E-02 
2252	 9.35448598989897E-02 
2253	 9.20263381381644E-02 
2254	 9.40537212768677E-02 
2255	 9.53355435696478E-02 
2256	 9.54820439170198E-02 
2257	 9.52019639440082E-02 
2258	 9.21537581285333E-02 
2259	 9.09922037673198E-02 
2260	 0.091587377075425 
2261	 9.07667411437503E-02 
2262	 9.09565766093119E-02 
2263	 9.13003457592808E-02 
2264	 8.97234162353067E-02 
2265	 8.84856274569057E-02 
2266	 8.96717202119854E-02 
2267	 9.06174004140735E-02 
2268	 9.03538984396679E-02 
2269	 9.06399294218483E-02 
2270	 9.03610026275307E-02 
2271	 0.088549589033484 
2272	 8.79888712712784E-02 
2273	 9.02817548612781E-02 
2274	 9.03869929224922E-02 
2275	 0.088270768923346 
2276	 8.72895617729851E-02 
2277	 0.086946539415709 
2278	 8.61364074360828E-02 
2279	 8.49284611531266E-02 
2280	 8.47441872790696E-02 
2281	 8.47817874941898E-02 
2282	 8.41678069282157E-02 
2283	 8.41274771289807E-02 
2284	 8.42827020929647E-02 
2285	 8.40593685748547E-02 
2286	 8.33076934560817E-02 
2287	 8.22394207967063E-02 
2288	 8.24261144724272E-02 
2289	 0.081242609109943 
2290	 7.97891379056587E-02 
2291	 7.91135316430316E-02 
2292	 7.84787011721806E-02 
2293	 7.84487638126746E-02 
2294	 7.91060334339879E-02 
2295	 0.080403606426224 
2296	 8.04786462486666E-02 
2297	 0.079782712567879 
2298	 7.94551470643049E-02 
2299	 7.92156864101657E-02 
2300	 8.07957291782488E-02 
2301	 8.05962996763362E-02 
2302	 7.88693129714367E-02 
2303	 7.82353401623732E-02 
2304	 7.57942961267866E-02 
2305	 7.43077531400744E-02 
2306	 7.45363016663512E-02 
2307	 7.34211015282555E-02 
2308	 7.21749359708566E-02 
2309	 7.25189571760989E-02 
2310	 7.27651609605584E-02 
2311	 7.05946759240947E-02 
2312	 0.071106841537337 
2313	 7.31582462828448E-02 
2314	 7.01369498379202E-02 
2315	 6.82377326410199E-02 
2316	 6.99302126346309E-02 
2317	 6.90113942646106E-02 
2318	 6.90136918591094E-02 
2319	 6.90087878212214E-02 
2320	 6.92187042399289E-02 
2321	 0.068519738985905 
2322	 0.068379852426605 
2323	 6.79289770750791E-02 
2324	 6.70276522685829E-02 
2325	 6.73043710308609E-02 
2326	 6.70284049365806E-02 
2327	 6.61504039067568E-02 
2328	 6.66622913447813E-02 
2329	 6.78943936202159E-02 
2330	 6.89565594807072E-02 
2331	 6.82553802411449E-02 
2332	 6.64655368677591E-02 
2333	 6.65614988556855E-02 
2334	 0.067730366730887 
2335	 6.62341586312208E-02 
2336	 6.40025021066139E-02 
2337	 6.32105446662453E-02 
2338	 6.00644547364339E-02 
2339	 5.76402938308481E-02 
2340	 5.58922966628469E-02 
2341	 6.03773668371024E-02 
2342	 6.27763162372607E-02 
2343	 6.27929319304043E-02 
2344	 6.63840299978003E-02 
2345	 6.82938461524112E-02 
2346	 6.52340212570692E-02 
2347	 6.02561757178393E-02 
2348	 5.82060169789877E-02 
2349	 0.058615620274101 
2350	 5.99022809553377E-02 
2351	 6.48210069767176E-02 
2352	 6.79288833563718E-02 
2353	 6.34990835339287E-02 
2354	 6.02510237687781E-02 
2355	 5.98070278797395E-02 
2356	 6.00295655806288E-02 
2357	 6.49780268306421E-02 
2358	 6.68450913219235E-02 
2359	 6.50428891959919E-02 
2360	 6.55341443316166E-02 
2361	 6.33820472495752E-02 
2362	 5.93881231448875E-02 
2363	 5.70001298103195E-02 
2364	 5.59804533944492E-02 
2365	 5.74853852741056E-02 
2366	 6.28261305615758E-02 
2367	 6.65006528175203E-02 
2368	 6.04717208842886E-02 
2369	 5.42643897275758E-02 
2370	 5.46195124764999E-02 
2371	 0.053034330910303 
2372	 5.02847335191616E-02 
2373	 5.15905935613832E-02 
2374	 5.31124857180678E-02 
2375	 4.93015366675107E-02 
2376	 4.94652092980113E-02 
2377	 0.055613946317868 
2378	 5.08119065615984E-02 
2379	 4.01199481081229E-02 
2380	 4.25741336963049E-02 
2381	 4.79283044470634E-02 
2382	 0.047811382161908 
2383	 5.27438448282147E-02 
2384	 5.47625516520566E-02 
2385	 4.81012804950446E-02 
2386	 4.54328471871391E-02 
2387	 4.77881112292295E-02 
2388	 0.046900229192794 
2389	 4.75725702248738E-02 
2390	 5.34139420745449E-02 
2391	 5.53177533463433E-02 
2392	 5.80987765017867E-02 
2393	 5.73927907611859E-02 
2394	 0.042738159819623 
2395	 3.54063564118876E-02 
2396	 3.74767411832055E-02 
2397	 3.56284294592299E-02 
2398	 4.00285405078783E-02 
2399	 4.63625164908508E-02 
2400	 4.29697257897845E-02 
2401	 3.89494122354592E-02 
2402	 4.11172603155442E-02 
2403	 4.81804307631211E-02 
2404	 5.46104621250183E-02 
2405	 5.35683274460207E-02 
2406	 5.21853916240061E-02 
2407	 4.60511910624868E-02 
2408	 3.87796821632176E-02 
2409	 4.45809555393776E-02 
2410	 4.58158298802323E-02 
2411	 3.58989202248616E-02 
2412	 3.34553605884273E-02 
2413	 3.93967803419437E-02 
2414	 4.62123213553368E-02 
2415	 5.01958484138812E-02 
2416	 4.35884882984833E-02 
2417	 3.75337759564502E-02 
2418	 3.15602603135298E-02 
2419	 2.77535331960073E-02 
2420	 3.81329092755904E-02 
2421	 3.97327581671404E-02 
2422	 3.59230252436567E-02 
2423	 3.89375994104471E-02 
2424	 3.03037240539254E-02 
2425	 2.41503933594234E-02 
2426	 2.70117733652781E-02 
2427	 2.86120903805011E-02 
2428	 3.42120511947889E-02 
2429	 3.32477592730917E-02 
2430	 2.71915550226533E-02 
2431	 2.45787254522555E-02 
2432	 2.32233725754276E-02 
2433	 2.18140731233428E-02 
2434	 2.27108626328504E-02 
2435	 3.05740155086263E-02 
2436	 4.37757299913937E-02 
2437	 5.15972223395387E-02 
2438	 4.77061741377612E-02 
2439	 4.00627211460895E-02 
2440	 2.93039285992648E-02 
2441	 3.14394097954261E-02 
2442	 5.11184583244785E-02 
2443	 5.21066310061387E-02 
2444	 3.29933559520156E-02 
2445	 1.72293889562415E-02 
2446	 1.12038190013469E-02 
2447	 1.52925975136081E-02 
2448	 3.78012496429878E-02 
2449	 4.86917339649806E-02 
2450	 3.77839767635837E-02 
2451	 4.35258506114704E-02 
2452	 4.25072455001839E-02 
2453	 4.85249758716564E-02 
2454	 6.99375720497558E-02 
2455	 6.52911163787245E-02 
2456	 6.36999050116055E-02 
2457	 5.07110176865752E-02 
2458	 0.018739477367111 
2459	 1.24113186802086E-02 
2460	 1.99200423875953E-02 
2461	 0.030248642103527 
2462	 0.05076532795538 
2463	 5.57082442068083E-02 
2464	 4.04226893774421E-02 
2465	 2.65541640803588E-02 
2466	 1.27244927108069E-02 
2467	 6.38752603164367E-03 
2468	 6.23246599548686E-02 
2469	 6.34656687059035E-02 
2470	 3.59628541299495E-02 
2471	 3.57923031192809E-02 
2472	 2.08250112700525E-02 
2473	 4.59685134141633E-03 
2474	 1.52884264371645E-02 
2475	 1.97161716862131E-02 
2476	-2.14216737349819E-02 
2477	-4.22001306949338E-02 
2478	 8.27977171813171E-03 
2479	-3.84070675312765E-03 
2480	-2.25281586238633E-02 
2481	 9.84279756197067E-02 
2482	 0.120274036072391 
2483	 0.131185089015729 
2484	 0.201121960056803 
2485	 3.19817829060337E-02 
2486	-7.27288880417227E-02 
2487	 0.029919527888208 
2488	-2.82499462265677E-02 
2489	-0.129598488471884 
2490	-9.72057052208802E-02 
2491	-0.113032150098468 
2492	-0.179197657148891 
2493	-1.34878642429243E-02 
2494	 0.10130761773567 
2495	-2.72825010889659E-02 
2496	-4.39987233935694E-02 
2497	 4.99192745080071E-02 
2498	 0.155891809330694 
2499	 0.26431849694624 
2500	 0.346026335201898 
