Wavelength	09/27/123 at 12:34:13
350	 2.48727747128974E-02 
351	 2.42716087278044E-02 
352	 2.41367283124011E-02 
353	 2.43322396248592E-02 
354	 2.42676440803707E-02 
355	 2.46805345296028E-02 
356	 2.48724455720643E-02 
357	 2.45537297932269E-02 
358	 2.45170250405601E-02 
359	 2.45930588242706E-02 
360	 2.46024022359736E-02 
361	 2.44006535143073E-02 
362	 2.44736069134228E-02 
363	 2.45310712752622E-02 
364	 2.44019541969225E-02 
365	 2.42892299489896E-02 
366	 2.44614862960871E-02 
367	 2.47035191225308E-02 
368	 2.46124141122495E-02 
369	 2.45330105078823E-02 
370	 2.45582716959667E-02 
371	 2.46384063191302E-02 
372	 2.44479668274275E-02 
373	 2.43908363974817E-02 
374	 2.44514539195746E-02 
375	 2.44214441899037E-02 
376	 2.44857275560251E-02 
377	 2.46133858518081E-02 
378	 2.47403504943763E-02 
379	 0.024785058630344 
380	 2.47700092907735E-02 
381	 0.024778131418072 
382	 2.49033553481828E-02 
383	 0.0249758280007 
384	 2.50063766184569E-02 
385	 2.49605719447239E-02 
386	 2.45876492130315E-02 
387	 2.46176947274131E-02 
388	 0.024914099770642 
389	 2.49930365543511E-02 
390	 2.51173761860138E-02 
391	 2.53102247009927E-02 
392	 2.55059970415332E-02 
393	 2.55131215032395E-02 
394	 2.55009936618177E-02 
395	 2.54617841382107E-02 
396	 0.025358542882061 
397	 0.025457589819666 
398	 0.025571796724154 
399	 2.56106028341699E-02 
400	 2.57197573714589E-02 
401	 2.57476857771661E-02 
402	 2.57404122285844E-02 
403	 0.025790459572888 
404	 2.57525254714234E-02 
405	 2.57719778844397E-02 
406	 2.58926852976025E-02 
407	 2.59280596718266E-02 
408	 2.59953719895507E-02 
409	 2.61280376908264E-02 
410	 2.63212607371746E-02 
411	 2.65237516583703E-02 
412	 2.66811642377559E-02 
413	 2.67970187148256E-02 
414	 2.69689726754881E-02 
415	 2.71213547551952E-02 
416	 2.72346997502175E-02 
417	 2.73141229502927E-02 
418	 2.73851625004629E-02 
419	 0.02751679517421 
420	 2.77318434529745E-02 
421	 2.79886072042525E-02 
422	 2.81900038954314E-02 
423	 0.02836462381989 
424	 0.028578499086283 
425	 2.87911100187041E-02 
426	 0.028957514171339 
427	 2.90982818733256E-02 
428	 2.93398731926223E-02 
429	 2.95517614552186E-02 
430	 2.97024141910726E-02 
431	 2.98134481453348E-02 
432	 0.03000120413589 
433	 3.01683516777513E-02 
434	 3.02686833011393E-02 
435	 3.03331290198983E-02 
436	 3.05250775148027E-02 
437	 3.07508180415296E-02 
438	 3.08753324351114E-02 
439	 3.10221765668974E-02 
440	 3.12129618520252E-02 
441	 3.14124013878708E-02 
442	 3.15180383934103E-02 
443	 3.16328957614903E-02 
444	 3.17723118610279E-02 
445	 3.19359082079556E-02 
446	 3.21864265005804E-02 
447	 0.032405380765515 
448	 3.25549371996302E-02 
449	 3.27089838152105E-02 
450	 3.28871606202047E-02 
451	 3.30454338685402E-02 
452	 3.31408745940063E-02 
453	 3.32417633208462E-02 
454	 3.33658836022121E-02 
455	 3.35038403243655E-02 
456	 0.033618494477603 
457	 3.37032993749502E-02 
458	 3.38032789587539E-02 
459	 3.39419601235319E-02 
460	 0.033981205827209 
461	 3.40083919315989E-02 
462	 3.40713253736995E-02 
463	 0.034164340037939 
464	 3.42202483790233E-02 
465	 3.42701606582445E-02 
466	 3.43545125202953E-02 
467	 3.44514524122808E-02 
468	 3.44905287514107E-02 
469	 0.034497288175581 
470	 3.45843958940057E-02 
471	 3.47125578812077E-02 
472	 3.48079551359233E-02 
473	 3.48282616732946E-02 
474	 3.48519540790404E-02 
475	 3.49501877350967E-02 
476	 3.50723148551074E-02 
477	 3.50803188627477E-02 
478	 3.51258813147267E-02 
479	 3.52248537461578E-02 
480	 3.53466232024383E-02 
481	 3.54015122723234E-02 
482	 3.54430796681014E-02 
483	 3.55160859133641E-02 
484	 3.56511020666697E-02 
485	 3.57328501759476E-02 
486	 3.58263910244056E-02 
487	 3.59806122202345E-02 
488	 0.036123439882828 
489	 0.036239110969484 
490	 3.63682592090665E-02 
491	 3.65731618966206E-02 
492	 3.67701018831024E-02 
493	 3.69733087859506E-02 
494	 3.72064198041349E-02 
495	 3.74840028981676E-02 
496	 3.77790282139697E-02 
497	 3.80709881500638E-02 
498	 3.83584226189581E-02 
499	 3.87740747308664E-02 
500	 3.92612134485364E-02 
501	 3.97703637009373E-02 
502	 4.03092657586633E-02 
503	 4.08481793080733E-02 
504	 0.041419328246029 
505	 4.20761559905828E-02 
506	 4.28196441997599E-02 
507	 4.36056475173646E-02 
508	 4.44346735798708E-02 
509	 4.53771563537529E-02 
510	 4.63699959421424E-02 
511	 4.74212637112476E-02 
512	 4.85649071778893E-02 
513	 0.049824322531645 
514	 5.11826234467301E-02 
515	 5.26207300039046E-02 
516	 5.41112231086975E-02 
517	 5.58053827040572E-02 
518	 5.75961071621329E-02 
519	 5.93228969741184E-02 
520	 6.10285387117346E-02 
521	 6.27417037620722E-02 
522	 0.064494999493081 
523	 6.63025822507984E-02 
524	 0.068077361774727 
525	 6.97630605892592E-02 
526	 7.13613599775626E-02 
527	 0.073031723886908 
528	 0.074637344881806 
529	 7.60795156859755E-02 
530	 7.73410259217212E-02 
531	 7.85910877622269E-02 
532	 0.079819641231766 
533	 8.09695167336268E-02 
534	 8.19915602494317E-02 
535	 8.29677481096569E-02 
536	 8.38703922675101E-02 
537	 8.46222032131514E-02 
538	 8.53558898426674E-02 
539	 8.60727166983513E-02 
540	 8.67606200575116E-02 
541	 8.74232752964302E-02 
542	 8.80613628412207E-02 
543	 8.86631590788411E-02 
544	 8.92198572996875E-02 
545	 8.97469754432161E-02 
546	 9.02651141973106E-02 
547	 9.07656463764218E-02 
548	 9.11851782314216E-02 
549	 9.16035012199556E-02 
550	 0.092014406178107 
551	 9.23708142092643E-02 
552	 9.25805445583927E-02 
553	 9.26566423865922E-02 
554	 9.26168541452109E-02 
555	 9.24748576904785E-02 
556	 9.22003432847569E-02 
557	 9.18090432325931E-02 
558	 9.13304745866031E-02 
559	 9.07746586125464E-02 
560	 9.01205897184097E-02 
561	 8.94023348694231E-02 
562	 8.86895628073496E-02 
563	 8.78214372743581E-02 
564	 8.68279868432085E-02 
565	 8.57726736602987E-02 
566	 8.46756606551583E-02 
567	 8.36044853952438E-02 
568	 8.25244513770609E-02 
569	 8.13357901485804E-02 
570	 8.01378854085647E-02 
571	 7.89900523930762E-02 
572	 7.79153714520603E-02 
573	 7.68609653907566E-02 
574	 7.58578894183882E-02 
575	 7.49052715850017E-02 
576	 0.074015133850767 
577	 7.32697718607876E-02 
578	 7.25863457952263E-02 
579	 7.19261031036577E-02 
580	 0.071339446140805 
581	 7.07879248734278E-02 
582	 7.02512323275654E-02 
583	 6.97177571645542E-02 
584	 0.069177699464112 
585	 6.86496341857854E-02 
586	 6.81918886114074E-02 
587	 6.78923424806919E-02 
588	 6.75358028018344E-02 
589	 6.71665066702254E-02 
590	 6.68683137687006E-02 
591	 6.65408613475534E-02 
592	 6.62267968292992E-02 
593	 6.59557856016331E-02 
594	 6.57583630251712E-02 
595	 0.06557080741169 
596	 6.53694579657715E-02 
597	 6.51477333958112E-02 
598	 6.49166604367494E-02 
599	 6.47034373985419E-02 
600	 6.44745504693091E-02 
601	 6.41850506380648E-02 
602	 6.39270991671026E-02 
603	 6.36432545666722E-02 
604	 6.32913460209349E-02 
605	 6.28708037767144E-02 
606	 6.23726512321914E-02 
607	 6.18880606538563E-02 
608	 6.14790043313811E-02 
609	 6.09510786805199E-02 
610	 6.03934624716047E-02 
611	 5.98656877284205E-02 
612	 5.93742250001892E-02 
613	 5.88334478479912E-02 
614	 5.83145554453712E-02 
615	 5.78720445261256E-02 
616	 5.74151427962602E-02 
617	 5.69554939982791E-02 
618	 5.65458249916014E-02 
619	 5.62329782667352E-02 
620	 5.59195601595149E-02 
621	 5.56575332621554E-02 
622	 5.54651193142899E-02 
623	 5.52641226519792E-02 
624	 0.055104069021566 
625	 0.054983965583082 
626	 5.48864523356799E-02 
627	 0.054807228508405 
628	 5.47488703646491E-02 
629	 5.47022573198257E-02 
630	 5.46420226659889E-02 
631	 5.45583746419029E-02 
632	 5.44374966740595E-02 
633	 5.42716839443932E-02 
634	 5.40762905357731E-02 
635	 5.38204396163632E-02 
636	 5.34728195620447E-02 
637	 5.30141320466828E-02 
638	 0.052505091621962 
639	 5.19904858070894E-02 
640	 5.14880232652966E-02 
641	 5.09736522378507E-02 
642	 5.04476170177113E-02 
643	 0.049902699097749 
644	 4.93392682003595E-02 
645	 4.88325528220778E-02 
646	 4.83428553393371E-02 
647	 4.78748559737558E-02 
648	 4.74858777261215E-02 
649	 4.71126216618776E-02 
650	 4.67625415439804E-02 
651	 4.64540246452751E-02 
652	 4.61954537770934E-02 
653	 4.59283298280401E-02 
654	 0.045670319123035 
655	 4.54706023733723E-02 
656	 4.52637431889465E-02 
657	 4.49079027879238E-02 
658	 4.44291484908348E-02 
659	 4.40687012724455E-02 
660	 4.36658572738753E-02 
661	 4.32527896085798E-02 
662	 4.28902091169011E-02 
663	 4.25052964486076E-02 
664	 4.21890815393075E-02 
665	 4.19401621439046E-02 
666	 4.16523250367403E-02 
667	 0.04147764785575 
668	 4.13473126665944E-02 
669	 4.12163453167819E-02 
670	 0.04124404693675 
671	 4.13031675081861E-02 
672	 4.13592902330482E-02 
673	 4.14379917085165E-02 
674	 4.16297166788005E-02 
675	 4.18722114174312E-02 
676	 4.21263167921316E-02 
677	 4.24147207313838E-02 
678	 4.27360167579402E-02 
679	 4.31584376031747E-02 
680	 4.37225125332626E-02 
681	 4.42929854349346E-02 
682	 4.49220038573494E-02 
683	 0.045658731353086 
684	 4.65518987073969E-02 
685	 4.77665277968814E-02 
686	 4.94767849108424E-02 
687	 5.16250490481532E-02 
688	 5.32675718053869E-02 
689	 5.50197312037584E-02 
690	 5.71415128697835E-02 
691	 5.97002685662256E-02 
692	 6.28445952720311E-02 
693	 6.67390034085839E-02 
694	 7.13263547557807E-02 
695	 7.62499228721705E-02 
696	 8.16469269244818E-02 
697	 8.75437111200294E-02 
698	 9.40721858610294E-02 
699	 0.101142134315423 
700	 0.108618568355504 
701	 0.116350641070227 
702	 0.12420379186718 
703	 0.132125216162407 
704	 0.140148783237245 
705	 0.148360953979887 
706	 0.156667326519735 
707	 0.165124993592176 
708	 0.173686962155948 
709	 0.182314885635018 
710	 0.190984020148226 
711	 0.199778355674162 
712	 0.208747904281585 
713	 0.217830743571943 
714	 0.226942917359905 
715	 0.235974561591321 
716	 0.245273089342379 
717	 0.255196414200451 
718	 0.26548772681798 
719	 0.275701336066677 
720	 0.285176357203746 
721	 0.293684108645344 
722	 0.301817890849997 
723	 0.310636023397585 
724	 0.320074254302126 
725	 0.329171647882488 
726	 0.337610588239978 
727	 0.345672560692134 
728	 0.353636733646749 
729	 0.361386802967143 
730	 0.36885632024762 
731	 0.375937241584932 
732	 0.382479962802077 
733	 0.388496784244094 
734	 0.394252698997435 
735	 0.400015229214892 
736	 0.405681091359778 
737	 0.410943246320878 
738	 0.415767548693242 
739	 0.420457452491465 
740	 0.424873406768888 
741	 0.429020323353223 
742	 0.432914373855009 
743	 0.436513731318958 
744	 0.439795047922076 
745	 0.442838190617589 
746	 0.445724738049933 
747	 0.448354082761287 
748	 0.450785756571825 
749	 0.453057518235896 
750	 0.455161494361442 
751	 0.457180356837182 
752	 0.459066749484317 
753	 0.460765926497341 
754	 0.462277740816388 
755	 0.463807629169896 
756	 0.465470008529393 
757	 0.467236304043957 
758	 0.467997772925221 
759	 0.468933996659421 
760	 0.47266233217506 
761	 0.481459813335849 
762	 0.483649242101618 
763	 0.482139530512441 
764	 0.481037173547909 
765	 0.480116445250672 
766	 0.478906439862788 
767	 0.477715019048536 
768	 0.476940974963006 
769	 0.476649578347093 
770	 0.476667971829524 
771	 0.476883285401377 
772	 0.477227438430727 
773	 0.477560030365157 
774	 0.477875918453119 
775	 0.478225221979889 
776	 0.47871972175406 
777	 0.479064761612768 
778	 0.479390980677343 
779	 0.47986762721405 
780	 0.480306055087378 
781	 0.480695287096839 
782	 0.481027592304675 
783	 0.481319690770469 
784	 0.481766931013058 
785	 0.48223344776871 
786	 0.482623606906982 
787	 0.482956229888836 
788	 0.483328241106583 
789	 0.483761035815277 
790	 0.484211999888643 
791	 0.484522689480874 
792	 0.484818523191141 
793	 0.485163739104385 
794	 0.485564027914951 
795	 0.485849142891019 
796	 0.486187671322203 
797	 0.486584425058895 
798	 0.486896912094245 
799	 0.48708908461289 
800	 0.487358686223702 
801	 0.487785032778695 
802	 0.488196624902146 
803	 0.488494341250254 
804	 0.488827480331899 
805	 0.489284678774742 
806	 0.489513423039016 
807	 0.489658672601935 
808	 0.489848676563187 
809	 0.490174016295757 
810	 0.490610988524332 
811	 0.491007725599527 
812	 0.491291744128679 
813	 0.491519653273257 
814	 0.491974042641095 
815	 0.492588676544963 
816	 0.493245463503637 
817	 0.493910516643251 
818	 0.494609747901385 
819	 0.495163478249124 
820	 0.495344088868988 
821	 0.494821736723868 
822	 0.494417309744274 
823	 0.494879019886884 
824	 0.496426942726099 
825	 0.496944778019016 
826	 0.4966555964499 
827	 0.496167533650971 
828	 0.496233496842361 
829	 0.496715115840298 
830	 0.497190997762932 
831	 0.497400291251033 
832	 0.497457030044195 
833	 0.497771373466868 
834	 0.498203846069338 
835	 0.498521285471059 
836	 0.498638268296509 
837	 0.498771701000115 
838	 0.49894621087317 
839	 0.499109963526838 
840	 0.499323911880606 
841	 0.499553496150331 
842	 0.499792888838131 
843	 0.500055321904346 
844	 0.500387334910515 
845	 0.500744019729054 
846	 0.501019415431341 
847	 0.501066142831245 
848	 0.501052672762059 
849	 0.501201675342289 
850	 0.501574004888994 
851	 0.50184637873872 
852	 0.501845846057148 
853	 0.501756268364211 
854	 0.501976550089688 
855	 0.503111524093719 
856	 0.504150076944051 
857	 0.50453816844456 
858	 0.504226325298515 
859	 0.504053793886962 
860	 0.504212188048697 
861	 0.504606752345527 
862	 0.504918617512435 
863	 0.504919798818526 
864	 0.504636224502034 
865	 0.504369835918725 
866	 0.504744553895797 
867	 0.505541611558714 
868	 0.506442781867739 
869	 0.507104723522019 
870	 0.507217927807186 
871	 0.507048623905025 
872	 0.506915282337205 
873	 0.507058356929395 
874	 0.507284923599026 
875	 0.507523949488572 
876	 0.50778593683228 
877	 0.50807218398092 
878	 0.508172870342585 
879	 0.508239699080985 
880	 0.5084181832901 
881	 0.508814183428612 
882	 0.509100860071972 
883	 0.509290400600811 
884	 0.50939644148224 
885	 0.509406634853427 
886	 0.509581505398159 
887	 0.509843023582532 
888	 0.510113397499001 
889	 0.51038615738687 
890	 0.510461077696143 
891	 0.510500796810555 
892	 0.510602266880655 
893	 0.510456546201725 
894	 0.510141340518105 
895	 0.509818468503967 
896	 0.509705871809538 
897	 0.509990977825632 
898	 0.510338358742011 
899	 0.510818634103264 
900	 0.511668398237482 
901	 0.512807668354239 
902	 0.513881823555977 
903	 0.514511284504804 
904	 0.514387316250026 
905	 0.513812039627448 
906	 0.512979140560946 
907	 0.51220412587348 
908	 0.511924247218783 
909	 0.512709371278187 
910	 0.513601706138036 
911	 0.51398873264264 
912	 0.514147862720431 
913	 0.513897841924339 
914	 0.513655040048749 
915	 0.513780395472107 
916	 0.514265635870687 
917	 0.515057971144069 
918	 0.515752559655109 
919	 0.516025550114718 
920	 0.515942150195078 
921	 0.51578527162216 
922	 0.515500165180274 
923	 0.515056493184035 
924	 0.514888834028984 
925	 0.514986903055434 
926	 0.514718315622456 
927	 0.513390759045819 
928	 0.511748244669101 
929	 0.509442588787937 
930	 0.506640032506126 
931	 0.504093970113794 
932	 0.503256515481852 
933	 0.503194419612653 
934	 0.504108736559344 
935	 0.506971685314891 
936	 0.509924454175431 
937	 0.512752083229028 
938	 0.514894233755667 
939	 0.515573478940261 
940	 0.515104284520002 
941	 0.513280823696261 
942	 0.510729812700358 
943	 0.508823849118872 
944	 0.507500529753423 
945	 0.507112051493969 
946	 0.507499745819494 
947	 0.507788081664467 
948	 0.507270310582586 
949	 0.507103061328396 
950	 0.507419813436385 
951	 0.506636931164945 
952	 0.505546525368946 
953	 0.504663953254772 
954	 0.504267143356883 
955	 0.504243871093513 
956	 0.503604603107631 
957	 0.503055591849788 
958	 0.502958777017577 
959	 0.502321125248452 
960	 0.501900264883164 
961	 0.50159539887014 
962	 0.501343830964609 
963	 0.501550368990813 
964	 0.502003962264126 
965	 0.50232348151199 
966	 0.502274056624764 
967	 0.502021835904835 
968	 0.501813807407288 
969	 0.502097167012429 
970	 0.502699172793849 
971	 0.501756240295666 
972	 0.500549972881665 
973	 0.49999492948787 
974	 0.500241018962955 
975	 0.499548538415572 
976	 0.499889223773908 
977	 0.500546778380883 
978	 0.500514554181121 
979	 0.501160793731603 
980	 0.50175825304751 
981	 0.501971091620846 
982	 0.501812503010912 
983	 0.50186340256231 
984	 0.502171343165011 
985	 0.502299755238584 
986	 0.501951152903648 
987	 0.502017765451348 
988	 0.501891413083436 
989	 0.502416541669567 
990	 0.504015669593804 
991	 0.503536079242971 
992	 0.50329906921606 
993	 0.503691518510201 
994	 0.50415984692894 
995	 0.504058001865894 
996	 0.504293867414192 
997	 0.50463641408265 
998	 0.504482837562486 
999	 0.503728512577061 
1000	 0.503866850564273 
1001	 0.549686883170689 
1002	 0.549897001981268 
1003	 0.550320701093849 
1004	 0.550720966241274 
1005	 0.550965458701353 
1006	 0.551342656246848 
1007	 0.551902773128745 
1008	 0.552380306002177 
1009	 0.552637970821715 
1010	 0.552899285203822 
1011	 0.553364605823555 
1012	 0.553746229382212 
1013	 0.554290962144332 
1014	 0.555022092230527 
1015	 0.555603043560634 
1016	 0.556000752152923 
1017	 0.556460571979262 
1018	 0.55693633923603 
1019	 0.557259749015083 
1020	 0.557399769809907 
1021	 0.557818376340195 
1022	 0.558184377126894 
1023	 0.558312828481423 
1024	 0.558582818790867 
1025	 0.558939168421095 
1026	 0.559250412013696 
1027	 0.559753211890869 
1028	 0.560248942167387 
1029	 0.560628021397616 
1030	 0.561028948196698 
1031	 0.561397850780458 
1032	 0.561677047842707 
1033	 0.562126016929169 
1034	 0.562539288946846 
1035	 0.562795339945064 
1036	 0.563103292001345 
1037	 0.563158114977363 
1038	 0.56342784338974 
1039	 0.563961883891579 
1040	 0.564209498254216 
1041	 0.564763283601365 
1042	 0.565292059323682 
1043	 0.565588332852202 
1044	 0.565967253498224 
1045	 0.566476821188446 
1046	 0.566797128092714 
1047	 0.566966941659323 
1048	 0.567092214414835 
1049	 0.567202487816058 
1050	 0.567508073165524 
1051	 0.567899203017199 
1052	 0.568244325673359 
1053	 0.568545265864806 
1054	 0.568691568390795 
1055	 0.56874411743731 
1056	 0.568771169378686 
1057	 0.568835640838428 
1058	 0.568803085188273 
1059	 0.568974307676808 
1060	 0.569319798018596 
1061	 0.569542261609483 
1062	 0.5697144096963 
1063	 0.57003498073412 
1064	 0.570239978988927 
1065	 0.570358782376727 
1066	 0.570476491777449 
1067	 0.570544232075717 
1068	 0.570416505302373 
1069	 0.5704638678794 
1070	 0.570568352870011 
1071	 0.570890698523812 
1072	 0.570958897320168 
1073	 0.571057357191019 
1074	 0.570936128932901 
1075	 0.570537850016453 
1076	 0.570345318211737 
1077	 0.570114663918851 
1078	 0.569877252264033 
1079	 0.569986056167545 
1080	 0.570048331423993 
1081	 0.57010033946592 
1082	 0.570244082557828 
1083	 0.570187786324182 
1084	 0.569924546149094 
1085	 0.569799378769472 
1086	 0.569598497421682 
1087	 0.569459292311013 
1088	 0.569422082014776 
1089	 0.569362675028557 
1090	 0.569249556132738 
1091	 0.569146118450655 
1092	 0.569198109452588 
1093	 0.569069961089347 
1094	 0.568738643544897 
1095	 0.568518153675296 
1096	 0.568466858505212 
1097	 0.568395909409992 
1098	 0.568470464549591 
1099	 0.568947781167989 
1100	 0.569061816838484 
1101	 0.569047216824567 
1102	 0.569037717436449 
1103	 0.568896025324003 
1104	 0.568859664007124 
1105	 0.568916595882186 
1106	 0.568842485485197 
1107	 0.568783621499281 
1108	 0.568523700801864 
1109	 0.5683418597139 
1110	 0.568350699468626 
1111	 0.568462355835045 
1112	 0.568906379839064 
1113	 0.569087456603355 
1114	 0.569133938162411 
1115	 0.569437145907592 
1116	 0.569977831165918 
1117	 0.57020267210659 
1118	 0.570505428988109 
1119	 0.570688624115514 
1120	 0.570494156571195 
1121	 0.57023688569445 
1122	 0.56971661164579 
1123	 0.569445527471622 
1124	 0.569183911980449 
1125	 0.568900472592216 
1126	 0.568243488342642 
1127	 0.567859625726379 
1128	 0.566911632454764 
1129	 0.565023505097221 
1130	 0.563997661052083 
1131	 0.563799651154732 
1132	 0.562573119730645 
1133	 0.561089443965985 
1134	 0.559764601330125 
1135	 0.558140302472747 
1136	 0.556415543547024 
1137	 0.554782563919582 
1138	 0.553211925445452 
1139	 0.551353831124146 
1140	 0.549456120052581 
1141	 0.5479314986844 
1142	 0.546940339920419 
1143	 0.54528660082014 
1144	 0.543605180414209 
1145	 0.541613550745033 
1146	 0.539119875714465 
1147	 0.537073702154008 
1148	 0.535083581588224 
1149	 0.533121180621051 
1150	 0.531441231035137 
1151	 0.529632121658002 
1152	 0.527823386122912 
1153	 0.526012506094497 
1154	 0.52436718004774 
1155	 0.522415351041246 
1156	 0.520727357778743 
1157	 0.519278208247126 
1158	 0.518121924692657 
1159	 0.517295491218053 
1160	 0.516437161181534 
1161	 0.51569452241109 
1162	 0.515047234080299 
1163	 0.514490196415034 
1164	 0.513879569076466 
1165	 0.513240490178629 
1166	 0.512752839975401 
1167	 0.512216318310722 
1168	 0.511812900674151 
1169	 0.511692919347026 
1170	 0.511377160298061 
1171	 0.510883904192028 
1172	 0.510594074401282 
1173	 0.510267336041861 
1174	 0.509973910287322 
1175	 0.509740696401017 
1176	 0.509599644506893 
1177	 0.509431854863617 
1178	 0.509307517034407 
1179	 0.509116180670678 
1180	 0.508949600045328 
1181	 0.508713972249513 
1182	 0.508338289213243 
1183	 0.508062969450012 
1184	 0.507807133666254 
1185	 0.507558387054945 
1186	 0.507270702850798 
1187	 0.507120029670542 
1188	 0.507021248569717 
1189	 0.507028146146809 
1190	 0.50724315623237 
1191	 0.507358172765977 
1192	 0.507238644175956 
1193	 0.507079708383543 
1194	 0.50700001371157 
1195	 0.506721388104912 
1196	 0.506733336140807 
1197	 0.507108007249964 
1198	 0.507152731574238 
1199	 0.50709329228113 
1200	 0.507141872567312 
1201	 0.506972662226675 
1202	 0.507066422087856 
1203	 0.507508846369451 
1204	 0.507730454593053 
1205	 0.507981791857079 
1206	 0.50815623566029 
1207	 0.508047406805136 
1208	 0.508132067427264 
1209	 0.508362506169246 
1210	 0.508609967480093 
1211	 0.509063929972115 
1212	 0.509386656261453 
1213	 0.509771505644368 
1214	 0.510231130460355 
1215	 0.510483488298757 
1216	 0.510580485184246 
1217	 0.510918138915348 
1218	 0.511235022619738 
1219	 0.51154319779159 
1220	 0.512048193357752 
1221	 0.512441523127176 
1222	 0.512669176792634 
1223	 0.512969544851019 
1224	 0.513304266129643 
1225	 0.513666648351812 
1226	 0.514113618911024 
1227	 0.514613162120565 
1228	 0.515036541381445 
1229	 0.515545734515998 
1230	 0.516058656161251 
1231	 0.51629496258568 
1232	 0.516634160022614 
1233	 0.517108594944655 
1234	 0.517284872582336 
1235	 0.517644453641141 
1236	 0.518025741225488 
1237	 0.518388228574708 
1238	 0.518690364826149 
1239	 0.51908039514112 
1240	 0.519435127622945 
1241	 0.519726741846149 
1242	 0.520097937167548 
1243	 0.520635297939003 
1244	 0.520878639098033 
1245	 0.521002171546771 
1246	 0.521288887756851 
1247	 0.521580902504708 
1248	 0.521930387319906 
1249	 0.522488254687136 
1250	 0.522834969521201 
1251	 0.523038704204654 
1252	 0.523422419951196 
1253	 0.523712103791673 
1254	 0.52383052542196 
1255	 0.524149548083439 
1256	 0.5244741114685 
1257	 0.524794611747528 
1258	 0.525257361030728 
1259	 0.525645858422382 
1260	 0.525910273838608 
1261	 0.526283740473803 
1262	 0.526739322036755 
1263	 0.527085428799899 
1264	 0.527339516587053 
1265	 0.527590533585104 
1266	 0.527607943240258 
1267	 0.527507903504906 
1268	 0.527652831239267 
1269	 0.527896297516422 
1270	 0.527897568835751 
1271	 0.527938568882194 
1272	 0.52800474921604 
1273	 0.527819967431063 
1274	 0.527754884385336 
1275	 0.527721942114048 
1276	 0.527391496940919 
1277	 0.52720432417531 
1278	 0.52715320599036 
1279	 0.526875981000838 
1280	 0.52657382394797 
1281	 0.52618645039785 
1282	 0.525922260755682 
1283	 0.525580464991105 
1284	 0.525419997761076 
1285	 0.525183352821442 
1286	 0.524782959654556 
1287	 0.524237775849571 
1288	 0.523616483038341 
1289	 0.523190837864343 
1290	 0.52296794381138 
1291	 0.522622343802877 
1292	 0.522213500940357 
1293	 0.52180404607174 
1294	 0.52138741981119 
1295	 0.52091605948057 
1296	 0.520344156584946 
1297	 0.519919371265622 
1298	 0.519435626331146 
1299	 0.518861227518204 
1300	 0.51831484224215 
1301	 0.517542947037417 
1302	 0.51665709814313 
1303	 0.51579581974613 
1304	 0.514920012337148 
1305	 0.51399324752713 
1306	 0.513062224915527 
1307	 0.512035861602444 
1308	 0.510996613584861 
1309	 0.509973206744618 
1310	 0.509219522074688 
1311	 0.508420194730615 
1312	 0.507251754559165 
1313	 0.505966007764063 
1314	 0.504650041109109 
1315	 0.503565971124864 
1316	 0.502539827157401 
1317	 0.501363704005627 
1318	 0.500087948811972 
1319	 0.498355493630906 
1320	 0.496727558117153 
1321	 0.495654566732191 
1322	 0.494345920614383 
1323	 0.492884570584759 
1324	 0.491625528875651 
1325	 0.490139195805206 
1326	 0.488635916714248 
1327	 0.487224353254798 
1328	 0.485601213700889 
1329	 0.483915002147372 
1330	 0.482267364428597 
1331	 0.48063851779007 
1332	 0.478964635774988 
1333	 0.47732342617206 
1334	 0.475784700806146 
1335	 0.474234860744195 
1336	 0.472592469539558 
1337	 0.470951278210344 
1338	 0.469498033036003 
1339	 0.467975596266619 
1340	 0.466549392369256 
1341	 0.465468525879499 
1342	 0.46415122584337 
1343	 0.463040342791759 
1344	 0.462400939713884 
1345	 0.461704856550182 
1346	 0.461077239215506 
1347	 0.460373210786828 
1348	 0.459499319797678 
1349	 0.458538657534807 
1350	 0.457607679816003 
1351	 0.457051096392883 
1352	 0.456209783590354 
1353	 0.455118068964226 
1354	 0.455356247394868 
1355	 0.45555422133197 
1356	 0.454332797386605 
1357	 0.45426832661239 
1358	 0.453521771804801 
1359	 0.451841655685055 
1360	 0.446429866614187 
1361	 0.447406083000105 
1362	 0.451262126859545 
1363	 0.44619976983561 
1364	 0.44546721793385 
1365	 0.455867542724946 
1366	 0.452175458073843 
1367	 0.44616095940215 
1368	 0.456443912819063 
1369	 0.392914406145728 
1370	 0.282761082068232 
1371	 0.3060334904912 
1372	 0.414919757401949 
1373	 0.479563106739054 
1374	 0.567001588722786 
1375	 0.588476698203801 
1376	 0.432017264675658 
1377	 0.358945799525083 
1378	 0.369538801712661 
1379	 0.337103178499629 
1380	 0.341110047719458 
1381	 0.362908098691782 
1382	 0.316214686596489 
1383	 0.306103609488342 
1384	 0.360404522725608 
1385	 0.37145778674033 
1386	 0.364750770876514 
1387	 0.386507752789082 
1388	 0.374740380615562 
1389	 0.348375718885037 
1390	 0.301807787110229 
1391	 0.306198531982058 
1392	 0.286882373726613 
1393	 0.253184798737105 
1394	 0.265374060660548 
1395	 0.254096333299806 
1396	 0.240449634326416 
1397	 0.263658283058079 
1398	 0.263544835894111 
1399	 0.250499707588387 
1400	 0.257837856470008 
1401	 0.250481453560068 
1402	 0.232181048815524 
1403	 0.234055258144249 
1404	 0.227246084589594 
1405	 0.211786644859767 
1406	 0.21281702600994 
1407	 0.204529362254567 
1408	 0.19300560585656 
1409	 0.190895799387021 
1410	 0.185428483170806 
1411	 0.181690021254295 
1412	 0.182357696603857 
1413	 0.177843553016307 
1414	 0.170816451463437 
1415	 0.169169570771142 
1416	 0.167993495918961 
1417	 0.167749772213512 
1418	 0.16858923668024 
1419	 0.16427082393277 
1420	 0.160927114202635 
1421	 0.161616304777902 
1422	 0.16163152118468 
1423	 0.161611212704207 
1424	 0.16182015385868 
1425	 0.159672696152115 
1426	 0.157453009852231 
1427	 0.154080032890441 
1428	 0.153318901144127 
1429	 0.153129255200116 
1430	 0.152484882293694 
1431	 0.152073118793765 
1432	 0.151451114351821 
1433	 0.151218537675021 
1434	 0.150565394102219 
1435	 0.150003527922875 
1436	 0.150171794953275 
1437	 0.149741139754719 
1438	 0.149238713474607 
1439	 0.148870651148562 
1440	 0.148595114870843 
1441	 0.147840813675375 
1442	 0.146541719300189 
1443	 0.146656515552345 
1444	 0.147323425821526 
1445	 0.14747872897712 
1446	 0.147944550687325 
1447	 0.147939038421876 
1448	 0.147091337685732 
1449	 0.146548457464442 
1450	 0.146509576549873 
1451	 0.146821799410083 
1452	 0.147350609858583 
1453	 0.147161822915567 
1454	 0.146682144312344 
1455	 0.146814480281939 
1456	 0.147124193493288 
1457	 0.147543472732279 
1458	 0.148063854305 
1459	 0.147984209936548 
1460	 0.147846228514484 
1461	 0.148287453282032 
1462	 0.148253939099957 
1463	 0.148162374794943 
1464	 0.148786124370809 
1465	 0.149325883105624 
1466	 0.14999574310969 
1467	 0.150861180120192 
1468	 0.151688367792982 
1469	 0.152799580991325 
1470	 0.153743258654796 
1471	 0.154823225390748 
1472	 0.155983410944397 
1473	 0.156742148173716 
1474	 0.157140322132612 
1475	 0.157990104913808 
1476	 0.159157143810256 
1477	 0.160649486079342 
1478	 0.162126622034718 
1479	 0.163417813638107 
1480	 0.164906989907084 
1481	 0.166260179977462 
1482	 0.167498937097959 
1483	 0.168740602973273 
1484	 0.1699970149404 
1485	 0.171600101974783 
1486	 0.173125112491727 
1487	 0.174266389191114 
1488	 0.175390213892259 
1489	 0.176515072547525 
1490	 0.177563167082293 
1491	 0.178879174730505 
1492	 0.180376693598082 
1493	 0.181557624972924 
1494	 0.182790902763076 
1495	 0.184223199378451 
1496	 0.185315347892319 
1497	 0.186358777377184 
1498	 0.187563674545384 
1499	 0.188604608692385 
1500	 0.189951816134014 
1501	 0.191677216068848 
1502	 0.192998681174503 
1503	 0.194249756708947 
1504	 0.195807651251731 
1505	 0.197125046752972 
1506	 0.198419131472018 
1507	 0.199962068715505 
1508	 0.201372434649537 
1509	 0.202697616238912 
1510	 0.204205308937275 
1511	 0.205779160885774 
1512	 0.207226241678237 
1513	 0.208724544869461 
1514	 0.210310839597064 
1515	 0.211630649730034 
1516	 0.212869566599395 
1517	 0.214324146202441 
1518	 0.215811356321949 
1519	 0.217297714368699 
1520	 0.218718488225927 
1521	 0.220084234272161 
1522	 0.221513489861558 
1523	 0.222938125690554 
1524	 0.224573249177106 
1525	 0.226236112189522 
1526	 0.227524382120257 
1527	 0.228808566812 
1528	 0.230261987778916 
1529	 0.231709026398984 
1530	 0.233130100130988 
1531	 0.234541439792889 
1532	 0.235994965119641 
1533	 0.237456241370442 
1534	 0.238824885706907 
1535	 0.240185309793765 
1536	 0.241637826700192 
1537	 0.242938865470689 
1538	 0.24400095352308 
1539	 0.245548489484387 
1540	 0.24710887670204 
1541	 0.248413829341121 
1542	 0.249676797748312 
1543	 0.250890789012137 
1544	 0.252160234704324 
1545	 0.253388258149548 
1546	 0.25475133274529 
1547	 0.256205602186941 
1548	 0.257443747146639 
1549	 0.25882402140397 
1550	 0.260292558050117 
1551	 0.26140654679305 
1552	 0.262495071873544 
1553	 0.263676150823707 
1554	 0.264722120013754 
1555	 0.265953505397762 
1556	 0.267360511735412 
1557	 0.268556210938727 
1558	 0.269706781025816 
1559	 0.270979940662129 
1560	 0.272062176114826 
1561	 0.273111026612622 
1562	 0.274405748477269 
1563	 0.275625316696849 
1564	 0.276734963183394 
1565	 0.277970614943982 
1566	 0.27916188723588 
1567	 0.280195524068029 
1568	 0.281223864782622 
1569	 0.282342909569362 
1570	 0.283535733189362 
1571	 0.284762176290133 
1572	 0.286044996708156 
1573	 0.287210395748355 
1574	 0.288147693017876 
1575	 0.288968730387689 
1576	 0.289970446575044 
1577	 0.291166755366142 
1578	 0.292162210705759 
1579	 0.293197146740878 
1580	 0.294284614877302 
1581	 0.295129142345273 
1582	 0.295975927992135 
1583	 0.296917494068938 
1584	 0.297816811636377 
1585	 0.298735289566165 
1586	 0.299824133941617 
1587	 0.300874246693571 
1588	 0.301914606743193 
1589	 0.302892606784738 
1590	 0.303605754255681 
1591	 0.304488528723023 
1592	 0.305493437569113 
1593	 0.306356084326301 
1594	 0.307307756118618 
1595	 0.308146758869698 
1596	 0.308832119740918 
1597	 0.309805893606674 
1598	 0.310781369461682 
1599	 0.311669464509394 
1600	 0.312544588142977 
1601	 0.313171902939126 
1602	 0.314060094768476 
1603	 0.315119053881971 
1604	 0.315902665366079 
1605	 0.316700139470575 
1606	 0.317436428706549 
1607	 0.318062757768039 
1608	 0.318961418392065 
1609	 0.319881600031317 
1610	 0.320601331164231 
1611	 0.321394253154736 
1612	 0.322064943420695 
1613	 0.322779144374675 
1614	 0.323642770474223 
1615	 0.324211171549786 
1616	 0.324763100618221 
1617	 0.325419342732722 
1618	 0.325998407032722 
1619	 0.326797973827888 
1620	 0.327576029943153 
1621	 0.327992253535454 
1622	 0.328646697217779 
1623	 0.329394926333016 
1624	 0.329761281499816 
1625	 0.330288079912447 
1626	 0.330926285933619 
1627	 0.331242487986593 
1628	 0.331721406809629 
1629	 0.332590881473945 
1630	 0.333280042761959 
1631	 0.333819834989073 
1632	 0.334503936824626 
1633	 0.335000129418055 
1634	 0.335339291088457 
1635	 0.335812558755314 
1636	 0.336298891947557 
1637	 0.336850338917893 
1638	 0.337436396092335 
1639	 0.337874231532611 
1640	 0.338324676254621 
1641	 0.33870975972111 
1642	 0.339140456476963 
1643	 0.339733784150559 
1644	 0.34028917700341 
1645	 0.340905825131632 
1646	 0.34122624425571 
1647	 0.341205335354257 
1648	 0.341188296120836 
1649	 0.341110477652816 
1650	 0.341485869739081 
1651	 0.342213109777457 
1652	 0.342741030276888 
1653	 0.343148960599223 
1654	 0.343092875744666 
1655	 0.342791516946258 
1656	 0.343047379973441 
1657	 0.343482789864676 
1658	 0.343727655119061 
1659	 0.344063863614915 
1660	 0.344044746530954 
1661	 0.34364438351015 
1662	 0.343622585424924 
1663	 0.344019968728581 
1664	 0.344245984482003 
1665	 0.344395372224729 
1666	 0.344467606472721 
1667	 0.344131331168022 
1668	 0.344002245314815 
1669	 0.344124431060519 
1670	 0.344142962959692 
1671	 0.344182493855027 
1672	 0.344038564676671 
1673	 0.343666918190901 
1674	 0.343404662233571 
1675	 0.343343848676005 
1676	 0.343197818494226 
1677	 0.342918424519576 
1678	 0.342720126058247 
1679	 0.342452264360019 
1680	 0.342038802269408 
1681	 0.341841956654419 
1682	 0.341439381437359 
1683	 0.34084966527805 
1684	 0.340609087011286 
1685	 0.340262373543703 
1686	 0.339867471227761 
1687	 0.339581925201237 
1688	 0.338991770694856 
1689	 0.33837541569328 
1690	 0.337830945316616 
1691	 0.337306973680831 
1692	 0.33685781324916 
1693	 0.336287161318218 
1694	 0.335870892560917 
1695	 0.33545132300282 
1696	 0.334925591357982 
1697	 0.33467757451385 
1698	 0.334313947627644 
1699	 0.333775239870249 
1700	 0.333392767664895 
1701	 0.332864364870909 
1702	 0.332167376846931 
1703	 0.331624763702662 
1704	 0.33108158802652 
1705	 0.330560222364081 
1706	 0.330306574256778 
1707	 0.32980030330472 
1708	 0.329019230630706 
1709	 0.328306778293236 
1710	 0.32743621232931 
1711	 0.326734129478832 
1712	 0.326224087331887 
1713	 0.325654441647742 
1714	 0.325171443633981 
1715	 0.324592477066667 
1716	 0.323917347347306 
1717	 0.32330424608588 
1718	 0.322653032449823 
1719	 0.322027922653557 
1720	 0.321472828384348 
1721	 0.320833295644393 
1722	 0.320184403614982 
1723	 0.319519450895981 
1724	 0.31871217848788 
1725	 0.318144561657861 
1726	 0.31779998838127 
1727	 0.317216236965683 
1728	 0.316581723542811 
1729	 0.316003802012197 
1730	 0.315181853049053 
1731	 0.314730634003809 
1732	 0.314709028106207 
1733	 0.314357872938906 
1734	 0.314010862668631 
1735	 0.313537572942402 
1736	 0.312888288363701 
1737	 0.31228510230008 
1738	 0.311654613635787 
1739	 0.310918538891222 
1740	 0.310029625509656 
1741	 0.309245385387995 
1742	 0.308496635710881 
1743	 0.307948469038852 
1744	 0.307555008920757 
1745	 0.306888630382917 
1746	 0.30616029866133 
1747	 0.305431141033102 
1748	 0.304585479872156 
1749	 0.303960296507487 
1750	 0.303591572953265 
1751	 0.302950157176112 
1752	 0.301943791401662 
1753	 0.30096995302538 
1754	 0.299806442675504 
1755	 0.299245034217337 
1756	 0.298761334086564 
1757	 0.297840622153212 
1758	 0.297600248165945 
1759	 0.296962212049819 
1760	 0.296021982330738 
1761	 0.295789671614917 
1762	 0.295120212411029 
1763	 0.294294690014282 
1764	 0.293649433791937 
1765	 0.292549936536135 
1766	 0.291752678728835 
1767	 0.291100654413473 
1768	 0.290434185105848 
1769	 0.290405234338806 
1770	 0.290179507974281 
1771	 0.290081676304012 
1772	 0.28978839039489 
1773	 0.289227913694753 
1774	 0.288584883404309 
1775	 0.28755519427157 
1776	 0.286855563353618 
1777	 0.286090532640811 
1778	 0.28572690350236 
1779	 0.286154528786746 
1780	 0.286035434443584 
1781	 0.285852225428842 
1782	 0.285530194172265 
1783	 0.28453103078702 
1784	 0.284152472954593 
1785	 0.284280008867554 
1786	 0.284115001964562 
1787	 0.284103193345512 
1788	 0.283962952420634 
1789	 0.28347641366158 
1790	 0.283342495103086 
1791	 0.28316918597533 
1792	 0.283747916511675 
1793	 0.285308646891111 
1794	 0.285861721794232 
1795	 0.286701551970727 
1796	 0.28715084583245 
1797	 0.286365960534649 
1798	 0.286244637007836 
1799	 0.286901053330723 
1800	 0.286349473326538 
1801	 0.284021174290487 
1802	 0.283948603504854 
1803	 0.284640959796206 
1804	 0.285834086037679 
1805	 0.290447636251606 
1806	 0.292115112172177 
1807	 0.291292122890618 
1808	 0.292081611452228 
1809	 0.29189403726032 
1810	 0.292601348356879 
1811	 0.297348482719184 
1812	 0.297969791675738 
1813	 0.296934108413355 
1814	 0.298828192891567 
1815	 0.30166490997159 
1816	 0.306676052580965 
1817	 0.311619329949716 
1818	 0.306968224726966 
1819	 0.304977528443618 
1820	 0.301810047618422 
1821	 0.300337875347745 
1822	 0.300885583805611 
1823	 0.30380759870436 
1824	 0.305913255032432 
1825	 0.320903517771823 
1826	 0.372285411342527 
1827	 0.393654113589252 
1828	 0.395789231632046 
1829	 0.404517015992811 
1830	 0.362231981169712 
1831	 0.259396472927859 
1832	 0.231892816839261 
1833	 0.252555012860464 
1834	 0.592589847901405 
1835	 0.904387548755238 
1836	 0.539035189721709 
1837	 0.63914709995767 
1838	 0.868098047015099 
1839	 0.456154191275242 
1840	 0.38589246092686 
1841	 0.6138167488876 
1842	 1.14690112396598 
1843	 1.49957877585017 
1844	 1.72238976622032 
1845	 12.2978286318255 
1846	-57.1921755079851 
1847	 1.84823133851738 
1848	 1.63989063723104 
1849	 2.3108512209327 
1850	 0.900694932588243 
1851	 0.958621846213709 
1852	 2.53812884261832 
1853	 2.21409494156611 
1854	 1.92911028158708 
1855	 1.12132684606675 
1856	 0.784503388559092 
1857	 0.349837370958694 
1858	 0.285222771685023 
1859	 2.96378988743996 
1860	 2.18503706615916 
1861	 1.86217809460888 
1862	 0.832492941869125 
1863	 0.501002827720618 
1864	 0.38578189581107 
1865	 3.26248991995784E-02 
1866	 1.25848436769541E-02 
1867	 0.664403693555549 
1868	-0.14435723615602 
1869	-0.638369000814215 
1870	-0.187908092146466 
1871	 9.09135263686775E-02 
1872	 1.15671661161605 
1873	 0.852263580444179 
1874	 0.420372359528938 
1875	 0.471751251622792 
1876	 0.428467053887924 
1877	 2.55975017234912E-02 
1878	 0.165698380950449 
1879	 0.467571970897576 
1880	 0.466635548671758 
1881	 0.193801558260424 
1882	 0.224701732930866 
1883	 0.42242282601947 
1884	 0.381603637767382 
1885	 0.223173978165707 
1886	 0.240916958353182 
1887	 0.36160078415812 
1888	 0.184661479609095 
1889	 8.23188062759465E-02 
1890	 0.161999997299697 
1891	 0.153411091792418 
1892	 0.037843971562919 
1893	-1.02936725298294E-03 
1894	 1.23638324396672E-02 
1895	 2.57365360095995E-02 
1896	-2.11205533445029E-02 
1897	 6.20175406360386E-02 
1898	 0.452867762143259 
1899	 0.596604787491235 
1900	 0.460126347925822 
1901	 0.590528623113205 
1902	 0.654682956735149 
1903	 0.350863749692547 
1904	 0.273272610223535 
1905	 0.471942885193632 
1906	 0.560760052933698 
1907	 0.405065655730723 
1908	 5.43344774511201E-02 
1909	-1.13911395232783E-02 
1910	-1.58159833267059E-02 
1911	-0.115197108003694 
1912	 4.52569469166628E-02 
1913	 0.113429341234433 
1914	 0.185320934211747 
1915	 0.148456291949333 
1916	 0.101166928400751 
1917	 0.032374774845133 
1918	 4.89404497489631E-03 
1919	 4.86430624113766E-02 
1920	 5.07874634193936E-02 
1921	 5.10140209313457E-02 
1922	 7.89537695687314E-02 
1923	 8.06002181564186E-02 
1924	 7.87660221592249E-02 
1925	 8.31040845188696E-02 
1926	 0.120544960631014 
1927	 0.119279913943612 
1928	 0.079951779540088 
1929	 6.90322427298401E-02 
1930	 6.64494831588552E-02 
1931	 4.59878861315058E-02 
1932	 3.40803076030668E-02 
1933	 4.28191521411606E-02 
1934	 4.76139988175419E-02 
1935	 4.34414355659346E-02 
1936	 3.72999812466375E-02 
1937	 3.84256091979932E-02 
1938	 3.36109990853331E-02 
1939	 2.73291646554736E-02 
1940	 3.04021059920044E-02 
1941	 3.63053778512564E-02 
1942	 4.27435288251959E-02 
1943	 4.59128430867922E-02 
1944	 4.76583697028387E-02 
1945	 4.64428034779151E-02 
1946	 4.62852647718566E-02 
1947	 4.29764310302977E-02 
1948	 4.62933424747039E-02 
1949	 4.77499413033926E-02 
1950	 4.54175184814468E-02 
1951	 4.82181978845953E-02 
1952	 4.93392470855048E-02 
1953	 0.046793943417398 
1954	 4.67758213997365E-02 
1955	 4.85289617798492E-02 
1956	 4.81568450585662E-02 
1957	 0.047647149229558 
1958	 4.78660542998891E-02 
1959	 5.04577050573239E-02 
1960	 4.95713697363168E-02 
1961	 4.80673299656551E-02 
1962	 4.99005913420021E-02 
1963	 5.17653955738065E-02 
1964	 5.18126784665737E-02 
1965	 5.12966195908565E-02 
1966	 5.13638870444039E-02 
1967	 5.09429877553036E-02 
1968	 5.14123259460089E-02 
1969	 5.20569539190703E-02 
1970	 5.35128637518536E-02 
1971	 0.053455240339149 
1972	 5.38738484595722E-02 
1973	 5.49273737729273E-02 
1974	 5.46741039820131E-02 
1975	 5.41314538271069E-02 
1976	 0.054645939083316 
1977	 5.50659882884031E-02 
1978	 5.55370406624611E-02 
1979	 5.64026598592758E-02 
1980	 5.68447499789593E-02 
1981	 5.68714399695909E-02 
1982	 5.71505455650695E-02 
1983	 5.75421614917446E-02 
1984	 5.87428767569598E-02 
1985	 5.91907758027392E-02 
1986	 5.88515631448228E-02 
1987	 5.88771171855636E-02 
1988	 5.87755111391622E-02 
1989	 5.92171483284843E-02 
1990	 6.05765281238123E-02 
1991	 6.14276028698384E-02 
1992	 6.16072841294497E-02 
1993	 6.20143873870565E-02 
1994	 0.061660315543042 
1995	 6.18718878933754E-02 
1996	 6.24405314640745E-02 
1997	 6.41448264558658E-02 
1998	 6.41424415907097E-02 
1999	 6.34146146118896E-02 
2000	 6.39223276097256E-02 
2001	 6.42623460754715E-02 
2002	 6.58924811739628E-02 
2003	 6.99963783032735E-02 
2004	 7.22383905345502E-02 
2005	 7.14822199025234E-02 
2006	 7.19662199259939E-02 
2007	 7.12544511537589E-02 
2008	 7.18542604613225E-02 
2009	 0.072932866372699 
2010	 7.56089748741509E-02 
2011	 7.92183269593536E-02 
2012	 7.95846864129558E-02 
2013	 0.077206936750304 
2014	 7.89555354099234E-02 
2015	 0.081278314345087 
2016	 8.03433629193156E-02 
2017	 8.10843158836919E-02 
2018	 8.24306183748069E-02 
2019	 8.29919185509245E-02 
2020	 8.19785210082043E-02 
2021	 0.082749313789534 
2022	 8.48222434507292E-02 
2023	 0.085468501559509 
2024	 8.56433687529049E-02 
2025	 8.62219629389953E-02 
2026	 8.70208130746817E-02 
2027	 0.086933553065542 
2028	 8.65208230107909E-02 
2029	 8.72631545981531E-02 
2030	 8.83748378494463E-02 
2031	 8.85515740736371E-02 
2032	 8.88166128122012E-02 
2033	 8.91960280381218E-02 
2034	 8.98620797549735E-02 
2035	 0.090217469572831 
2036	 9.11383170613499E-02 
2037	 9.21751468689639E-02 
2038	 9.20393235616496E-02 
2039	 9.17977303702432E-02 
2040	 9.22230735740753E-02 
2041	 9.27957687097116E-02 
2042	 9.32352603074276E-02 
2043	 9.33004096381839E-02 
2044	 9.34969830852849E-02 
2045	 9.39963583683593E-02 
2046	 9.50909438721294E-02 
2047	 9.55281235194227E-02 
2048	 9.56792125861712E-02 
2049	 9.61835121203213E-02 
2050	 9.63211840614148E-02 
2051	 9.68889446764763E-02 
2052	 9.83941695911577E-02 
2053	 9.97834997484873E-02 
2054	 9.98223249744577E-02 
2055	 9.97950597758818E-02 
2056	 0.101140636820929 
2057	 0.101797763906361 
2058	 0.101328320012144 
2059	 0.101873222206897 
2060	 0.102735901923888 
2061	 0.103120813890795 
2062	 0.103596507788641 
2063	 0.105307156043376 
2064	 0.106113582239571 
2065	 0.106027704011117 
2066	 0.105536048231124 
2067	 0.106810043721866 
2068	 0.108257868526392 
2069	 0.108137432501625 
2070	 0.10840051218397 
2071	 0.109255451987099 
2072	 0.110211997865863 
2073	 0.110814421671124 
2074	 0.111767558595595 
2075	 0.112676340732463 
2076	 0.112630239459621 
2077	 0.11286915922584 
2078	 0.113935777744827 
2079	 0.114467913658999 
2080	 0.114139594070988 
2081	 0.114809680301916 
2082	 0.115461149456714 
2083	 0.115813614479452 
2084	 0.117096796047949 
2085	 0.11759560429739 
2086	 0.118025093346466 
2087	 0.119469837551282 
2088	 0.119739904388032 
2089	 0.119615605696157 
2090	 0.120153838270362 
2091	 0.120905199565144 
2092	 0.121506293071544 
2093	 0.12279803343722 
2094	 0.123192131722751 
2095	 0.122451446651328 
2096	 0.122881793214964 
2097	 0.123673643841779 
2098	 0.124220512885311 
2099	 0.125091596695555 
2100	 0.126392588728045 
2101	 0.126544781719959 
2102	 0.126655392088005 
2103	 0.127738028395959 
2104	 0.128450276745074 
2105	 0.128721706084182 
2106	 0.128886970451933 
2107	 0.129298126156032 
2108	 0.129562951451412 
2109	 0.129936906017891 
2110	 0.130581335824698 
2111	 0.131104952461134 
2112	 0.131395538283319 
2113	 0.13181118487085 
2114	 0.13203884380229 
2115	 0.133178869790515 
2116	 0.134351305222216 
2117	 0.134930116432708 
2118	 0.135077374177695 
2119	 0.135482677030367 
2120	 0.136118347462185 
2121	 0.13644192046824 
2122	 0.137179107758197 
2123	 0.13813450954106 
2124	 0.138776855389046 
2125	 0.13893686244171 
2126	 0.139433960708176 
2127	 0.140241597428098 
2128	 0.140725193785467 
2129	 0.140954380921337 
2130	 0.141308633838828 
2131	 0.141651072220076 
2132	 0.142193822387112 
2133	 0.142984216036864 
2134	 0.143358438272247 
2135	 0.144150715780271 
2136	 0.144109088415973 
2137	 0.143880423074424 
2138	 0.14444824027023 
2139	 0.144770208061293 
2140	 0.144815352463529 
2141	 0.145500263740532 
2142	 0.146376141523022 
2143	 0.146498335931061 
2144	 0.14627997175054 
2145	 0.146620112757471 
2146	 0.146251573437857 
2147	 0.146593562723198 
2148	 0.148200746435184 
2149	 0.149275203084749 
2150	 0.150073532679873 
2151	 0.150656642849451 
2152	 0.151348040787901 
2153	 0.151824458502258 
2154	 0.151297917965801 
2155	 0.152065177173122 
2156	 0.152521367913837 
2157	 0.152202321731564 
2158	 0.152530840857506 
2159	 0.152889732662605 
2160	 0.15338211731223 
2161	 0.153747644994703 
2162	 0.154403938527933 
2163	 0.154718320147778 
2164	 0.154737150935024 
2165	 0.154382446114242 
2166	 0.154796801359791 
2167	 0.155424665085521 
2168	 0.155677375624017 
2169	 0.156160789329492 
2170	 0.156384150895589 
2171	 0.15595010758309 
2172	 0.155931794340417 
2173	 0.155853421953418 
2174	 0.156906144718251 
2175	 0.158017814296297 
2176	 0.157832637570451 
2177	 0.158121580561456 
2178	 0.158445008817112 
2179	 0.157924195457909 
2180	 0.157840817506653 
2181	 0.158764729583901 
2182	 0.160348835186596 
2183	 0.16187252805719 
2184	 0.162952129837815 
2185	 0.163220279565886 
2186	 0.161627075598562 
2187	 0.161602042797661 
2188	 0.162216351503262 
2189	 0.162540612722586 
2190	 0.163452801687865 
2191	 0.163728678313501 
2192	 0.163145000926939 
2193	 0.163182608422992 
2194	 0.163557072237556 
2195	 0.163807234050557 
2196	 0.164631984538411 
2197	 0.164212373290548 
2198	 0.163560555361456 
2199	 0.163819988251206 
2200	 0.163758912229301 
2201	 0.164024540502675 
2202	 0.16459803663943 
2203	 0.164755356603817 
2204	 0.165624148438259 
2205	 0.166618760366472 
2206	 0.166276602970845 
2207	 0.166119618311348 
2208	 0.16668953753757 
2209	 0.166370489137464 
2210	 0.166248807595414 
2211	 0.166707878111876 
2212	 0.167111598909964 
2213	 0.167099763070736 
2214	 0.166992777863437 
2215	 0.166936788339126 
2216	 0.167826570107415 
2217	 0.169484921994059 
2218	 0.16951964718665 
2219	 0.169446856652608 
2220	 0.169434787321282 
2221	 0.167909853260074 
2222	 0.167098627866776 
2223	 0.167517340214182 
2224	 0.167611194843239 
2225	 0.166690243780093 
2226	 0.166099645605442 
2227	 0.167063267755489 
2228	 0.166368949287435 
2229	 0.165262728412379 
2230	 0.166354889770926 
2231	 0.166052382158722 
2232	 0.165553956803869 
2233	 0.167247783299353 
2234	 0.167286728960394 
2235	 0.165852319400158 
2236	 0.165935526657106 
2237	 0.165155157522763 
2238	 0.162235468801002 
2239	 0.161581055881475 
2240	 0.163066815907462 
2241	 0.162765864825004 
2242	 0.162115400952335 
2243	 0.16156115500017 
2244	 0.15976823668372 
2245	 0.159111447997897 
2246	 0.159841404595863 
2247	 0.159972095249612 
2248	 0.160527697570834 
2249	 0.159877501778208 
2250	 0.158090933807921 
2251	 0.157067811246219 
2252	 0.155432719748074 
2253	 0.153500751950222 
2254	 0.153240253621683 
2255	 0.15199177507476 
2256	 0.151837985300807 
2257	 0.152820661024611 
2258	 0.151682507691383 
2259	 0.152141596344038 
2260	 0.15162083482617 
2261	 0.14875967125275 
2262	 0.148083034445361 
2263	 0.147107254833175 
2264	 0.145102271774834 
2265	 0.144680871140831 
2266	 0.145635528324472 
2267	 0.145182145361727 
2268	 0.142986062714194 
2269	 0.142014337201472 
2270	 0.14111929041371 
2271	 0.139956509961596 
2272	 0.139552639327092 
2273	 0.141876861113301 
2274	 0.142163841126971 
2275	 0.1407186372993 
2276	 0.140037522528423 
2277	 0.139909561166498 
2278	 0.13961715048329 
2279	 0.138808501490376 
2280	 0.13825119472619 
2281	 0.138575490636978 
2282	 0.137662168673044 
2283	 0.136052683380168 
2284	 0.134776443188321 
2285	 0.13213559545374 
2286	 0.130902743846702 
2287	 0.130265272982061 
2288	 0.130374508757857 
2289	 0.130287796335604 
2290	 0.130758392188477 
2291	 0.13034002860969 
2292	 0.128872459264794 
2293	 0.128745945002655 
2294	 0.127182123362723 
2295	 0.125924792760781 
2296	 0.12726469170115 
2297	 0.128008130585394 
2298	 0.129274794099573 
2299	 0.130141499857888 
2300	 0.128610594060475 
2301	 0.126666856345938 
2302	 0.123812189773475 
2303	 0.120004047381253 
2304	 0.119838771484173 
2305	 0.121673304221595 
2306	 0.122389484947962 
2307	 0.122669401566731 
2308	 0.120023565781124 
2309	 0.118149937459242 
2310	 0.119065390739534 
2311	 0.118715261790043 
2312	 0.119853113938202 
2313	 0.1213998215588 
2314	 0.119287818863537 
2315	 0.118829439011135 
2316	 0.120518982696684 
2317	 0.119279769941287 
2318	 0.117238436486039 
2319	 0.116212516601323 
2320	 0.115526183209954 
2321	 0.115018428558057 
2322	 0.11525069530271 
2323	 0.115095618679914 
2324	 0.114618928728204 
2325	 0.11431920144398 
2326	 0.114602056065451 
2327	 0.114425736612704 
2328	 0.113795953708119 
2329	 0.113548229305809 
2330	 0.112696042005639 
2331	 0.112480054896915 
2332	 0.113740125299997 
2333	 0.113783095399494 
2334	 0.113948204225711 
2335	 0.113304630597293 
2336	 0.110830045665946 
2337	 0.109256296922882 
2338	 0.107249340370353 
2339	 0.105659571269665 
2340	 0.103835608167589 
2341	 0.104514747439053 
2342	 0.104882958796632 
2343	 0.103055994251672 
2344	 0.100074350022524 
2345	 0.101790725360831 
2346	 0.104783009696544 
2347	 0.106021132629413 
2348	 0.108161262094786 
2349	 0.105991478376183 
2350	 0.101910930459478 
2351	 0.100930344914061 
2352	 0.103339559409827 
2353	 0.103383242320682 
2354	 0.101176457679265 
2355	 0.102503816408409 
2356	 0.101851264460759 
2357	 0.102661966181132 
2358	 0.106561852247871 
2359	 0.106201920451877 
2360	 0.10041531205628 
2361	 9.52928839549654E-02 
2362	 9.51524739784762E-02 
2363	 9.43198670755244E-02 
2364	 9.71232383310867E-02 
2365	 0.100838301098465 
2366	 9.72572418128561E-02 
2367	 0.092075370330518 
2368	 8.84621362258533E-02 
2369	 9.21377591555293E-02 
2370	 9.79808486087184E-02 
2371	 9.81717131429641E-02 
2372	 9.80351963926546E-02 
2373	 9.59361603065425E-02 
2374	 9.00254470780862E-02 
2375	 9.04183562035429E-02 
2376	 9.43146949218102E-02 
2377	 9.12945939932804E-02 
2378	 0.093769142515391 
2379	 9.98258316843912E-02 
2380	 9.69421635558725E-02 
2381	 9.26286692714442E-02 
2382	 8.92697074713081E-02 
2383	 8.51165049305809E-02 
2384	 8.35969096506589E-02 
2385	 9.16900545713967E-02 
2386	 9.57417295828726E-02 
2387	 8.64768259967749E-02 
2388	 8.54779598547452E-02 
2389	 0.088947424867986 
2390	 0.088089880737041 
2391	 8.83539728304854E-02 
2392	 8.37989065548975E-02 
2393	 7.93060493237361E-02 
2394	 0.076356119345806 
2395	 7.78793727862973E-02 
2396	 8.97585215961835E-02 
2397	 9.23133771059043E-02 
2398	 8.85019289049784E-02 
2399	 9.20012554725731E-02 
2400	 9.03703045030485E-02 
2401	 8.72464723219046E-02 
2402	 9.19394200571605E-02 
2403	 9.21666560071669E-02 
2404	 8.83686971667587E-02 
2405	 8.82610605762732E-02 
2406	 8.10117290912145E-02 
2407	 7.35106737587828E-02 
2408	 7.38899457100198E-02 
2409	 7.59540480395118E-02 
2410	 8.15357101610402E-02 
2411	 7.96164974069137E-02 
2412	 0.068565247889308 
2413	 6.91339628676094E-02 
2414	 7.93447080361664E-02 
2415	 8.71311989723277E-02 
2416	 9.43725937830168E-02 
2417	 9.19608939035081E-02 
2418	 0.082495467452783 
2419	 8.22465042505723E-02 
2420	 8.72945573467571E-02 
2421	 8.19384116491886E-02 
2422	 6.57470605777559E-02 
2423	 0.064089434101321 
2424	 6.59063409530994E-02 
2425	 6.37477800556206E-02 
2426	 8.08672139666186E-02 
2427	 8.37211709567852E-02 
2428	 6.36492995603835E-02 
2429	 5.99368783691712E-02 
2430	 5.87765837065217E-02 
2431	 5.91754546681405E-02 
2432	 7.25211938062538E-02 
2433	 8.43335109746787E-02 
2434	 7.88496916645582E-02 
2435	 5.33206633121297E-02 
2436	 4.59042856396988E-02 
2437	 5.13660172215396E-02 
2438	 0.045154086631179 
2439	 5.85355132787748E-02 
2440	 7.45494930361499E-02 
2441	 6.84383014717257E-02 
2442	 7.59446977634902E-02 
2443	 8.70592076815244E-02 
2444	 7.39178531610084E-02 
2445	 6.49630325750586E-02 
2446	 6.79415641593044E-02 
2447	 6.47753332864692E-02 
2448	 5.69269383333555E-02 
2449	 5.74407911479878E-02 
2450	 6.11020048964629E-02 
2451	 5.35288811913975E-02 
2452	 6.69467347922833E-02 
2453	 0.102486231352338 
2454	 9.23543414018909E-02 
2455	 7.37058408503436E-02 
2456	 9.42145205138367E-02 
2457	 8.42929199625864E-02 
2458	 6.75081744621048E-02 
2459	 8.21732388178566E-02 
2460	 0.065125155144732 
2461	 1.79436676033528E-02 
2462	-4.02622505457871E-03 
2463	 8.66143616784474E-03 
2464	 2.19880129120085E-02 
2465	 4.26014771930897E-02 
2466	 6.15538657769997E-02 
2467	 4.77668459807934E-02 
2468	-8.05356918971281E-03 
2469	-9.77800777034659E-03 
2470	 4.27049160192758E-02 
2471	 5.42876191890344E-02 
2472	 0.084091299770703 
2473	 8.83406487258111E-02 
2474	-3.07694456455642E-03 
2475	-9.17605694765927E-03 
2476	 7.74793976396423E-02 
2477	 9.94936499202519E-02 
2478	 0.102296478940856 
2479	 8.49918253236575E-02 
2480	 2.21380920314831E-02 
2481	-6.00545643097782E-02 
2482	 9.91256108724533E-03 
2483	 7.45449287393404E-02 
2484	 3.67041612261013E-02 
2485	 6.72855152124049E-02 
2486	 3.45659567104023E-02 
2487	-0.127895137210422 
2488	-0.179657789307662 
2489	-0.280060839262847 
2490	-0.336803026591349 
2491	 6.69958938629636E-03 
2492	 0.389143087946191 
2493	 0.334940886425432 
2494	 0.393625175546896 
2495	 0.498717800519013 
2496	 0.497845034155693 
2497	 0.723880253683899 
2498	 0.878093183360541 
2499	 0.289376970783494 
2500	-0.148448850336075 
