Wavelength	09/27/123 at 12:33:48
350	 2.40272357075109E-02 
351	 2.39210273836408E-02 
352	 2.40138579853981E-02 
353	 2.39783456638625E-02 
354	 2.35449207738433E-02 
355	 2.37409222544386E-02 
356	 2.39480170456778E-02 
357	 2.38190751583466E-02 
358	 2.39106469471994E-02 
359	 2.40394453977264E-02 
360	 2.41386623089737E-02 
361	 2.41794979906523E-02 
362	 2.41066264540719E-02 
363	 2.40535862563375E-02 
364	 2.40975986525277E-02 
365	 2.41888672094632E-02 
366	 2.41362464454734E-02 
367	 2.40541811821816E-02 
368	 2.41688577618167E-02 
369	 2.42192594659175E-02 
370	 2.41898877633012E-02 
371	 2.41197364430364E-02 
372	 2.40781726592471E-02 
373	 2.42130291997489E-02 
374	 2.44028336838286E-02 
375	 2.43890746015423E-02 
376	 2.41856375997828E-02 
377	 2.41311782242148E-02 
378	 2.43366211324334E-02 
379	 0.024322306985396 
380	 2.42676039187539E-02 
381	 2.42732406791877E-02 
382	 2.43871113835636E-02 
383	 2.43215651214488E-02 
384	 2.43955841873304E-02 
385	 2.46764595338684E-02 
386	 2.45177129260717E-02 
387	 2.42917721939824E-02 
388	 2.42923917711535E-02 
389	 2.46738107270682E-02 
390	 2.46963056990264E-02 
391	 2.46977477119524E-02 
392	 2.48543608339659E-02 
393	 2.48138576793835E-02 
394	 2.48776983751275E-02 
395	 2.49553478501427E-02 
396	 2.48733589166002E-02 
397	 2.50496228871174E-02 
398	 2.51366066826104E-02 
399	 2.50657339431122E-02 
400	 2.53836135961179E-02 
401	 0.025434446036845 
402	 0.025290161846603 
403	 2.52573515052862E-02 
404	 2.52831676111128E-02 
405	 2.53735953756388E-02 
406	 2.55154025909083E-02 
407	 2.56635991919863E-02 
408	 2.57634608531715E-02 
409	 2.58749250434783E-02 
410	 2.60705275524038E-02 
411	 2.61363490227465E-02 
412	 2.62223331149289E-02 
413	 2.64037372789438E-02 
414	 2.65829151807123E-02 
415	 2.67739883560765E-02 
416	 2.69246597759076E-02 
417	 2.69870544254631E-02 
418	 2.70931638025766E-02 
419	 2.72587544767493E-02 
420	 2.74682681898591E-02 
421	 2.76844102087179E-02 
422	 2.78264743025213E-02 
423	 2.79746406272523E-02 
424	 2.82337624258807E-02 
425	 2.84249382338193E-02 
426	 2.86158729027029E-02 
427	 2.88396453192997E-02 
428	 2.90494478362183E-02 
429	 2.92045643182675E-02 
430	 2.93359369708075E-02 
431	 2.94968702688364E-02 
432	 2.97033036615373E-02 
433	 2.98586964816381E-02 
434	 2.99478689570514E-02 
435	 3.00647632755934E-02 
436	 3.02859391156825E-02 
437	 3.05333514206144E-02 
438	 3.06913398907609E-02 
439	 3.07340455943017E-02 
440	 0.030860601574206 
441	 3.10852554214069E-02 
442	 3.11659695040052E-02 
443	 3.13023206687908E-02 
444	 3.14857342121865E-02 
445	 3.16531904545654E-02 
446	 3.17745160513441E-02 
447	 3.19460789996588E-02 
448	 3.21667310780975E-02 
449	 3.23107225533087E-02 
450	 3.24763989544767E-02 
451	 3.26225540771293E-02 
452	 3.27048250918322E-02 
453	 3.28578886794444E-02 
454	 0.033036226435197 
455	 3.31776010815398E-02 
456	 0.033211467541563 
457	 3.32913769242568E-02 
458	 3.34149426750956E-02 
459	 3.35320066232453E-02 
460	 3.35868333020624E-02 
461	 3.36522395768661E-02 
462	 3.37310975249678E-02 
463	 3.37467657084108E-02 
464	 3.37963366946337E-02 
465	 3.38891366378816E-02 
466	 3.39967967264323E-02 
467	 3.40420119743543E-02 
468	 3.40894078001275E-02 
469	 3.41548632182242E-02 
470	 3.42082314210925E-02 
471	 3.43014524443556E-02 
472	 3.43973249894199E-02 
473	 3.44563620346202E-02 
474	 3.44942847441731E-02 
475	 3.45665270622766E-02 
476	 0.034651545425832 
477	 3.46722991175132E-02 
478	 0.034727597569378 
479	 3.48101627753201E-02 
480	 3.49012992196526E-02 
481	 3.50177991132455E-02 
482	 3.50836362094187E-02 
483	 3.51125442939222E-02 
484	 3.51834799089948E-02 
485	 3.52968454708392E-02 
486	 3.54710129255509E-02 
487	 3.56739547057118E-02 
488	 3.57362951088853E-02 
489	 3.58581923737615E-02 
490	 3.60571640090939E-02 
491	 3.62506567482937E-02 
492	 3.64037424872616E-02 
493	 3.65891444145316E-02 
494	 3.68397808237938E-02 
495	 3.70664584160898E-02 
496	 3.73032204832099E-02 
497	 3.75890988912274E-02 
498	 3.79621844264156E-02 
499	 3.84046509125515E-02 
500	 3.88612110808023E-02 
501	 3.93218106890309E-02 
502	 3.98683847489745E-02 
503	 4.04244816897049E-02 
504	 0.040998650176972 
505	 4.16398826659331E-02 
506	 0.042427342199483 
507	 4.32133562213267E-02 
508	 4.39683899090196E-02 
509	 4.48578314858802E-02 
510	 4.58235818231798E-02 
511	 4.68960034764358E-02 
512	 4.81060097297843E-02 
513	 4.93394378579491E-02 
514	 5.06502627869708E-02 
515	 5.20648081967375E-02 
516	 5.35541693570056E-02 
517	 5.51584863769976E-02 
518	 5.68749983146925E-02 
519	 5.86419198875639E-02 
520	 6.03265156261433E-02 
521	 6.20081037599621E-02 
522	 6.37381418173413E-02 
523	 6.55162102600222E-02 
524	 6.72790146732883E-02 
525	 6.89666044719607E-02 
526	 7.05645891588246E-02 
527	 7.21957512012162E-02 
528	 7.37686223860624E-02 
529	 0.075204763664561 
530	 7.64834527127975E-02 
531	 0.077718849474986 
532	 0.078914628541849 
533	 8.00411712458386E-02 
534	 0.081084173846441 
535	 8.20358890071391E-02 
536	 8.28916856919819E-02 
537	 8.36522588058064E-02 
538	 8.43661346395035E-02 
539	 0.085057392697128 
540	 0.08573280189418 
541	 0.086376611396846 
542	 8.69811071682545E-02 
543	 8.75412466825061E-02 
544	 8.80606017993986E-02 
545	 8.85515953946712E-02 
546	 8.90325817411354E-02 
547	 8.95103031205039E-02 
548	 8.99691511027087E-02 
549	 9.04103148310411E-02 
550	 9.07957621077418E-02 
551	 9.10847670169425E-02 
552	 9.12934940213844E-02 
553	 9.13795932447539E-02 
554	 9.13174635866589E-02 
555	 9.11034482006439E-02 
556	 9.08081544601766E-02 
557	 9.04435534842369E-02 
558	 9.00016669032381E-02 
559	 8.94555311234281E-02 
560	 8.88283465434499E-02 
561	 8.81436726402143E-02 
562	 8.74131051113057E-02 
563	 8.65420775947703E-02 
564	 8.55723777502333E-02 
565	 0.084557654935345 
566	 8.34837195352569E-02 
567	 8.24067095140912E-02 
568	 8.13128001681166E-02 
569	 8.01428982470895E-02 
570	 7.89827970745502E-02 
571	 7.78716090793338E-02 
572	 7.68192572336484E-02 
573	 7.57737310143293E-02 
574	 7.48112491545314E-02 
575	 7.39121079928209E-02 
576	 7.30371080344408E-02 
577	 7.22347259517267E-02 
578	 0.071518145130941 
579	 7.08994414381765E-02 
580	 7.03915097447555E-02 
581	 6.98427186256003E-02 
582	 6.92669216683306E-02 
583	 6.87297151324808E-02 
584	 6.82265532787124E-02 
585	 6.77436159992984E-02 
586	 6.73153283316855E-02 
587	 6.70194102349837E-02 
588	 6.66725488707566E-02 
589	 6.63152052912014E-02 
590	 6.60176026496858E-02 
591	 6.56634546459438E-02 
592	 0.065356164998634 
593	 6.51192731285766E-02 
594	 6.49304543418491E-02 
595	 6.47157667894195E-02 
596	 6.44958521685696E-02 
597	 6.42834928474887E-02 
598	 6.40304797784582E-02 
599	 0.063790485185072 
600	 6.35610903834283E-02 
601	 6.33150094502233E-02 
602	 6.30364272269456E-02 
603	 6.27239148032873E-02 
604	 0.06238090701603 
605	 6.20160153437917E-02 
606	 6.15574221971669E-02 
607	 6.10865639327164E-02 
608	 6.06825671977154E-02 
609	 0.060203550216376 
610	 5.96612234446891E-02 
611	 5.91196150041378E-02 
612	 0.058670875282998 
613	 5.81370757787322E-02 
614	 5.76107069965313E-02 
615	 5.71796802026753E-02 
616	 5.67446048539696E-02 
617	 5.63432366328734E-02 
618	 0.055981683164241 
619	 5.56378946570244E-02 
620	 5.53592969767287E-02 
621	 5.51035846627974E-02 
622	 0.054852013518349 
623	 5.46569371519712E-02 
624	 5.45386201059747E-02 
625	 5.44349541033195E-02 
626	 5.42835431489994E-02 
627	 5.42172538353267E-02 
628	 5.42036432916138E-02 
629	 5.41970480855376E-02 
630	 5.41482851440774E-02 
631	 5.40613547496031E-02 
632	 5.39214859395547E-02 
633	 5.37225156872125E-02 
634	 5.34909723671959E-02 
635	 5.32510410511613E-02 
636	 5.29567995863866E-02 
637	 5.25300623927867E-02 
638	 5.20802690022427E-02 
639	 5.15839357921901E-02 
640	 5.10380391622271E-02 
641	 5.05294751508113E-02 
642	 5.00240198076254E-02 
643	 4.94835668762306E-02 
644	 4.88923019629555E-02 
645	 4.84019313260006E-02 
646	 4.79563936220979E-02 
647	 0.047526608989325 
648	 4.71258856284023E-02 
649	 0.046755929433182 
650	 4.64388571068938E-02 
651	 4.61829903157084E-02 
652	 4.59613971561032E-02 
653	 4.56859592494402E-02 
654	 4.54028641233485E-02 
655	 4.52254681517629E-02 
656	 4.50592815979494E-02 
657	 4.47074024975117E-02 
658	 4.41894317292906E-02 
659	 4.38112800679853E-02 
660	 4.34580200850698E-02 
661	 4.31273060198121E-02 
662	 4.28249167274629E-02 
663	 0.042501241524371 
664	 4.21798647173154E-02 
665	 4.18836192800824E-02 
666	 4.16216226050525E-02 
667	 4.14888336641324E-02 
668	 4.14175978956571E-02 
669	 4.13616777168934E-02 
670	 4.14507873883264E-02 
671	 4.15062144019135E-02 
672	 4.15547705145637E-02 
673	 4.17210834107573E-02 
674	 4.19769635726415E-02 
675	 4.22581183007779E-02 
676	 4.25510905551982E-02 
677	 4.29277982877929E-02 
678	 0.043309233172441 
679	 4.37676351941838E-02 
680	 0.044368268485366 
681	 4.49845291064119E-02 
682	 4.56379264135132E-02 
683	 4.64047321601112E-02 
684	 4.73931744583542E-02 
685	 4.86622170197136E-02 
686	 5.04315819755353E-02 
687	 5.26521404855809E-02 
688	 5.42389729050597E-02 
689	 5.59024126982506E-02 
690	 5.79330538782293E-02 
691	 6.04167582862188E-02 
692	 6.35826366061358E-02 
693	 6.74222168209196E-02 
694	 7.18850832786714E-02 
695	 7.67922101860111E-02 
696	 8.20587234418868E-02 
697	 8.78243540246841E-02 
698	 9.43020309742257E-02 
699	 0.10127427158461 
700	 0.108594630452158 
701	 0.116154022301904 
702	 0.123864780314839 
703	 0.131554889734508 
704	 0.139331278480437 
705	 0.147316489041384 
706	 0.155399793664562 
707	 0.163559021231167 
708	 0.1717967763414 
709	 0.180135756047557 
710	 0.188557521929339 
711	 0.197098785162134 
712	 0.205826178072684 
713	 0.214718835681855 
714	 0.223620417735317 
715	 0.232458076398224 
716	 0.241595190436642 
717	 0.251374174901 
718	 0.261600375511783 
719	 0.271725694344713 
720	 0.281006997908296 
721	 0.289336563837381 
722	 0.297261071262011 
723	 0.305897089962385 
724	 0.315296616021777 
725	 0.324263898764693 
726	 0.332559406980105 
727	 0.340522574227985 
728	 0.348420015628389 
729	 0.356075514406226 
730	 0.363421884588569 
731	 0.37037320207459 
732	 0.376808281832347 
733	 0.382723996273156 
734	 0.388397651541535 
735	 0.394114964403201 
736	 0.399693133157287 
737	 0.404893160381936 
738	 0.409696457280677 
739	 0.414331432817133 
740	 0.418610696388472 
741	 0.422623980340134 
742	 0.42644827284803 
743	 0.429914284371053 
744	 0.433052632805177 
745	 0.435962028334258 
746	 0.438728849966195 
747	 0.44129616540307 
748	 0.443611978292955 
749	 0.445722911571427 
750	 0.447797475433454 
751	 0.449704643702968 
752	 0.451450835600653 
753	 0.453048951741032 
754	 0.454409349307844 
755	 0.45584903142846 
756	 0.457485185209774 
757	 0.459241948476129 
758	 0.460037031269725 
759	 0.46102986808807 
760	 0.464860138327561 
761	 0.473851279468581 
762	 0.475771375477786 
763	 0.473935758694676 
764	 0.472688216866632 
765	 0.471551093135061 
766	 0.470176697222706 
767	 0.468847488827886 
768	 0.467930390121321 
769	 0.467568151845869 
770	 0.467521345602297 
771	 0.4676629876909 
772	 0.467957088204839 
773	 0.468282065916953 
774	 0.46862801846494 
775	 0.468992446133894 
776	 0.469353502146404 
777	 0.469618328916332 
778	 0.469903514818911 
779	 0.470321467710678 
780	 0.470742657134735 
781	 0.471096566390517 
782	 0.471379195891922 
783	 0.471650392086957 
784	 0.472110680098705 
785	 0.472534527440404 
786	 0.472839673236923 
787	 0.473199919975316 
788	 0.473601685538221 
789	 0.473964220656658 
790	 0.474257732752469 
791	 0.474646791113396 
792	 0.47496188138404 
793	 0.475249807734525 
794	 0.475615793211438 
795	 0.475932880221886 
796	 0.476290364571049 
797	 0.476662359753602 
798	 0.476927453521349 
799	 0.477070735103848 
800	 0.477343495245013 
801	 0.477819031996891 
802	 0.478215935392451 
803	 0.47850017090355 
804	 0.478803571647154 
805	 0.479199583846254 
806	 0.479392240375184 
807	 0.47953822022139 
808	 0.479776818042461 
809	 0.480184923402312 
810	 0.480588135836415 
811	 0.480970637273651 
812	 0.481267015751253 
813	 0.481391025036228 
814	 0.481821129068825 
815	 0.48242757149215 
816	 0.483052251053652 
817	 0.483774830541163 
818	 0.484438988371679 
819	 0.484991897519854 
820	 0.485286638579412 
821	 0.48461963537276 
822	 0.484041863244602 
823	 0.484473357375441 
824	 0.486201234478205 
825	 0.48682765552394 
826	 0.486427500807052 
827	 0.485747794979783 
828	 0.485902340689924 
829	 0.486479356397285 
830	 0.486944182647307 
831	 0.487062571780399 
832	 0.487154988584825 
833	 0.487552531103469 
834	 0.48800721455082 
835	 0.488247465099995 
836	 0.488375593816451 
837	 0.488530709104903 
838	 0.488708125269559 
839	 0.488859425158956 
840	 0.489117767962623 
841	 0.489332438982897 
842	 0.489486740291227 
843	 0.48968084282374 
844	 0.490038794842471 
845	 0.490436211538171 
846	 0.490700885640424 
847	 0.490673215671872 
848	 0.490640547466872 
849	 0.490779527240809 
850	 0.491114947783408 
851	 0.491408548926783 
852	 0.491434771657833 
853	 0.491321537974681 
854	 0.491463595194542 
855	 0.492647401597628 
856	 0.493776647352319 
857	 0.494226388288839 
858	 0.493906724998576 
859	 0.493705126268437 
860	 0.49382233194863 
861	 0.494178893436393 
862	 0.494467947906081 
863	 0.494333245411473 
864	 0.494023094423152 
865	 0.493845354137881 
866	 0.494051489734156 
867	 0.494977883569855 
868	 0.495999312655937 
869	 0.496535590301492 
870	 0.496654359563618 
871	 0.496516095782842 
872	 0.496393767043672 
873	 0.496503695441026 
874	 0.496655315944166 
875	 0.496890826439716 
876	 0.497197032537534 
877	 0.497508062373447 
878	 0.497761355596792 
879	 0.497889109320589 
880	 0.497977124135533 
881	 0.498242515115938 
882	 0.498608917286914 
883	 0.498825309947253 
884	 0.498851975550448 
885	 0.498923989260009 
886	 0.499079138897911 
887	 0.499260723350818 
888	 0.499486037187659 
889	 0.499888221960416 
890	 0.49990654203619 
891	 0.499756553322765 
892	 0.499716314439793 
893	 0.499678840016566 
894	 0.499569438518665 
895	 0.499292933777602 
896	 0.498922213631326 
897	 0.49914682115407 
898	 0.499417575680764 
899	 0.499830277974006 
900	 0.500768221779769 
901	 0.502223892900981 
902	 0.503480594699608 
903	 0.504061183736199 
904	 0.503796672721649 
905	 0.503239011229969 
906	 0.502312458762498 
907	 0.501354346549112 
908	 0.501137090063416 
909	 0.501964684102208 
910	 0.502940627351749 
911	 0.503439401470311 
912	 0.503566207208655 
913	 0.503052404601426 
914	 0.502804838058863 
915	 0.503321592859845 
916	 0.503935525210338 
917	 0.504540647740452 
918	 0.505031284216566 
919	 0.505361383135151 
920	 0.505607157811141 
921	 0.505421011370065 
922	 0.504986463192763 
923	 0.50461462189047 
924	 0.504403501190577 
925	 0.50458373906958 
926	 0.504319676576102 
927	 0.502629154142645 
928	 0.500606271551969 
929	 0.498541406221093 
930	 0.496313854123303 
931	 0.49372118574697 
932	 0.492306570242089 
933	 0.491988398528425 
934	 0.492993506762313 
935	 0.49565313259218 
936	 0.499168814406727 
937	 0.502133038106841 
938	 0.503926840371464 
939	 0.504688145715352 
940	 0.504773710925287 
941	 0.503493040389286 
942	 0.50102049015462 
943	 0.498509855355805 
944	 0.497139554863437 
945	 0.496627361454527 
946	 0.496782741716006 
947	 0.49769324679136 
948	 0.497484238132934 
949	 0.497009485142158 
950	 0.496719643198307 
951	 0.49589995132624 
952	 0.495716126450803 
953	 0.495407342674958 
954	 0.494452166120348 
955	 0.493291894670163 
956	 0.493618001795127 
957	 0.493840873635713 
958	 0.493037674274162 
959	 0.492807779568575 
960	 0.492361254737001 
961	 0.49216288012069 
962	 0.492387710421187 
963	 0.492087342442531 
964	 0.492290033587911 
965	 0.492509210137766 
966	 0.492346040638262 
967	 0.492483396526484 
968	 0.492818813340702 
969	 0.493443944556222 
970	 0.49397595008661 
971	 0.492704462044834 
972	 0.490929914852296 
973	 0.489972666937839 
974	 0.490256872045822 
975	 0.489621911675089 
976	 0.489278113482082 
977	 0.489953103962671 
978	 0.491482864233709 
979	 0.491531422638562 
980	 0.491564896546116 
981	 0.491960696565146 
982	 0.492569053505864 
983	 0.493017657838371 
984	 0.492833335275028 
985	 0.4924672641371 
986	 0.492517760901043 
987	 0.492706976385979 
988	 0.493124477015149 
989	 0.493472576769176 
990	 0.493493685294203 
991	 0.493688184054643 
992	 0.493684683370461 
993	 0.494078044623365 
994	 0.495151680733945 
995	 0.49452398246553 
996	 0.494218399372124 
997	 0.494511522441012 
998	 0.494875544989863 
999	 0.494961495131027 
1000	 0.495050108874111 
1001	 0.544088743429637 
1002	 0.544425922338082 
1003	 0.544967256543762 
1004	 0.545379716631837 
1005	 0.545564678138033 
1006	 0.545856563871431 
1007	 0.546172122766706 
1008	 0.546581104272485 
1009	 0.546918538119193 
1010	 0.547403472739102 
1011	 0.547826787123946 
1012	 0.54814063762723 
1013	 0.548700399859596 
1014	 0.549279656638665 
1015	 0.549649902154917 
1016	 0.55009029968556 
1017	 0.550523154792612 
1018	 0.550855440407537 
1019	 0.551113907865823 
1020	 0.551553506158193 
1021	 0.551981936513443 
1022	 0.552295017953856 
1023	 0.552569108516394 
1024	 0.552835560953345 
1025	 0.553117125577323 
1026	 0.553357041152368 
1027	 0.553804170292388 
1028	 0.554230313027551 
1029	 0.554628223456225 
1030	 0.555103373134392 
1031	 0.555477034848791 
1032	 0.555698383831199 
1033	 0.556136352294018 
1034	 0.556571408234852 
1035	 0.556885468794458 
1036	 0.557397972053867 
1037	 0.557703215920372 
1038	 0.557990291066141 
1039	 0.558582425458589 
1040	 0.559018568487216 
1041	 0.55948909803029 
1042	 0.56001078519263 
1043	 0.560202225422986 
1044	 0.560518245978943 
1045	 0.560837167653283 
1046	 0.561177041261855 
1047	 0.561299216954175 
1048	 0.561660858263125 
1049	 0.561965091637497 
1050	 0.562171211274822 
1051	 0.562680470096067 
1052	 0.563062376883381 
1053	 0.563279219612459 
1054	 0.56345699562593 
1055	 0.563463093045761 
1056	 0.56344408503478 
1057	 0.563463762905898 
1058	 0.563427140268085 
1059	 0.563494381077762 
1060	 0.563624244954048 
1061	 0.56373424367424 
1062	 0.56403003223049 
1063	 0.564458417491702 
1064	 0.564833266695038 
1065	 0.565079352518524 
1066	 0.565115477853359 
1067	 0.56492208396858 
1068	 0.564575606825272 
1069	 0.564535636293135 
1070	 0.564469451585155 
1071	 0.564378532240685 
1072	 0.564451718036489 
1073	 0.564775722555908 
1074	 0.56479939871262 
1075	 0.564799512090386 
1076	 0.564863515939543 
1077	 0.564632302908163 
1078	 0.564453225393672 
1079	 0.564373261452041 
1080	 0.564225812116484 
1081	 0.563964294466036 
1082	 0.563915144541827 
1083	 0.563887010037858 
1084	 0.563878953265247 
1085	 0.563879508391079 
1086	 0.564026588764819 
1087	 0.563983355257055 
1088	 0.563778704541647 
1089	 0.563744922860636 
1090	 0.563731409612657 
1091	 0.563650156378898 
1092	 0.563664917344951 
1093	 0.563676018184927 
1094	 0.563653517561578 
1095	 0.563687473896844 
1096	 0.563536064551036 
1097	 0.56327102136597 
1098	 0.563115290554294 
1099	 0.56276556129142 
1100	 0.562699843015803 
1101	 0.563000291924202 
1102	 0.563023382365577 
1103	 0.563016349492591 
1104	 0.563014455250482 
1105	 0.56285792785768 
1106	 0.562801744144295 
1107	 0.562799100824756 
1108	 0.562883857087229 
1109	 0.563032245067933 
1110	 0.563044463788567 
1111	 0.563174259951682 
1112	 0.563389368211505 
1113	 0.563529060502432 
1114	 0.563678335346139 
1115	 0.563838520013662 
1116	 0.564023415291812 
1117	 0.56410213951904 
1118	 0.564052082071757 
1119	 0.564086526729566 
1120	 0.564235602070642 
1121	 0.564102406776545 
1122	 0.563710918195283 
1123	 0.563452488247031 
1124	 0.563115628232631 
1125	 0.562433480003324 
1126	 0.562109724505641 
1127	 0.562531633636222 
1128	 0.561725012526326 
1129	 0.560481572207746 
1130	 0.559138850290887 
1131	 0.557039297649735 
1132	 0.555473382625388 
1133	 0.554187518109662 
1134	 0.55287879164642 
1135	 0.551641490755524 
1136	 0.550454218324138 
1137	 0.549601417337908 
1138	 0.548332243213688 
1139	 0.546840811087842 
1140	 0.545302677186198 
1141	 0.543861734394145 
1142	 0.542338024314878 
1143	 0.540635729474533 
1144	 0.539139006209058 
1145	 0.537201388803812 
1146	 0.534683375134211 
1147	 0.532688746069499 
1148	 0.530797091904565 
1149	 0.52895419597619 
1150	 0.527544283465887 
1151	 0.525744932659159 
1152	 0.523716996598404 
1153	 0.521890829752116 
1154	 0.520006996469727 
1155	 0.518215774317984 
1156	 0.51677895445075 
1157	 0.51564331647343 
1158	 0.514574735327541 
1159	 0.513803082152421 
1160	 0.51283007137522 
1161	 0.511733912757516 
1162	 0.511019928081001 
1163	 0.510323123575486 
1164	 0.509819637442727 
1165	 0.509688781852695 
1166	 0.50929386371238 
1167	 0.508705795407626 
1168	 0.508347248901677 
1169	 0.508165865186009 
1170	 0.507779903236106 
1171	 0.507351779202934 
1172	 0.506984235368973 
1173	 0.506503592405186 
1174	 0.506078946797841 
1175	 0.505726790885209 
1176	 0.505493562061551 
1177	 0.505302715344171 
1178	 0.505149914732926 
1179	 0.504952115359451 
1180	 0.504901230361856 
1181	 0.504662791752688 
1182	 0.504126485130103 
1183	 0.503879140789715 
1184	 0.503767730808241 
1185	 0.503589946898773 
1186	 0.503606570389925 
1187	 0.503471899963993 
1188	 0.503276092952064 
1189	 0.502835294945509 
1190	 0.502723569793124 
1191	 0.502733778069566 
1192	 0.502668145860262 
1193	 0.502752250002891 
1194	 0.502759114455125 
1195	 0.50264483024732 
1196	 0.502565343781502 
1197	 0.502592436977269 
1198	 0.502572948202739 
1199	 0.502388158679086 
1200	 0.502442123219607 
1201	 0.502610093674511 
1202	 0.502758328106399 
1203	 0.503183760360985 
1204	 0.503338752803732 
1205	 0.503277088043563 
1206	 0.503344391348148 
1207	 0.503457500837681 
1208	 0.503575277583428 
1209	 0.504004217193434 
1210	 0.504373737343221 
1211	 0.504546331950754 
1212	 0.504860037363984 
1213	 0.50519558141227 
1214	 0.505360757812497 
1215	 0.505589679244474 
1216	 0.505771548169993 
1217	 0.506116365138531 
1218	 0.506621848415336 
1219	 0.506996001866785 
1220	 0.507395890999726 
1221	 0.507788906542681 
1222	 0.508045629609027 
1223	 0.508355428620126 
1224	 0.508704457206229 
1225	 0.509157382268111 
1226	 0.509618287565134 
1227	 0.510047037323071 
1228	 0.510382290733965 
1229	 0.510785845343733 
1230	 0.511191679280727 
1231	 0.511481611905924 
1232	 0.511743362030927 
1233	 0.512041245921315 
1234	 0.512397918176508 
1235	 0.51270868938323 
1236	 0.51303644072577 
1237	 0.513520048288817 
1238	 0.513905144290237 
1239	 0.514158000987865 
1240	 0.514480607788295 
1241	 0.514871016190177 
1242	 0.51524639671894 
1243	 0.515640593030009 
1244	 0.51593660096115 
1245	 0.516192978756534 
1246	 0.516512030930032 
1247	 0.516773672457215 
1248	 0.517074016352733 
1249	 0.517718244551769 
1250	 0.518261845440254 
1251	 0.518486841185935 
1252	 0.518800810454647 
1253	 0.518939293725215 
1254	 0.518938119937815 
1255	 0.519291454166509 
1256	 0.519620710328265 
1257	 0.520020274722603 
1258	 0.520728952647076 
1259	 0.521160926907592 
1260	 0.521389367058167 
1261	 0.521718603336954 
1262	 0.522065194202007 
1263	 0.522183466340334 
1264	 0.522282817520366 
1265	 0.522714607783017 
1266	 0.5230573478576 
1267	 0.523116424086842 
1268	 0.523198554523854 
1269	 0.523300603516389 
1270	 0.523235516787707 
1271	 0.523111940958978 
1272	 0.523091611984766 
1273	 0.523169445909181 
1274	 0.523192333517964 
1275	 0.52315245571744 
1276	 0.522927403211878 
1277	 0.522512142366966 
1278	 0.522334862705933 
1279	 0.522194159539673 
1280	 0.521921734545365 
1281	 0.521727442421199 
1282	 0.52148586122633 
1283	 0.521074471641544 
1284	 0.520625818759978 
1285	 0.520517582072316 
1286	 0.520333831920618 
1287	 0.519939845306919 
1288	 0.519653817869262 
1289	 0.51922609934337 
1290	 0.518749374900318 
1291	 0.518233608917394 
1292	 0.517578726692836 
1293	 0.517062526030958 
1294	 0.516725965619026 
1295	 0.516328816708394 
1296	 0.515786499231864 
1297	 0.515188638843235 
1298	 0.514352926733901 
1299	 0.51364668659891 
1300	 0.513255486229142 
1301	 0.512602513274512 
1302	 0.511769267476988 
1303	 0.511061843142962 
1304	 0.510350143729854 
1305	 0.509550124077402 
1306	 0.508773688185078 
1307	 0.508105301713665 
1308	 0.507060971754421 
1309	 0.505728605426016 
1310	 0.504744061155018 
1311	 0.50376305688508 
1312	 0.502812018439812 
1313	 0.501937911587016 
1314	 0.500603651440566 
1315	 0.499146832713401 
1316	 0.497916069881496 
1317	 0.496831939357746 
1318	 0.495724352470568 
1319	 0.494374802882453 
1320	 0.492938577739521 
1321	 0.491414310222782 
1322	 0.489961179490537 
1323	 0.4887628777992 
1324	 0.487420525337641 
1325	 0.486056854551875 
1326	 0.484859823735506 
1327	 0.483433472915872 
1328	 0.481942436720176 
1329	 0.480473442273255 
1330	 0.478830347119639 
1331	 0.476936279688153 
1332	 0.475261940508902 
1333	 0.473819420664614 
1334	 0.47194532682855 
1335	 0.470181490056501 
1336	 0.468755181907928 
1337	 0.467024222941004 
1338	 0.465680038005767 
1339	 0.464748810128906 
1340	 0.463542518002118 
1341	 0.462236382219503 
1342	 0.460927048088141 
1343	 0.459825795573467 
1344	 0.459035242981539 
1345	 0.458747912177431 
1346	 0.458417960995294 
1347	 0.457407266982561 
1348	 0.45616264465758 
1349	 0.454787871555053 
1350	 0.453950584681485 
1351	 0.454098905660111 
1352	 0.454062410353815 
1353	 0.453039456674473 
1354	 0.451673181739102 
1355	 0.45058635695056 
1356	 0.450600891809591 
1357	 0.451559548132278 
1358	 0.450224748946261 
1359	 0.448904589020556 
1360	 0.443985041662727 
1361	 0.43708212633969 
1362	 0.439204178929781 
1363	 0.458573257165147 
1364	 0.457055696362736 
1365	 0.431771759511767 
1366	 0.380182274426941 
1367	 0.329052745815455 
1368	 0.407861633890842 
1369	 0.491991011987814 
1370	 0.466340610043394 
1371	 0.399696476103479 
1372	 0.286294559558012 
1373	 0.314069536844561 
1374	 0.450534134457859 
1375	 0.592798012578129 
1376	 0.643661931720202 
1377	 0.543905412975781 
1378	 0.415937137081003 
1379	 0.351047709909672 
1380	 0.334962822934252 
1381	 0.325082504526632 
1382	 0.344391553656106 
1383	 0.392463083208887 
1384	 0.372452049332577 
1385	 0.344272400442405 
1386	 0.381473514959171 
1387	 0.351142524405019 
1388	 0.322284041545632 
1389	 0.31283076450664 
1390	 0.324394212888388 
1391	 0.293165332713126 
1392	 0.302942475422091 
1393	 0.318731471300422 
1394	 0.310174355346028 
1395	 0.303739119604731 
1396	 0.27416679048728 
1397	 0.262173869316466 
1398	 0.264235424732745 
1399	 0.266071940039306 
1400	 0.272785280160129 
1401	 0.255677200201898 
1402	 0.242931309604226 
1403	 0.23433399766273 
1404	 0.220390414278089 
1405	 0.21821775038232 
1406	 0.208963241889061 
1407	 0.193697620739239 
1408	 0.191536306626715 
1409	 0.193306274665948 
1410	 0.190385615660995 
1411	 0.188803489934322 
1412	 0.185764640029233 
1413	 0.179613853172364 
1414	 0.176417466223459 
1415	 0.177109177595997 
1416	 0.177190072483032 
1417	 0.174787670337397 
1418	 0.171304411660395 
1419	 0.16776067361547 
1420	 0.164974408864024 
1421	 0.161272878501154 
1422	 0.158587826140866 
1423	 0.159831566284036 
1424	 0.160520537403708 
1425	 0.158753659565048 
1426	 0.157785380887868 
1427	 0.157334868787255 
1428	 0.155696761708747 
1429	 0.153358595454503 
1430	 0.153659824478181 
1431	 0.154756691052482 
1432	 0.153376234941909 
1433	 0.151909763297318 
1434	 0.151525453647569 
1435	 0.150575343855519 
1436	 0.149636757805701 
1437	 0.148945887310307 
1438	 0.148570014443468 
1439	 0.14825084078435 
1440	 0.148173059033038 
1441	 0.148850836237202 
1442	 0.148573756426419 
1443	 0.147325502656135 
1444	 0.14669848206027 
1445	 0.146491782572077 
1446	 0.146371563141033 
1447	 0.146233709936277 
1448	 0.145667948814346 
1449	 0.145234819500171 
1450	 0.14537655788339 
1451	 0.145640084958633 
1452	 0.146045487091693 
1453	 0.146422986226602 
1454	 0.146368937259329 
1455	 0.14603526306229 
1456	 0.145922523472923 
1457	 0.146095605575549 
1458	 0.145917098513423 
1459	 0.145808804792347 
1460	 0.146082552260238 
1461	 0.146128740895331 
1462	 0.146504528923193 
1463	 0.147153821485 
1464	 0.147334119206433 
1465	 0.147868535874344 
1466	 0.148820481781706 
1467	 0.149485345837943 
1468	 0.150191288032228 
1469	 0.151029006206928 
1470	 0.152021526482744 
1471	 0.152846828721351 
1472	 0.153866431156367 
1473	 0.155117276168399 
1474	 0.156236032198927 
1475	 0.156932137963437 
1476	 0.157847432136304 
1477	 0.15924262538012 
1478	 0.160851124093654 
1479	 0.161964133251741 
1480	 0.162437036455394 
1481	 0.163522696570444 
1482	 0.165014030528296 
1483	 0.166193880792903 
1484	 0.167822979226448 
1485	 0.169387080794388 
1486	 0.170057988795908 
1487	 0.171065182125963 
1488	 0.172682848142132 
1489	 0.17393198996177 
1490	 0.175085616880133 
1491	 0.176348181296091 
1492	 0.177465576159475 
1493	 0.178737248594589 
1494	 0.18006759857977 
1495	 0.181236365105929 
1496	 0.182361848064221 
1497	 0.18350571616876 
1498	 0.184783016711141 
1499	 0.18605385030326 
1500	 0.187417526136376 
1501	 0.188788907272191 
1502	 0.189905536642469 
1503	 0.191211157317233 
1504	 0.192536030108653 
1505	 0.19386951300392 
1506	 0.195449914549718 
1507	 0.196761395982094 
1508	 0.198109998091116 
1509	 0.19973824866857 
1510	 0.201236151949504 
1511	 0.20275108448176 
1512	 0.204241772067232 
1513	 0.20541771396285 
1514	 0.206747161176728 
1515	 0.208373402420232 
1516	 0.209895313200255 
1517	 0.211485181439574 
1518	 0.212884773238813 
1519	 0.214027146861374 
1520	 0.215395209043497 
1521	 0.216783800352032 
1522	 0.218187406446153 
1523	 0.219698616394512 
1524	 0.22122492211134 
1525	 0.222617788444662 
1526	 0.223943886287356 
1527	 0.225413430391999 
1528	 0.226673043130718 
1529	 0.227968865860321 
1530	 0.229585698296136 
1531	 0.231028439205445 
1532	 0.232303911944982 
1533	 0.233714859140058 
1534	 0.235217184136402 
1535	 0.23660804482844 
1536	 0.237993677674587 
1537	 0.239406730829062 
1538	 0.240832875574837 
1539	 0.242103406540711 
1540	 0.243323340726721 
1541	 0.244777031313826 
1542	 0.246163793037569 
1543	 0.247254640500473 
1544	 0.248496242712131 
1545	 0.249794164424878 
1546	 0.250985380779854 
1547	 0.252425780546111 
1548	 0.253809487703573 
1549	 0.255088660202645 
1550	 0.256403089150303 
1551	 0.257576911876828 
1552	 0.258873352155993 
1553	 0.260088232104728 
1554	 0.2612157338263 
1555	 0.262464709963687 
1556	 0.263565473480837 
1557	 0.264780681600237 
1558	 0.26608966508147 
1559	 0.267247711603517 
1560	 0.268484338210297 
1561	 0.269605176937368 
1562	 0.270575438350306 
1563	 0.271644485163821 
1564	 0.272747730887538 
1565	 0.273952235263869 
1566	 0.275175884578766 
1567	 0.276234306729329 
1568	 0.277337680042762 
1569	 0.278445504320647 
1570	 0.279463416039646 
1571	 0.280708267427883 
1572	 0.281899583886153 
1573	 0.282852835510297 
1574	 0.283985511316092 
1575	 0.285070914814722 
1576	 0.285959796045788 
1577	 0.28686178220319 
1578	 0.287826163890902 
1579	 0.28900435635714 
1580	 0.29005330940323 
1581	 0.291033445847723 
1582	 0.292234241393799 
1583	 0.293020261706669 
1584	 0.293670121003158 
1585	 0.294777864212118 
1586	 0.295779783071475 
1587	 0.296612831970571 
1588	 0.297741848382463 
1589	 0.298843164767772 
1590	 0.299596415715622 
1591	 0.300349180916054 
1592	 0.301235920570504 
1593	 0.302009661063779 
1594	 0.30285463466446 
1595	 0.303906777151721 
1596	 0.304758107135587 
1597	 0.305500154704029 
1598	 0.306338534912062 
1599	 0.307143529361189 
1600	 0.308113685292929 
1601	 0.309125643402399 
1602	 0.30999192906995 
1603	 0.310939657507968 
1604	 0.311789487873227 
1605	 0.31250742909081 
1606	 0.313382482107537 
1607	 0.314361558199062 
1608	 0.315225684653331 
1609	 0.315932601860209 
1610	 0.316595565167815 
1611	 0.317143088729134 
1612	 0.31775693933183 
1613	 0.318684547938029 
1614	 0.319430514452788 
1615	 0.319866129585444 
1616	 0.320417698834227 
1617	 0.320986661515155 
1618	 0.321755642392657 
1619	 0.322705606237806 
1620	 0.323349930176856 
1621	 0.323884133782444 
1622	 0.324436787308531 
1623	 0.324856049327134 
1624	 0.325236116900656 
1625	 0.325754946724185 
1626	 0.32649366152186 
1627	 0.327207291527852 
1628	 0.32785821511896 
1629	 0.328643939305329 
1630	 0.329155122802333 
1631	 0.329436667049447 
1632	 0.330031696793042 
1633	 0.330521603277312 
1634	 0.330952409343021 
1635	 0.331717221304154 
1636	 0.332349795201528 
1637	 0.3328684314597 
1638	 0.333397740507498 
1639	 0.333740773231303 
1640	 0.334080762607184 
1641	 0.334564729214647 
1642	 0.335025407817151 
1643	 0.335338006604415 
1644	 0.335730121255674 
1645	 0.336142182736674 
1646	 0.336554499921723 
1647	 0.33720377414206 
1648	 0.337794211645968 
1649	 0.338021723985716 
1650	 0.337978024722628 
1651	 0.338006150144954 
1652	 0.338329534530508 
1653	 0.338722473619391 
1654	 0.339098444464776 
1655	 0.339442965742494 
1656	 0.339444866626326 
1657	 0.339374302778566 
1658	 0.339599537548248 
1659	 0.339772021611183 
1660	 0.340003975321017 
1661	 0.34043945540261 
1662	 0.340461388863339 
1663	 0.340275617438815 
1664	 0.340275311370759 
1665	 0.340144188722664 
1666	 0.340242507394911 
1667	 0.340641369971348 
1668	 0.340624212363199 
1669	 0.340440495284838 
1670	 0.340451997449538 
1671	 0.340240444896978 
1672	 0.340071879647317 
1673	 0.340080946823224 
1674	 0.339745758381534 
1675	 0.339546025554871 
1676	 0.33946821665997 
1677	 0.339076070430416 
1678	 0.338957417373104 
1679	 0.338869385209966 
1680	 0.338480083930854 
1681	 0.338304981187569 
1682	 0.337751650929447 
1683	 0.337011382054788 
1684	 0.336841793689863 
1685	 0.336583350786996 
1686	 0.336336339198076 
1687	 0.336197023470737 
1688	 0.335591676481159 
1689	 0.33489276492506 
1690	 0.334390575856651 
1691	 0.334077686298535 
1692	 0.333944800086175 
1693	 0.333523949969513 
1694	 0.332811101681568 
1695	 0.332078220620605 
1696	 0.331350802416353 
1697	 0.330852362489056 
1698	 0.330712994743082 
1699	 0.330518173515038 
1700	 0.330089299278735 
1701	 0.329593388596502 
1702	 0.328810421164006 
1703	 0.328209254688095 
1704	 0.327641930477633 
1705	 0.327187383753539 
1706	 0.326964730819742 
1707	 0.326492206604761 
1708	 0.325984401063056 
1709	 0.325290268910796 
1710	 0.324177885692462 
1711	 0.323572896587756 
1712	 0.323203540014508 
1713	 0.322737472021382 
1714	 0.32272542861785 
1715	 0.322158439439596 
1716	 0.320993550438292 
1717	 0.320283409648049 
1718	 0.319488651853785 
1719	 0.318967503978657 
1720	 0.319063500876569 
1721	 0.318556280554079 
1722	 0.31772906404652 
1723	 0.317057400253866 
1724	 0.316060680668974 
1725	 0.315536582912119 
1726	 0.315566275646554 
1727	 0.315044679684457 
1728	 0.314406822936897 
1729	 0.313805485092529 
1730	 0.312773550406129 
1731	 0.312250110242044 
1732	 0.312180472023968 
1733	 0.311674641341125 
1734	 0.311075068223526 
1735	 0.310614763303971 
1736	 0.310064385867318 
1737	 0.309695330220589 
1738	 0.309813949420702 
1739	 0.309098568982601 
1740	 0.307728478551569 
1741	 0.30698198879435 
1742	 0.306001901272032 
1743	 0.305418023002115 
1744	 0.305630178354434 
1745	 0.305117748464301 
1746	 0.304234479207302 
1747	 0.303544131605353 
1748	 0.302805186457093 
1749	 0.302101018120047 
1750	 0.301448302700283 
1751	 0.300653747347843 
1752	 0.299849673548528 
1753	 0.299080281544141 
1754	 0.298157919710268 
1755	 0.297554153189854 
1756	 0.296617207403267 
1757	 0.29576933770983 
1758	 0.295740701159689 
1759	 0.295255660040285 
1760	 0.294755623867777 
1761	 0.294299787006493 
1762	 0.293208534530702 
1763	 0.292225601437492 
1764	 0.291192127172054 
1765	 0.290025685564828 
1766	 0.289260123412174 
1767	 0.288980582888008 
1768	 0.288836039125223 
1769	 0.288531409010016 
1770	 0.288056191484767 
1771	 0.286920804626321 
1772	 0.286401175201945 
1773	 0.286564185283292 
1774	 0.286278606254027 
1775	 0.286092475460315 
1776	 0.285806981451382 
1777	 0.284999553818438 
1778	 0.284547097701277 
1779	 0.284239884779238 
1780	 0.284103301919678 
1781	 0.284344726389487 
1782	 0.284228708267408 
1783	 0.284175823854727 
1784	 0.284067714431965 
1785	 0.283507167555653 
1786	 0.283331682145695 
1787	 0.283457970811799 
1788	 0.28349197664194 
1789	 0.28372396754835 
1790	 0.283797734974234 
1791	 0.283807149337193 
1792	 0.283578384123529 
1793	 0.282877677972686 
1794	 0.282818677722822 
1795	 0.282933943344295 
1796	 0.283361567137807 
1797	 0.284658379785524 
1798	 0.285190882236862 
1799	 0.285462113923044 
1800	 0.285806898249361 
1801	 0.286183767702609 
1802	 0.286059779337401 
1803	 0.285234026526156 
1804	 0.285352099756141 
1805	 0.285145191085866 
1806	 0.285504410486408 
1807	 0.287641551541025 
1808	 0.28791197391473 
1809	 0.286856801675001 
1810	 0.285649330408239 
1811	 0.286639170900395 
1812	 0.287174243220259 
1813	 0.288672926645993 
1814	 0.295972170703713 
1815	 0.298544142364901 
1816	 0.302461010981901 
1817	 0.302820689340254 
1818	 0.292839953459812 
1819	 0.294328508632332 
1820	 0.315914694708964 
1821	 0.328421267765155 
1822	 0.351249823537632 
1823	 0.361590098111528 
1824	 0.335204917581365 
1825	 0.321714175278009 
1826	 0.293069300298438 
1827	 0.285317342160095 
1828	 0.322247208732986 
1829	 0.332648349212448 
1830	 0.345174107833892 
1831	 0.331106613300264 
1832	 0.40639566588519 
1833	 0.446368761683364 
1834	 0.646085678058201 
1835	 0.867634609320898 
1836	 0.40401610640094 
1837	 0.358541625487247 
1838	 0.446180247687273 
1839	 0.608450806598992 
1840	 0.675739229569207 
1841	 0.239841401429006 
1842	 0.276320977576947 
1843	 0.266876223407913 
1844	 0.298263543898574 
1845	 6.34237683183482 
1846	-36.7164145870751 
1847	 1.88885281400757 
1848	 2.39443592405346 
1849	 2.7635264269652 
1850	 0.708754977828334 
1851	 0.771080810883329 
1852	 2.62944908781963 
1853	 3.00386909576074 
1854	 7.3632300211764 
1855	 6.20648502494071 
1856	 1.90149965822022 
1857	 1.07492850264586 
1858	 0.939975890839959 
1859	 1.58580776130107 
1860	 0.655730613782582 
1861	-2.04014837847898E-02 
1862	-1.59756543028613 
1863	-0.188441619270599 
1864	-0.07574229958154 
1865	-0.102796822357618 
1866	-0.124992341374237 
1867	 0.249542892956668 
1868	 0.866348982235256 
1869	 0.889661354631298 
1870	 0.702135917823391 
1871	 0.688771847267029 
1872	 1.87730966778335 
1873	 1.48864945668563 
1874	 0.471029017324856 
1875	 0.3407851525096 
1876	 0.549622158070207 
1877	 0.207274871686584 
1878	-3.55569856446195E-02 
1879	 0.162311716777453 
1880	 0.111630499070995 
1881	 3.66957962550315E-03 
1882	-3.00835495137893E-02 
1883	-0.103617683849365 
1884	-0.103006509254304 
1885	-4.99404995200484E-02 
1886	-9.54416718617216E-03 
1887	-4.08598331845348E-02 
1888	-4.46711016274425E-02 
1889	 2.52462220316651E-02 
1890	 6.34575368363876E-02 
1891	 7.15268613674709E-02 
1892	 0.127441215997335 
1893	 0.188514902567002 
1894	 0.211759326547935 
1895	 0.217712020459045 
1896	 0.319125879318013 
1897	 0.305412004930715 
1898	 7.51305095759857E-02 
1899	-5.25421713967867E-02 
1900	-7.04735955847526E-03 
1901	-1.00092202797873E-02 
1902	 2.53732635960937E-02 
1903	 0.216051455990334 
1904	 0.21058742498207 
1905	 2.03483806690512E-02 
1906	 0.152774331369859 
1907	 0.089865054115294 
1908	-7.75961358431435E-03 
1909	 8.56063191038254E-02 
1910	-3.07382621696509E-03 
1911	-0.163638659315626 
1912	-0.130124602559815 
1913	-9.90126762685894E-02 
1914	-8.85203663922394E-02 
1915	-0.05023675253717 
1916	 5.10389545186534E-02 
1917	 5.62907140549305E-02 
1918	 0.042438213464089 
1919	 2.92961314143511E-02 
1920	 1.44465353719856E-02 
1921	 4.80119160474545E-02 
1922	 9.32878215584295E-02 
1923	 0.124027748726197 
1924	 0.121188823489766 
1925	 0.106453681817557 
1926	 0.07712588590598 
1927	 4.54904565929771E-02 
1928	 2.32537075406802E-02 
1929	 0.020039286703093 
1930	 4.20771522185614E-02 
1931	 6.37375007480424E-02 
1932	 6.17809087718873E-02 
1933	 5.73080861265401E-02 
1934	 5.20933335552786E-02 
1935	 4.67919029660029E-02 
1936	 3.52844595893759E-02 
1937	 3.94691460233507E-02 
1938	 4.48569058265999E-02 
1939	 4.34269582802216E-02 
1940	 4.61103156182618E-02 
1941	 4.43001215360197E-02 
1942	 4.07026248548571E-02 
1943	 4.27125774361055E-02 
1944	 4.34688966165281E-02 
1945	 4.16517168845894E-02 
1946	 4.13794750709459E-02 
1947	 4.10494706660811E-02 
1948	 4.19475417164942E-02 
1949	 4.37077471261518E-02 
1950	 4.60881304922336E-02 
1951	 5.20390422458916E-02 
1952	 5.29171458109338E-02 
1953	 4.80980667067697E-02 
1954	 4.73921019617947E-02 
1955	 4.66952628135305E-02 
1956	 4.67123253667636E-02 
1957	 4.85843680504136E-02 
1958	 4.89249256044019E-02 
1959	 4.89113689109713E-02 
1960	 4.88581722454313E-02 
1961	 4.91304950070085E-02 
1962	 4.78379195476641E-02 
1963	 4.60383307245965E-02 
1964	 4.68701384059196E-02 
1965	 4.78248249742721E-02 
1966	 4.85754238380758E-02 
1967	 5.09265117994821E-02 
1968	 5.13658922756536E-02 
1969	 5.20599921900653E-02 
1970	 5.19063904804778E-02 
1971	 5.29435024204365E-02 
1972	 5.30235316407499E-02 
1973	 5.31455020612281E-02 
1974	 5.30841154547176E-02 
1975	 5.28487405649318E-02 
1976	 5.34944912942028E-02 
1977	 5.38938293869731E-02 
1978	 5.46607593201278E-02 
1979	 5.60326659495733E-02 
1980	 5.62340569967344E-02 
1981	 5.61326344304685E-02 
1982	 5.66962500618176E-02 
1983	 5.74628875148336E-02 
1984	 5.73100417194124E-02 
1985	 5.71253202768349E-02 
1986	 0.058316287064956 
1987	 5.86850864839832E-02 
1988	 0.057686427480533 
1989	 5.82394063456198E-02 
1990	 5.95411010825892E-02 
1991	 5.94160000206295E-02 
1992	 0.059922272969143 
1993	 6.08483734774188E-02 
1994	 6.23265610300907E-02 
1995	 6.24461805237902E-02 
1996	 6.21712456514698E-02 
1997	 6.24242506888906E-02 
1998	 6.23995772747483E-02 
1999	 6.26400942893552E-02 
2000	 0.063650572317107 
2001	 6.55386274005624E-02 
2002	 6.71286011919614E-02 
2003	 6.74347358307756E-02 
2004	 0.068107449025287 
2005	 6.97699373847372E-02 
2006	 7.11823556012153E-02 
2007	 7.15835665260509E-02 
2008	 7.27843809461413E-02 
2009	 7.51264195356107E-02 
2010	 7.63374927242552E-02 
2011	 7.55402459331753E-02 
2012	 7.63365455764139E-02 
2013	 7.86377610895082E-02 
2014	 7.86690481751644E-02 
2015	 7.96309346771829E-02 
2016	 8.10165249178043E-02 
2017	 8.07814184128704E-02 
2018	 8.22230816595461E-02 
2019	 8.28066716541963E-02 
2020	 8.32570680205229E-02 
2021	 8.34176511600132E-02 
2022	 8.31240627342534E-02 
2023	 8.29494965569977E-02 
2024	 8.39276707527733E-02 
2025	 0.084863914370223 
2026	 8.49405452663731E-02 
2027	 8.53764338469795E-02 
2028	 8.60880317785243E-02 
2029	 8.65394556454996E-02 
2030	 8.68778300285351E-02 
2031	 8.72838109624105E-02 
2032	 8.77719357733539E-02 
2033	 8.76337708245417E-02 
2034	 8.80683607901279E-02 
2035	 8.91019259548524E-02 
2036	 9.01866568297069E-02 
2037	 9.05601285174853E-02 
2038	 9.05537238481839E-02 
2039	 0.090675075553592 
2040	 9.06773784680262E-02 
2041	 9.05747943405904E-02 
2042	 9.10832404023061E-02 
2043	 9.22063457975951E-02 
2044	 9.30384667606127E-02 
2045	 9.37587063278811E-02 
2046	 9.50147825572196E-02 
2047	 0.095565468271331 
2048	 9.48941406622537E-02 
2049	 9.51866982329572E-02 
2050	 0.095873647580519 
2051	 9.64052200209962E-02 
2052	 9.65228833293302E-02 
2053	 9.75892486019976E-02 
2054	 9.78761943161865E-02 
2055	 9.80301944296511E-02 
2056	 9.93548085584008E-02 
2057	 9.96350215839676E-02 
2058	 0.100138569160653 
2059	 0.101092142924876 
2060	 0.101653778810011 
2061	 0.102121366634917 
2062	 0.102780682080463 
2063	 0.102993326106717 
2064	 0.103470882764031 
2065	 0.1040561361758 
2066	 0.104795330907361 
2067	 0.105083735948954 
2068	 0.106191993737311 
2069	 0.107740013421108 
2070	 0.108013219653368 
2071	 0.108818252317085 
2072	 0.109794404028539 
2073	 0.109339759345648 
2074	 0.109262308686692 
2075	 0.109538496357595 
2076	 0.109962285581817 
2077	 0.110394576923527 
2078	 0.110691238071858 
2079	 0.111671250310079 
2080	 0.113375009997572 
2081	 0.114382898577699 
2082	 0.114579175326361 
2083	 0.115671200064985 
2084	 0.116006587312409 
2085	 0.115819593759172 
2086	 0.11633919918675 
2087	 0.116705254807453 
2088	 0.11745184230323 
2089	 0.118300865929914 
2090	 0.118671296206765 
2091	 0.119047659489771 
2092	 0.119871005271471 
2093	 0.120279649258207 
2094	 0.120924589607613 
2095	 0.122517306977284 
2096	 0.123296040374583 
2097	 0.1232188262329 
2098	 0.124048901596447 
2099	 0.124953343239119 
2100	 0.124969251364659 
2101	 0.125387078658122 
2102	 0.1257052841657 
2103	 0.125270411825525 
2104	 0.126249952699789 
2105	 0.128073419213911 
2106	 0.128232965275126 
2107	 0.128454696176752 
2108	 0.128416761603345 
2109	 0.128906469576133 
2110	 0.129035365085431 
2111	 0.129634027997978 
2112	 0.131243274514802 
2113	 0.131791692922069 
2114	 0.131730437982477 
2115	 0.13187387779559 
2116	 0.131612841223312 
2117	 0.132191366858291 
2118	 0.133242414559596 
2119	 0.133690267665422 
2120	 0.134175012518287 
2121	 0.13485680025677 
2122	 0.135810025100803 
2123	 0.136765893342289 
2124	 0.13748823697385 
2125	 0.138549003131144 
2126	 0.139207972530319 
2127	 0.139257612385694 
2128	 0.139491668034589 
2129	 0.139793235635723 
2130	 0.140059243563744 
2131	 0.139872813234433 
2132	 0.140363415945463 
2133	 0.141469779728397 
2134	 0.142299824970376 
2135	 0.143193819068465 
2136	 0.143797672373836 
2137	 0.143362045021112 
2138	 0.143052694211399 
2139	 0.143642575944615 
2140	 0.144178859711113 
2141	 0.144457632847865 
2142	 0.145143600780713 
2143	 0.145883086907933 
2144	 0.146477358650933 
2145	 0.146564136833783 
2146	 0.146393271558789 
2147	 0.146901590773356 
2148	 0.147304436166897 
2149	 0.147476083064574 
2150	 0.148303397322586 
2151	 0.149092522814167 
2152	 0.149577859605807 
2153	 0.149219378314407 
2154	 0.150002661899988 
2155	 0.151079578326839 
2156	 0.150663675046495 
2157	 0.150860187602148 
2158	 0.151632327517542 
2159	 0.152017995517299 
2160	 0.152642417170085 
2161	 0.152954221626072 
2162	 0.15254713551733 
2163	 0.152567485468013 
2164	 0.152927966467047 
2165	 0.153820599648161 
2166	 0.15406592907583 
2167	 0.154439483608228 
2168	 0.154698813256132 
2169	 0.153908959680146 
2170	 0.154373615736187 
2171	 0.156396025538312 
2172	 0.157013655257918 
2173	 0.157410127382047 
2174	 0.157678201378402 
2175	 0.15713464277868 
2176	 0.156364996837827 
2177	 0.157389452264199 
2178	 0.159147069245165 
2179	 0.159634740029444 
2180	 0.159630930079194 
2181	 0.159416185387803 
2182	 0.158915042472727 
2183	 0.159040360519626 
2184	 0.159765291043943 
2185	 0.160438169397025 
2186	 0.161056531084934 
2187	 0.161079430122483 
2188	 0.161129666636219 
2189	 0.161663806727946 
2190	 0.161657790046834 
2191	 0.161683884781674 
2192	 0.162588762584479 
2193	 0.162989361863934 
2194	 0.162453538061375 
2195	 0.162490365724717 
2196	 0.163148491299874 
2197	 0.163492808292293 
2198	 0.163443139069741 
2199	 0.163779240020328 
2200	 0.164761037016932 
2201	 0.165270593286836 
2202	 0.164514743082762 
2203	 0.164134568974342 
2204	 0.164514988071783 
2205	 0.164846176044598 
2206	 0.165265750522258 
2207	 0.165749454370844 
2208	 0.165857166699176 
2209	 0.166007279409132 
2210	 0.166437771939554 
2211	 0.167820267885125 
2212	 0.168136794905249 
2213	 0.167686951896053 
2214	 0.167816444107336 
2215	 0.167821319785311 
2216	 0.168136002517863 
2217	 0.169425431182228 
2218	 0.169722675696742 
2219	 0.169183777678426 
2220	 0.169204141826488 
2221	 0.169298258497663 
2222	 0.169094947450502 
2223	 0.168900998835799 
2224	 0.16752332301222 
2225	 0.165969484124129 
2226	 0.165009072746698 
2227	 0.164816804369224 
2228	 0.165650494349368 
2229	 0.16529712179645 
2230	 0.164427246518552 
2231	 0.16486538656549 
2232	 0.16495795993646 
2233	 0.165394472315479 
2234	 0.166977664829855 
2235	 0.167120505223961 
2236	 0.165761152515317 
2237	 0.165052136720163 
2238	 0.164693980805891 
2239	 0.163999173777721 
2240	 0.162834035299772 
2241	 0.162316501980533 
2242	 0.162392283405364 
2243	 0.161663332047794 
2244	 0.160087529958119 
2245	 0.159624093904332 
2246	 0.159990482635775 
2247	 0.159443055464091 
2248	 0.1589951347955 
2249	 0.15857144776102 
2250	 0.157768750361224 
2251	 0.156196597937305 
2252	 0.155527061343841 
2253	 0.155738216943605 
2254	 0.154444555698842 
2255	 0.15280050339071 
2256	 0.152667849459888 
2257	 0.153440196764657 
2258	 0.154610309798837 
2259	 0.154288048199787 
2260	 0.15267450483091 
2261	 0.151959426610056 
2262	 0.15014142761199 
2263	 0.148963071947187 
2264	 0.149758942199977 
2265	 0.148098986684999 
2266	 0.14823544169133 
2267	 0.150461913040561 
2268	 0.147849440432746 
2269	 0.143716953761203 
2270	 0.14111010398027 
2271	 0.140011977087998 
2272	 0.139327810332164 
2273	 0.142369737825623 
2274	 0.142271075539786 
2275	 0.139523063859205 
2276	 0.138734017749921 
2277	 0.139404700157701 
2278	 0.138658902967716 
2279	 0.137303051366901 
2280	 0.136886719589626 
2281	 0.13573860369903 
2282	 0.135181687836588 
2283	 0.136536734304184 
2284	 0.136472425601685 
2285	 0.134978689667908 
2286	 0.134123044142751 
2287	 0.133437824945393 
2288	 0.132778831674977 
2289	 0.132299446854309 
2290	 0.131838274130393 
2291	 0.131577446979494 
2292	 0.130838249459887 
2293	 0.128741901201465 
2294	 0.128236302457969 
2295	 0.128365993829008 
2296	 0.128425303903246 
2297	 0.128131875143727 
2298	 0.125881667883801 
2299	 0.125103771443132 
2300	 0.12492790045366 
2301	 0.124172203357056 
2302	 0.124989601718975 
2303	 0.124980397881976 
2304	 0.12346626506639 
2305	 0.123865443224783 
2306	 0.125553408118216 
2307	 0.123425804073625 
2308	 0.119990784502257 
2309	 0.118335274940533 
2310	 0.116857193930087 
2311	 0.117051716020436 
2312	 0.11764256682145 
2313	 0.117168917262795 
2314	 0.115736376755858 
2315	 0.115571630546713 
2316	 0.117863995377788 
2317	 0.119804795605877 
2318	 0.120394151553007 
2319	 0.120050779212545 
2320	 0.116667657078838 
2321	 0.116062901615316 
2322	 0.116613511042444 
2323	 0.117209744282667 
2324	 0.119894655069147 
2325	 0.119747047865712 
2326	 0.1168767338696 
2327	 0.115389869474487 
2328	 0.113287370131555 
2329	 0.112842604523827 
2330	 0.115614965519478 
2331	 0.114939919688232 
2332	 0.111222585475711 
2333	 0.110404135547279 
2334	 0.109036261531659 
2335	 0.108050652960739 
2336	 0.110139423416366 
2337	 0.111245059399805 
2338	 0.112514626453061 
2339	 0.111629929274557 
2340	 0.109751902344902 
2341	 0.107731931975638 
2342	 0.106678837276332 
2343	 0.105688610196853 
2344	 0.104510642634918 
2345	 0.10462095778739 
2346	 0.105420554698881 
2347	 0.102732411987511 
2348	 0.103081749392751 
2349	 0.109172031970036 
2350	 0.111963058444449 
2351	 0.109600717442686 
2352	 0.106312932783957 
2353	 0.10489306121738 
2354	 0.102260061026395 
2355	 9.87967179433785E-02 
2356	 9.85769322849017E-02 
2357	 9.84507778252163E-02 
2358	 0.09765996608098 
2359	 9.91899409966681E-02 
2360	 0.103450440934729 
2361	 0.102858696489222 
2362	 9.86986475680463E-02 
2363	 0.100428990653126 
2364	 0.102605898522337 
2365	 0.103486764416465 
2366	 0.102977912989709 
2367	 9.78552448636513E-02 
2368	 9.62646017858703E-02 
2369	 9.74466174501928E-02 
2370	 9.34050617192383E-02 
2371	 9.10465841672241E-02 
2372	 9.24071974355705E-02 
2373	 8.86221466122875E-02 
2374	 8.73355323871081E-02 
2375	 9.10985746061769E-02 
2376	 9.13972962659844E-02 
2377	 9.50322394582797E-02 
2378	 0.100715815883778 
2379	 9.85058123251829E-02 
2380	 9.57986707998712E-02 
2381	 9.74284303351741E-02 
2382	 9.56988032019591E-02 
2383	 0.094651527322484 
2384	 9.66035608999892E-02 
2385	 0.08859425219382 
2386	 8.07225761478099E-02 
2387	 8.58095590870586E-02 
2388	 8.51074954941875E-02 
2389	 0.078886681728841 
2390	 8.16098090099515E-02 
2391	 0.081763931414746 
2392	 7.99793695535807E-02 
2393	 8.48941661524083E-02 
2394	 8.34029367536164E-02 
2395	 7.83860458871907E-02 
2396	 7.96178088704396E-02 
2397	 0.07751948100939 
2398	 0.073183813078833 
2399	 0.077544856259354 
2400	 8.03226088386483E-02 
2401	 8.11368206104146E-02 
2402	 8.17931784768748E-02 
2403	 7.29679790424348E-02 
2404	 0.068098104628937 
2405	 0.070693474707893 
2406	 7.52135277547635E-02 
2407	 0.077888191021292 
2408	 7.75740018100341E-02 
2409	 0.071316943147474 
2410	 6.30246201638021E-02 
2411	 6.46231198172051E-02 
2412	 7.06616164594733E-02 
2413	 7.37174754098136E-02 
2414	 6.39975486571675E-02 
2415	 6.07526137149072E-02 
2416	 6.69318989846396E-02 
2417	 6.68988172532729E-02 
2418	 7.23187772314767E-02 
2419	 7.38629766948371E-02 
2420	 7.34472990422083E-02 
2421	 0.07057291939505 
2422	 6.12637887859779E-02 
2423	 7.01215971130076E-02 
2424	 8.17615704083037E-02 
2425	 7.14163301350327E-02 
2426	 6.97961094491819E-02 
2427	 7.50043045378985E-02 
2428	 6.36488103811399E-02 
2429	 6.19240658731451E-02 
2430	 6.66991854890311E-02 
2431	 6.33736876591821E-02 
2432	 5.96106419887562E-02 
2433	 5.63454702437571E-02 
2434	 6.27043588568734E-02 
2435	 6.25057739401698E-02 
2436	 0.052038763090163 
2437	 6.02826502491802E-02 
2438	 5.77500995315218E-02 
2439	 4.43989681904725E-02 
2440	 5.82520676143417E-02 
2441	 0.055076681052104 
2442	 3.53746454027699E-02 
2443	 4.67248645344298E-02 
2444	 5.95069140442192E-02 
2445	 5.33907304498787E-02 
2446	 5.53952628965198E-02 
2447	 7.09529907464455E-02 
2448	 6.23579267258135E-02 
2449	 4.57475438064259E-02 
2450	 5.48574394771033E-02 
2451	 4.85493941575012E-02 
2452	 2.70983706191112E-02 
2453	 2.58196100901603E-02 
2454	 4.89598771922673E-02 
2455	 5.61851224378804E-02 
2456	 5.43292384038777E-02 
2457	 0.077719227774338 
2458	 6.81035036091318E-02 
2459	 4.99964807398152E-02 
2460	 5.60411572527855E-02 
2461	 4.97408123044571E-02 
2462	 4.57839469334914E-02 
2463	 5.21161366323316E-02 
2464	 6.65060330659813E-02 
2465	 6.47071268914166E-02 
2466	 2.54363617577564E-02 
2467	-6.11067453955018E-03 
2468	 1.15756348016976E-02 
2469	 1.55061688376762E-02 
2470	 6.36083775662677E-02 
2471	 6.93611744994493E-02 
2472	-1.79585804404965E-02 
2473	-1.17969541987178E-02 
2474	 8.30850933433396E-02 
2475	 0.109222878968886 
2476	 0.156718398634873 
2477	 0.169252461927872 
2478	 6.51268810019161E-02 
2479	 0.100929173703702 
2480	 0.187478108218837 
2481	 0.249068298974885 
2482	 0.200110260005968 
2483	 0.1076460609349 
2484	 5.10219888794249E-02 
2485	-7.26459875188512E-02 
2486	-0.130357072683552 
2487	-2.23821430841659E-02 
2488	 3.78768022165738E-03 
2489	-1.76153344886537E-02 
2490	 9.04489765623392E-02 
2491	-2.24502002006512E-02 
2492	-0.265778867628654 
2493	-7.38599525896948E-02 
2494	 8.75682197214974E-02 
2495	 0.146408511306548 
2496	 0.24066190836891 
2497	 0.112436808835124 
2498	-0.149795751298109 
2499	 3.27624160856133E-04 
2500	 3.29301306876337E-02 
