Wavelength	09/27/123 at 12:34:18
350	 2.48952561796186E-02 
351	 2.49902341540643E-02 
352	 2.50439559929579E-02 
353	 2.47656096478448E-02 
354	 2.41053330452711E-02 
355	 2.44627369235877E-02 
356	 2.48605106470824E-02 
357	 2.46841973362503E-02 
358	 2.45116468513797E-02 
359	 2.45946046638726E-02 
360	 2.47808900534528E-02 
361	 2.47448556121439E-02 
362	 2.45940260747919E-02 
363	 2.46974158982201E-02 
364	 2.50740298396804E-02 
365	 2.49787681307341E-02 
366	 2.48818200364088E-02 
367	 2.48404300781927E-02 
368	 2.47562987341181E-02 
369	 2.48532417488089E-02 
370	 2.48299416070628E-02 
371	 2.46098698593102E-02 
372	 2.47802687595616E-02 
373	 2.48602849146303E-02 
374	 2.47749753855187E-02 
375	 0.02466275737851 
376	 2.46955076852654E-02 
377	 2.48895327294081E-02 
378	 2.51038099414101E-02 
379	 2.48608036485917E-02 
380	 2.47844179921665E-02 
381	 2.48293207536825E-02 
382	 2.46827671010951E-02 
383	 2.48649373341302E-02 
384	 2.51227672206767E-02 
385	 2.51870968478226E-02 
386	 2.49433228283892E-02 
387	 0.024825943690734 
388	 2.49089787108442E-02 
389	 2.50711639023011E-02 
390	 2.51388108436473E-02 
391	 2.52403842610376E-02 
392	 2.54194466086748E-02 
393	 2.54980878339986E-02 
394	 2.56150627994273E-02 
395	 2.56676471403566E-02 
396	 2.55255472055086E-02 
397	 2.55686693780852E-02 
398	 2.56365556312826E-02 
399	 2.56360235956777E-02 
400	 2.56590552964478E-02 
401	 2.57705168753815E-02 
402	 2.58955982320737E-02 
403	 2.59162139113692E-02 
404	 2.58270329990821E-02 
405	 2.57886229945782E-02 
406	 2.58828988067235E-02 
407	 2.60453389019636E-02 
408	 2.61454886318679E-02 
409	 2.62607272336391E-02 
410	 2.65053530744673E-02 
411	 0.026595005344137 
412	 2.66673275891538E-02 
413	 2.68126220891269E-02 
414	 2.69812261338377E-02 
415	 2.71843620277958E-02 
416	 2.73568086812406E-02 
417	 0.027423748569928 
418	 2.74262000168068E-02 
419	 0.027560891607512 
420	 2.78693973366915E-02 
421	 2.81458118049347E-02 
422	 2.83062279453028E-02 
423	 2.84322505626111E-02 
424	 2.86481383014974E-02 
425	 2.88446332423943E-02 
426	 2.90236375318422E-02 
427	 2.91952499245737E-02 
428	 2.93676187294996E-02 
429	 2.95529685720988E-02 
430	 2.97225548109427E-02 
431	 2.98500248213255E-02 
432	 3.00025471371499E-02 
433	 3.01820333100705E-02 
434	 3.03530944130824E-02 
435	 3.04282026257543E-02 
436	 3.06646896843333E-02 
437	 3.09424563375848E-02 
438	 3.10667776143644E-02 
439	 3.11178072098893E-02 
440	 3.12355071503323E-02 
441	 3.14334294573436E-02 
442	 3.15575091974545E-02 
443	 3.17466343946811E-02 
444	 3.19349872391104E-02 
445	 3.20454966694197E-02 
446	 3.22506447449279E-02 
447	 3.24609740224112E-02 
448	 3.26335608217172E-02 
449	 3.28023662982435E-02 
450	 3.29581617434102E-02 
451	 3.30932504878997E-02 
452	 3.32046444203412E-02 
453	 3.33141943983493E-02 
454	 3.34223679574859E-02 
455	 3.35294195410691E-02 
456	 3.36373833736984E-02 
457	 3.37367310106948E-02 
458	 3.38540807618753E-02 
459	 3.39919178514316E-02 
460	 3.40000311408168E-02 
461	 0.0340144165551 
462	 3.40975299522866E-02 
463	 3.42201058331089E-02 
464	 3.42843058627105E-02 
465	 0.034339166355875 
466	 3.44393438682821E-02 
467	 3.44997445105771E-02 
468	 3.45442844732362E-02 
469	 3.45965162706602E-02 
470	 3.46766936493598E-02 
471	 3.47610036575738E-02 
472	 3.48382730974038E-02 
473	 3.48996303009106E-02 
474	 3.49277631680998E-02 
475	 3.50002550486884E-02 
476	 3.50973813762019E-02 
477	 3.51274856193031E-02 
478	 3.51777814577008E-02 
479	 0.035288248326453 
480	 3.54451593071642E-02 
481	 3.55075414394578E-02 
482	 3.55129852954472E-02 
483	 3.55515830603468E-02 
484	 3.57360402854744E-02 
485	 3.58497275584774E-02 
486	 3.59364235156729E-02 
487	 3.60530526276056E-02 
488	 3.61612482662615E-02 
489	 3.63114855657977E-02 
490	 3.65005218241109E-02 
491	 3.66949476216319E-02 
492	 3.68690541446479E-02 
493	 3.70674511376045E-02 
494	 3.73156911368247E-02 
495	 3.75737365757952E-02 
496	 3.78621648915283E-02 
497	 3.81835008929445E-02 
498	 3.85361289048936E-02 
499	 3.89585772387236E-02 
500	 0.039406667278616 
501	 3.98626974296061E-02 
502	 4.03750319685486E-02 
503	 4.09052355789887E-02 
504	 4.14579342327559E-02 
505	 4.20658278831541E-02 
506	 4.28089438337537E-02 
507	 4.36323263027105E-02 
508	 0.04449787350583 
509	 4.54058610793486E-02 
510	 0.046347359590524 
511	 4.73833264744016E-02 
512	 4.85707545413896E-02 
513	 4.97925863101842E-02 
514	 5.11522970573332E-02 
515	 5.26447041183293E-02 
516	 0.054103021932626 
517	 5.57418819630877E-02 
518	 5.75110018503873E-02 
519	 5.92723218618324E-02 
520	 6.09594874817275E-02 
521	 6.26758989653126E-02 
522	 6.44477196798652E-02 
523	 6.62072782130649E-02 
524	 6.79457844090878E-02 
525	 6.96291335942962E-02 
526	 7.12516001465556E-02 
527	 7.29123030488245E-02 
528	 7.45155464141344E-02 
529	 7.59592267383085E-02 
530	 7.71932710457384E-02 
531	 7.84373586643579E-02 
532	 0.07964781757699 
533	 8.07577920808655E-02 
534	 8.18170210714257E-02 
535	 8.28002647917362E-02 
536	 8.36851338748832E-02 
537	 8.44573431985608E-02 
538	 8.51990500685939E-02 
539	 0.085919260823699 
540	 8.66109127099903E-02 
541	 8.72583344482514E-02 
542	 8.78827283714042E-02 
543	 8.84867885289657E-02 
544	 8.90642576804188E-02 
545	 8.95660275625109E-02 
546	 9.00708440309578E-02 
547	 0.090604124734896 
548	 9.10856535240178E-02 
549	 9.15176711903296E-02 
550	 9.18933354812459E-02 
551	 9.22012446361969E-02 
552	 9.23985505365565E-02 
553	 9.25166928210521E-02 
554	 9.25353830784294E-02 
555	 9.23664601073127E-02 
556	 9.20857191121929E-02 
557	 9.17101351199339E-02 
558	 9.12478455800464E-02 
559	 9.07215581283732E-02 
560	 0.090090812383444 
561	 8.93680731961247E-02 
562	 8.86056451186242E-02 
563	 8.77519575283343E-02 
564	 8.68076370207916E-02 
565	 8.57875869979116E-02 
566	 8.47039948876976E-02 
567	 8.36328131562629E-02 
568	 0.082553212700374 
569	 8.13816868928649E-02 
570	 8.02187370523775E-02 
571	 7.90629912289827E-02 
572	 0.077930942773322 
573	 7.69047629783746E-02 
574	 7.59057988109139E-02 
575	 7.49527483625093E-02 
576	 7.41169657950598E-02 
577	 7.33845331084761E-02 
578	 7.26847510805852E-02 
579	 7.20060070548106E-02 
580	 7.14322374361802E-02 
581	 7.08869750172383E-02 
582	 7.03582847918342E-02 
583	 0.069846335769471 
584	 6.92898772794166E-02 
585	 6.87669362129792E-02 
586	 6.83310894969567E-02 
587	 6.79909939975596E-02 
588	 6.76191518513341E-02 
589	 6.72686135561193E-02 
590	 6.70012360630401E-02 
591	 6.66658176433727E-02 
592	 6.63621255448548E-02 
593	 6.61166855200209E-02 
594	 6.59170935947575E-02 
595	 6.57278015981891E-02 
596	 6.55084459663674E-02 
597	 6.52518700525606E-02 
598	 0.065019485795378 
599	 6.48231306987449E-02 
600	 0.064628907617546 
601	 6.43858291920571E-02 
602	 6.41059432990493E-02 
603	 6.37799193411795E-02 
604	 6.34144217247729E-02 
605	 6.30430372847981E-02 
606	 6.25542057214842E-02 
607	 6.20370657840348E-02 
608	 6.15999257198667E-02 
609	 6.11581322713916E-02 
610	 6.06342516242045E-02 
611	 6.00576059823436E-02 
612	 5.95483815402093E-02 
613	 5.90147114929975E-02 
614	 5.84771769328134E-02 
615	 5.79770735388251E-02 
616	 5.75588635077102E-02 
617	 5.71510071759754E-02 
618	 5.67560097570231E-02 
619	 5.64031920925376E-02 
620	 5.60665669739352E-02 
621	 5.58201234755937E-02 
622	 5.56690308614879E-02 
623	 5.54661923779574E-02 
624	 5.53276077209688E-02 
625	 5.52248195202362E-02 
626	 5.50978303397016E-02 
627	 5.50221364010395E-02 
628	 5.49752060075615E-02 
629	 5.49298051328824E-02 
630	 0.054858979932656 
631	 0.054769779272764 
632	 5.46417467873678E-02 
633	 5.44597668878148E-02 
634	 5.42460173358583E-02 
635	 5.39969672925283E-02 
636	 5.36764295999809E-02 
637	 5.32385434321253E-02 
638	 5.27542862894532E-02 
639	 0.052252094353725 
640	 5.17375755458647E-02 
641	 5.11865088262711E-02 
642	 5.06464345586844E-02 
643	 5.01040207004907E-02 
644	 4.95364273682214E-02 
645	 4.90411755578441E-02 
646	 4.85365703101446E-02 
647	 4.80355617085573E-02 
648	 4.76667565287067E-02 
649	 4.72908805779516E-02 
650	 4.69718260582794E-02 
651	 4.67516914137528E-02 
652	 4.64605464416569E-02 
653	 4.61430540033785E-02 
654	 0.045847104053984 
655	 4.56066511828276E-02 
656	 4.54004435365982E-02 
657	 4.50825172673897E-02 
658	 4.46492089592726E-02 
659	 0.044301402882919 
660	 4.38805689419242E-02 
661	 0.043451467227619 
662	 4.31069293134662E-02 
663	 4.27434624669125E-02 
664	 4.24010172139263E-02 
665	 4.21064028654905E-02 
666	 4.18541550563005E-02 
667	 4.16538488554769E-02 
668	 4.15108145220589E-02 
669	 4.14308010117658E-02 
670	 4.14328748844812E-02 
671	 4.14936937062955E-02 
672	 4.15453050033754E-02 
673	 4.15371851210888E-02 
674	 4.17313133443915E-02 
675	 4.20153916468698E-02 
676	 4.22937320294803E-02 
677	 4.25568385863936E-02 
678	 4.28943325642084E-02 
679	 4.33119683824114E-02 
680	 4.37868609194284E-02 
681	 4.42784551761266E-02 
682	 4.49003117174366E-02 
683	 4.56781344059898E-02 
684	 4.65755049517383E-02 
685	 4.77546588930891E-02 
686	 4.94530370284495E-02 
687	 5.16347039265476E-02 
688	 5.32384090779113E-02 
689	 5.49450579170963E-02 
690	 5.70625170428273E-02 
691	 0.059670560949566 
692	 6.28021882876389E-02 
693	 6.66291579179355E-02 
694	 0.07115044408544 
695	 7.60982785822483E-02 
696	 8.14751971112347E-02 
697	 8.73397413555994E-02 
698	 9.38594086554768E-02 
699	 0.100920230803045 
700	 0.108332436798813 
701	 0.115997804760226 
702	 0.123862468458283 
703	 0.131788190161119 
704	 0.139774505291325 
705	 0.147924715944107 
706	 0.156211777238057 
707	 0.164631354515886 
708	 0.173156182824638 
709	 0.181762001221742 
710	 0.190371151395484 
711	 0.199083862927285 
712	 0.207978374543287 
713	 0.21702322175805 
714	 0.226124544793318 
715	 0.23511152805706 
716	 0.244313633785562 
717	 0.254144883720194 
718	 0.264394717982897 
719	 0.274631386724773 
720	 0.284144141456084 
721	 0.292555627907738 
722	 0.300575708639738 
723	 0.309289464636034 
724	 0.318632510833641 
725	 0.32767727893231 
726	 0.336055957113663 
727	 0.344031533319107 
728	 0.351926083411314 
729	 0.359566401232266 
730	 0.366916852224619 
731	 0.373913638914506 
732	 0.380418144323469 
733	 0.386407277403147 
734	 0.392130270527033 
735	 0.397853408779956 
736	 0.403490868191187 
737	 0.40871210338696 
738	 0.413485896457565 
739	 0.418160155416111 
740	 0.422519475151544 
741	 0.426578411726545 
742	 0.430390415127362 
743	 0.433955823282053 
744	 0.437260564186785 
745	 0.440327656297894 
746	 0.443167256470708 
747	 0.445788503350685 
748	 0.448256917452223 
749	 0.45057036854014 
750	 0.452639197455117 
751	 0.454625307269254 
752	 0.456512289828385 
753	 0.458233953679161 
754	 0.459688276736892 
755	 0.461211543412558 
756	 0.46291837061191 
757	 0.464715825026698 
758	 0.465458504531625 
759	 0.466353957880538 
760	 0.470044670507405 
761	 0.478823257185737 
762	 0.480947374863733 
763	 0.479440734453112 
764	 0.478431683027038 
765	 0.477538402526425 
766	 0.476399617456369 
767	 0.4752543605522 
768	 0.474441761143131 
769	 0.47417608684469 
770	 0.474202973200213 
771	 0.474393245019213 
772	 0.474726242455089 
773	 0.475124774375723 
774	 0.475517889871719 
775	 0.47588389482111 
776	 0.476283639728294 
777	 0.476669704160654 
778	 0.47706550441206 
779	 0.477495979414881 
780	 0.47794799775242 
781	 0.47834214822114 
782	 0.478657904959237 
783	 0.478942007400298 
784	 0.479448106688556 
785	 0.479961461601368 
786	 0.480331999668642 
787	 0.48058035099009 
788	 0.480972025086877 
789	 0.481418619973316 
790	 0.481802226847138 
791	 0.482174438474028 
792	 0.482564424759418 
793	 0.482931862560339 
794	 0.483233713826837 
795	 0.483565528235946 
796	 0.483946944717219 
797	 0.484315745466507 
798	 0.484562139512169 
799	 0.484742837677738 
800	 0.485045993189453 
801	 0.485516536124083 
802	 0.485939245062934 
803	 0.486252538680896 
804	 0.486587318787399 
805	 0.487012149347286 
806	 0.487191388104592 
807	 0.487324882956307 
808	 0.487558339089374 
809	 0.487959993159115 
810	 0.488391563519428 
811	 0.48875576874697 
812	 0.489018555491901 
813	 0.489244787040569 
814	 0.489772325261063 
815	 0.490471977770543 
816	 0.491178165203941 
817	 0.491900048359519 
818	 0.492542392836284 
819	 0.493062859772174 
820	 0.493324385156951 
821	 0.492684560021113 
822	 0.492164003831887 
823	 0.492633175139525 
824	 0.494332134864877 
825	 0.494886836180653 
826	 0.494441824991274 
827	 0.493777257832211 
828	 0.493998612448108 
829	 0.494614057418773 
830	 0.495072510982563 
831	 0.495163923545539 
832	 0.495275995658629 
833	 0.495611878493484 
834	 0.496006087655006 
835	 0.496264409208511 
836	 0.4963809250964 
837	 0.496543610260471 
838	 0.496737486131531 
839	 0.49688060199786 
840	 0.497082304178816 
841	 0.497303285352242 
842	 0.497538877218779 
843	 0.497816112736347 
844	 0.498270271663387 
845	 0.498651753967937 
846	 0.498805837035579 
847	 0.498794152186077 
848	 0.498822131858387 
849	 0.499004379295994 
850	 0.499329891948483 
851	 0.499575190699736 
852	 0.499641904443143 
853	 0.499592929511443 
854	 0.499716476881516 
855	 0.500827196594974 
856	 0.50187417202198 
857	 0.502248135305564 
858	 0.501865102196899 
859	 0.50167961163188 
860	 0.501905378067229 
861	 0.502385233993243 
862	 0.50268365085047 
863	 0.502685689524085 
864	 0.502417739856538 
865	 0.502163620435018 
866	 0.502527824024468 
867	 0.50332907082712 
868	 0.504165113395165 
869	 0.50468227986514 
870	 0.504771143405619 
871	 0.504704048381693 
872	 0.504684429424817 
873	 0.504848618494672 
874	 0.5051305958154 
875	 0.505285254960974 
876	 0.505452333012741 
877	 0.505846356533503 
878	 0.506019203368614 
879	 0.506040863864831 
880	 0.506161393436569 
881	 0.506674202050535 
882	 0.506878091459417 
883	 0.507008122114766 
884	 0.507164036829977 
885	 0.507182915707 
886	 0.507429199673071 
887	 0.507698182685873 
888	 0.507902928699601 
889	 0.508294177964865 
890	 0.508403482407042 
891	 0.508256788483663 
892	 0.508048827948077 
893	 0.508110207835254 
894	 0.508005723366129 
895	 0.507773227302731 
896	 0.507657339258411 
897	 0.507847125468096 
898	 0.508183000447775 
899	 0.508747585799433 
900	 0.509694318608808 
901	 0.510958716069268 
902	 0.512042428328221 
903	 0.51257795787959 
904	 0.512365439660782 
905	 0.511599124908418 
906	 0.510803003963477 
907	 0.510264911587728 
908	 0.510003852268204 
909	 0.510499318991321 
910	 0.511337322132189 
911	 0.511980837864058 
912	 0.512029863589826 
913	 0.511930535507195 
914	 0.511849967954528 
915	 0.511912339880113 
916	 0.512208530027713 
917	 0.512990733841932 
918	 0.513777186183184 
919	 0.514109928364098 
920	 0.514061920831383 
921	 0.513742194241094 
922	 0.513321317303089 
923	 0.513005132025603 
924	 0.513090511727598 
925	 0.5131903344295 
926	 0.512776493560624 
927	 0.511451187550026 
928	 0.509813809107371 
929	 0.50798318687573 
930	 0.505660044146808 
931	 0.50267867708443 
932	 0.501931140679153 
933	 0.501903877798109 
934	 0.502772562687386 
935	 0.505996313840031 
936	 0.509348361240908 
937	 0.511898334888652 
938	 0.513258957752242 
939	 0.513541182881091 
940	 0.513923635306935 
941	 0.512752105321475 
942	 0.509997644098111 
943	 0.507487246004078 
944	 0.506460380693659 
945	 0.505828574877698 
946	 0.505492271551672 
947	 0.506806040587014 
948	 0.506650088183422 
949	 0.506110639265884 
950	 0.505868096290529 
951	 0.505047677890182 
952	 0.503952395961973 
953	 0.502706700192416 
954	 0.501821518657222 
955	 0.5023011197506 
956	 0.502444089787536 
957	 0.501780753699429 
958	 0.500745027517072 
959	 0.500682555221999 
960	 0.500481479309486 
961	 0.500371918945081 
962	 0.500610615623973 
963	 0.500870155677828 
964	 0.501090379249848 
965	 0.501103561711844 
966	 0.500822608478232 
967	 0.500321536546122 
968	 0.500534336624369 
969	 0.500696114899627 
970	 0.500183459762751 
971	 0.500218547816235 
972	 0.499563740648503 
973	 0.498641300403773 
974	 0.498124404930982 
975	 0.497779206037512 
976	 0.497709109682973 
977	 0.498087960591624 
978	 0.498929769749301 
979	 0.499729059168244 
980	 0.500198205355367 
981	 0.500138934043864 
982	 0.499793546332877 
983	 0.50065262772369 
984	 0.500762022430307 
985	 0.500355971427657 
986	 0.500360445592197 
987	 0.500892410497381 
988	 0.500823505764006 
989	 0.50068351489223 
990	 0.501289734327251 
991	 0.501862837553793 
992	 0.502360527446105 
993	 0.502694911062798 
994	 0.502780699850764 
995	 0.502450395798497 
996	 0.502538048494907 
997	 0.503046069443267 
998	 0.503420005642204 
999	 0.502543958713216 
1000	 0.502531085107426 
1001	 0.548624276782225 
1002	 0.548884750927117 
1003	 0.549316228604254 
1004	 0.549742091054987 
1005	 0.550175759336944 
1006	 0.550552191704038 
1007	 0.550927507436885 
1008	 0.551371804974763 
1009	 0.551703016966579 
1010	 0.552336387007551 
1011	 0.552698524904921 
1012	 0.552804795913651 
1013	 0.553152317830846 
1014	 0.553484705783398 
1015	 0.553806403444941 
1016	 0.554300040768151 
1017	 0.554842094467284 
1018	 0.555439698388689 
1019	 0.555740514668224 
1020	 0.556247846536744 
1021	 0.556871115444364 
1022	 0.557243169382398 
1023	 0.557700416833025 
1024	 0.558162846435784 
1025	 0.558611431557139 
1026	 0.559045120856722 
1027	 0.559542056758613 
1028	 0.559996183937326 
1029	 0.560318284428103 
1030	 0.560573181660515 
1031	 0.560821223595303 
1032	 0.560951497489002 
1033	 0.561173970336377 
1034	 0.56146514782915 
1035	 0.561820594469077 
1036	 0.56225647035652 
1037	 0.5626091352782 
1038	 0.562995302607536 
1039	 0.563395548689682 
1040	 0.563518840098738 
1041	 0.563707448182081 
1042	 0.564003168030947 
1043	 0.564223796603599 
1044	 0.564601568487849 
1045	 0.565156524930175 
1046	 0.565757639427024 
1047	 0.566113729035849 
1048	 0.566501707457097 
1049	 0.566854638854969 
1050	 0.566892641536349 
1051	 0.567075469881507 
1052	 0.567414987908542 
1053	 0.56772624382112 
1054	 0.568017259852115 
1055	 0.568226379765376 
1056	 0.568307028939419 
1057	 0.568385862973507 
1058	 0.568244054306679 
1059	 0.568386726792618 
1060	 0.568639673979803 
1061	 0.568948722114928 
1062	 0.56939630232012 
1063	 0.569720275003743 
1064	 0.570185024455301 
1065	 0.570279709189841 
1066	 0.569947570529714 
1067	 0.569872120473164 
1068	 0.569505996600885 
1069	 0.56936017497342 
1070	 0.569368305478348 
1071	 0.569707370037083 
1072	 0.569727562436836 
1073	 0.56975628573335 
1074	 0.569701556077763 
1075	 0.569415340616536 
1076	 0.569424737395521 
1077	 0.569547593826411 
1078	 0.569699476479969 
1079	 0.569655895598258 
1080	 0.569462788801503 
1081	 0.569254379508812 
1082	 0.568988419144072 
1083	 0.568871723768412 
1084	 0.568994576732893 
1085	 0.568919421283486 
1086	 0.568769656343208 
1087	 0.568601311471291 
1088	 0.56832057392066 
1089	 0.568159752369131 
1090	 0.567977309153181 
1091	 0.567833749210459 
1092	 0.567906081582156 
1093	 0.56792964402672 
1094	 0.567897790224679 
1095	 0.567965849998977 
1096	 0.567946518258355 
1097	 0.567818163491212 
1098	 0.56775446589822 
1099	 0.567739678369848 
1100	 0.567703561567873 
1101	 0.567624121210849 
1102	 0.567620142565719 
1103	 0.567730536573432 
1104	 0.567735359826083 
1105	 0.567656325908825 
1106	 0.567712536733116 
1107	 0.567890526249358 
1108	 0.567847859252109 
1109	 0.568077156676966 
1110	 0.568333966746755 
1111	 0.568543923443706 
1112	 0.568797612799481 
1113	 0.568835392298321 
1114	 0.568641435589852 
1115	 0.568672600169666 
1116	 0.568555087930573 
1117	 0.568593606518151 
1118	 0.569006966107193 
1119	 0.56921760903075 
1120	 0.569364016991677 
1121	 0.569445176241702 
1122	 0.569353225751809 
1123	 0.569360610208328 
1124	 0.569346352702811 
1125	 0.56936767015838 
1126	 0.569077957736205 
1127	 0.56899925284547 
1128	 0.568103286509585 
1129	 0.566676505169276 
1130	 0.565134648406542 
1131	 0.563099314944083 
1132	 0.561334052574502 
1133	 0.559346632904018 
1134	 0.557879873559894 
1135	 0.556844146317098 
1136	 0.555632330893446 
1137	 0.555001468295025 
1138	 0.553710568441371 
1139	 0.552241146732388 
1140	 0.550113004398981 
1141	 0.548301428423213 
1142	 0.546201850398244 
1143	 0.544307842773942 
1144	 0.542617856141834 
1145	 0.540727258263035 
1146	 0.538675097839775 
1147	 0.536819560017937 
1148	 0.53505593238449 
1149	 0.533254584807294 
1150	 0.531719722430083 
1151	 0.529884210985102 
1152	 0.527940126197972 
1153	 0.526018386984239 
1154	 0.523877655216904 
1155	 0.522004035729577 
1156	 0.520509114623991 
1157	 0.518978867910322 
1158	 0.517702768134119 
1159	 0.516712921809535 
1160	 0.515687349433903 
1161	 0.514568665042834 
1162	 0.513910958244688 
1163	 0.513516625061801 
1164	 0.513054773371525 
1165	 0.512839935032917 
1166	 0.51240508667364 
1167	 0.511705260857359 
1168	 0.511260617719199 
1169	 0.510916712375528 
1170	 0.510569119440972 
1171	 0.510321302993667 
1172	 0.510082071521175 
1173	 0.509683091598475 
1174	 0.509284073878996 
1175	 0.50901740693991 
1176	 0.508727644679821 
1177	 0.508632784608475 
1178	 0.508851248176699 
1179	 0.508660415119468 
1180	 0.508334080878331 
1181	 0.508108645374132 
1182	 0.507662624907691 
1183	 0.507380399359147 
1184	 0.507315188955096 
1185	 0.507139659238058 
1186	 0.506851092773847 
1187	 0.506655106662075 
1188	 0.506506449034947 
1189	 0.506432730916974 
1190	 0.506428035054053 
1191	 0.506407946995884 
1192	 0.506388181596063 
1193	 0.506300367975916 
1194	 0.506286245565759 
1195	 0.506232846785104 
1196	 0.506261184361481 
1197	 0.506401207945357 
1198	 0.506474725767601 
1199	 0.506540369250619 
1200	 0.506629133449882 
1201	 0.506728015461057 
1202	 0.50681969477351 
1203	 0.506868048295079 
1204	 0.506958225543512 
1205	 0.507048420606648 
1206	 0.507249820672082 
1207	 0.507237685635458 
1208	 0.50751539712953 
1209	 0.507993668376322 
1210	 0.50833476016339 
1211	 0.508798624039016 
1212	 0.509056817390323 
1213	 0.509080966339708 
1214	 0.509250139956321 
1215	 0.509517471259654 
1216	 0.509936221315708 
1217	 0.510333845067983 
1218	 0.510831013797372 
1219	 0.511203378717797 
1220	 0.511502074350218 
1221	 0.511861938895472 
1222	 0.512223619583681 
1223	 0.512581404635171 
1224	 0.512951613330796 
1225	 0.513327559211605 
1226	 0.513763201806821 
1227	 0.514043463024902 
1228	 0.514335808743031 
1229	 0.514939011145535 
1230	 0.515350479295861 
1231	 0.515682228492954 
1232	 0.516235478118076 
1233	 0.516547518343404 
1234	 0.516676701455627 
1235	 0.517095419305548 
1236	 0.517499565472357 
1237	 0.517822485278104 
1238	 0.518165509840141 
1239	 0.518763028245312 
1240	 0.519125061793459 
1241	 0.519280189378242 
1242	 0.519585302315132 
1243	 0.519944175945532 
1244	 0.520072982595574 
1245	 0.520470395976539 
1246	 0.520955898802923 
1247	 0.521195063476443 
1248	 0.521456311375214 
1249	 0.521668428056993 
1250	 0.521913090459545 
1251	 0.522467387012219 
1252	 0.523071941891384 
1253	 0.523474159275428 
1254	 0.523741092744982 
1255	 0.524101638561728 
1256	 0.524308597493034 
1257	 0.524529181898665 
1258	 0.524882810273155 
1259	 0.525210510276337 
1260	 0.525400083814021 
1261	 0.525752371946658 
1262	 0.526367746876426 
1263	 0.526542553779762 
1264	 0.526686414317565 
1265	 0.526787813725398 
1266	 0.526768511015361 
1267	 0.527090665750455 
1268	 0.527503840991451 
1269	 0.527632292279825 
1270	 0.527595596055586 
1271	 0.5274742193581 
1272	 0.527131078322316 
1273	 0.527046485847243 
1274	 0.527364585238073 
1275	 0.527343661983155 
1276	 0.527045054199716 
1277	 0.526905510665653 
1278	 0.526602073516606 
1279	 0.526183551405557 
1280	 0.52594951149124 
1281	 0.526122523562248 
1282	 0.525815098087963 
1283	 0.52524129231454 
1284	 0.524833267840709 
1285	 0.52439054794716 
1286	 0.523974127453633 
1287	 0.523845150856748 
1288	 0.523780206495905 
1289	 0.523478008912888 
1290	 0.523131173969384 
1291	 0.52261127553177 
1292	 0.521813308977739 
1293	 0.521345184361946 
1294	 0.521035477576734 
1295	 0.520499805734067 
1296	 0.520069094202191 
1297	 0.519579729659823 
1298	 0.518716069190062 
1299	 0.51798283847587 
1300	 0.517560864904516 
1301	 0.516931587707176 
1302	 0.516172429603447 
1303	 0.515442070316247 
1304	 0.514710272863506 
1305	 0.513756216175523 
1306	 0.5126229969316 
1307	 0.511745558815824 
1308	 0.510893853383755 
1309	 0.509885893948073 
1310	 0.509113407164835 
1311	 0.508162167422643 
1312	 0.506733234580708 
1313	 0.505287671796427 
1314	 0.503863477215458 
1315	 0.502671797074332 
1316	 0.501586323465018 
1317	 0.500468642147863 
1318	 0.499500763424848 
1319	 0.498021586607717 
1320	 0.49637528303319 
1321	 0.495238314779364 
1322	 0.493826269741274 
1323	 0.492243520835268 
1324	 0.490964945507586 
1325	 0.489443638679882 
1326	 0.487750367141851 
1327	 0.486347361464635 
1328	 0.485090387274803 
1329	 0.483665814056683 
1330	 0.482093162262983 
1331	 0.480477903616562 
1332	 0.478950395611339 
1333	 0.477160510370779 
1334	 0.475089480290716 
1335	 0.473566246455144 
1336	 0.47209822933943 
1337	 0.470347731046801 
1338	 0.469094056975837 
1339	 0.467661831278958 
1340	 0.465957513876343 
1341	 0.464811580984164 
1342	 0.463869684407391 
1343	 0.463061749089063 
1344	 0.462484249132994 
1345	 0.461889752313552 
1346	 0.461240665169567 
1347	 0.460565768785814 
1348	 0.459802500732973 
1349	 0.458827576400665 
1350	 0.45830840159851 
1351	 0.458469836065029 
1352	 0.458482577588595 
1353	 0.457576003475637 
1354	 0.456546633407787 
1355	 0.455676491399815 
1356	 0.45347247548125 
1357	 0.453416717776396 
1358	 0.455190175082328 
1359	 0.455807325075333 
1360	 0.452233214809719 
1361	 0.45438147313476 
1362	 0.463534882322423 
1363	 0.464150542816864 
1364	 0.462806112648471 
1365	 0.461911788014677 
1366	 0.443221308929158 
1367	 0.458815485694548 
1368	 0.512096374556118 
1369	 0.453602497419213 
1370	 0.377193922126237 
1371	 0.385457427631988 
1372	 0.395752496736018 
1373	 0.459350804010825 
1374	 0.520010472923093 
1375	 0.423358182279402 
1376	 0.344764395802501 
1377	 0.408087069967142 
1378	 0.460069795265099 
1379	 0.486191611946782 
1380	 0.467608963756255 
1381	 0.402151957072894 
1382	 0.391670494879714 
1383	 0.422805384365294 
1384	 0.436917659768093 
1385	 0.390033108642898 
1386	 0.326691849833172 
1387	 0.342605277284359 
1388	 0.362442744545106 
1389	 0.358353610513661 
1390	 0.370953595538824 
1391	 0.375324738951305 
1392	 0.311936147508347 
1393	 0.268039252718624 
1394	 0.272373394884984 
1395	 0.253884201955681 
1396	 0.245712004759152 
1397	 0.266582226066865 
1398	 0.273294272073501 
1399	 0.265581784759351 
1400	 0.258250384620561 
1401	 0.243208150943079 
1402	 0.218173351759333 
1403	 0.205214348076902 
1404	 0.211019970081254 
1405	 0.216579462529776 
1406	 0.208539080880265 
1407	 0.197604930375292 
1408	 0.195508874854899 
1409	 0.18953950718942 
1410	 0.185479660890557 
1411	 0.188560900269944 
1412	 0.184478893109113 
1413	 0.176604555434307 
1414	 0.174290913524408 
1415	 0.174642047109571 
1416	 0.173141638154717 
1417	 0.17007548524545 
1418	 0.167778288424679 
1419	 0.166226789487764 
1420	 0.16484921713945 
1421	 0.164003398285592 
1422	 0.163298504624822 
1423	 0.160712739891435 
1424	 0.158023759441692 
1425	 0.157700376104949 
1426	 0.156854169902879 
1427	 0.155878536510663 
1428	 0.155072953700731 
1429	 0.155700210118149 
1430	 0.156030034080076 
1431	 0.155945853363548 
1432	 0.155528681441733 
1433	 0.15485095437393 
1434	 0.15382062806335 
1435	 0.152748764864065 
1436	 0.152152301764026 
1437	 0.15164909451549 
1438	 0.151029641018534 
1439	 0.150793863412131 
1440	 0.150843114712397 
1441	 0.150470633349902 
1442	 0.149704412319694 
1443	 0.148256648378588 
1444	 0.147386302395347 
1445	 0.147908544070152 
1446	 0.147874013272829 
1447	 0.1479140454414 
1448	 0.148167503674861 
1449	 0.147008516442656 
1450	 0.146483766294216 
1451	 0.14755355779468 
1452	 0.148081158686992 
1453	 0.148192496348468 
1454	 0.148205518117483 
1455	 0.147543258459574 
1456	 0.147381398918184 
1457	 0.14815314292665 
1458	 0.148810016993709 
1459	 0.148632087778039 
1460	 0.148355530410715 
1461	 0.148813769757444 
1462	 0.149264792246573 
1463	 0.149816539514809 
1464	 0.150629017174242 
1465	 0.150930329939528 
1466	 0.151180056433848 
1467	 0.151802279392205 
1468	 0.15249345803862 
1469	 0.153412797982693 
1470	 0.154325981233872 
1471	 0.155178415282572 
1472	 0.156150146852745 
1473	 0.157574167827427 
1474	 0.158487949867492 
1475	 0.159133749438046 
1476	 0.160759778138419 
1477	 0.162363975053348 
1478	 0.163351270220256 
1479	 0.164876147142846 
1480	 0.166093378459188 
1481	 0.166690902596906 
1482	 0.168035191762382 
1483	 0.169574786058041 
1484	 0.170731718619376 
1485	 0.171998868790699 
1486	 0.17355147235694 
1487	 0.174876542182244 
1488	 0.175926785588346 
1489	 0.177345361430882 
1490	 0.178579447278228 
1491	 0.179703877001585 
1492	 0.18117191770078 
1493	 0.182176343478784 
1494	 0.183144353766055 
1495	 0.184543660254904 
1496	 0.185825024933908 
1497	 0.187176436483714 
1498	 0.188561605875578 
1499	 0.189653009626396 
1500	 0.190756502183741 
1501	 0.192283589091189 
1502	 0.193947485393294 
1503	 0.195231026325661 
1504	 0.196579077670377 
1505	 0.19821865336018 
1506	 0.199481016842408 
1507	 0.20077007029314 
1508	 0.20256695133469 
1509	 0.20402125907611 
1510	 0.205325262814725 
1511	 0.206927839239569 
1512	 0.20815502670824 
1513	 0.209327984042285 
1514	 0.210866749305385 
1515	 0.212423479848612 
1516	 0.214079832059988 
1517	 0.215588756569071 
1518	 0.216939212929884 
1519	 0.218458457340327 
1520	 0.219696457528918 
1521	 0.221037196144316 
1522	 0.222708295407147 
1523	 0.22407634588323 
1524	 0.225627429699781 
1525	 0.227205448179634 
1526	 0.228445759970281 
1527	 0.22998492272909 
1528	 0.231485808569155 
1529	 0.232765980046383 
1530	 0.234132407920535 
1531	 0.235512929002298 
1532	 0.23671855702301 
1533	 0.23822115490594 
1534	 0.24004744999565 
1535	 0.241417312218576 
1536	 0.242589264213102 
1537	 0.243905214061733 
1538	 0.245004938427711 
1539	 0.246514654775756 
1540	 0.248087267670472 
1541	 0.249339389087131 
1542	 0.250483278207784 
1543	 0.25164901307637 
1544	 0.253002015906248 
1545	 0.254497197054303 
1546	 0.256018136771082 
1547	 0.257515514533442 
1548	 0.25875509190973 
1549	 0.259876509493458 
1550	 0.261045089816429 
1551	 0.262171567047077 
1552	 0.263468482639559 
1553	 0.264894279496042 
1554	 0.266064294231099 
1555	 0.267074713666506 
1556	 0.26812762880457 
1557	 0.269282301723393 
1558	 0.27060786155769 
1559	 0.27195981182036 
1560	 0.273242423345118 
1561	 0.274407667623799 
1562	 0.275532886495733 
1563	 0.276693005444159 
1564	 0.277750969672671 
1565	 0.278798601636619 
1566	 0.279847961435597 
1567	 0.280878739765296 
1568	 0.282103763790521 
1569	 0.283357904859514 
1570	 0.284479351718611 
1571	 0.285600617693744 
1572	 0.286726575009434 
1573	 0.287927373916669 
1574	 0.288983487890918 
1575	 0.289965355279891 
1576	 0.29104649559119 
1577	 0.291893785889722 
1578	 0.293052538425764 
1579	 0.29442480969537 
1580	 0.295274608107079 
1581	 0.29616741290118 
1582	 0.297093973420139 
1583	 0.297856888628093 
1584	 0.298834159979016 
1585	 0.299792976174588 
1586	 0.30076770464937 
1587	 0.30187211468552 
1588	 0.302799278821298 
1589	 0.303570160651334 
1590	 0.304349432772786 
1591	 0.305160247650401 
1592	 0.306116493304198 
1593	 0.30722643242015 
1594	 0.308123281518689 
1595	 0.308850413010811 
1596	 0.309664759993232 
1597	 0.310579803940893 
1598	 0.311603922312597 
1599	 0.312496183927715 
1600	 0.313345862506902 
1601	 0.314120206853881 
1602	 0.314814628592395 
1603	 0.315810000737802 
1604	 0.316821142893759 
1605	 0.317749332848442 
1606	 0.318735090335335 
1607	 0.319557808981618 
1608	 0.320289472072149 
1609	 0.321044820048959 
1610	 0.32178743982433 
1611	 0.32244119429847 
1612	 0.322951928421327 
1613	 0.323487902208963 
1614	 0.324178277967149 
1615	 0.324873398576298 
1616	 0.325578375312774 
1617	 0.326339130687786 
1618	 0.326993009907082 
1619	 0.32772462755678 
1620	 0.328498681750592 
1621	 0.329122660952266 
1622	 0.329738325214009 
1623	 0.33010584467913 
1624	 0.330385992155042 
1625	 0.331055468175748 
1626	 0.331753507794189 
1627	 0.332344912478975 
1628	 0.333148316747239 
1629	 0.3337298942595 
1630	 0.334000331619295 
1631	 0.334583002731949 
1632	 0.335114282365709 
1633	 0.335409765006585 
1634	 0.336111502129589 
1635	 0.336830737903037 
1636	 0.337241516318099 
1637	 0.337840902851378 
1638	 0.338435430704589 
1639	 0.338829955156649 
1640	 0.33929571449403 
1641	 0.339823734381523 
1642	 0.340258751314016 
1643	 0.340566952524538 
1644	 0.341119222390014 
1645	 0.34168860633192 
1646	 0.341885001693747 
1647	 0.342235789022789 
1648	 0.342627276389116 
1649	 0.342728558564744 
1650	 0.343020498619482 
1651	 0.343413484065671 
1652	 0.343547823400234 
1653	 0.343758970523219 
1654	 0.34402592939258 
1655	 0.344170918433047 
1656	 0.344384396923812 
1657	 0.3445425013903 
1658	 0.344810122186233 
1659	 0.345061569254364 
1660	 0.344954236630429 
1661	 0.34513175006539 
1662	 0.345219224502386 
1663	 0.344967370023516 
1664	 0.345038265706651 
1665	 0.34503290235543 
1666	 0.345069385724672 
1667	 0.345379740462009 
1668	 0.345432009483487 
1669	 0.345271666225144 
1670	 0.345044448539225 
1671	 0.344855864758677 
1672	 0.344817048516792 
1673	 0.34470530284636 
1674	 0.344553434803473 
1675	 0.344401909011396 
1676	 0.344162926621842 
1677	 0.343838941804084 
1678	 0.343303257638621 
1679	 0.342978301488819 
1680	 0.342914061028943 
1681	 0.342685591805671 
1682	 0.342584173253522 
1683	 0.342232548029738 
1684	 0.341386863912596 
1685	 0.340943344868253 
1686	 0.340472607326589 
1687	 0.339881898685949 
1688	 0.339577681127942 
1689	 0.339025598278038 
1690	 0.33857220970152 
1691	 0.338265834695685 
1692	 0.337789687394837 
1693	 0.337373907862491 
1694	 0.336900522049838 
1695	 0.336399510912973 
1696	 0.3359360480525 
1697	 0.335345199953804 
1698	 0.334838394914468 
1699	 0.334345838117711 
1700	 0.333770599775838 
1701	 0.333309703260488 
1702	 0.332860927114468 
1703	 0.332292931251329 
1704	 0.331565718637866 
1705	 0.33108355064102 
1706	 0.330747719671862 
1707	 0.330290527346553 
1708	 0.329967111250143 
1709	 0.329362907730942 
1710	 0.32846107370498 
1711	 0.327726740213136 
1712	 0.326902344658003 
1713	 0.326302512641792 
1714	 0.325869482081945 
1715	 0.325351480581596 
1716	 0.325104948845213 
1717	 0.324501029722985 
1718	 0.323573143029901 
1719	 0.322886367128313 
1720	 0.32200752185609 
1721	 0.321382155861581 
1722	 0.321154670903063 
1723	 0.320584721800194 
1724	 0.319958540344156 
1725	 0.319334816076147 
1726	 0.318520645836505 
1727	 0.317901714260716 
1728	 0.317333978171632 
1729	 0.316811861215256 
1730	 0.316439676660853 
1731	 0.315898457986401 
1732	 0.315411139115126 
1733	 0.314766815147342 
1734	 0.313777809897542 
1735	 0.313134722281728 
1736	 0.312611544859639 
1737	 0.31218374848575 
1738	 0.312076182919983 
1739	 0.311672222926447 
1740	 0.311173370388225 
1741	 0.310542357892897 
1742	 0.309752850152503 
1743	 0.309008174398681 
1744	 0.308199622296638 
1745	 0.307470965805246 
1746	 0.30671016530074 
1747	 0.306016749440421 
1748	 0.305420624264547 
1749	 0.304675292550708 
1750	 0.303943627570433 
1751	 0.302936428049491 
1752	 0.30215409469373 
1753	 0.301580065030087 
1754	 0.300877968381432 
1755	 0.300308412316104 
1756	 0.299409498197237 
1757	 0.298661507727362 
1758	 0.297966954654993 
1759	 0.297050627872252 
1760	 0.296650031953857 
1761	 0.296112142303708 
1762	 0.295296901057008 
1763	 0.294757552689608 
1764	 0.293892028631594 
1765	 0.292654313512854 
1766	 0.291821796355121 
1767	 0.290967884655239 
1768	 0.290448599683709 
1769	 0.290736504183993 
1770	 0.290554315890417 
1771	 0.290315206888803 
1772	 0.289939437804547 
1773	 0.288870444349782 
1774	 0.288256843473626 
1775	 0.288015200760333 
1776	 0.287616753910541 
1777	 0.287257573835407 
1778	 0.286892615122474 
1779	 0.286256680899704 
1780	 0.286025213819623 
1781	 0.28630178142872 
1782	 0.28617694927328 
1783	 0.286014510720333 
1784	 0.28603318270091 
1785	 0.285941280334901 
1786	 0.285880146924683 
1787	 0.286039912966575 
1788	 0.286101663148193 
1789	 0.28592488584165 
1790	 0.285862995061303 
1791	 0.286016460313478 
1792	 0.28605432834719 
1793	 0.28607793306024 
1794	 0.285915012140566 
1795	 0.285523936524018 
1796	 0.285400706845336 
1797	 0.285030004971116 
1798	 0.285040628366112 
1799	 0.285523958322478 
1800	 0.286562091936192 
1801	 0.288674067577875 
1802	 0.289679406362032 
1803	 0.291147868662649 
1804	 0.290689094166304 
1805	 0.286871330356125 
1806	 0.286606860929731 
1807	 0.286667698980943 
1808	 0.288528503703814 
1809	 0.295034726698863 
1810	 0.296672726536476 
1811	 0.301953985422791 
1812	 0.304900666567808 
1813	 0.303319679088087 
1814	 0.303083133081961 
1815	 0.300598064516937 
1816	 0.299877303566074 
1817	 0.304259347415254 
1818	 0.30783111065425 
1819	 0.30978409697442 
1820	 0.307237641216414 
1821	 0.307966523188659 
1822	 0.312769078236415 
1823	 0.312907052819921 
1824	 0.313995725650963 
1825	 0.307738173253439 
1826	 0.273692509191295 
1827	 0.265316491242085 
1828	 0.276643860900604 
1829	 0.29090381505294 
1830	 0.344417226343771 
1831	 0.285836812180506 
1832	 0.336634947585317 
1833	 0.325579309371134 
1834	 0.477776375866001 
1835	 0.661918613309617 
1836	 6.19720247213485E-02 
1837	-0.02609442616533 
1838	 0.345542001634054 
1839	 0.876955161484482 
1840	 1.15333336726172 
1841	 1.87741962869068 
1842	 2.29946968474835 
1843	 1.0760439512305 
1844	 0.930035864343533 
1845	 3.10511576389203 
1846	-6.62825327824758 
1847	 9.30349820204372E-02 
1848	 2.0474545876999 
1849	 1.6068597057499 
1850	 0.101377336490677 
1851	 4.28652775946857E-03 
1852	-0.435832061063802 
1853	-0.66459828101673 
1854	-2.94613587538266 
1855	-1.32063357975848 
1856	 0.669542306874834 
1857	 0.131247098724882 
1858	 0.634936409973745 
1859	 4.4843254325793 
1860	 3.1470165307351 
1861	 6.27708191078798 
1862	 1.58612018503775 
1863	-0.134852096853998 
1864	-0.168360947882278 
1865	 4.82111538300085E-02 
1866	-0.188536658285919 
1867	-0.980122395310455 
1868	-1.29045288060646 
1869	-0.904704858696142 
1870	-0.486006541593149 
1871	-0.32296377491819 
1872	 1.29638698091131 
1873	 1.34137345073755 
1874	 0.199714134277459 
1875	 3.42008131819559E-02 
1876	-0.229300960666795 
1877	 8.24337797929948E-02 
1878	 0.198371251054146 
1879	 0.150126799907416 
1880	 0.110950941837452 
1881	 7.78129028311368E-02 
1882	 6.35268438946759E-02 
1883	-9.13819974224367E-04 
1884	-4.84001613484807E-03 
1885	 2.25763142118161E-02 
1886	 0.021016781362122 
1887	 0.170343509627457 
1888	 0.292860382450871 
1889	 0.287904110266785 
1890	 0.193419506062538 
1891	 0.127851704567861 
1892	-9.24966751418072E-02 
1893	-0.154366751496069 
1894	-0.137682119237168 
1895	-0.115139083008631 
1896	 3.40763487036063E-02 
1897	 1.63478627784085E-02 
1898	-0.1233232092707 
1899	-0.109882245551783 
1900	-1.96496163258272E-02 
1901	 0.188256292209553 
1902	 0.256929482098693 
1903	 0.464046877454836 
1904	 0.452831407974338 
1905	 9.23171587387961E-02 
1906	-1.81953174210776E-02 
1907	 0.16900125145294 
1908	 9.56196009476329E-02 
1909	 0.134333480719437 
1910	 0.26915413918944 
1911	 0.139029094498959 
1912	 0.103442021595245 
1913	 7.94099821513043E-02 
1914	 1.23791174929314E-02 
1915	-2.74130976432787E-02 
1916	-9.42867903801306E-02 
1917	 3.1555304241394E-03 
1918	 8.14143207281357E-02 
1919	 9.83409705372049E-02 
1920	 0.143185959390251 
1921	 0.107871925300598 
1922	 3.29216461716684E-02 
1923	 2.88083340454107E-02 
1924	 1.82092664528418E-02 
1925	 6.18497614018718E-03 
1926	 9.30349135067786E-03 
1927	 3.29755263204249E-02 
1928	 2.51822434810911E-02 
1929	 5.01412061981704E-02 
1930	 6.26494421611564E-02 
1931	 3.96030074705501E-02 
1932	 3.81006329129895E-02 
1933	 0.039191252232828 
1934	 2.62206157643183E-02 
1935	 0.020270646903696 
1936	 2.00504459361434E-02 
1937	 2.58727208302872E-02 
1938	 3.29243410186324E-02 
1939	 3.72092855777356E-02 
1940	 3.34955195758854E-02 
1941	 3.31733556194673E-02 
1942	 3.42141394435263E-02 
1943	 3.50154319414772E-02 
1944	 4.88405785937731E-02 
1945	 5.78304243191136E-02 
1946	 0.058246670603428 
1947	 4.96372455594577E-02 
1948	 4.64215128582124E-02 
1949	 4.42978311341665E-02 
1950	 4.25832157374731E-02 
1951	 4.80256137582564E-02 
1952	 5.10405608731609E-02 
1953	 4.86682774465265E-02 
1954	 0.045877042218811 
1955	 4.52053101792799E-02 
1956	 4.67185807001473E-02 
1957	 4.80467234792249E-02 
1958	 4.82782704889353E-02 
1959	 4.97145374218613E-02 
1960	 0.048754158900924 
1961	 4.76291375177203E-02 
1962	 4.88087869303274E-02 
1963	 4.90564747839656E-02 
1964	 5.00727918486473E-02 
1965	 5.11652102793726E-02 
1966	 0.050546973788538 
1967	 5.11619251344801E-02 
1968	 5.24244501096942E-02 
1969	 5.30984187016585E-02 
1970	 0.053456054222577 
1971	 5.34693668380619E-02 
1972	 5.33952673776793E-02 
1973	 5.31835171651805E-02 
1974	 5.27511429932713E-02 
1975	 5.37684898619111E-02 
1976	 5.55201049884677E-02 
1977	 0.05618597214562 
1978	 5.62531390162914E-02 
1979	 5.60308170545146E-02 
1980	 5.60789903458335E-02 
1981	 5.70882293642377E-02 
1982	 5.76599216645656E-02 
1983	 5.87368426171698E-02 
1984	 0.059436570269278 
1985	 5.96244373659446E-02 
1986	 5.96056425225741E-02 
1987	 6.01114242827376E-02 
1988	 6.04673450149834E-02 
1989	 6.10420167969001E-02 
1990	 6.14851453878344E-02 
1991	 6.15835390855952E-02 
1992	 6.23033226284618E-02 
1993	 0.062796814450497 
1994	 6.27527785554175E-02 
1995	 6.31538347773323E-02 
1996	 6.38421072134324E-02 
1997	 6.50180481749934E-02 
1998	 6.57444689210465E-02 
1999	 6.62827326672297E-02 
2000	 6.65684120854139E-02 
2001	 6.66480684753272E-02 
2002	 0.067246955877435 
2003	 0.068338728611711 
2004	 7.06546305097825E-02 
2005	 7.16648915638217E-02 
2006	 7.21525334407556E-02 
2007	 7.11382931431676E-02 
2008	 7.21644205780658E-02 
2009	 7.30338356483234E-02 
2010	 0.074760989347906 
2011	 7.84700125535078E-02 
2012	 7.89891917612268E-02 
2013	 7.85672506824039E-02 
2014	 8.07728305880999E-02 
2015	 8.24385055313393E-02 
2016	 8.31538495905837E-02 
2017	 8.38936048500568E-02 
2018	 8.33793957106302E-02 
2019	 8.33580621672254E-02 
2020	 8.28624684716265E-02 
2021	 8.34833214878365E-02 
2022	 8.50966186986807E-02 
2023	 8.53162010457468E-02 
2024	 8.54869382252764E-02 
2025	 8.62531501207378E-02 
2026	 8.66480760559205E-02 
2027	 0.086997448148864 
2028	 8.76805440626733E-02 
2029	 8.75628623759531E-02 
2030	 8.76763617560076E-02 
2031	 0.088964134600982 
2032	 8.94433634495219E-02 
2033	 8.96289997843245E-02 
2034	 9.00249121465938E-02 
2035	 9.03783808578258E-02 
2036	 9.05564648161423E-02 
2037	 9.07350858198184E-02 
2038	 9.13462297744156E-02 
2039	 9.17223501143186E-02 
2040	 9.16082587489712E-02 
2041	 0.091921632544572 
2042	 9.31007440635859E-02 
2043	 0.094262080663287 
2044	 9.49195320294938E-02 
2045	 9.56232537464441E-02 
2046	 9.63536522918746E-02 
2047	 9.67798175006947E-02 
2048	 9.68185900562914E-02 
2049	 9.72591830216433E-02 
2050	 9.75836528013312E-02 
2051	 9.82221211804479E-02 
2052	 9.93845497100539E-02 
2053	 9.98442897460239E-02 
2054	 0.100104975272055 
2055	 0.100617790796368 
2056	 0.101271096447132 
2057	 0.102388920213756 
2058	 0.103167768402028 
2059	 0.103202816052795 
2060	 0.10381184011824 
2061	 0.104065067223474 
2062	 0.104595436249652 
2063	 0.106104051832309 
2064	 0.10673988899657 
2065	 0.106375812392824 
2066	 0.106893863099463 
2067	 0.108046991618313 
2068	 0.108654125896545 
2069	 0.109350738419491 
2070	 0.109402787964424 
2071	 0.109854354799912 
2072	 0.110742375407366 
2073	 0.111618540071768 
2074	 0.112798567060471 
2075	 0.113310745074242 
2076	 0.112616350942586 
2077	 0.112942858539638 
2078	 0.113943408799535 
2079	 0.114288167025497 
2080	 0.114399265736145 
2081	 0.114697207904551 
2082	 0.115896440922618 
2083	 0.117068699503578 
2084	 0.117520122179447 
2085	 0.11816874765187 
2086	 0.118535444355055 
2087	 0.118375315617334 
2088	 0.118921420194624 
2089	 0.119818827460255 
2090	 0.120484030302524 
2091	 0.120627937988858 
2092	 0.121027033921053 
2093	 0.121941550496266 
2094	 0.122497108424702 
2095	 0.122622833930116 
2096	 0.123151856281693 
2097	 0.124096009063939 
2098	 0.124181231500728 
2099	 0.12438105782224 
2100	 0.124769742745145 
2101	 0.125364363380485 
2102	 0.126305445255608 
2103	 0.127327495367454 
2104	 0.128219656033777 
2105	 0.128583591900622 
2106	 0.129116952883686 
2107	 0.129401163598333 
2108	 0.129380440469222 
2109	 0.129791705909044 
2110	 0.130311473352508 
2111	 0.130797349060441 
2112	 0.13160301292394 
2113	 0.132309670784961 
2114	 0.133014678618934 
2115	 0.133274276340692 
2116	 0.13333104497503 
2117	 0.134202517813198 
2118	 0.135456918531687 
2119	 0.135691980545918 
2120	 0.135830435942859 
2121	 0.13693666518264 
2122	 0.138003526908216 
2123	 0.138170744954558 
2124	 0.138240935991822 
2125	 0.138058508012927 
2126	 0.138740003695236 
2127	 0.139376307810358 
2128	 0.139979943885906 
2129	 0.141266879576564 
2130	 0.14243649271827 
2131	 0.143682547112513 
2132	 0.144141171477464 
2133	 0.144566775503777 
2134	 0.145056357479758 
2135	 0.144597065660717 
2136	 0.143989040172553 
2137	 0.144607694209359 
2138	 0.14467413124957 
2139	 0.143757585241351 
2140	 0.143761819398488 
2141	 0.144860513551555 
2142	 0.146092896823562 
2143	 0.146498281117429 
2144	 0.146524621534125 
2145	 0.147356046249849 
2146	 0.14829031689604 
2147	 0.1486630169004 
2148	 0.149366122553729 
2149	 0.150089192087839 
2150	 0.150136308016754 
2151	 0.150092169674752 
2152	 0.149963949236483 
2153	 0.151141646562095 
2154	 0.152586614393896 
2155	 0.152657423253715 
2156	 0.152358851504006 
2157	 0.152956503182005 
2158	 0.152988208058339 
2159	 0.152061585495677 
2160	 0.152342181105132 
2161	 0.153443646973985 
2162	 0.153882007073282 
2163	 0.154291385285406 
2164	 0.154712041073484 
2165	 0.155378468539531 
2166	 0.156008135480727 
2167	 0.156442526818364 
2168	 0.156805894381071 
2169	 0.157571688059205 
2170	 0.157742364419685 
2171	 0.15740289486964 
2172	 0.157278065392775 
2173	 0.156824368853575 
2174	 0.156700068011807 
2175	 0.156853482659517 
2176	 0.157073027253663 
2177	 0.158311318359379 
2178	 0.159096824870247 
2179	 0.159873486742669 
2180	 0.160924639497168 
2181	 0.160453460933776 
2182	 0.159467452829256 
2183	 0.159675509799001 
2184	 0.160281407175402 
2185	 0.160286968860956 
2186	 0.160598776581697 
2187	 0.161063280881883 
2188	 0.16063971891559 
2189	 0.1609720659569 
2190	 0.162929663973879 
2191	 0.163550509679017 
2192	 0.163036906100212 
2193	 0.163333733671962 
2194	 0.163813830305058 
2195	 0.163874065794345 
2196	 0.164014439627353 
2197	 0.164595497285762 
2198	 0.164382336386511 
2199	 0.163684758439773 
2200	 0.164419522132121 
2201	 0.165256959242043 
2202	 0.165193223754422 
2203	 0.16550708448838 
2204	 0.165979037570149 
2205	 0.166397718477879 
2206	 0.167095887020346 
2207	 0.167775902044808 
2208	 0.167006406980458 
2209	 0.165109626723719 
2210	 0.164837649353719 
2211	 0.165540179181509 
2212	 0.165244804016064 
2213	 0.165143045263335 
2214	 0.165533361625423 
2215	 0.165136100702817 
2216	 0.165156267644362 
2217	 0.16699061755094 
2218	 0.167391841416175 
2219	 0.166294369712092 
2220	 0.16624695773971 
2221	 0.166703927385662 
2222	 0.166286754428064 
2223	 0.165363594118703 
2224	 0.164669043331355 
2225	 0.164668295777304 
2226	 0.165008065552012 
2227	 0.165619397873677 
2228	 0.16627579311983 
2229	 0.166095101811902 
2230	 0.165449940751401 
2231	 0.165158174153458 
2232	 0.165694108032718 
2233	 0.166591024847379 
2234	 0.165776611119102 
2235	 0.164485967700643 
2236	 0.164214715816071 
2237	 0.163826801653427 
2238	 0.163108806245321 
2239	 0.162268480312841 
2240	 0.161341124481269 
2241	 0.16155539376526 
2242	 0.162346652590744 
2243	 0.162053714667501 
2244	 0.162225698735439 
2245	 0.161856892390508 
2246	 0.159837035866626 
2247	 0.159175818880543 
2248	 0.160022747862163 
2249	 0.160169617982442 
2250	 0.160535719462571 
2251	 0.159506979742059 
2252	 0.157778471662385 
2253	 0.156538726787209 
2254	 0.15607309930891 
2255	 0.154366834336086 
2256	 0.152577831830263 
2257	 0.153096772788024 
2258	 0.153531804710468 
2259	 0.152108398038765 
2260	 0.150469873555314 
2261	 0.149418426001519 
2262	 0.148294387917008 
2263	 0.148392293936862 
2264	 0.148644107151379 
2265	 0.147442670004622 
2266	 0.145866974352413 
2267	 0.143338919863324 
2268	 0.143003674466505 
2269	 0.144030107420538 
2270	 0.141959411440293 
2271	 0.140744894163359 
2272	 0.140269164965949 
2273	 0.139758419200275 
2274	 0.138206692987048 
2275	 0.13718746437022 
2276	 0.136593716935174 
2277	 0.134401450081472 
2278	 0.134470470452006 
2279	 0.138114439238165 
2280	 0.138246458815436 
2281	 0.136455127617438 
2282	 0.136033174611353 
2283	 0.134531428628213 
2284	 0.133335510754363 
2285	 0.133569349752105 
2286	 0.133435203670227 
2287	 0.132754477712176 
2288	 0.132013166901715 
2289	 0.132157836020682 
2290	 0.131678727526726 
2291	 0.130923039727046 
2292	 0.130378148646738 
2293	 0.129332784001971 
2294	 0.129311866769429 
2295	 0.127757395881143 
2296	 0.125545956846642 
2297	 0.125924358394855 
2298	 0.12552829821523 
2299	 0.125212734066679 
2300	 0.126951768448885 
2301	 0.126895485549173 
2302	 0.12377738592648 
2303	 0.122227539066037 
2304	 0.123130805786151 
2305	 0.123173408679123 
2306	 0.122138840739304 
2307	 0.121408087865695 
2308	 0.119879726379783 
2309	 0.117598998768834 
2310	 0.119124726440849 
2311	 0.1210697164793 
2312	 0.119094398034052 
2313	 0.119250827483947 
2314	 0.11954588515769 
2315	 0.116796888329278 
2316	 0.114750548463632 
2317	 0.113341730428216 
2318	 0.113729064903248 
2319	 0.113761930878325 
2320	 0.115247586734985 
2321	 0.116854204556149 
2322	 0.11904722856089 
2323	 0.118083436245587 
2324	 0.116738247471317 
2325	 0.115526232785325 
2326	 0.110764390822293 
2327	 0.109503185256554 
2328	 0.110752146261107 
2329	 0.110753289028878 
2330	 0.112323554028242 
2331	 0.112088915230536 
2332	 0.110472265677678 
2333	 0.11027643596426 
2334	 0.10913728361032 
2335	 0.107471878327624 
2336	 0.106441643952872 
2337	 0.106037555722787 
2338	 0.105504105338013 
2339	 0.104825374468417 
2340	 0.105203510644379 
2341	 0.104286489910515 
2342	 0.10269962957123 
2343	 0.104090996527227 
2344	 0.106127605970329 
2345	 0.106303331665483 
2346	 0.10510465939843 
2347	 0.103645309277119 
2348	 0.100364086370694 
2349	 9.94736183608797E-02 
2350	 0.103814378216736 
2351	 0.104298314168882 
2352	 0.102336311102115 
2353	 0.102655532013536 
2354	 9.80054234341914E-02 
2355	 9.39292216816774E-02 
2356	 9.86850609520393E-02 
2357	 9.92101420998371E-02 
2358	 9.40449852476399E-02 
2359	 0.0958159491208 
2360	 9.73877164432393E-02 
2361	 9.33654510512428E-02 
2362	 9.52388647751129E-02 
2363	 0.098463311964939 
2364	 0.092733888326564 
2365	 9.24598967282067E-02 
2366	 9.92888470865796E-02 
2367	 0.099334603704954 
2368	 9.68048266918543E-02 
2369	 9.43757515266737E-02 
2370	 9.07067341690062E-02 
2371	 9.00363388693458E-02 
2372	 9.21823044255265E-02 
2373	 9.26527983073614E-02 
2374	 9.07594415320235E-02 
2375	 8.58347025017162E-02 
2376	 8.17937567295911E-02 
2377	 0.08500200906179 
2378	 8.83954024686936E-02 
2379	 8.89046286598364E-02 
2380	 9.15020858566804E-02 
2381	 9.02987386195595E-02 
2382	 8.73749401471107E-02 
2383	 8.57852930220958E-02 
2384	 8.20605038436825E-02 
2385	 8.35169565141326E-02 
2386	 8.29914892784946E-02 
2387	 7.38794446286085E-02 
2388	 7.50720569947006E-02 
2389	 8.24082469016495E-02 
2390	 8.18388380452058E-02 
2391	 8.35722691847991E-02 
2392	 8.33841010778743E-02 
2393	 7.53375055864976E-02 
2394	 7.64290442531966E-02 
2395	 8.48615852110304E-02 
2396	 8.33534473764009E-02 
2397	 7.98759602000021E-02 
2398	 7.93730091743085E-02 
2399	 7.84534113183952E-02 
2400	 8.28463956389243E-02 
2401	 8.52614679403824E-02 
2402	 8.10501877058178E-02 
2403	 7.43977216565522E-02 
2404	 6.84341147773021E-02 
2405	 7.26642931678148E-02 
2406	 8.05284134088643E-02 
2407	 0.085403699260283 
2408	 8.82829406409429E-02 
2409	 0.070630784922647 
2410	 5.07687288591859E-02 
2411	 5.06169201415161E-02 
2412	 4.80702336549888E-02 
2413	 5.34189772735637E-02 
2414	 6.52927217601509E-02 
2415	 6.20734835645328E-02 
2416	 0.063444130267113 
2417	 6.81473855211376E-02 
2418	 6.53930675151618E-02 
2419	 6.88787167713433E-02 
2420	 7.39832529330973E-02 
2421	 6.78756886673126E-02 
2422	 5.72325806643736E-02 
2423	 4.81585615368476E-02 
2424	 3.97218415863752E-02 
2425	 3.66376414820668E-02 
2426	 3.49990094529516E-02 
2427	 0.035621158191688 
2428	 4.41052321422496E-02 
2429	 5.38375193519246E-02 
2430	 5.62573215866541E-02 
2431	 5.91352200380314E-02 
2432	 6.11255776348951E-02 
2433	 4.81149221600374E-02 
2434	 4.10104387775703E-02 
2435	 5.31821567087607E-02 
2436	 5.89299312555942E-02 
2437	 6.02541624244217E-02 
2438	 8.35602217394319E-02 
2439	 8.92783090881175E-02 
2440	 6.87383467495341E-02 
2441	 6.54237339267041E-02 
2442	 5.41620669075056E-02 
2443	 4.20837128669649E-02 
2444	 5.63595754278874E-02 
2445	 0.073169776661668 
2446	 6.97412715900267E-02 
2447	 6.60895335290518E-02 
2448	 6.90574523772615E-02 
2449	 4.51480885244981E-02 
2450	 0.032188936786729 
2451	 5.58490265237134E-02 
2452	 6.91152048217086E-02 
2453	 0.065017376650509 
2454	 7.74478961469641E-02 
2455	 6.69576675014805E-02 
2456	 3.72371852493423E-02 
2457	 3.56196296237532E-02 
2458	 3.32532382235708E-02 
2459	 4.79918025789459E-02 
2460	 7.05883539016705E-02 
2461	 6.39075221020493E-02 
2462	 6.39243672543468E-02 
2463	 0.079300167163619 
2464	 0.079617497643149 
2465	 8.14856220095621E-02 
2466	 8.87424494796422E-02 
2467	 6.91627201923423E-02 
2468	 3.27575953300645E-02 
2469	 2.78677267487379E-02 
2470	 5.31290441654916E-02 
2471	 5.99340291977432E-02 
2472	 7.47968174308215E-02 
2473	 6.97264657916658E-02 
2474	 3.59247100340823E-02 
2475	 2.72144332365991E-02 
2476	 2.56398753278993E-02 
2477	 1.39265147813455E-02 
2478	-0.011669077970968 
2479	-2.17069272039236E-02 
2480	 3.25973220710253E-02 
2481	 5.47930965635132E-02 
2482	 3.78913384374641E-02 
2483	-1.70556806239018E-02 
2484	-0.15901500909795 
2485	-0.233129249802064 
2486	-0.192494093591397 
2487	-0.162482831400607 
2488	-0.21465429726902 
2489	-0.256069163480249 
2490	-0.136826788081113 
2491	-6.33410926957609E-02 
2492	 6.08257039861288E-02 
2493	 0.180847991102942 
2494	 0.117029179728881 
2495	 0.164845842359185 
2496	 7.21227789688591E-02 
2497	-0.134901884684595 
2498	-0.311930497027401 
2499	-0.533131904418569 
2500	-0.362670181821027 
