Wavelength	09/27/123 at 12:34:16
350	 2.47186578690617E-02 
351	 2.46380920666986E-02 
352	 2.46669075062173E-02 
353	 2.46585650775821E-02 
354	 0.024497342509374 
355	 2.50348038434691E-02 
356	 2.52765367692723E-02 
357	 2.48203434551833E-02 
358	 2.48094622306072E-02 
359	 2.48549768018912E-02 
360	 2.48044124890621E-02 
361	 2.46221389863696E-02 
362	 2.45977378225224E-02 
363	 2.46852267497883E-02 
364	 2.47755334785627E-02 
365	 2.46987612409984E-02 
366	 2.46933710159814E-02 
367	 2.46671020581709E-02 
368	 2.44376116629594E-02 
369	 2.45698936961141E-02 
370	 2.47401539718667E-02 
371	 2.47094124803655E-02 
372	 2.46454495327964E-02 
373	 2.46665146627342E-02 
374	 2.47322437050633E-02 
375	 2.47123688606254E-02 
376	 2.45764168910375E-02 
377	 2.46638081707388E-02 
378	 2.50309454907015E-02 
379	 2.50167156228161E-02 
380	 2.48574812956406E-02 
381	 0.024712603274509 
382	 2.47167252187412E-02 
383	 2.48206339219119E-02 
384	 2.50557972874069E-02 
385	 2.52963386490238E-02 
386	 2.50298874798788E-02 
387	 2.49079117247929E-02 
388	 2.49215397359431E-02 
389	 2.48172884188996E-02 
390	 2.49444489809132E-02 
391	 2.52340149969375E-02 
392	 2.55218478417424E-02 
393	 2.55402004165515E-02 
394	 0.025542361428627 
395	 2.55251452083918E-02 
396	 2.54182418601556E-02 
397	 2.53963003647007E-02 
398	 2.54339061840458E-02 
399	 2.55162545383743E-02 
400	 0.025711940886561 
401	 2.57829758040855E-02 
402	 2.57394336246012E-02 
403	 2.56865106338308E-02 
404	 2.56603126264293E-02 
405	 2.57452531380287E-02 
406	 2.59372984815039E-02 
407	 2.60798718943435E-02 
408	 2.61872491325631E-02 
409	 2.62851605765348E-02 
410	 2.64040021741216E-02 
411	 2.65127126004613E-02 
412	 2.66337020889936E-02 
413	 2.67929072436052E-02 
414	 2.70233424721436E-02 
415	 2.72349677685648E-02 
416	 2.73933345690969E-02 
417	 2.74916644176697E-02 
418	 0.027545861264455 
419	 2.76367005404108E-02 
420	 2.78069991927575E-02 
421	 2.80466196310225E-02 
422	 2.82350319917037E-02 
423	 2.83993753495654E-02 
424	 2.86107602077972E-02 
425	 2.88219744348064E-02 
426	 2.90172345526972E-02 
427	 2.92076150020042E-02 
428	 2.94485904498862E-02 
429	 2.96158377670327E-02 
430	 2.97340455714883E-02 
431	 2.98704139092683E-02 
432	 0.030000970826524 
433	 3.01511260321916E-02 
434	 3.03051936220165E-02 
435	 0.030382631875895 
436	 3.05908218484924E-02 
437	 3.08341874883824E-02 
438	 3.09664390219614E-02 
439	 0.031119005208167 
440	 0.031280580185499 
441	 3.14348632237107E-02 
442	 3.15685446016691E-02 
443	 3.17251040751739E-02 
444	 3.18819467002172E-02 
445	 3.20166514290078E-02 
446	 3.22087665639207E-02 
447	 3.24199910974392E-02 
448	 3.26210283020921E-02 
449	 3.28044379671287E-02 
450	 3.29936270495879E-02 
451	 3.31484305458283E-02 
452	 3.32311262031167E-02 
453	 3.33061168121993E-02 
454	 3.33895596550248E-02 
455	 3.34945197573475E-02 
456	 3.36336344984835E-02 
457	 3.37627124246146E-02 
458	 3.38764770523108E-02 
459	 3.39730821009014E-02 
460	 3.40025231949518E-02 
461	 3.40566243962144E-02 
462	 0.03414652963507 
463	 3.41916721361993E-02 
464	 3.42396380439932E-02 
465	 3.43365590843706E-02 
466	 3.44801961677088E-02 
467	 3.44811929771594E-02 
468	 3.44945799593371E-02 
469	 3.45746507874257E-02 
470	 3.46743281973108E-02 
471	 3.47670787882842E-02 
472	 3.48476383142578E-02 
473	 3.49181494673469E-02 
474	 3.49852571896757E-02 
475	 3.50308351550541E-02 
476	 3.50641936166428E-02 
477	 3.51169740566844E-02 
478	 3.52154573957137E-02 
479	 3.53210307603442E-02 
480	 3.54016605664624E-02 
481	 0.035483705642831 
482	 3.55373694890449E-02 
483	 3.55885816034756E-02 
484	 3.56986606180838E-02 
485	 3.58153159686135E-02 
486	 3.59648985352594E-02 
487	 3.61436493610404E-02 
488	 3.62294404997596E-02 
489	 3.63857869340132E-02 
490	 3.65966595518448E-02 
491	 3.67549712609784E-02 
492	 3.68858739858396E-02 
493	 3.70389342228222E-02 
494	 3.72497136257789E-02 
495	 3.75113614546255E-02 
496	 3.78407329176804E-02 
497	 3.82133583426715E-02 
498	 3.85889837743421E-02 
499	 3.89935516770508E-02 
500	 3.94272251498742E-02 
501	 3.98930767585589E-02 
502	 4.04047767868762E-02 
503	 4.09388007969807E-02 
504	 4.14920041103365E-02 
505	 4.20888462749288E-02 
506	 4.28542189867086E-02 
507	 4.36759568693044E-02 
508	 4.45093861237955E-02 
509	 4.54350324055468E-02 
510	 4.63831575340612E-02 
511	 4.74386327483894E-02 
512	 4.86863130111607E-02 
513	 4.99177022528414E-02 
514	 5.12275064448763E-02 
515	 5.26651626211489E-02 
516	 5.41926650983164E-02 
517	 5.58502379199407E-02 
518	 5.76017879744446E-02 
519	 5.93626137966691E-02 
520	 6.10464458371937E-02 
521	 6.27542417248257E-02 
522	 6.45193565145819E-02 
523	 6.62891969461861E-02 
524	 0.068032549494919 
525	 6.97121776198201E-02 
526	 7.13283951621687E-02 
527	 7.30030428814205E-02 
528	 7.46026222159251E-02 
529	 7.60426808198535E-02 
530	 7.73243196934415E-02 
531	 7.85682990182695E-02 
532	 7.97806286552193E-02 
533	 0.080924852984711 
534	 0.081955247130609 
535	 8.29253360757348E-02 
536	 8.38136034682813E-02 
537	 8.45667619896848E-02 
538	 8.52954560073515E-02 
539	 8.60371973980776E-02 
540	 8.67767419405865E-02 
541	 8.74079866475721E-02 
542	 8.80478629630903E-02 
543	 8.86707153702928E-02 
544	 8.92082608695042E-02 
545	 8.97058836469534E-02 
546	 9.02138063278686E-02 
547	 9.07422563705086E-02 
548	 9.12381893793814E-02 
549	 9.16473701920664E-02 
550	 9.20014370041739E-02 
551	 9.23380862621858E-02 
552	 9.25380256540158E-02 
553	 9.26291553689593E-02 
554	 9.26182073509018E-02 
555	 9.24748466621869E-02 
556	 9.22351512327432E-02 
557	 9.18802607645119E-02 
558	 9.13955572164254E-02 
559	 9.08287767810951E-02 
560	 9.01820300348596E-02 
561	 8.94901893728824E-02 
562	 8.88035279042252E-02 
563	 8.79580624602755E-02 
564	 8.69579969933695E-02 
565	 8.58676673723557E-02 
566	 8.48017581860313E-02 
567	 8.37608398877365E-02 
568	 0.082686925630883 
569	 8.14881512227452E-02 
570	 8.02890336002872E-02 
571	 7.91205388386611E-02 
572	 7.80040857533275E-02 
573	 0.076962943337978 
574	 0.075979829138856 
575	 7.50568132759386E-02 
576	 7.42162353891487E-02 
577	 7.34384339625218E-02 
578	 7.27405509047064E-02 
579	 7.21265784345639E-02 
580	 7.15685723473742E-02 
581	 7.09940461892882E-02 
582	 7.04199888927931E-02 
583	 6.98847219071592E-02 
584	 0.069343684315535 
585	 0.068834513704507 
586	 6.84032924633487E-02 
587	 6.80903944142126E-02 
588	 6.77397138016608E-02 
589	 6.73557516242527E-02 
590	 6.70023366852723E-02 
591	 6.67087569446175E-02 
592	 6.64090943829993E-02 
593	 6.61212873647911E-02 
594	 6.59286960836067E-02 
595	 6.57391643654344E-02 
596	 0.065540917298784 
597	 6.53308068109519E-02 
598	 6.50873672622787E-02 
599	 6.48835494909205E-02 
600	 6.46733667223149E-02 
601	 6.43757376862922E-02 
602	 6.40865194140308E-02 
603	 6.37889766680999E-02 
604	 0.063457433377799 
605	 6.30704091251468E-02 
606	 6.25787705738275E-02 
607	 6.20878856218094E-02 
608	 6.16889710570293E-02 
609	 0.061197199401302 
610	 6.06374860398791E-02 
611	 6.00680725127401E-02 
612	 5.95575370208856E-02 
613	 5.90113376396239E-02 
614	 5.84742424775087E-02 
615	 5.80043122751633E-02 
616	 5.76271179046653E-02 
617	 5.72152744593518E-02 
618	 5.67870379171926E-02 
619	 5.64259082913345E-02 
620	 5.60740838900379E-02 
621	 5.57993723683938E-02 
622	 5.56152224559453E-02 
623	 5.54068342203568E-02 
624	 5.52571169348971E-02 
625	 5.51611171234484E-02 
626	 5.50825490431635E-02 
627	 5.49983415729373E-02 
628	 5.49544123858591E-02 
629	 5.49408300185058E-02 
630	 5.48763244769826E-02 
631	 5.47792838724652E-02 
632	 5.46452935350521E-02 
633	 5.44688431201814E-02 
634	 5.42512038453643E-02 
635	 5.40150427702827E-02 
636	 5.37223142508972E-02 
637	 5.33046950497762E-02 
638	 5.28195577466227E-02 
639	 5.22917619783987E-02 
640	 5.17487112964059E-02 
641	 5.12437554657293E-02 
642	 5.07126886630402E-02 
643	 5.01393627806293E-02 
644	 4.95425344425993E-02 
645	 4.90458054546296E-02 
646	 4.85713607037588E-02 
647	 4.81010073591774E-02 
648	 4.76960995245798E-02 
649	 4.73320859807135E-02 
650	 4.70141419832399E-02 
651	 4.67351657371194E-02 
652	 4.64341315791754E-02 
653	 4.61934673975041E-02 
654	 4.59945902049066E-02 
655	 4.57412578535679E-02 
656	 4.54557897617967E-02 
657	 4.50717790969088E-02 
658	 4.46239059316857E-02 
659	 4.42690779292555E-02 
660	 4.38479544937006E-02 
661	 4.34361712948281E-02 
662	 4.31243021964062E-02 
663	 4.27075842278751E-02 
664	 4.23680444910542E-02 
665	 4.21251747862773E-02 
666	 4.18138047365466E-02 
667	 4.16521024833093E-02 
668	 4.15381206172067E-02 
669	 4.14019282828917E-02 
670	 4.14607957005386E-02 
671	 4.15277763276681E-02 
672	 4.15602938289947E-02 
673	 4.16104880653056E-02 
674	 4.18341932519216E-02 
675	 0.042067816337391 
676	 4.22579065620393E-02 
677	 4.25610283208215E-02 
678	 4.28931575634143E-02 
679	 4.33031383822292E-02 
680	 4.38368238631255E-02 
681	 4.43909575339977E-02 
682	 0.044998271369744 
683	 0.045730436403129 
684	 4.66808101897446E-02 
685	 4.79217483588498E-02 
686	 4.96454959487916E-02 
687	 5.17958337212438E-02 
688	 5.33456642668293E-02 
689	 5.50929358405666E-02 
690	 5.72542726575422E-02 
691	 5.98068993310478E-02 
692	 6.29614932102827E-02 
693	 6.68560568855258E-02 
694	 7.14371924054936E-02 
695	 7.63788527501536E-02 
696	 8.17165422037848E-02 
697	 8.75642882073015E-02 
698	 9.41122840372518E-02 
699	 0.101179366331495 
700	 0.108648464183188 
701	 0.116391117995345 
702	 0.124285206202432 
703	 0.132210846716576 
704	 0.140187856740712 
705	 0.148336082868053 
706	 0.156639510349709 
707	 0.165091236050857 
708	 0.173631460910153 
709	 0.182229216183518 
710	 0.190893390729556 
711	 0.199663534430153 
712	 0.208610473516843 
713	 0.217711620839307 
714	 0.226783348940061 
715	 0.235758112998469 
716	 0.24502467288486 
717	 0.25496794817708 
718	 0.265259455055069 
719	 0.275467897469372 
720	 0.284950114358923 
721	 0.293421161629273 
722	 0.301461754208237 
723	 0.310184753824162 
724	 0.319613997785566 
725	 0.328653550631444 
726	 0.337057364642067 
727	 0.345119566412384 
728	 0.35302425286427 
729	 0.360715767819983 
730	 0.368112603560766 
731	 0.375101010855363 
732	 0.381603789069943 
733	 0.387627952518107 
734	 0.393385222493242 
735	 0.399085612677369 
736	 0.404764585839593 
737	 0.409998374960805 
738	 0.414747298726366 
739	 0.419494934870911 
740	 0.423883381127187 
741	 0.427951316667902 
742	 0.431789952009861 
743	 0.435340335282588 
744	 0.438635927063327 
745	 0.441705504612828 
746	 0.444544848538295 
747	 0.447189352294442 
748	 0.449643478039587 
749	 0.451913508922256 
750	 0.454014419463528 
751	 0.456037726500893 
752	 0.457926564607781 
753	 0.459625020826625 
754	 0.461171335123872 
755	 0.462737346130534 
756	 0.464414770051726 
757	 0.466161877045994 
758	 0.466875621204212 
759	 0.467738418151142 
760	 0.47142719260365 
761	 0.48038254070728 
762	 0.482537615943879 
763	 0.480975665977445 
764	 0.479938136487303 
765	 0.479093442140053 
766	 0.477893782202393 
767	 0.476669764703715 
768	 0.475865505798008 
769	 0.475595996135851 
770	 0.475596775423288 
771	 0.475789195133852 
772	 0.476229771335131 
773	 0.476612607028265 
774	 0.476940383334363 
775	 0.477280677311881 
776	 0.477724551323566 
777	 0.478069645379239 
778	 0.478409667692162 
779	 0.478867267042325 
780	 0.479341606703455 
781	 0.479753608022879 
782	 0.480080998191942 
783	 0.480366963571676 
784	 0.480851483898618 
785	 0.481352073803465 
786	 0.481729842022602 
787	 0.481982586312902 
788	 0.482349449417255 
789	 0.482825454993573 
790	 0.483315576207231 
791	 0.48367048408819 
792	 0.483924908853847 
793	 0.484193617206387 
794	 0.484583615890811 
795	 0.484929177218457 
796	 0.485331706111271 
797	 0.485749500264767 
798	 0.486027639485366 
799	 0.486231372361107 
800	 0.486532572326736 
801	 0.486965781327084 
802	 0.487317756908317 
803	 0.487648536356839 
804	 0.488007836476707 
805	 0.488393110907123 
806	 0.488636380914646 
807	 0.488804338230632 
808	 0.489003534231559 
809	 0.489334689468675 
810	 0.489786966259567 
811	 0.490270054742212 
812	 0.490642913703182 
813	 0.490768139709441 
814	 0.491144430332382 
815	 0.491787059657428 
816	 0.49255596359172 
817	 0.493255299690751 
818	 0.493867435822796 
819	 0.49437715799375 
820	 0.494661884930218 
821	 0.494100863704722 
822	 0.493631184892844 
823	 0.49408363246965 
824	 0.495707860712577 
825	 0.496228316358681 
826	 0.495907482807364 
827	 0.495396278333195 
828	 0.495479123671194 
829	 0.496040755804791 
830	 0.496528060244117 
831	 0.496633584338703 
832	 0.496603346272942 
833	 0.496974862811477 
834	 0.497470545422153 
835	 0.497736691277227 
836	 0.497847994826487 
837	 0.497950459912081 
838	 0.498101927338872 
839	 0.498302070396411 
840	 0.498522559448524 
841	 0.498731193056779 
842	 0.498926951756485 
843	 0.49914117437713 
844	 0.499589616302195 
845	 0.499967934622573 
846	 0.500128291013432 
847	 0.500238678912256 
848	 0.500248324100933 
849	 0.500412517559972 
850	 0.500820198907476 
851	 0.501027651503925 
852	 0.501043925067999 
853	 0.500948403172558 
854	 0.501028459225522 
855	 0.502131868788315 
856	 0.503302257032161 
857	 0.503847277076902 
858	 0.503513872623395 
859	 0.503169343417271 
860	 0.503288839915352 
861	 0.503771239743989 
862	 0.504031845656588 
863	 0.504022379323622 
864	 0.503808673595486 
865	 0.503622759459357 
866	 0.503900811928131 
867	 0.50473644080466 
868	 0.505631609763847 
869	 0.506141234241201 
870	 0.506282917989411 
871	 0.50620152601644 
872	 0.506140789054085 
873	 0.506284044403727 
874	 0.50640254140627 
875	 0.506608703421154 
876	 0.506950882461702 
877	 0.507361267990415 
878	 0.507487507125794 
879	 0.507523414098515 
880	 0.507679120366732 
881	 0.508108868567354 
882	 0.50833297081004 
883	 0.508432786466939 
884	 0.508511315234209 
885	 0.50862173353164 
886	 0.508922995018281 
887	 0.509203174182611 
888	 0.509401231955446 
889	 0.509785504052471 
890	 0.509859741293014 
891	 0.509736293592297 
892	 0.509620242056919 
893	 0.509548513760452 
894	 0.509446511886956 
895	 0.509251819830615 
896	 0.509023068466286 
897	 0.50922801785671 
898	 0.509469392932138 
899	 0.509930194743326 
900	 0.510983974748338 
901	 0.512399643530331 
902	 0.513457540148496 
903	 0.513862069210489 
904	 0.513664002918279 
905	 0.513029981704655 
906	 0.51216367228154 
907	 0.511496190970359 
908	 0.511590688782478 
909	 0.512043715093795 
910	 0.512641723750935 
911	 0.513238764282658 
912	 0.513744290675066 
913	 0.513366525338926 
914	 0.512972792555052 
915	 0.513211893123443 
916	 0.513665952719731 
917	 0.514231189783826 
918	 0.514865400648036 
919	 0.515404920808128 
920	 0.51536085926737 
921	 0.515313391834795 
922	 0.514973114259649 
923	 0.514231498147621 
924	 0.5145382135018 
925	 0.51490031271506 
926	 0.514462535980109 
927	 0.512753980562738 
928	 0.510948771451661 
929	 0.509014058814013 
930	 0.506752309643214 
931	 0.504146599083731 
932	 0.503216912794878 
933	 0.502977983391868 
934	 0.503753534764002 
935	 0.506745816977447 
936	 0.509985902354457 
937	 0.512896470555643 
938	 0.514668747412375 
939	 0.514579204871639 
940	 0.514160991225354 
941	 0.51307707272584 
942	 0.51091010843742 
943	 0.507680116717018 
944	 0.506837676250693 
945	 0.506672895412246 
946	 0.506448003379296 
947	 0.507478076201108 
948	 0.507137727340282 
949	 0.506465700530789 
950	 0.506245111897132 
951	 0.505996214350153 
952	 0.50522372271894 
953	 0.50418601678868 
954	 0.503421937261738 
955	 0.503507623871995 
956	 0.503124198237 
957	 0.502360997360405 
958	 0.501778489580868 
959	 0.502069662106719 
960	 0.50177642108211 
961	 0.501183134692679 
962	 0.500896938069813 
963	 0.501222886761229 
964	 0.501670308800972 
965	 0.501884237889915 
966	 0.501828047496695 
967	 0.502078258364142 
968	 0.501957256691556 
969	 0.502042583054015 
970	 0.502548226245331 
971	 0.501794152400307 
972	 0.500630040333394 
973	 0.499791192247295 
974	 0.499480285647469 
975	 0.498356091327737 
976	 0.49852801896247 
977	 0.499533703690825 
978	 0.500269277250974 
979	 0.500929664112549 
980	 0.501348472675888 
981	 0.501350029356951 
982	 0.501063226105239 
983	 0.501579455270174 
984	 0.501892738316996 
985	 0.50169062019548 
986	 0.501213866297522 
987	 0.501535019896415 
988	 0.501618454983567 
989	 0.501836614824302 
990	 0.502704787940774 
991	 0.503137486772591 
992	 0.503273595536838 
993	 0.503526054605256 
994	 0.504144586177259 
995	 0.504289913443269 
996	 0.504660307180786 
997	 0.504673717225941 
998	 0.503778172423426 
999	 0.50348804281088 
1000	 0.503849987362546 
1001	 0.55000630836823 
1002	 0.550375868231868 
1003	 0.550610854258826 
1004	 0.55094396625389 
1005	 0.551276482223106 
1006	 0.551491147584462 
1007	 0.55155133643045 
1008	 0.552005402474337 
1009	 0.552388491078207 
1010	 0.553037186269483 
1011	 0.553877166723494 
1012	 0.554403094123655 
1013	 0.554829374895689 
1014	 0.555231599474831 
1015	 0.555526930497669 
1016	 0.555898496962219 
1017	 0.556274088268276 
1018	 0.556705231808586 
1019	 0.556925166943644 
1020	 0.557167333188643 
1021	 0.557500406730765 
1022	 0.557801077402111 
1023	 0.558302945021391 
1024	 0.558809379238704 
1025	 0.55921066274013 
1026	 0.559664532691605 
1027	 0.560151515072729 
1028	 0.560556461812417 
1029	 0.560976106752622 
1030	 0.561383781666734 
1031	 0.561711532553257 
1032	 0.561908130699328 
1033	 0.562215602845177 
1034	 0.562531698953665 
1035	 0.562780206587766 
1036	 0.563039993321072 
1037	 0.563198552816604 
1038	 0.563462299707741 
1039	 0.563805354051504 
1040	 0.564188563728534 
1041	 0.564806251903644 
1042	 0.565336464490837 
1043	 0.565717006083177 
1044	 0.56615359529729 
1045	 0.566547729929845 
1046	 0.566969871274105 
1047	 0.567469122046216 
1048	 0.567851056458464 
1049	 0.56809608276256 
1050	 0.568287392889809 
1051	 0.568476328885382 
1052	 0.568768370511019 
1053	 0.569048693099219 
1054	 0.569224932366636 
1055	 0.569259512154186 
1056	 0.569203403277414 
1057	 0.569258396069506 
1058	 0.569365424392527 
1059	 0.569497017267453 
1060	 0.569681418582897 
1061	 0.569870238083113 
1062	 0.570068917209398 
1063	 0.570270676716235 
1064	 0.570526315253511 
1065	 0.570713272802413 
1066	 0.570914456635947 
1067	 0.570935554778959 
1068	 0.570767465531291 
1069	 0.570834538477224 
1070	 0.570872302008054 
1071	 0.570981433252212 
1072	 0.571008822600144 
1073	 0.571054691525842 
1074	 0.570966151155504 
1075	 0.570773807283437 
1076	 0.57060876518499 
1077	 0.570373185071023 
1078	 0.570229303037122 
1079	 0.570051571061565 
1080	 0.569845644496618 
1081	 0.569961861755384 
1082	 0.570000811248218 
1083	 0.569938426506465 
1084	 0.569884476586272 
1085	 0.56985580853549 
1086	 0.569681260259169 
1087	 0.569564305039056 
1088	 0.569547084471187 
1089	 0.569499939922626 
1090	 0.569348494348651 
1091	 0.569223197651432 
1092	 0.569204022754492 
1093	 0.569131026939287 
1094	 0.568910023955388 
1095	 0.568778275291763 
1096	 0.568785760114237 
1097	 0.568971213427674 
1098	 0.568960239195861 
1099	 0.56895416141266 
1100	 0.569001030719852 
1101	 0.568941483125121 
1102	 0.568888756838113 
1103	 0.569041145959926 
1104	 0.569067663705701 
1105	 0.568913548316042 
1106	 0.568846988969013 
1107	 0.568902122259104 
1108	 0.56875467811088 
1109	 0.568689994559796 
1110	 0.568594731352854 
1111	 0.568641045617624 
1112	 0.568767966266229 
1113	 0.568915897051961 
1114	 0.569156020794496 
1115	 0.569468453928292 
1116	 0.570000119975311 
1117	 0.570260385480824 
1118	 0.570509557963405 
1119	 0.570674655659443 
1120	 0.57049481290257 
1121	 0.57038536224413 
1122	 0.570299007353504 
1123	 0.570144713510073 
1124	 0.569902716645099 
1125	 0.56959419446293 
1126	 0.569158474864984 
1127	 0.568900687693531 
1128	 0.567862669842301 
1129	 0.566384716918166 
1130	 0.564941208894628 
1131	 0.562876814799588 
1132	 0.561461377768949 
1133	 0.560599762444619 
1134	 0.559384303595637 
1135	 0.558507425205729 
1136	 0.557124312659307 
1137	 0.555168485159131 
1138	 0.553533879873387 
1139	 0.551916383193004 
1140	 0.550063153067253 
1141	 0.548557718600819 
1142	 0.547482119561694 
1143	 0.545750023122472 
1144	 0.543850405616315 
1145	 0.541969021853301 
1146	 0.539804107645857 
1147	 0.537816354475594 
1148	 0.535976423029771 
1149	 0.534064796979959 
1150	 0.532216769225234 
1151	 0.530271239703552 
1152	 0.528326210604842 
1153	 0.526458616996261 
1154	 0.524556193281557 
1155	 0.522674886872205 
1156	 0.521438675458889 
1157	 0.520059834755325 
1158	 0.518824410599789 
1159	 0.517862781024329 
1160	 0.516802046087 
1161	 0.515461887623373 
1162	 0.514769314240564 
1163	 0.514444285720412 
1164	 0.513915958762805 
1165	 0.513542310122116 
1166	 0.513149143842823 
1167	 0.512549583743586 
1168	 0.512141343339783 
1169	 0.511979142945532 
1170	 0.51171382989604 
1171	 0.511411910308322 
1172	 0.511148340233804 
1173	 0.510850074738634 
1174	 0.510369633656543 
1175	 0.510011267881336 
1176	 0.509603001227096 
1177	 0.509325493802669 
1178	 0.50911583576896 
1179	 0.508986979597259 
1180	 0.508981948110737 
1181	 0.508837452464169 
1182	 0.50870026109118 
1183	 0.508499219912953 
1184	 0.508120796741603 
1185	 0.507923000455389 
1186	 0.507878480959679 
1187	 0.50774960177402 
1188	 0.50772757880489 
1189	 0.507523982689458 
1190	 0.507384850556821 
1191	 0.507179163834661 
1192	 0.506992281099617 
1193	 0.507125053583752 
1194	 0.507188765574792 
1195	 0.507281716083376 
1196	 0.507325528009543 
1197	 0.507429659511744 
1198	 0.507467407535737 
1199	 0.507456721692526 
1200	 0.507492236023845 
1201	 0.507531708257816 
1202	 0.507580013248821 
1203	 0.507482807333296 
1204	 0.507637735257426 
1205	 0.508013762860763 
1206	 0.508314119254908 
1207	 0.508504495745942 
1208	 0.508914767437434 
1209	 0.509001136532965 
1210	 0.509050125293707 
1211	 0.509515438517345 
1212	 0.509783614541748 
1213	 0.510038887015648 
1214	 0.510484101064214 
1215	 0.510739260603638 
1216	 0.510685838646512 
1217	 0.511051615750446 
1218	 0.511660790375403 
1219	 0.5120796757074 
1220	 0.512730574924144 
1221	 0.513080918747886 
1222	 0.512930128642972 
1223	 0.513197083729161 
1224	 0.513537009802734 
1225	 0.514041587553179 
1226	 0.514639324637441 
1227	 0.51527808572886 
1228	 0.515561880780336 
1229	 0.515745732725882 
1230	 0.516135959819506 
1231	 0.516460568281745 
1232	 0.516863460237704 
1233	 0.51740855300918 
1234	 0.517625376613935 
1235	 0.517962840394506 
1236	 0.518388197804864 
1237	 0.518833685409498 
1238	 0.51915197183156 
1239	 0.519654230321036 
1240	 0.51993085814305 
1241	 0.519844643919228 
1242	 0.520133792540034 
1243	 0.520584077160562 
1244	 0.520935094555535 
1245	 0.52138194576913 
1246	 0.521809264752937 
1247	 0.522174032511822 
1248	 0.522450593959067 
1249	 0.522626439815291 
1250	 0.522972515428577 
1251	 0.523396524725333 
1252	 0.523859407760969 
1253	 0.524304097215952 
1254	 0.524519955824779 
1255	 0.524859781061256 
1256	 0.525014695911489 
1257	 0.525241248657888 
1258	 0.525759326127515 
1259	 0.526108804908858 
1260	 0.526169176997401 
1261	 0.526487335824196 
1262	 0.527002960147045 
1263	 0.527211863795959 
1264	 0.52748122325787 
1265	 0.527952318242095 
1266	 0.528087221146755 
1267	 0.528086031500596 
1268	 0.528134563234108 
1269	 0.528208441540764 
1270	 0.528278848037511 
1271	 0.528279591838951 
1272	 0.528383197759328 
1273	 0.528400329920987 
1274	 0.528244713846051 
1275	 0.528258687596393 
1276	 0.528277288956116 
1277	 0.528038921389115 
1278	 0.527865281454371 
1279	 0.527632183192773 
1280	 0.527313267183743 
1281	 0.52686367228307 
1282	 0.526592577352338 
1283	 0.526385290116286 
1284	 0.525937169691266 
1285	 0.525604083062606 
1286	 0.525043703080212 
1287	 0.52444972297084 
1288	 0.524245136924475 
1289	 0.524047081395018 
1290	 0.523826480286412 
1291	 0.52339111342527 
1292	 0.522584478698231 
1293	 0.522015022539212 
1294	 0.521668115081126 
1295	 0.521117735085834 
1296	 0.520732838781992 
1297	 0.520382572662326 
1298	 0.519659869559657 
1299	 0.518963394563514 
1300	 0.51828210454553 
1301	 0.517542094158818 
1302	 0.516902948924234 
1303	 0.516163985481863 
1304	 0.515492974971074 
1305	 0.514715415237316 
1306	 0.513869787084381 
1307	 0.512864118660362 
1308	 0.511747847652495 
1309	 0.510681352434478 
1310	 0.509605109868324 
1311	 0.508371282737661 
1312	 0.507379307075714 
1313	 0.506416859892976 
1314	 0.505139180760749 
1315	 0.504018655063396 
1316	 0.502610161312093 
1317	 0.501032894282374 
1318	 0.499904475283083 
1319	 0.498336606592623 
1320	 0.496745945922371 
1321	 0.495747813702368 
1322	 0.494431620184826 
1323	 0.492959569536679 
1324	 0.491652143036042 
1325	 0.490075083000159 
1326	 0.488438383767275 
1327	 0.487090717066451 
1328	 0.485785383829916 
1329	 0.484351971760815 
1330	 0.482806672194015 
1331	 0.481204407213116 
1332	 0.479425077446178 
1333	 0.477604818110323 
1334	 0.475772594821554 
1335	 0.474150769966741 
1336	 0.472627480081236 
1337	 0.471065728315133 
1338	 0.469911206754341 
1339	 0.46855151014815 
1340	 0.467033304329225 
1341	 0.465876367241486 
1342	 0.464520847096983 
1343	 0.463444737611235 
1344	 0.462949908113837 
1345	 0.462524823113216 
1346	 0.461806076482846 
1347	 0.460636717020556 
1348	 0.459742226631648 
1349	 0.458906641405331 
1350	 0.457704556155439 
1351	 0.457215761898567 
1352	 0.45721986139272 
1353	 0.455637489304787 
1354	 0.4539896964223 
1355	 0.454677875585732 
1356	 0.454039517065015 
1357	 0.450797595481751 
1358	 0.45088187153196 
1359	 0.451185030165702 
1360	 0.45098276823745 
1361	 0.439918917767519 
1362	 0.441721914282878 
1363	 0.450150078998281 
1364	 0.431620799635776 
1365	 0.437568444910882 
1366	 0.44270382511051 
1367	 0.40758087827314 
1368	 0.409889746782638 
1369	 0.403644795080514 
1370	 0.358331802283458 
1371	 0.373234559986587 
1372	 0.3932225519976 
1373	 0.34163579359555 
1374	 0.348155464889753 
1375	 0.346269052810693 
1376	 0.265124173237138 
1377	 0.316062262644462 
1378	 0.432515772449888 
1379	 0.436216351385363 
1380	 0.379943511621926 
1381	 0.342051745734802 
1382	 0.321832413063997 
1383	 0.353679390370934 
1384	 0.413195123375022 
1385	 0.413578554807253 
1386	 0.371298728124835 
1387	 0.354943669155317 
1388	 0.367651038644559 
1389	 0.337887828845915 
1390	 0.306095124223482 
1391	 0.273995467708139 
1392	 0.252414103287024 
1393	 0.225697575696092 
1394	 0.239887348381969 
1395	 0.270919329565857 
1396	 0.26851380883084 
1397	 0.26225523626198 
1398	 0.276250625300762 
1399	 0.274453414029068 
1400	 0.26180050413239 
1401	 0.259362528880367 
1402	 0.24107443397046 
1403	 0.215371521309585 
1404	 0.210807652536246 
1405	 0.212333487700051 
1406	 0.207103286394635 
1407	 0.204784800862733 
1408	 0.203055481599544 
1409	 0.192345867808628 
1410	 0.1850549422937 
1411	 0.185577126471751 
1412	 0.178604529557126 
1413	 0.17655799922183 
1414	 0.183311182748459 
1415	 0.179266515690822 
1416	 0.174175540595079 
1417	 0.17167991032061 
1418	 0.164950986839859 
1419	 0.165395249071916 
1420	 0.167794112958021 
1421	 0.163507027792433 
1422	 0.160654762881804 
1423	 0.160321948043452 
1424	 0.158325494281329 
1425	 0.157578377993124 
1426	 0.157489972187908 
1427	 0.158378220871557 
1428	 0.155810016643098 
1429	 0.153926891161182 
1430	 0.154593627395707 
1431	 0.154137467575026 
1432	 0.153197873355146 
1433	 0.152506952355038 
1434	 0.151010652795682 
1435	 0.149887981859419 
1436	 0.149559312768677 
1437	 0.149892114859883 
1438	 0.150277282938528 
1439	 0.150190954740797 
1440	 0.150186355458525 
1441	 0.150172285977016 
1442	 0.150062220672647 
1443	 0.149658701459846 
1444	 0.149078225161371 
1445	 0.148613075631206 
1446	 0.148338111105849 
1447	 0.148190126437091 
1448	 0.147570046252236 
1449	 0.146674496995822 
1450	 0.14604597152046 
1451	 0.146190050434555 
1452	 0.146889630760031 
1453	 0.147215384321003 
1454	 0.147353435137886 
1455	 0.147363428819961 
1456	 0.14718941391958 
1457	 0.147477986318472 
1458	 0.148470217508143 
1459	 0.148910549198978 
1460	 0.148581786490742 
1461	 0.148780312205646 
1462	 0.149095117426481 
1463	 0.149421161568698 
1464	 0.150237547167382 
1465	 0.150641553249366 
1466	 0.150543768191354 
1467	 0.151162985418002 
1468	 0.152298386860566 
1469	 0.153266062499219 
1470	 0.154271426172436 
1471	 0.15543781791351 
1472	 0.15639891333509 
1473	 0.157302419852036 
1474	 0.158526907019603 
1475	 0.159900467854896 
1476	 0.160958886814873 
1477	 0.162031506577841 
1478	 0.1635285718067 
1479	 0.164929193954309 
1480	 0.166275525439688 
1481	 0.167518407897682 
1482	 0.168304682410493 
1483	 0.169450813710248 
1484	 0.171098627147232 
1485	 0.172479856601944 
1486	 0.173695211779806 
1487	 0.174923442773915 
1488	 0.175995852375814 
1489	 0.177090363127941 
1490	 0.178457461897832 
1491	 0.179810358789885 
1492	 0.180798246086715 
1493	 0.181892399128607 
1494	 0.183472359003415 
1495	 0.184826602591423 
1496	 0.185757309653709 
1497	 0.186885845001698 
1498	 0.188208772202368 
1499	 0.189598874688434 
1500	 0.191292605707549 
1501	 0.192931810758919 
1502	 0.194015406470651 
1503	 0.195105817020745 
1504	 0.196471006016715 
1505	 0.197889058985685 
1506	 0.199477406131026 
1507	 0.200970303022932 
1508	 0.202386038688728 
1509	 0.203804319103982 
1510	 0.20518429400031 
1511	 0.206668887096561 
1512	 0.207988759616703 
1513	 0.209372516938505 
1514	 0.211049765133513 
1515	 0.21262717636864 
1516	 0.214216600388267 
1517	 0.215698600982159 
1518	 0.216895309144569 
1519	 0.218220353862244 
1520	 0.219571756590077 
1521	 0.220943191509589 
1522	 0.2224480666003 
1523	 0.223797822546553 
1524	 0.225161942463729 
1525	 0.226713841975616 
1526	 0.22835193545669 
1527	 0.229901341336346 
1528	 0.231187935072964 
1529	 0.232402402330302 
1530	 0.233732510146524 
1531	 0.235156418082391 
1532	 0.236869448339214 
1533	 0.238365438579294 
1534	 0.239728508889256 
1535	 0.241067540653769 
1536	 0.242270886706086 
1537	 0.243630326392252 
1538	 0.24503027946052 
1539	 0.246729429107721 
1540	 0.248276463928204 
1541	 0.249516251979701 
1542	 0.250791255895742 
1543	 0.252065373001889 
1544	 0.25329009648852 
1545	 0.254596571597626 
1546	 0.256021500103784 
1547	 0.257467497915984 
1548	 0.258765848113829 
1549	 0.259974784345454 
1550	 0.26118175150096 
1551	 0.262325298316509 
1552	 0.263612588226634 
1553	 0.264975763752604 
1554	 0.266225134222224 
1555	 0.267381920299971 
1556	 0.268349611915914 
1557	 0.269426757441308 
1558	 0.27075677682187 
1559	 0.272038340735541 
1560	 0.273303756723552 
1561	 0.274586320354649 
1562	 0.275628385193069 
1563	 0.27647595947813 
1564	 0.277650725690155 
1565	 0.279044576459819 
1566	 0.28019715735397 
1567	 0.281419605081203 
1568	 0.282539650369598 
1569	 0.283453303773522 
1570	 0.28466046046795 
1571	 0.285981131775645 
1572	 0.287101309600022 
1573	 0.288029397383875 
1574	 0.289051358563783 
1575	 0.290119016891377 
1576	 0.291118752404239 
1577	 0.292259038250015 
1578	 0.293313474274124 
1579	 0.294248114925328 
1580	 0.295280595516028 
1581	 0.296339916460582 
1582	 0.297234048247808 
1583	 0.298019535795294 
1584	 0.298990175928317 
1585	 0.300017268258596 
1586	 0.301006707723206 
1587	 0.302019844883089 
1588	 0.302859923597129 
1589	 0.303612208408417 
1590	 0.30444668946732 
1591	 0.305405313702314 
1592	 0.306464500944872 
1593	 0.307450944975677 
1594	 0.308305902536603 
1595	 0.309148133678574 
1596	 0.3100584397053 
1597	 0.310859397214993 
1598	 0.311679879904362 
1599	 0.312617094117306 
1600	 0.313385433902442 
1601	 0.314149709435013 
1602	 0.315083491610555 
1603	 0.315948149414809 
1604	 0.316767331759 
1605	 0.317746222048561 
1606	 0.318529966880596 
1607	 0.319160405350702 
1608	 0.319948365840281 
1609	 0.320574567204857 
1610	 0.321454455237781 
1611	 0.322705331050997 
1612	 0.323600127545241 
1613	 0.324345492356057 
1614	 0.325016252425074 
1615	 0.325333051145437 
1616	 0.325845055900119 
1617	 0.326627259623921 
1618	 0.327456188783987 
1619	 0.328268862507082 
1620	 0.328711821408348 
1621	 0.329167180070555 
1622	 0.32965434188738 
1623	 0.329965930687058 
1624	 0.330659980778684 
1625	 0.331432916075737 
1626	 0.331968679744463 
1627	 0.332586868751162 
1628	 0.333156139144724 
1629	 0.333742316077553 
1630	 0.334411187718744 
1631	 0.334912495766198 
1632	 0.33534050337916 
1633	 0.335664039175262 
1634	 0.336189862288091 
1635	 0.336949429476233 
1636	 0.337388312662814 
1637	 0.337851032711683 
1638	 0.338161971705217 
1639	 0.338367157613154 
1640	 0.339260905534855 
1641	 0.340121190544867 
1642	 0.340549723696886 
1643	 0.340868367193466 
1644	 0.340986127234903 
1645	 0.341110417706266 
1646	 0.341404411446307 
1647	 0.342024272885389 
1648	 0.342683029342165 
1649	 0.342910962975871 
1650	 0.343330491724649 
1651	 0.343668955095305 
1652	 0.343377820164657 
1653	 0.343531931435679 
1654	 0.343918889457636 
1655	 0.343976146743944 
1656	 0.34444020030324 
1657	 0.344977458005181 
1658	 0.344952018634664 
1659	 0.344837430183896 
1660	 0.344780497030926 
1661	 0.344746968208321 
1662	 0.344938647306306 
1663	 0.345227603260667 
1664	 0.345474481594311 
1665	 0.345313113208066 
1666	 0.3450201681607 
1667	 0.345189328395776 
1668	 0.345299008516779 
1669	 0.345481090493883 
1670	 0.345749678646609 
1671	 0.345352552009753 
1672	 0.344747755150897 
1673	 0.344327490656102 
1674	 0.344097264189435 
1675	 0.344205873268034 
1676	 0.344375444964605 
1677	 0.34423673453982 
1678	 0.343703834403572 
1679	 0.343219039361154 
1680	 0.342888233152134 
1681	 0.342637318423239 
1682	 0.342444499822147 
1683	 0.342084964493975 
1684	 0.341613455076504 
1685	 0.341128710825074 
1686	 0.340603178364653 
1687	 0.340132503041621 
1688	 0.339723507645627 
1689	 0.339333146069376 
1690	 0.338964872035582 
1691	 0.338494421808242 
1692	 0.337826554204128 
1693	 0.337201318219806 
1694	 0.336842279346745 
1695	 0.336433025992466 
1696	 0.33595242350103 
1697	 0.335757832276309 
1698	 0.335338731896307 
1699	 0.334623742121623 
1700	 0.334133937481147 
1701	 0.33331243089347 
1702	 0.332791016772899 
1703	 0.332280052137031 
1704	 0.331873228148133 
1705	 0.331454076238987 
1706	 0.330975589511898 
1707	 0.330391913520811 
1708	 0.329818204350205 
1709	 0.329123386388314 
1710	 0.32820562814175 
1711	 0.327488910475823 
1712	 0.326792594798925 
1713	 0.326277918591078 
1714	 0.325994510965971 
1715	 0.325496563496672 
1716	 0.325168542200878 
1717	 0.324460149643319 
1718	 0.323226144122899 
1719	 0.322553260380243 
1720	 0.322010873544498 
1721	 0.321384116609393 
1722	 0.321167565545461 
1723	 0.32058172513714 
1724	 0.319376255010519 
1725	 0.318811748095871 
1726	 0.318695915569786 
1727	 0.318214754122237 
1728	 0.318005288879982 
1729	 0.317377758698835 
1730	 0.3160784680165 
1731	 0.315380811113153 
1732	 0.314845590538214 
1733	 0.314299332565665 
1734	 0.314015450247537 
1735	 0.313614820298461 
1736	 0.313135374234193 
1737	 0.312684147128835 
1738	 0.312466396617434 
1739	 0.311863919315937 
1740	 0.310870410708759 
1741	 0.31017459358194 
1742	 0.309431285404489 
1743	 0.308746515320757 
1744	 0.308325645464104 
1745	 0.307731691831542 
1746	 0.307008362731766 
1747	 0.30638448246579 
1748	 0.305800737307179 
1749	 0.305066011566559 
1750	 0.30427739403028 
1751	 0.303027066559382 
1752	 0.302222037360495 
1753	 0.301394109349922 
1754	 0.300591173970645 
1755	 0.300160418708272 
1756	 0.299535328458041 
1757	 0.298379954374245 
1758	 0.29789099631739 
1759	 0.297621146967961 
1760	 0.296881392311401 
1761	 0.296381228317336 
1762	 0.295543426855725 
1763	 0.294781060556821 
1764	 0.294482876310988 
1765	 0.29396974000044 
1766	 0.293463078906031 
1767	 0.292487958566329 
1768	 0.291127340262836 
1769	 0.290302811574768 
1770	 0.289689827976902 
1771	 0.289516377132859 
1772	 0.289276121327652 
1773	 0.28942547458799 
1774	 0.289284592406389 
1775	 0.288997859473261 
1776	 0.288464812419966 
1777	 0.287554346881143 
1778	 0.286741240384695 
1779	 0.285364825976729 
1780	 0.284783097875889 
1781	 0.284897854759596 
1782	 0.284758092042833 
1783	 0.285117328671247 
1784	 0.285226631250511 
1785	 0.285012934097759 
1786	 0.28488778250608 
1787	 0.284818349081369 
1788	 0.284862282944658 
1789	 0.28481015368835 
1790	 0.284811676743943 
1791	 0.285106052480631 
1792	 0.285118439034239 
1793	 0.284628124900378 
1794	 0.285145490580953 
1795	 0.28662366708074 
1796	 0.28702333250345 
1797	 0.287599304045272 
1798	 0.287871651474091 
1799	 0.286657463852437 
1800	 0.286354846820438 
1801	 0.28705397169312 
1802	 0.287045059272097 
1803	 0.286383492765261 
1804	 0.286583509134223 
1805	 0.286920383015616 
1806	 0.288144594659248 
1807	 0.290948971724562 
1808	 0.292564912679113 
1809	 0.294792421625984 
1810	 0.295704332505155 
1811	 0.295510846453573 
1812	 0.296540022359194 
1813	 0.295114051870706 
1814	 0.296733609063075 
1815	 0.297931413362896 
1816	 0.298179677496645 
1817	 0.299832599423219 
1818	 0.291109733148942 
1819	 0.288531129804879 
1820	 0.289027178786538 
1821	 0.290692478624066 
1822	 0.306762286331398 
1823	 0.316113827302968 
1824	 0.320408279810182 
1825	 0.322670777962689 
1826	 0.306683985321542 
1827	 0.303802767303024 
1828	 0.310493846095447 
1829	 0.313894189453381 
1830	 0.339874360515197 
1831	 0.204683954682311 
1832	 0.150726388207728 
1833	 0.150539805469445 
1834	 0.428980323909289 
1835	 0.670237433175877 
1836	 0.608824179692751 
1837	 0.652696625102773 
1838	 0.307450506798708 
1839	-0.095325099488455 
1840	-0.21296290830748 
1841	-0.358730355465976 
1842	-0.590448511536136 
1843	-0.349962251848272 
1844	-0.311229437416173 
1845	-2.00221247851099 
1846	 8.1257735293167 
1847	-0.132942315975784 
1848	 1.28934350181555 
1849	 3.57310870975831E-02 
1850	 1.34700878613108E-03 
1851	-4.22513915703138E-02 
1852	-0.409178068328982 
1853	-0.666915897121737 
1854	-2.87306051526243 
1855	-1.97275159943443 
1856	-8.62831846856042E-02 
1857	-0.101493713829203 
1858	 0.366306073174367 
1859	 1.12778047382512 
1860	 0.307309861283989 
1861	-4.49018004985647 
1862	-2.40439764885651 
1863	-0.414503049777444 
1864	-0.396589099884077 
1865	-0.528173263971705 
1866	-0.619143513367207 
1867	-0.853418551768395 
1868	-0.875060061244739 
1869	-0.415778207473666 
1870	 3.31194569688401E-02 
1871	 0.209067465109244 
1872	 0.965487081354774 
1873	 0.95803587962341 
1874	 0.495592941837708 
1875	 0.330988910924108 
1876	 0.140036782100436 
1877	-7.00786420685685E-02 
1878	-0.111509995426457 
1879	-0.101752998938231 
1880	 5.62990606960196E-02 
1881	 0.502553221275825 
1882	 0.50416176069121 
1883	 0.220573351632476 
1884	 0.177493202637048 
1885	 0.046629400947086 
1886	 6.56056393797396E-02 
1887	 0.32058139949993 
1888	 0.287647669332977 
1889	 0.120512035847244 
1890	 8.48242802453402E-02 
1891	 7.67100356141664E-02 
1892	 8.98773181279312E-02 
1893	 0.136983921086921 
1894	 0.307030267578718 
1895	 0.329276009179894 
1896	 0.260716039212992 
1897	 0.160402060055723 
1898	 0.115895258766203 
1899	 0.338620683599492 
1900	 0.532266389874912 
1901	 0.366114361872121 
1902	 0.357132494256501 
1903	 9.64448800124672E-02 
1904	-7.39373607250341E-02 
1905	-0.220660660638039 
1906	 0.128775457243236 
1907	 0.348303797074239 
1908	 0.131014236693203 
1909	 4.44553511930317E-02 
1910	 5.47195969056179E-02 
1911	-2.91376851729376E-02 
1912	-0.13249221778768 
1913	-0.145452684392002 
1914	-0.121197219335996 
1915	-0.102678402157577 
1916	-9.10989538973165E-02 
1917	-8.36975152008215E-03 
1918	-1.56950283572049E-02 
1919	-1.35198098079235E-02 
1920	 3.87007295801903E-02 
1921	 3.87433828598038E-02 
1922	 3.03899050120695E-02 
1923	 0.065851173868222 
1924	 7.95278188798289E-02 
1925	 7.67159687220551E-02 
1926	 5.58346769628743E-02 
1927	 6.15088871662111E-02 
1928	 5.09847659744122E-02 
1929	 2.22047650447257E-02 
1930	 2.92623737340303E-02 
1931	 3.90468947792835E-02 
1932	 2.92959790559251E-02 
1933	 4.04142741506583E-02 
1934	 4.58316838115739E-02 
1935	 4.22739762349708E-02 
1936	 3.20062191734133E-02 
1937	 3.66622391283951E-02 
1938	 3.76363670802559E-02 
1939	 3.35479161135585E-02 
1940	 3.54047059029635E-02 
1941	 3.92417504056131E-02 
1942	 3.95883528580072E-02 
1943	 3.38854881749324E-02 
1944	 3.37978178097308E-02 
1945	 4.28283226164296E-02 
1946	 0.043966535441852 
1947	 4.20225774800528E-02 
1948	 4.14215244315037E-02 
1949	 4.72346880752577E-02 
1950	 4.76813075119371E-02 
1951	 4.76788304334883E-02 
1952	 4.87740280420678E-02 
1953	 4.51689971947981E-02 
1954	 4.23793489353816E-02 
1955	 0.042091720842618 
1956	 4.57120804211335E-02 
1957	 0.049436982840146 
1958	 4.98514145819488E-02 
1959	 4.67022194441242E-02 
1960	 4.64950823365636E-02 
1961	 4.89067005797569E-02 
1962	 4.96534727426425E-02 
1963	 5.08589047030786E-02 
1964	 5.17174304621956E-02 
1965	 5.07953577255691E-02 
1966	 0.050781990490486 
1967	 5.29803535903725E-02 
1968	 5.41207376140199E-02 
1969	 0.054021984401946 
1970	 5.33198053114194E-02 
1971	 5.21221806766033E-02 
1972	 5.12563193860746E-02 
1973	 5.20815667444742E-02 
1974	 5.30919411098672E-02 
1975	 5.42064739600087E-02 
1976	 5.48929774884941E-02 
1977	 5.48776867043477E-02 
1978	 5.54589832853972E-02 
1979	 0.056183260225369 
1980	 5.71912842083803E-02 
1981	 5.79996943594516E-02 
1982	 5.81820917248475E-02 
1983	 0.057626261083939 
1984	 5.75073830751886E-02 
1985	 5.82840360702325E-02 
1986	 5.86806292223966E-02 
1987	 5.87377267474385E-02 
1988	 5.91912792779174E-02 
1989	 5.92094185459925E-02 
1990	 5.89186318710841E-02 
1991	 5.96293818674937E-02 
1992	 6.15720846965725E-02 
1993	 6.24150640429472E-02 
1994	 6.20193434411645E-02 
1995	 6.23428196872466E-02 
1996	 6.27946825555782E-02 
1997	 6.32183613374446E-02 
1998	 6.34526115435072E-02 
1999	 6.53805322837489E-02 
2000	 6.71066148545674E-02 
2001	 6.67780418016433E-02 
2002	 6.68105281121597E-02 
2003	 6.72788182450851E-02 
2004	 6.75044330418432E-02 
2005	 7.03058066036995E-02 
2006	 0.072389987400405 
2007	 7.49580164399917E-02 
2008	 7.64516546496848E-02 
2009	 0.077735131732777 
2010	 0.077609047877566 
2011	 7.70914519741585E-02 
2012	 7.72022938094571E-02 
2013	 7.81563193998433E-02 
2014	 8.02740257854059E-02 
2015	 8.06960119840585E-02 
2016	 8.07538916139708E-02 
2017	 8.20480649516048E-02 
2018	 8.22726732934471E-02 
2019	 8.26242323374207E-02 
2020	 8.33719331422239E-02 
2021	 8.44080412291849E-02 
2022	 8.56232908040109E-02 
2023	 8.56844767676069E-02 
2024	 8.63479046215796E-02 
2025	 8.74276271878589E-02 
2026	 8.78975548417576E-02 
2027	 8.81021355678701E-02 
2028	 8.85483729206833E-02 
2029	 8.91126663873907E-02 
2030	 8.94452898892364E-02 
2031	 8.92826304720102E-02 
2032	 8.94917351845487E-02 
2033	 8.95841023721385E-02 
2034	 8.99279635684685E-02 
2035	 9.01977536073832E-02 
2036	 9.15771392676659E-02 
2037	 9.25881915027446E-02 
2038	 9.29017903675764E-02 
2039	 9.32875510623021E-02 
2040	 9.33408898917642E-02 
2041	 9.35137037956364E-02 
2042	 9.38686014485948E-02 
2043	 0.09408952377305 
2044	 9.43040793527007E-02 
2045	 9.48216398997649E-02 
2046	 9.58373339621302E-02 
2047	 9.61577865468456E-02 
2048	 9.61710758793387E-02 
2049	 9.65142109960956E-02 
2050	 9.65581376763743E-02 
2051	 9.65181476756417E-02 
2052	 9.72487433955662E-02 
2053	 9.84905148122953E-02 
2054	 9.95260238984336E-02 
2055	 0.100705913786779 
2056	 0.10169513025196 
2057	 0.102356487281031 
2058	 0.102756881815876 
2059	 0.102448818672045 
2060	 0.102894629352421 
2061	 0.104104441792002 
2062	 0.104649787691239 
2063	 0.104673835814555 
2064	 0.105316497877698 
2065	 0.105932247802069 
2066	 0.106611625434108 
2067	 0.107520553534255 
2068	 0.108445044005578 
2069	 0.109117863424353 
2070	 0.11008253231701 
2071	 0.110427944091993 
2072	 0.11051907456916 
2073	 0.110828368161304 
2074	 0.111133254322916 
2075	 0.111642515078717 
2076	 0.112637397275931 
2077	 0.113408638469191 
2078	 0.114252982396936 
2079	 0.114881063913495 
2080	 0.115283107638593 
2081	 0.116027777817308 
2082	 0.116341378983968 
2083	 0.115910185722534 
2084	 0.116400252171323 
2085	 0.117389843607705 
2086	 0.117818242955109 
2087	 0.118464931754567 
2088	 0.119025110309762 
2089	 0.119125211763937 
2090	 0.119576060429807 
2091	 0.120935419891819 
2092	 0.121640534803936 
2093	 0.121706334953883 
2094	 0.122203194392028 
2095	 0.123014918556875 
2096	 0.123558171405264 
2097	 0.123941199130788 
2098	 0.124422747614037 
2099	 0.125102295754292 
2100	 0.125519930944289 
2101	 0.12600261265649 
2102	 0.126371959278706 
2103	 0.126774207025285 
2104	 0.127580634807996 
2105	 0.12826793124238 
2106	 0.128802820301769 
2107	 0.129374357444907 
2108	 0.129733496551135 
2109	 0.130345863892948 
2110	 0.131253689267792 
2111	 0.131795556644002 
2112	 0.131957338061371 
2113	 0.132728732582891 
2114	 0.133710463194926 
2115	 0.134700658618187 
2116	 0.135368287276163 
2117	 0.13530359527213 
2118	 0.134853909968913 
2119	 0.135258762932623 
2120	 0.136664594722735 
2121	 0.137670899293305 
2122	 0.137962763566267 
2123	 0.138324611894572 
2124	 0.138856918368016 
2125	 0.139440795934244 
2126	 0.139783702679071 
2127	 0.139974524954469 
2128	 0.140344054484171 
2129	 0.140459735695558 
2130	 0.140888765563993 
2131	 0.142213610765522 
2132	 0.142760048236314 
2133	 0.142877143702425 
2134	 0.142540278976347 
2135	 0.142925997477252 
2136	 0.143830496385657 
2137	 0.144533013384519 
2138	 0.145272629169311 
2139	 0.145722683734563 
2140	 0.145883314375275 
2141	 0.146431939239571 
2142	 0.14691053812682 
2143	 0.147036098864939 
2144	 0.146599040161586 
2145	 0.146690493092722 
2146	 0.146660347408576 
2147	 0.14713630181856 
2148	 0.14844267343771 
2149	 0.149047973420699 
2150	 0.149331574961211 
2151	 0.149767822130136 
2152	 0.150121364616432 
2153	 0.150461313946521 
2154	 0.150193726520551 
2155	 0.150323351454298 
2156	 0.150685595981735 
2157	 0.150396229747739 
2158	 0.151254911580266 
2159	 0.152431030728263 
2160	 0.1522980422897 
2161	 0.152548579136296 
2162	 0.153478610193267 
2163	 0.15462811432631 
2164	 0.154914023593822 
2165	 0.154813450369868 
2166	 0.155147304691364 
2167	 0.155241880667467 
2168	 0.155090552526801 
2169	 0.154933256707224 
2170	 0.155520024966108 
2171	 0.155964955714559 
2172	 0.156170401731897 
2173	 0.156928387075478 
2174	 0.158309764014805 
2175	 0.158062942174145 
2176	 0.157419975135175 
2177	 0.157398623512981 
2178	 0.157464681871695 
2179	 0.157610242958961 
2180	 0.158015115421562 
2181	 0.158462441366345 
2182	 0.158463786379709 
2183	 0.158924259635683 
2184	 0.160086599104142 
2185	 0.160271190142961 
2186	 0.159387619048048 
2187	 0.159995523462423 
2188	 0.161151826755075 
2189	 0.161423432517375 
2190	 0.162601860496188 
2191	 0.163118420746803 
2192	 0.161902744314578 
2193	 0.161519840572525 
2194	 0.161756121944208 
2195	 0.162007236622004 
2196	 0.162079195993231 
2197	 0.162806499321726 
2198	 0.164344993346704 
2199	 0.165237957819536 
2200	 0.165378310073397 
2201	 0.165565880814285 
2202	 0.165718634711543 
2203	 0.164408840208642 
2204	 0.163288557084783 
2205	 0.163778462710722 
2206	 0.16465446623226 
2207	 0.165678487291658 
2208	 0.167096823247467 
2209	 0.168203024907052 
2210	 0.168637762312568 
2211	 0.167849609535614 
2212	 0.16795445714322 
2213	 0.168240196944211 
2214	 0.168478511418909 
2215	 0.169601384979928 
2216	 0.169401098446767 
2217	 0.167485200581947 
2218	 0.166984455378306 
2219	 0.166772570415335 
2220	 0.166426331437315 
2221	 0.166604597272195 
2222	 0.167310258098756 
2223	 0.167352002709034 
2224	 0.166735546434961 
2225	 0.166328832021107 
2226	 0.167075130713161 
2227	 0.168087642166097 
2228	 0.167818422191443 
2229	 0.168197118510129 
2230	 0.167856544608244 
2231	 0.165035048162749 
2232	 0.163251037270276 
2233	 0.162531572238259 
2234	 0.161895227898073 
2235	 0.16275458193172 
2236	 0.163281732363381 
2237	 0.163570977761253 
2238	 0.163738329482567 
2239	 0.163516760467304 
2240	 0.163072865208614 
2241	 0.162688886268528 
2242	 0.161301935343191 
2243	 0.160825517621845 
2244	 0.161323566838506 
2245	 0.160882476235818 
2246	 0.160062987947553 
2247	 0.159693535703473 
2248	 0.159775240941821 
2249	 0.158768394265933 
2250	 0.157408081668672 
2251	 0.156082526548768 
2252	 0.154672804902509 
2253	 0.153671882864582 
2254	 0.152800670437758 
2255	 0.152110699768844 
2256	 0.152974985804276 
2257	 0.152067609186733 
2258	 0.150004681762177 
2259	 0.150820963465067 
2260	 0.151255679722036 
2261	 0.150089095713797 
2262	 0.149216027060542 
2263	 0.146507162116159 
2264	 0.143828854478517 
2265	 0.144424988570696 
2266	 0.14586241536479 
2267	 0.146792060964229 
2268	 0.146425097689274 
2269	 0.143706816049349 
2270	 0.141425134239942 
2271	 0.141774906173075 
2272	 0.141286854695887 
2273	 0.141028944183981 
2274	 0.139951854650216 
2275	 0.137647812053232 
2276	 0.137537127076363 
2277	 0.139313947088312 
2278	 0.138943348123581 
2279	 0.138354120080782 
2280	 0.137735052828412 
2281	 0.135542458110934 
2282	 0.134603153349591 
2283	 0.135374510542097 
2284	 0.135129224990487 
2285	 0.132970972412536 
2286	 0.132337529036221 
2287	 0.132208407644259 
2288	 0.133843737746655 
2289	 0.133089691180808 
2290	 0.131500291826192 
2291	 0.130842297881809 
2292	 0.129012454650639 
2293	 0.127757590128445 
2294	 0.128961853086045 
2295	 0.127947745865424 
2296	 0.125853541629834 
2297	 0.125303062426547 
2298	 0.125834321214057 
2299	 0.126647045050691 
2300	 0.125149907065581 
2301	 0.125728196210316 
2302	 0.126951473991912 
2303	 0.124463890246358 
2304	 0.12390404302154 
2305	 0.125116902557685 
2306	 0.124570301114812 
2307	 0.123367357344497 
2308	 0.123035496695538 
2309	 0.121151603395293 
2310	 0.118251797856242 
2311	 0.117758521178419 
2312	 0.118351935394868 
2313	 0.119873468968557 
2314	 0.120566768063163 
2315	 0.120587553386095 
2316	 0.120453528555366 
2317	 0.118387961641339 
2318	 0.117517440561697 
2319	 0.116836266815804 
2320	 0.116693688938536 
2321	 0.117049688297958 
2322	 0.11816921005656 
2323	 0.117435879148762 
2324	 0.115922536175147 
2325	 0.115366840174953 
2326	 0.114589064482925 
2327	 0.114319377858999 
2328	 0.11562071899779 
2329	 0.115102376896213 
2330	 0.112565867091016 
2331	 0.111689782235759 
2332	 0.111779692552498 
2333	 0.111029675135077 
2334	 0.109480653019806 
2335	 0.108914996426981 
2336	 0.108333064627322 
2337	 0.108080295524486 
2338	 0.110517779403891 
2339	 0.111760684682051 
2340	 0.112588364193605 
2341	 0.111025809074653 
2342	 0.108796986470642 
2343	 0.104435570312464 
2344	 0.102897852124882 
2345	 0.103043841301792 
2346	 0.103269818924066 
2347	 0.105577988610317 
2348	 0.106316532598616 
2349	 0.106035525480746 
2350	 0.108280559280554 
2351	 0.108148472337971 
2352	 0.105766913029586 
2353	 0.104719884081816 
2354	 0.101621622795974 
2355	 0.101520602289397 
2356	 0.106292392905438 
2357	 0.106223957287082 
2358	 0.104329343322104 
2359	 0.102480360891241 
2360	 9.69934617344159E-02 
2361	 9.48128687673707E-02 
2362	 9.80058973101754E-02 
2363	 9.95089617679038E-02 
2364	 0.095841969724037 
2365	 9.35602370912751E-02 
2366	 9.49545271811383E-02 
2367	 9.36712992666889E-02 
2368	 9.50271540587988E-02 
2369	 9.52411320544691E-02 
2370	 0.088856551622763 
2371	 8.80008738139258E-02 
2372	 9.03909307831242E-02 
2373	 9.07752776941413E-02 
2374	 9.23020850614158E-02 
2375	 8.93148335676669E-02 
2376	 8.54832586126902E-02 
2377	 8.65909394487056E-02 
2378	 8.42295529697952E-02 
2379	 8.21047172580327E-02 
2380	 8.35288812537747E-02 
2381	 8.57867122530721E-02 
2382	 8.64747304294963E-02 
2383	 8.75338078252687E-02 
2384	 0.092313407745606 
2385	 8.96900344589223E-02 
2386	 8.98763363632241E-02 
2387	 9.77403546987847E-02 
2388	 9.74397953318176E-02 
2389	 9.32675027531082E-02 
2390	 9.04802343669683E-02 
2391	 8.39564506496677E-02 
2392	 8.40407437549899E-02 
2393	 9.24360893400588E-02 
2394	 9.07087364644699E-02 
2395	 8.37800653733396E-02 
2396	 0.079931004101581 
2397	 7.50486756107842E-02 
2398	 7.34764529290398E-02 
2399	 7.83476512956585E-02 
2400	 7.93910377840977E-02 
2401	 7.53120844264574E-02 
2402	 7.99854653176386E-02 
2403	 8.54319373923362E-02 
2404	 8.37051311880476E-02 
2405	 8.34849318592279E-02 
2406	 7.94250986978238E-02 
2407	 7.63133929466814E-02 
2408	 7.59264312087383E-02 
2409	 7.29316453288083E-02 
2410	 0.074708517124456 
2411	 8.12349556885285E-02 
2412	 8.93473496472795E-02 
2413	 8.89355005287571E-02 
2414	 0.08219710660333 
2415	 7.81949503856182E-02 
2416	 7.57578020521821E-02 
2417	 7.68050241309012E-02 
2418	 8.30773955706237E-02 
2419	 7.91816196423889E-02 
2420	 6.31728296329975E-02 
2421	 6.58097369971195E-02 
2422	 7.61727584651788E-02 
2423	 6.66297953062104E-02 
2424	 5.69662095589296E-02 
2425	 5.39801994246655E-02 
2426	 0.047314035221853 
2427	 4.89156823916519E-02 
2428	 7.13561344966903E-02 
2429	 8.70228624068799E-02 
2430	 7.50898927350035E-02 
2431	 6.64067581099926E-02 
2432	 6.70847815566298E-02 
2433	 5.38278998188294E-02 
2434	 4.35652265919892E-02 
2435	 5.09059350941863E-02 
2436	 5.53019695742852E-02 
2437	 4.97775578488497E-02 
2438	 5.34109394275257E-02 
2439	 6.20458620617858E-02 
2440	 5.92506334262158E-02 
2441	 4.88993947942505E-02 
2442	 5.11611770462568E-02 
2443	 6.43927540434448E-02 
2444	 4.95344360989994E-02 
2445	 3.61334345594857E-02 
2446	 5.70341183833567E-02 
2447	 5.40783568926584E-02 
2448	 5.20014141025908E-02 
2449	 7.65150405211086E-02 
2450	 4.88438636375188E-02 
2451	 1.61401728168083E-02 
2452	 3.41984761849648E-02 
2453	 5.36225685742741E-02 
2454	 9.70637668680221E-02 
2455	 0.116505820084007 
2456	 8.01665661538358E-02 
2457	 5.07478156279158E-02 
2458	 2.46660804823662E-02 
2459	 2.49197248228178E-02 
2460	 6.31172748315158E-02 
2461	 7.69554034246302E-02 
2462	 6.29625644258237E-02 
2463	 4.88999872484398E-02 
2464	 1.94385599987456E-02 
2465	 4.56979295278766E-03 
2466	 3.07794686693318E-02 
2467	 5.12476290970381E-02 
2468	 6.34163986940674E-02 
2469	 6.98691787576555E-02 
2470	 4.79677319433516E-02 
2471	 3.78641692820796E-02 
2472	 4.09713860509558E-02 
2473	 0.032013677863384 
2474	-4.1899016079948E-03 
2475	-1.03238387469155E-02 
2476	 2.90200566506343E-02 
2477	 4.70966897624156E-02 
2478	 6.40453759546951E-02 
2479	 0.117079988054668 
2480	 6.70266130261218E-02 
2481	-4.37575203921683E-02 
2482	-9.57641461375198E-02 
2483	-0.128400454966904 
2484	-9.19348205579613E-02 
2485	-2.72345096641801E-02 
2486	 4.10708907387789E-03 
2487	 0.074059037313517 
2488	 0.176286757711544 
2489	 0.191222316706957 
2490	 0.163199783110394 
2491	 0.180834545695967 
2492	-5.61695587264426E-02 
2493	-9.89797311590061E-02 
2494	 0.18767098023573 
2495	 0.156802533040925 
2496	 0.231714534960633 
2497	 0.373376098801251 
2498	 0.165644218047987 
2499	 4.69708890393823E-02 
2500	 6.72557539367154E-02 
