Wavelength	09/27/123 at 12:33:43
350	 2.51922656161843E-02 
351	 2.52849409450852E-02 
352	 2.55168148077813E-02 
353	 2.55581946702191E-02 
354	 2.52238344503626E-02 
355	 2.55187967228852E-02 
356	 2.56839029194284E-02 
357	 2.53597472034373E-02 
358	 2.53328637130023E-02 
359	 2.56246921723997E-02 
360	 2.58385028426111E-02 
361	 2.54895524861288E-02 
362	 0.025433636584639 
363	 2.56018105589168E-02 
364	 2.57593701540141E-02 
365	 2.55321773810196E-02 
366	 2.53801300088791E-02 
367	 2.53453076619019E-02 
368	 2.53186435529403E-02 
369	 2.57796008663318E-02 
370	 2.58902322489945E-02 
371	 2.53451836385345E-02 
372	 2.53288311236036E-02 
373	 0.025559302884576 
374	 2.57584643489583E-02 
375	 2.56672916223621E-02 
376	 2.58000243680337E-02 
377	 2.61627487480071E-02 
378	 2.65632953513951E-02 
379	 2.65252929300629E-02 
380	 0.026284728634101 
381	 2.61049624458491E-02 
382	 2.62357155073929E-02 
383	 2.63538691393699E-02 
384	 2.65312877600032E-02 
385	 2.67284274086069E-02 
386	 2.65139233081613E-02 
387	 2.65382701125409E-02 
388	 2.68003109581527E-02 
389	 2.70021091728653E-02 
390	 2.70631815811021E-02 
391	 2.71179211262838E-02 
392	 2.72207042699141E-02 
393	 2.72224006502347E-02 
394	 2.73034576528391E-02 
395	 0.027379751642231 
396	 2.73150215932502E-02 
397	 2.73956266127084E-02 
398	 2.75492405911393E-02 
399	 2.77095266011452E-02 
400	 2.79065754396435E-02 
401	 2.79102740533673E-02 
402	 2.78645905293519E-02 
403	 2.80075703369382E-02 
404	 0.028138057471474 
405	 2.82183825116151E-02 
406	 2.82714920448564E-02 
407	 2.83976284858406E-02 
408	 2.85665568158886E-02 
409	 2.87215526857911E-02 
410	 0.028811046356189 
411	 2.89153595030324E-02 
412	 2.90529852232858E-02 
413	 2.92310772461272E-02 
414	 2.94535100367523E-02 
415	 2.96965788677417E-02 
416	 0.029878100602776 
417	 2.99241860356344E-02 
418	 2.99617985038087E-02 
419	 3.00725770900769E-02 
420	 3.02798198208426E-02 
421	 3.05446529922011E-02 
422	 3.06729551326358E-02 
423	 3.07702520903418E-02 
424	 3.10177467890845E-02 
425	 3.12685937280836E-02 
426	 3.14507586031062E-02 
427	 3.15655763935841E-02 
428	 0.031711881147263 
429	 3.18938297342981E-02 
430	 3.20735788227128E-02 
431	 0.032206898136284 
432	 3.23200049945792E-02 
433	 0.03244264758697 
434	 3.25730476136942E-02 
435	 3.26651485778712E-02 
436	 3.28284074885706E-02 
437	 3.30257738127655E-02 
438	 3.31877985905155E-02 
439	 3.33443887464654E-02 
440	 3.34890860936332E-02 
441	 0.033609703790302 
442	 3.36841516323243E-02 
443	 3.38380405324578E-02 
444	 3.40156099535752E-02 
445	 3.41338011945256E-02 
446	 0.034262268641157 
447	 3.44334641075165E-02 
448	 3.46236699766559E-02 
449	 3.47453902428225E-02 
450	 3.48839073840092E-02 
451	 3.50343835378567E-02 
452	 3.51717452316106E-02 
453	 0.035309305691064 
454	 3.54345350447635E-02 
455	 3.55433732514494E-02 
456	 3.56437061212629E-02 
457	 0.03573421228973 
458	 3.58298979597132E-02 
459	 3.59359371027123E-02 
460	 3.59977186600088E-02 
461	 3.60246849445298E-02 
462	 3.60655049820328E-02 
463	 3.62019179746603E-02 
464	 3.63127812975803E-02 
465	 3.64032619079108E-02 
466	 3.64957331267025E-02 
467	 3.65460137189746E-02 
468	 0.036599368928418 
469	 3.66694537019026E-02 
470	 3.67387625259986E-02 
471	 0.036791555824658 
472	 3.68521633242196E-02 
473	 3.69427759515411E-02 
474	 3.70534239846531E-02 
475	 3.71585962011052E-02 
476	 3.72261648014656E-02 
477	 3.72266968474562E-02 
478	 3.72807469513295E-02 
479	 3.73628803202046E-02 
480	 0.037442594734667 
481	 3.75677328812739E-02 
482	 3.76809302673868E-02 
483	 3.77659630042658E-02 
484	 3.78400242898333E-02 
485	 3.79541168202819E-02 
486	 3.81300857086548E-02 
487	 3.83242451544426E-02 
488	 0.03833439987653 
489	 3.84052367538311E-02 
490	 3.85883335017185E-02 
491	 3.88208720680182E-02 
492	 3.90146251642161E-02 
493	 3.91656193217025E-02 
494	 3.93070641541021E-02 
495	 3.95166109119599E-02 
496	 3.97612629493242E-02 
497	 4.00126056788282E-02 
498	 4.02603524303281E-02 
499	 4.06667269340707E-02 
500	 4.10967050149533E-02 
501	 4.14636534952873E-02 
502	 4.18306322113191E-02 
503	 4.21700105028841E-02 
504	 4.25464289746723E-02 
505	 4.30418557663863E-02 
506	 4.36031096265253E-02 
507	 4.42293846642271E-02 
508	 4.48827343738077E-02 
509	 4.54555824683982E-02 
510	 4.61264124405693E-02 
511	 4.69115942881711E-02 
512	 4.77691095527048E-02 
513	 4.86494084041728E-02 
514	 4.96114030077544E-02 
515	 5.06625150507163E-02 
516	 5.17309388331262E-02 
517	 5.29138714452779E-02 
518	 5.41729563362387E-02 
519	 5.54175952060712E-02 
520	 5.65849816899708E-02 
521	 5.77625885042621E-02 
522	 5.89972191615651E-02 
523	 6.02806819866161E-02 
524	 6.15600819275339E-02 
525	 6.27368074333895E-02 
526	 6.37917283273217E-02 
527	 6.49909357050778E-02 
528	 6.61383106853592E-02 
529	 6.71450654636055E-02 
530	 6.80352824009838E-02 
531	 6.88372677340952E-02 
532	 6.96219525262477E-02 
533	 7.04160524075945E-02 
534	 7.11525973135685E-02 
535	 7.17826663379948E-02 
536	 7.23187914370328E-02 
537	 7.28110512240177E-02 
538	 7.32974089630812E-02 
539	 7.37382696349066E-02 
540	 7.41189138126221E-02 
541	 7.44991543877242E-02 
542	 7.48945529566231E-02 
543	 7.52861416632343E-02 
544	 7.56410936633766E-02 
545	 7.59478093651989E-02 
546	 7.62476207500479E-02 
547	 7.65531969774439E-02 
548	 7.68198965395589E-02 
549	 0.077065226609987 
550	 7.72994954959753E-02 
551	 0.077518666178462 
552	 7.76557475722629E-02 
553	 7.77097420311176E-02 
554	 7.76779461576496E-02 
555	 0.07754950509862 
556	 7.73463707438593E-02 
557	 7.70763761379557E-02 
558	 0.07674770440389 
559	 7.63700186543183E-02 
560	 7.59641219955264E-02 
561	 7.55340677166104E-02 
562	 7.50630336724662E-02 
563	 7.44978401688077E-02 
564	 7.38634845792574E-02 
565	 7.31987089466513E-02 
566	 7.25217428475597E-02 
567	 7.18409891157044E-02 
568	 7.11353389105941E-02 
569	 7.03709777973311E-02 
570	 6.96764745369705E-02 
571	 6.90173266100274E-02 
572	 6.83509800245468E-02 
573	 6.76621181028264E-02 
574	 6.70350708671413E-02 
575	 0.066470255079269 
576	 6.59472269553904E-02 
577	 6.55363767277473E-02 
578	 6.51681862000129E-02 
579	 6.47947891526168E-02 
580	 0.064419573363556 
581	 6.40255544992845E-02 
582	 6.36783896251135E-02 
583	 6.34240625865427E-02 
584	 6.30671459157911E-02 
585	 6.27187667289678E-02 
586	 6.24573903865088E-02 
587	 6.23017790214325E-02 
588	 6.21310294912358E-02 
589	 6.19471628667095E-02 
590	 6.17751782486571E-02 
591	 6.15653601054822E-02 
592	 6.13257181637002E-02 
593	 6.11113515673113E-02 
594	 6.10131398539927E-02 
595	 6.09557542404072E-02 
596	 6.08663233598796E-02 
597	 0.060727099756899 
598	 6.06404696490797E-02 
599	 6.05604185032325E-02 
600	 6.04546455666672E-02 
601	 6.03102264799254E-02 
602	 6.02162449444708E-02 
603	 6.00732211356268E-02 
604	 5.98601789533219E-02 
605	 0.059694675198404 
606	 5.95022872186197E-02 
607	 0.059305620549507 
608	 5.91411310538347E-02 
609	 5.89961551298316E-02 
610	 5.87856426784398E-02 
611	 5.85203941629143E-02 
612	 5.82987932548966E-02 
613	 5.80263499984345E-02 
614	 5.77606150369337E-02 
615	 5.75584826006625E-02 
616	 5.73922105067525E-02 
617	 5.71910637571426E-02 
618	 5.69781433362612E-02 
619	 5.68176017827003E-02 
620	 5.66387198433171E-02 
621	 5.65262668994754E-02 
622	 0.056502726550709 
623	 5.64387514605387E-02 
624	 5.64006601084209E-02 
625	 0.056395009056388 
626	 5.64081159718948E-02 
627	 5.64340092538658E-02 
628	 5.64612852849269E-02 
629	 5.64901727533659E-02 
630	 5.65329885577302E-02 
631	 5.64925237133598E-02 
632	 5.63958731919408E-02 
633	 5.62976853247108E-02 
634	 0.056234384519546 
635	 5.61429036346076E-02 
636	 5.59712082810256E-02 
637	 5.56913691961078E-02 
638	 5.54005525126511E-02 
639	 5.51315772433978E-02 
640	 5.48834549704409E-02 
641	 5.46121257191586E-02 
642	 5.43263425206262E-02 
643	 5.40095619969624E-02 
644	 5.36575793830427E-02 
645	 5.33893771704588E-02 
646	 5.31573671459617E-02 
647	 5.29507058110327E-02 
648	 5.28107732106065E-02 
649	 5.26526568247138E-02 
650	 5.25218237237653E-02 
651	 5.24459418956248E-02 
652	 5.22901442466198E-02 
653	 5.21521269930317E-02 
654	 5.20840004822337E-02 
655	 5.20957448964881E-02 
656	 5.21134367094965E-02 
657	 5.19579787560723E-02 
658	 5.16579906254676E-02 
659	 5.15426099849853E-02 
660	 5.13620116226777E-02 
661	 5.11708749262256E-02 
662	 5.10768959634177E-02 
663	 5.09602491842212E-02 
664	 5.08510239164322E-02 
665	 5.07613475626155E-02 
666	 5.06746461606872E-02 
667	 5.06492810335118E-02 
668	 5.06567717649234E-02 
669	 5.06998416559889E-02 
670	 0.050937726733976 
671	 5.11452809858821E-02 
672	 5.12960858086203E-02 
673	 0.05148466621448 
674	 5.18340948093335E-02 
675	 5.22330044399738E-02 
676	 5.26206790077748E-02 
677	 5.30548936860151E-02 
678	 5.34810677667957E-02 
679	 5.39920618430511E-02 
680	 5.46551037001751E-02 
681	 5.52833900839004E-02 
682	 5.59298954266295E-02 
683	 5.66535365601788E-02 
684	 0.057516205938772 
685	 5.86614983765058E-02 
686	 6.02609458652192E-02 
687	 6.21500971536109E-02 
688	 6.30926918526332E-02 
689	 0.064084230982035 
690	 6.54117120395829E-02 
691	 0.067064378118223 
692	 6.91179157889825E-02 
693	 7.17167477381713E-02 
694	 7.48041219356204E-02 
695	 7.80744544832605E-02 
696	 8.17144349210319E-02 
697	 8.57794834136153E-02 
698	 9.03533286848095E-02 
699	 0.095290364003456 
700	 0.100471803014637 
701	 0.10581178540015 
702	 0.111249725467749 
703	 0.116694831568212 
704	 0.12222481011484 
705	 0.127908168609362 
706	 0.133630921822436 
707	 0.139484802294166 
708	 0.145413027377826 
709	 0.151370832616511 
710	 0.157386034841067 
711	 0.163498936668869 
712	 0.169755752029464 
713	 0.176145199357633 
714	 0.182655938317174 
715	 0.189190668941655 
716	 0.195973752223318 
717	 0.20323189895362 
718	 0.210702037090637 
719	 0.2179658672076 
720	 0.224555777278305 
721	 0.230510778146063 
722	 0.236306754714023 
723	 0.242672115036808 
724	 0.249487078496837 
725	 0.256013080842682 
726	 0.26207671677353 
727	 0.267890845012796 
728	 0.273589130985348 
729	 0.27909959348982 
730	 0.284377124646799 
731	 0.289360968283111 
732	 0.293992557257353 
733	 0.298318990479079 
734	 0.302454843892228 
735	 0.306490781905397 
736	 0.310574498093805 
737	 0.314380262328516 
738	 0.317826159292649 
739	 0.321187529101025 
740	 0.32425532208246 
741	 0.327116077058247 
742	 0.329853571096553 
743	 0.332317658859007 
744	 0.334564715794086 
745	 0.336615038247787 
746	 0.338463940969643 
747	 0.34024151922207 
748	 0.341877072318962 
749	 0.343336082509185 
750	 0.344660601848603 
751	 0.346003412965859 
752	 0.347178544214915 
753	 0.348088729847167 
754	 0.349112923670286 
755	 0.350137832403601 
756	 0.351359263112614 
757	 0.353000375323059 
758	 0.354116922351831 
759	 0.355289297258242 
760	 0.35832656667699 
761	 0.365266526024777 
762	 0.366128818067883 
763	 0.363948819969812 
764	 0.362402644552782 
765	 0.361100499032103 
766	 0.359868936933561 
767	 0.358768963695791 
768	 0.357932685632332 
769	 0.357511093129867 
770	 0.357360239629801 
771	 0.357394750290361 
772	 0.35757107686731 
773	 0.357775427023786 
774	 0.357958306084114 
775	 0.358131815429404 
776	 0.358397935351297 
777	 0.358576028819397 
778	 0.358717648578534 
779	 0.358928550730495 
780	 0.359247326166981 
781	 0.359547697561637 
782	 0.359791282266159 
783	 0.360013320157492 
784	 0.360329008949251 
785	 0.360668900597179 
786	 0.360962279938564 
787	 0.361175553023529 
788	 0.361386433419647 
789	 0.36164078192917 
790	 0.361941505552249 
791	 0.362204947015847 
792	 0.362433558112155 
793	 0.362683463273766 
794	 0.363001602120377 
795	 0.363236890040665 
796	 0.363492443147392 
797	 0.363757586977066 
798	 0.363929000891604 
799	 0.364086464385575 
800	 0.364335429120721 
801	 0.364679843826545 
802	 0.364957723587825 
803	 0.365170807749279 
804	 0.36538365277983 
805	 0.365652566075165 
806	 0.365948775247256 
807	 0.366108868607442 
808	 0.366240433433915 
809	 0.366538945589496 
810	 0.36680228752497 
811	 0.367127701842768 
812	 0.367484185369536 
813	 0.367706529921688 
814	 0.368023333040657 
815	 0.368422334978526 
816	 0.368854728966177 
817	 0.369313432419765 
818	 0.369757640820713 
819	 0.370295308674777 
820	 0.370798014263812 
821	 0.370113059153266 
822	 0.369562823637869 
823	 0.370020608328208 
824	 0.371588309196244 
825	 0.371887896647328 
826	 0.371415185390864 
827	 0.370946951747042 
828	 0.371241713711653 
829	 0.371711793476699 
830	 0.372116712583764 
831	 0.372307687439009 
832	 0.372201039863471 
833	 0.372365066466201 
834	 0.372730976335556 
835	 0.373050068280933 
836	 0.373055836527581 
837	 0.373198095861813 
838	 0.373406409115492 
839	 0.373463420083124 
840	 0.373713257076482 
841	 0.373895215704532 
842	 0.373981862100654 
843	 0.374154446148008 
844	 0.374552329026134 
845	 0.374934712977106 
846	 0.37514534104395 
847	 0.375225563681462 
848	 0.37506289616753 
849	 0.375105780239378 
850	 0.375556284899772 
851	 0.375764057338933 
852	 0.375617590033217 
853	 0.375418493004057 
854	 0.375630433883303 
855	 0.376633493966363 
856	 0.377524683696414 
857	 0.377824479212037 
858	 0.377512219559971 
859	 0.377335526666923 
860	 0.37749354306455 
861	 0.377910701737439 
862	 0.37828039636028 
863	 0.378287772637984 
864	 0.377916180118875 
865	 0.377496321613421 
866	 0.377759010301875 
867	 0.378591361131814 
868	 0.379421923709396 
869	 0.379804111360325 
870	 0.379834263336145 
871	 0.379761996608065 
872	 0.379728676339761 
873	 0.37981900774518 
874	 0.380022519709979 
875	 0.38029578246917 
876	 0.380576518508879 
877	 0.380788530833614 
878	 0.380921341260949 
879	 0.38088090475807 
880	 0.380867958419174 
881	 0.381255998620185 
882	 0.381577685175412 
883	 0.381726592726417 
884	 0.381737612757183 
885	 0.381760516459105 
886	 0.381809413618229 
887	 0.381967712771345 
888	 0.38230029727162 
889	 0.382789491573122 
890	 0.383001833638993 
891	 0.38304205993102 
892	 0.38306871870279 
893	 0.383001468281637 
894	 0.382613719872035 
895	 0.382201845891587 
896	 0.382158924862184 
897	 0.382257447984714 
898	 0.382432490675225 
899	 0.382710787233628 
900	 0.383222289500255 
901	 0.384377497436778 
902	 0.385554315471284 
903	 0.386209021064646 
904	 0.38601119028102 
905	 0.385382624746543 
906	 0.384611432386577 
907	 0.384027605544235 
908	 0.383981768744619 
909	 0.38467668059612 
910	 0.38540483235612 
911	 0.385713291629457 
912	 0.38575966095936 
913	 0.385440296236612 
914	 0.385267999835106 
915	 0.385539647008922 
916	 0.385928609268065 
917	 0.386544365310756 
918	 0.387255111619393 
919	 0.38780530780913 
920	 0.387815041176841 
921	 0.387546783305663 
922	 0.387060556597333 
923	 0.386572529099183 
924	 0.387064116738775 
925	 0.387452606905398 
926	 0.38712780033456 
927	 0.385891508500983 
928	 0.38441261078603 
929	 0.382394218574938 
930	 0.380196277688893 
931	 0.378633984334772 
932	 0.377707415269474 
933	 0.377123700915177 
934	 0.37750873076763 
935	 0.379917112274808 
936	 0.3831463022717 
937	 0.385760235922869 
938	 0.387244756337914 
939	 0.387834610861717 
940	 0.387186894730241 
941	 0.385720158438317 
942	 0.383710465949622 
943	 0.38137913137211 
944	 0.38067844635724 
945	 0.380898144937121 
946	 0.381331962050296 
947	 0.381843631392415 
948	 0.382260525522221 
949	 0.382036108413436 
950	 0.381339106461572 
951	 0.381310574948821 
952	 0.38143805277124 
953	 0.380699535049119 
954	 0.379199304835899 
955	 0.378837962789849 
956	 0.378674960532855 
957	 0.378725225696072 
958	 0.3789150537088 
959	 0.378680928963681 
960	 0.37811756140024 
961	 0.377518587617626 
962	 0.377201647497546 
963	 0.377384817021785 
964	 0.378110691837184 
965	 0.378978555355484 
966	 0.379533776182675 
967	 0.379444345199362 
968	 0.379557082309253 
969	 0.379916863051978 
970	 0.380012464500682 
971	 0.378519497834456 
972	 0.377236703208711 
973	 0.376659314865834 
974	 0.376670670081051 
975	 0.376889454896222 
976	 0.376925793123707 
977	 0.377196859555994 
978	 0.37805931953797 
979	 0.378678187397666 
980	 0.378834936525747 
981	 0.378714164729205 
982	 0.378745786075929 
983	 0.379585741309254 
984	 0.380027017795372 
985	 0.379726562586782 
986	 0.378966224832091 
987	 0.378662701195499 
988	 0.379235520593111 
989	 0.379740165313112 
990	 0.379381808120624 
991	 0.380131915455676 
992	 0.380567565105006 
993	 0.38054820302188 
994	 0.380489625401119 
995	 0.380533439568682 
996	 0.381056160926008 
997	 0.381557194721466 
998	 0.381435299661753 
999	 0.381124105292843 
1000	 0.381516086010437 
1001	 0.433665798259091 
1002	 0.433998806125623 
1003	 0.434332365652896 
1004	 0.434691722734933 
1005	 0.43500557078535 
1006	 0.435366775471564 
1007	 0.435791930349839 
1008	 0.436233512867509 
1009	 0.43665719317438 
1010	 0.437175955253188 
1011	 0.43751667289956 
1012	 0.437673275020592 
1013	 0.437829507858551 
1014	 0.438005533822766 
1015	 0.438240116595262 
1016	 0.438666219621738 
1017	 0.439049487466648 
1018	 0.43946779970688 
1019	 0.439782579895674 
1020	 0.440258401337849 
1021	 0.440647162471365 
1022	 0.440851979465728 
1023	 0.44128583590995 
1024	 0.44163159480751 
1025	 0.441869299037871 
1026	 0.44235224116196 
1027	 0.442817397184831 
1028	 0.443177029965788 
1029	 0.44356071242999 
1030	 0.443851083345123 
1031	 0.444070649319894 
1032	 0.444139507504412 
1033	 0.444286745591552 
1034	 0.444445651562826 
1035	 0.444785141299147 
1036	 0.445258510289215 
1037	 0.445459842218297 
1038	 0.44577555884525 
1039	 0.446132606894027 
1040	 0.446401478813847 
1041	 0.446835366260694 
1042	 0.447177574635386 
1043	 0.44746002908907 
1044	 0.447755936229929 
1045	 0.447968251416588 
1046	 0.44830735987265 
1047	 0.448645772489664 
1048	 0.448767626744296 
1049	 0.448979487808805 
1050	 0.44917616070543 
1051	 0.449522768504013 
1052	 0.449997702719723 
1053	 0.450331040394834 
1054	 0.450571176386098 
1055	 0.450683593039322 
1056	 0.450758275669496 
1057	 0.450826725170468 
1058	 0.450848146761285 
1059	 0.450919341254372 
1060	 0.450992931676752 
1061	 0.451062957162067 
1062	 0.451129414137506 
1063	 0.451313385965262 
1064	 0.4515749842478 
1065	 0.451689784552128 
1066	 0.451810717014663 
1067	 0.451884736945302 
1068	 0.451956096223036 
1069	 0.452229653350954 
1070	 0.452293746096278 
1071	 0.452411204102584 
1072	 0.452387789626578 
1073	 0.452063234590336 
1074	 0.451870934100014 
1075	 0.451721685493736 
1076	 0.451598149975468 
1077	 0.451466059684269 
1078	 0.451475080971058 
1079	 0.451331599398388 
1080	 0.451338040163285 
1081	 0.451380461703206 
1082	 0.451233661747424 
1083	 0.451189156436363 
1084	 0.451208059480936 
1085	 0.451112032237369 
1086	 0.450934595756912 
1087	 0.450836051109742 
1088	 0.450722682348417 
1089	 0.450636059540048 
1090	 0.450500592672972 
1091	 0.45050047546403 
1092	 0.450538752785643 
1093	 0.450656042627033 
1094	 0.45084397399746 
1095	 0.450911585125055 
1096	 0.450936254962232 
1097	 0.450848899501749 
1098	 0.450778559397545 
1099	 0.450684136384453 
1100	 0.45061222103649 
1101	 0.450499099753397 
1102	 0.450455545033893 
1103	 0.450417370424983 
1104	 0.450480452487997 
1105	 0.450707897319406 
1106	 0.450805418813591 
1107	 0.451012140512413 
1108	 0.451063014278545 
1109	 0.450838006324309 
1110	 0.45069991131759 
1111	 0.450753745964297 
1112	 0.450847828924237 
1113	 0.451053219320995 
1114	 0.451723949760117 
1115	 0.451953186300376 
1116	 0.451882613087412 
1117	 0.452011849080403 
1118	 0.451961207595863 
1119	 0.452068617971129 
1120	 0.452704934148395 
1121	 0.45283786589441 
1122	 0.452553604742187 
1123	 0.452366877528061 
1124	 0.452039661230491 
1125	 0.451457565669097 
1126	 0.450697484510094 
1127	 0.449839784234849 
1128	 0.449064697478895 
1129	 0.448203649875956 
1130	 0.447142855616418 
1131	 0.446284717392262 
1132	 0.445213734569843 
1133	 0.443654834023594 
1134	 0.442537259616189 
1135	 0.441730130130792 
1136	 0.440829741066902 
1137	 0.440058717772644 
1138	 0.439182741777506 
1139	 0.438242488138867 
1140	 0.43732376497977 
1141	 0.43626026833962 
1142	 0.435148448497912 
1143	 0.433909865751828 
1144	 0.432618598139317 
1145	 0.431157979865987 
1146	 0.429456426697222 
1147	 0.428053828965855 
1148	 0.426693377148718 
1149	 0.425304049950844 
1150	 0.424253034009993 
1151	 0.422831556582913 
1152	 0.421128431158943 
1153	 0.419647323078642 
1154	 0.418139525998845 
1155	 0.416700722555723 
1156	 0.415536394046472 
1157	 0.414505487859882 
1158	 0.413770493901839 
1159	 0.413347759512073 
1160	 0.412755354217537 
1161	 0.412250060198758 
1162	 0.411821278956475 
1163	 0.411319122137786 
1164	 0.410914228458961 
1165	 0.410673729014897 
1166	 0.410329995479007 
1167	 0.409884025503142 
1168	 0.409565415383996 
1169	 0.409286567173781 
1170	 0.409027951523482 
1171	 0.408885912468435 
1172	 0.408611689521493 
1173	 0.408271875157216 
1174	 0.408018531773444 
1175	 0.407729455524567 
1176	 0.407316357097597 
1177	 0.407158335749928 
1178	 0.407155754802669 
1179	 0.407017810384084 
1180	 0.40697306762156 
1181	 0.406846439617764 
1182	 0.4065554152861 
1183	 0.406407570938022 
1184	 0.406419876398851 
1185	 0.406238329573788 
1186	 0.405828436563958 
1187	 0.405689291705011 
1188	 0.405685357537885 
1189	 0.405593254382161 
1190	 0.405537354746022 
1191	 0.405656438820438 
1192	 0.405445283862929 
1193	 0.4053157247382 
1194	 0.405346648765816 
1195	 0.405524504471965 
1196	 0.405576354167109 
1197	 0.405739937417533 
1198	 0.405749618623725 
1199	 0.405638423642926 
1200	 0.40563725599065 
1201	 0.405556877419156 
1202	 0.405594412874031 
1203	 0.405753698052166 
1204	 0.405842312274744 
1205	 0.405927405644725 
1206	 0.406121694571596 
1207	 0.406197369098354 
1208	 0.406293763347767 
1209	 0.406449534951754 
1210	 0.406612242341469 
1211	 0.406907032184674 
1212	 0.407201249979275 
1213	 0.407518200887732 
1214	 0.40780619443885 
1215	 0.40798145163429 
1216	 0.407965191062695 
1217	 0.40814416949247 
1218	 0.408343002184775 
1219	 0.408612054732124 
1220	 0.409048677828612 
1221	 0.409362057212078 
1222	 0.409581211329949 
1223	 0.409832589171378 
1224	 0.410005804659384 
1225	 0.410365410394761 
1226	 0.410759218512289 
1227	 0.411159532747581 
1228	 0.411422801128316 
1229	 0.411618347726562 
1230	 0.411837163386063 
1231	 0.412035649812149 
1232	 0.412321330381418 
1233	 0.412784950474824 
1234	 0.413172619532188 
1235	 0.413468391747928 
1236	 0.413756980711496 
1237	 0.413978144398578 
1238	 0.414164112797401 
1239	 0.414287899005757 
1240	 0.414548478051655 
1241	 0.414956771263948 
1242	 0.415271311729761 
1243	 0.415648703020342 
1244	 0.415775274994367 
1245	 0.415979007156548 
1246	 0.416030044270562 
1247	 0.416306345033746 
1248	 0.416860237820004 
1249	 0.417144987390927 
1250	 0.417414431986927 
1251	 0.417667963756349 
1252	 0.417765385977196 
1253	 0.417977277585422 
1254	 0.418276965647815 
1255	 0.418580866123665 
1256	 0.418829101773325 
1257	 0.419122128724264 
1258	 0.419579616673182 
1259	 0.419832424005675 
1260	 0.419953151485535 
1261	 0.420171098857382 
1262	 0.42035079997079 
1263	 0.420466635016852 
1264	 0.42076675147071 
1265	 0.421043415726353 
1266	 0.42112663639297 
1267	 0.421235496285796 
1268	 0.421369978202772 
1269	 0.421424802755039 
1270	 0.421560431502293 
1271	 0.421799005581446 
1272	 0.421785048385455 
1273	 0.42158953495317 
1274	 0.421490140020876 
1275	 0.421335115427191 
1276	 0.421210733197359 
1277	 0.421301401682071 
1278	 0.42131336296498 
1279	 0.420919928468712 
1280	 0.420645111297593 
1281	 0.42030866436489 
1282	 0.420089692780218 
1283	 0.419821900812546 
1284	 0.41982012884118 
1285	 0.419872996823103 
1286	 0.41954780120137 
1287	 0.41913156671154 
1288	 0.418691206426175 
1289	 0.41821653202847 
1290	 0.418115772154383 
1291	 0.418087402391226 
1292	 0.417837768563002 
1293	 0.41754742521438 
1294	 0.416934653106103 
1295	 0.416310683472018 
1296	 0.416086273804134 
1297	 0.415791496188862 
1298	 0.415398118480558 
1299	 0.414935207069297 
1300	 0.414247122251889 
1301	 0.413664417448306 
1302	 0.413161249568334 
1303	 0.412537535879279 
1304	 0.411872752398047 
1305	 0.411185244987441 
1306	 0.410399084428897 
1307	 0.409655977557135 
1308	 0.409101495080726 
1309	 0.408375412883808 
1310	 0.407406504199705 
1311	 0.40630847692674 
1312	 0.405309310469497 
1313	 0.404578339532759 
1314	 0.403939860856192 
1315	 0.40336259292583 
1316	 0.402419998154392 
1317	 0.40115352436731 
1318	 0.400184236433992 
1319	 0.399105729992047 
1320	 0.397947987960978 
1321	 0.397118469340331 
1322	 0.396007349102558 
1323	 0.394795867232904 
1324	 0.393988583937961 
1325	 0.392900925371727 
1326	 0.391558736988701 
1327	 0.390510691780506 
1328	 0.389406754110554 
1329	 0.388274459545759 
1330	 0.387164915095255 
1331	 0.386296797240538 
1332	 0.385146030150041 
1333	 0.383763675700488 
1334	 0.382404508621701 
1335	 0.38108831532897 
1336	 0.379960448030295 
1337	 0.378952639982735 
1338	 0.378015658490823 
1339	 0.377221717348964 
1340	 0.376478645351328 
1341	 0.37554750274734 
1342	 0.374497808508013 
1343	 0.373840159936389 
1344	 0.373358608222287 
1345	 0.372743416257431 
1346	 0.372345480461203 
1347	 0.371906974097849 
1348	 0.371214253966742 
1349	 0.370706502456281 
1350	 0.370788427074955 
1351	 0.370590386923052 
1352	 0.369854814203739 
1353	 0.369425538841679 
1354	 0.368631736695785 
1355	 0.36806178231727 
1356	 0.367799137383739 
1357	 0.366622256301791 
1358	 0.366501656592206 
1359	 0.366148893056334 
1360	 0.36442396732819 
1361	 0.358438165784156 
1362	 0.362302829860726 
1363	 0.360470064537019 
1364	 0.342515785228182 
1365	 0.361138237606276 
1366	 0.367002800675707 
1367	 0.371825926858759 
1368	 0.462814023572676 
1369	 0.397464009593747 
1370	 0.263968973802931 
1371	 0.31377578616269 
1372	 0.323334159414121 
1373	 0.281937090747852 
1374	 0.328939567231172 
1375	 0.308223787024551 
1376	 0.270116519136567 
1377	 0.369330877995704 
1378	 0.461333728494698 
1379	 0.378566518366363 
1380	 0.295068526101895 
1381	 0.321860983380204 
1382	 0.340134362068343 
1383	 0.377646159759043 
1384	 0.449325402844514 
1385	 0.409656623566818 
1386	 0.322991617035906 
1387	 0.284398021348733 
1388	 0.276747896409271 
1389	 0.257709973971398 
1390	 0.23553915351615 
1391	 0.233780047981208 
1392	 0.249935018696225 
1393	 0.222814294608486 
1394	 0.207738197826115 
1395	 0.233016840565873 
1396	 0.234953025687522 
1397	 0.224918619275701 
1398	 0.214718180085021 
1399	 0.196189342791587 
1400	 0.189901244596541 
1401	 0.203024136850888 
1402	 0.22230219519482 
1403	 0.223021699990545 
1404	 0.204324886898575 
1405	 0.186998594084479 
1406	 0.179101174783813 
1407	 0.178709139064556 
1408	 0.181250653842072 
1409	 0.178700814261092 
1410	 0.173464303473546 
1411	 0.169761457549983 
1412	 0.166744467342551 
1413	 0.165670486635344 
1414	 0.166358752244311 
1415	 0.163139396743832 
1416	 0.158338336087992 
1417	 0.159594623020825 
1418	 0.159187700569722 
1419	 0.155940270426621 
1420	 0.155490259723845 
1421	 0.154191506890484 
1422	 0.151398470567069 
1423	 0.149643962474939 
1424	 0.150199216508244 
1425	 0.149473401559225 
1426	 0.148065692414005 
1427	 0.146012694811577 
1428	 0.146587976047083 
1429	 0.146544839217308 
1430	 0.145627424130427 
1431	 0.145634399900947 
1432	 0.144135758843936 
1433	 0.142060347025925 
1434	 0.141757164671769 
1435	 0.142255639533359 
1436	 0.142699236815635 
1437	 0.141794311356642 
1438	 0.140280603567449 
1439	 0.140624226654294 
1440	 0.141269653693057 
1441	 0.140578074797944 
1442	 0.140371510711584 
1443	 0.139961808487474 
1444	 0.138159730008453 
1445	 0.138199787603825 
1446	 0.139272466588486 
1447	 0.137966154745417 
1448	 0.137164132806782 
1449	 0.137727410078918 
1450	 0.136718327370318 
1451	 0.136115367487693 
1452	 0.137417620758859 
1453	 0.137606222582535 
1454	 0.13683756075307 
1455	 0.137107158220638 
1456	 0.137159252801567 
1457	 0.137046748530282 
1458	 0.13790052459805 
1459	 0.138356359143302 
1460	 0.138034168313938 
1461	 0.1378991474898 
1462	 0.137873400104738 
1463	 0.138297698950352 
1464	 0.139133294484478 
1465	 0.139540338658333 
1466	 0.139730173166707 
1467	 0.140076131690793 
1468	 0.140532786696074 
1469	 0.141143161559277 
1470	 0.141881628918501 
1471	 0.142992403398198 
1472	 0.143952309301803 
1473	 0.144740546204883 
1474	 0.145738654209312 
1475	 0.146719621359747 
1476	 0.14759710634223 
1477	 0.148143001076345 
1478	 0.148824137479207 
1479	 0.150209808794076 
1480	 0.151370437853258 
1481	 0.152388482411624 
1482	 0.153517704917848 
1483	 0.154117510787936 
1484	 0.154984194013899 
1485	 0.156255035685988 
1486	 0.157027497098196 
1487	 0.157873051248986 
1488	 0.158971730203925 
1489	 0.15999669902629 
1490	 0.161316592463233 
1491	 0.162443160945644 
1492	 0.162920820564924 
1493	 0.163519351288706 
1494	 0.164628019681604 
1495	 0.165760423239016 
1496	 0.166689384490414 
1497	 0.167661521168293 
1498	 0.16861293399201 
1499	 0.169446264667257 
1500	 0.170620778682825 
1501	 0.171888137982063 
1502	 0.172739190710575 
1503	 0.173741191577564 
1504	 0.174908793195391 
1505	 0.175936351749636 
1506	 0.177123560838358 
1507	 0.178302944064229 
1508	 0.179393843574663 
1509	 0.18057959406401 
1510	 0.181729225903495 
1511	 0.182907815239037 
1512	 0.184032633273134 
1513	 0.184945825353468 
1514	 0.186016685639597 
1515	 0.187226448788939 
1516	 0.188392594004091 
1517	 0.189643300808017 
1518	 0.190800755848592 
1519	 0.191782925982874 
1520	 0.192814911952535 
1521	 0.194021323321996 
1522	 0.195237082451779 
1523	 0.19639925470805 
1524	 0.197610589441491 
1525	 0.198722511830118 
1526	 0.199854761448246 
1527	 0.201025913382421 
1528	 0.201998838683798 
1529	 0.202943109733608 
1530	 0.203983169080103 
1531	 0.205092607435302 
1532	 0.20637592015947 
1533	 0.207476707775634 
1534	 0.208559207316577 
1535	 0.209621314686509 
1536	 0.210506031906003 
1537	 0.21151976197446 
1538	 0.212616955489301 
1539	 0.213763396830978 
1540	 0.214868670911798 
1541	 0.215920781957829 
1542	 0.216895666639927 
1543	 0.217872861080551 
1544	 0.218890095715577 
1545	 0.220013597217503 
1546	 0.221293151537214 
1547	 0.222354151844949 
1548	 0.223135750748817 
1549	 0.224005672676642 
1550	 0.224875791168609 
1551	 0.225803281950027 
1552	 0.226855274296329 
1553	 0.227741143865894 
1554	 0.228645530083846 
1555	 0.229654211750937 
1556	 0.230623401174432 
1557	 0.231686196329529 
1558	 0.232675301900112 
1559	 0.233524966396098 
1560	 0.234468221588425 
1561	 0.235335190756617 
1562	 0.236184300555635 
1563	 0.23715061122863 
1564	 0.237923406258761 
1565	 0.238767707539706 
1566	 0.239680322426904 
1567	 0.240364168372951 
1568	 0.241177858102235 
1569	 0.242206052404872 
1570	 0.243165635140172 
1571	 0.243914458936347 
1572	 0.244731252094751 
1573	 0.245632229385231 
1574	 0.246506121220367 
1575	 0.247623763044703 
1576	 0.248595371901105 
1577	 0.249189951631339 
1578	 0.249882448455859 
1579	 0.250675042611843 
1580	 0.251590802599365 
1581	 0.252564278470031 
1582	 0.253102931968343 
1583	 0.253548896666755 
1584	 0.254164367570801 
1585	 0.254759697384819 
1586	 0.255705833994891 
1587	 0.256634833227939 
1588	 0.257236039875921 
1589	 0.257965704984939 
1590	 0.258631506983458 
1591	 0.259254056708147 
1592	 0.260101613322166 
1593	 0.260881571084737 
1594	 0.261561150317676 
1595	 0.262368918572404 
1596	 0.263021253486989 
1597	 0.263543880052354 
1598	 0.264340470575813 
1599	 0.265084314515241 
1600	 0.265649530495952 
1601	 0.266246259264947 
1602	 0.266786548915486 
1603	 0.267399177679583 
1604	 0.268224804646813 
1605	 0.269125301712374 
1606	 0.269822528231419 
1607	 0.270346650405973 
1608	 0.270907414385152 
1609	 0.27146763260999 
1610	 0.272114936059415 
1611	 0.272803317627229 
1612	 0.273272816978156 
1613	 0.273744222681253 
1614	 0.274372224135314 
1615	 0.274898841607618 
1616	 0.275531703281698 
1617	 0.276132771014259 
1618	 0.276522143632547 
1619	 0.277085711522615 
1620	 0.277601846387126 
1621	 0.278110262726373 
1622	 0.278734264584883 
1623	 0.279106918838518 
1624	 0.279342297682175 
1625	 0.279738300457896 
1626	 0.280425388312717 
1627	 0.28104923808793 
1628	 0.281369610914314 
1629	 0.281664390616632 
1630	 0.281848003523781 
1631	 0.282105887442045 
1632	 0.282725108567935 
1633	 0.283461659622972 
1634	 0.284120988082188 
1635	 0.284566259457521 
1636	 0.284986883181757 
1637	 0.285465361022711 
1638	 0.28558456059393 
1639	 0.285735226559972 
1640	 0.286279112990367 
1641	 0.286630860564893 
1642	 0.287110609946148 
1643	 0.287719927650737 
1644	 0.287717231430445 
1645	 0.287782226743601 
1646	 0.288270715037144 
1647	 0.288600370020932 
1648	 0.288981301738582 
1649	 0.289406897229357 
1650	 0.289502653356129 
1651	 0.289595647951938 
1652	 0.289879849402903 
1653	 0.29011587070974 
1654	 0.290235425537816 
1655	 0.290349879326234 
1656	 0.290551717749034 
1657	 0.290706869609208 
1658	 0.29089667453759 
1659	 0.291214536577352 
1660	 0.29127036607045 
1661	 0.291268300713372 
1662	 0.291280453810557 
1663	 0.291017587045563 
1664	 0.291030774573901 
1665	 0.291352212117382 
1666	 0.291596450584921 
1667	 0.29197132527548 
1668	 0.2920184120997 
1669	 0.291640094438459 
1670	 0.291520331583276 
1671	 0.291434690207761 
1672	 0.291293053788576 
1673	 0.291288693443608 
1674	 0.291214195911116 
1675	 0.291239032127615 
1676	 0.291327113086511 
1677	 0.29130977544986 
1678	 0.291286767239548 
1679	 0.291022350559093 
1680	 0.290686748983254 
1681	 0.290636237863641 
1682	 0.290395951660835 
1683	 0.290056540801572 
1684	 0.289959279905278 
1685	 0.289539770481187 
1686	 0.288985423046688 
1687	 0.288825353440644 
1688	 0.288552287112966 
1689	 0.28828920208559 
1690	 0.288242539656438 
1691	 0.287839302959711 
1692	 0.287283320154897 
1693	 0.286934945179302 
1694	 0.286642481686988 
1695	 0.286415781266412 
1696	 0.286198113484885 
1697	 0.285785941221378 
1698	 0.285333428286342 
1699	 0.2849856616726 
1700	 0.284652412660894 
1701	 0.284516568354866 
1702	 0.284441440633839 
1703	 0.284148280086492 
1704	 0.283741171523357 
1705	 0.28332313449699 
1706	 0.282639460757193 
1707	 0.282299987777662 
1708	 0.282306199768863 
1709	 0.281925436876078 
1710	 0.281556859065105 
1711	 0.281074862665347 
1712	 0.280058194250419 
1713	 0.279554742035151 
1714	 0.279451392122624 
1715	 0.279114103987667 
1716	 0.278997441049851 
1717	 0.278526938957475 
1718	 0.277594286925177 
1719	 0.27708618437089 
1720	 0.276626469584187 
1721	 0.276204646408677 
1722	 0.276088100270201 
1723	 0.275740882751073 
1724	 0.275272067478913 
1725	 0.274868398708505 
1726	 0.274455164889358 
1727	 0.274003530597627 
1728	 0.273537776220902 
1729	 0.272988719691231 
1730	 0.272205977281011 
1731	 0.271819785443896 
1732	 0.271673691654133 
1733	 0.271425636812712 
1734	 0.271439348871952 
1735	 0.271195585523147 
1736	 0.27069722321886 
1737	 0.270312941101463 
1738	 0.270033694836385 
1739	 0.269429147516384 
1740	 0.268468920213832 
1741	 0.268084462023431 
1742	 0.267825016682361 
1743	 0.267526804063405 
1744	 0.267715999013388 
1745	 0.267322894488815 
1746	 0.26638827343988 
1747	 0.265974361457735 
1748	 0.265758945239329 
1749	 0.265367624441937 
1750	 0.265167776791799 
1751	 0.264193625024855 
1752	 0.263248626040308 
1753	 0.262430582632989 
1754	 0.261606217706628 
1755	 0.261291009907567 
1756	 0.260939611254991 
1757	 0.260507927309823 
1758	 0.260275638329273 
1759	 0.259775502866952 
1760	 0.259441729701928 
1761	 0.258910920913906 
1762	 0.257954748151558 
1763	 0.257240983529006 
1764	 0.256565020556695 
1765	 0.255946861406964 
1766	 0.255777965842825 
1767	 0.25589349389255 
1768	 0.255514056957501 
1769	 0.254898590598101 
1770	 0.254518462943492 
1771	 0.25372896125195 
1772	 0.2533426121895 
1773	 0.253456564337694 
1774	 0.25346416217604 
1775	 0.253771744477453 
1776	 0.253668543065325 
1777	 0.253374991875833 
1778	 0.252997532731438 
1779	 0.252091530345212 
1780	 0.251713212487522 
1781	 0.251518206912203 
1782	 0.251390598399567 
1783	 0.251766945696274 
1784	 0.251579533975334 
1785	 0.251175923216193 
1786	 0.250877840139641 
1787	 0.250100899799019 
1788	 0.249928784735193 
1789	 0.250372827525415 
1790	 0.250225947008696 
1791	 0.249793272937905 
1792	 0.249811866730813 
1793	 0.249723086380073 
1794	 0.249948343645639 
1795	 0.251166029707107 
1796	 0.251687800770285 
1797	 0.251800602959561 
1798	 0.251877122852586 
1799	 0.251886605180904 
1800	 0.251442161804582 
1801	 0.250127570436866 
1802	 0.249708908460119 
1803	 0.248969156268725 
1804	 0.249543271502725 
1805	 0.252119960517642 
1806	 0.25350235272161 
1807	 0.255076581619794 
1808	 0.257276164767477 
1809	 0.259839135336485 
1810	 0.264033694023089 
1811	 0.266055577411651 
1812	 0.268512727762215 
1813	 0.265026501282056 
1814	 0.256592632201782 
1815	 0.254473400224997 
1816	 0.25248527456239 
1817	 0.249090239020105 
1818	 0.254775067148936 
1819	 0.259624901284084 
1820	 0.265363659424527 
1821	 0.27336295417307 
1822	 0.290946858255588 
1823	 0.298638664942731 
1824	 0.298320102266746 
1825	 0.293657209556813 
1826	 0.255462140232226 
1827	 0.242173610346521 
1828	 0.253445029829141 
1829	 0.249380299839173 
1830	 0.27101714522298 
1831	 0.223232176874003 
1832	 0.473940865290768 
1833	 0.573491785299389 
1834	 1.16173012845902 
1835	 1.66476273916418 
1836	-5.30450573143269E-02 
1837	-0.584090499013471 
1838	-0.625045568586695 
1839	-0.472917521973005 
1840	-0.155915483824047 
1841	-0.106454200334612 
1842	 5.73028211008453E-02 
1843	 0.19638913217304 
1844	 0.253081126051264 
1845	 6.28866104247166E-02 
1846	 0.492968876172629 
1847	 0.387537504700859 
1848	 0.240098035225242 
1849	-1.83599954027188 
1850	-1.08485526340325 
1851	-1.00385861373692 
1852	-1.42000557582346 
1853	-0.87033241600296 
1854	 4.13123507614921 
1855	 5.7345950974947 
1856	 1.23796002004259 
1857	 0.288174449857247 
1858	 0.930420091125598 
1859	 7.08267515036552 
1860	 5.22358545490699 
1861	 12.9197571319083 
1862	 4.48920378552907 
1863	 0.263227092985784 
1864	 0.169162174693566 
1865	 0.424936594432143 
1866	 0.573616979370419 
1867	 0.679817539296397 
1868	 1.24077031535917 
1869	 0.721412189162552 
1870	 0.402616525698463 
1871	 0.400436995125221 
1872	 0.385739398386428 
1873	 9.44032553045531E-02 
1874	 0.277319010615049 
1875	 0.275104659644514 
1876	 0.172043512562647 
1877	 0.13712110792477 
1878	-0.152072583104062 
1879	-0.271124831475621 
1880	-0.145900947519304 
1881	 8.55983675893417E-03 
1882	 0.059571434074168 
1883	 0.301892505182441 
1884	 0.332893716819441 
1885	 0.214820845652782 
1886	 0.259239167568109 
1887	 3.62970375478703E-02 
1888	 1.76171089815575E-02 
1889	 0.11623805134242 
1890	 2.83755660782183E-02 
1891	 1.99352852644351E-02 
1892	 0.125102821847275 
1893	 0.119233786005993 
1894	-2.32290380782166E-02 
1895	-1.97932250488269E-02 
1896	 2.88837172630601E-02 
1897	 0.159162666035362 
1898	 0.308577577071011 
1899	 0.363524054470242 
1900	 0.298497475849658 
1901	 0.118397932339091 
1902	 0.137990125968288 
1903	 0.523289571197139 
1904	 0.520172961686209 
1905	 0.403727192133549 
1906	 0.33998304873398 
1907	 0.182649402858659 
1908	-6.11041215144374E-02 
1909	-3.52932533343244E-02 
1910	 0.126348841041448 
1911	 0.160922744984284 
1912	 0.106085220035539 
1913	 0.104205580096035 
1914	 9.95087449306514E-02 
1915	 7.45909201424968E-02 
1916	 5.66485654661937E-02 
1917	 5.15580027559873E-02 
1918	 0.011114978842103 
1919	-3.03357606402102E-02 
1920	-2.68718081919125E-02 
1921	 9.08224825969562E-03 
1922	 6.63778465088502E-02 
1923	 6.93569902878501E-02 
1924	 5.99999026708779E-02 
1925	 2.09089632419707E-02 
1926	 0.025381540097791 
1927	 2.89188661815671E-02 
1928	 2.25203801905587E-02 
1929	 3.58821362831739E-02 
1930	 5.13319530979985E-02 
1931	 4.99605222882668E-02 
1932	 5.80927711750873E-02 
1933	 7.49517745833468E-02 
1934	 6.55992949505959E-02 
1935	 5.70577916258395E-02 
1936	 4.03917040032371E-02 
1937	 0.038155663549244 
1938	 3.55768134535439E-02 
1939	 4.02733108289207E-02 
1940	 5.55392191431577E-02 
1941	 0.059946539859012 
1942	 5.54946780983895E-02 
1943	 5.07452255652218E-02 
1944	 4.52925700089507E-02 
1945	 4.45031763689271E-02 
1946	 4.43755746204516E-02 
1947	 4.77439489235133E-02 
1948	 5.08544055258381E-02 
1949	 0.050977305081649 
1950	 4.91428734888667E-02 
1951	 5.02269235095317E-02 
1952	 5.10551977505763E-02 
1953	 4.83936584875993E-02 
1954	 4.77782983714944E-02 
1955	 5.10178921489477E-02 
1956	 5.37776846989764E-02 
1957	 5.34731325057965E-02 
1958	 5.34942243120266E-02 
1959	 5.30495657736964E-02 
1960	 5.22905813416426E-02 
1961	 5.20118110463533E-02 
1962	 5.51164870165681E-02 
1963	 5.76399342522822E-02 
1964	 5.67010983215888E-02 
1965	 5.45571300601875E-02 
1966	 5.27053957175672E-02 
1967	 5.30483820925423E-02 
1968	 5.38058122532541E-02 
1969	 0.053909787241111 
1970	 5.41701504058425E-02 
1971	 5.47876457027589E-02 
1972	 5.49873150779537E-02 
1973	 5.51761872760762E-02 
1974	 5.59150962525523E-02 
1975	 5.66332925959035E-02 
1976	 5.67250916058046E-02 
1977	 5.67400215561396E-02 
1978	 5.76971894754126E-02 
1979	 5.92591428631442E-02 
1980	 5.99467091157446E-02 
1981	 5.98980676155157E-02 
1982	 0.060368593597637 
1983	 6.07137290663217E-02 
1984	 6.06712582500253E-02 
1985	 6.10024342161191E-02 
1986	 6.22349569776199E-02 
1987	 6.26943959808574E-02 
1988	 6.29336343966325E-02 
1989	 6.38774035059662E-02 
1990	 0.064032213913839 
1991	 6.38962534567824E-02 
1992	 6.42500700523654E-02 
1993	 6.45401733884519E-02 
1994	 6.46751009838344E-02 
1995	 6.50646964384045E-02 
1996	 6.60522179481384E-02 
1997	 6.62354507114444E-02 
1998	 6.60746384058786E-02 
1999	 6.61826564409647E-02 
2000	 0.066729675342767 
2001	 6.79546974993879E-02 
2002	 0.069553558858181 
2003	 7.12100296099581E-02 
2004	 7.34694994372949E-02 
2005	 0.075191393939687 
2006	 7.63309563685765E-02 
2007	 7.64040606345344E-02 
2008	 7.76306065422171E-02 
2009	 7.92599718243157E-02 
2010	 0.078987474643202 
2011	 7.81346587720271E-02 
2012	 0.079063970559847 
2013	 7.89307551173531E-02 
2014	 7.79636486764675E-02 
2015	 0.079368747483755 
2016	 8.13912653879099E-02 
2017	 8.19098559075406E-02 
2018	 8.22858195685211E-02 
2019	 8.30109834663952E-02 
2020	 8.41971221992401E-02 
2021	 8.44686476926586E-02 
2022	 8.40425451981622E-02 
2023	 8.44924049079533E-02 
2024	 8.58146221513821E-02 
2025	 8.58015666417211E-02 
2026	 8.57638917396856E-02 
2027	 8.65034703423184E-02 
2028	 8.70347575415378E-02 
2029	 8.69007689256905E-02 
2030	 8.66893447451265E-02 
2031	 8.71089297890603E-02 
2032	 8.75991482341539E-02 
2033	 8.79293287243481E-02 
2034	 8.83624019166358E-02 
2035	 8.93907120750202E-02 
2036	 8.98638836259448E-02 
2037	 8.97512675265081E-02 
2038	 9.00184039641572E-02 
2039	 9.04829185167611E-02 
2040	 0.090950361561927 
2041	 9.15408932323336E-02 
2042	 9.16393016652518E-02 
2043	 9.17210513597621E-02 
2044	 9.19884605686899E-02 
2045	 9.21100381614907E-02 
2046	 9.20509603606521E-02 
2047	 9.24272116682639E-02 
2048	 9.28690459090217E-02 
2049	 9.34422266983978E-02 
2050	 9.45236709997871E-02 
2051	 9.53126970217743E-02 
2052	 9.55870814079503E-02 
2053	 9.64681080854689E-02 
2054	 9.69959683565597E-02 
2055	 9.72641061252046E-02 
2056	 9.83633098193375E-02 
2057	 9.85825214558049E-02 
2058	 9.88372618073359E-02 
2059	 0.100165595134009 
2060	 0.100417892563896 
2061	 9.96557342477023E-02 
2062	 9.99196958951576E-02 
2063	 9.99234118923562E-02 
2064	 0.100381985648291 
2065	 0.101671436060098 
2066	 0.102948331970215 
2067	 0.103280459550194 
2068	 0.103628779662775 
2069	 0.104344494506645 
2070	 0.10547909446673 
2071	 0.106146117217706 
2072	 0.106595974626303 
2073	 0.106641033846019 
2074	 0.106224038270948 
2075	 0.10658359264638 
2076	 0.107840563748384 
2077	 0.108386309164786 
2078	 0.108808314060839 
2079	 0.109386411736161 
2080	 0.110033985910719 
2081	 0.110148662031948 
2082	 0.110292457502537 
2083	 0.110594230314635 
2084	 0.110808267087252 
2085	 0.111365296789489 
2086	 0.111891939899646 
2087	 0.112670565659805 
2088	 0.113136131394213 
2089	 0.113123846608628 
2090	 0.113669693688689 
2091	 0.114746455158872 
2092	 0.115184200406397 
2093	 0.115734890670639 
2094	 0.116066608732369 
2095	 0.115366458015496 
2096	 0.115743223213572 
2097	 0.116962178162742 
2098	 0.117523850272074 
2099	 0.117281720317261 
2100	 0.117897507239466 
2101	 0.118707148724084 
2102	 0.119011707851338 
2103	 0.120103201549494 
2104	 0.121522853787756 
2105	 0.121977804504042 
2106	 0.122137319249895 
2107	 0.12229373737505 
2108	 0.122346920419713 
2109	 0.12271581190186 
2110	 0.122882187069864 
2111	 0.123359596948514 
2112	 0.124504918184234 
2113	 0.125098867331766 
2114	 0.125160799476713 
2115	 0.126108079238099 
2116	 0.12679249436592 
2117	 0.126644983704181 
2118	 0.12670964174265 
2119	 0.126715323150526 
2120	 0.126421341789358 
2121	 0.127292182994411 
2122	 0.129094406916174 
2123	 0.129640317225428 
2124	 0.129864132375435 
2125	 0.129354639477396 
2126	 0.130043099802087 
2127	 0.131149907302052 
2128	 0.131461042196214 
2129	 0.131853599075937 
2130	 0.132480229357344 
2131	 0.132350279849177 
2132	 0.132630657174225 
2133	 0.1337816552541 
2134	 0.134867712051482 
2135	 0.135168770727362 
2136	 0.135051168704574 
2137	 0.135327151492304 
2138	 0.135674639862713 
2139	 0.135309415651464 
2140	 0.135425853884412 
2141	 0.136472542123713 
2142	 0.137509025938542 
2143	 0.13793059514148 
2144	 0.13864689914522 
2145	 0.13894680572481 
2146	 0.137810490603501 
2147	 0.137959130682232 
2148	 0.139221162676578 
2149	 0.139703736277886 
2150	 0.140084910710478 
2151	 0.140662352110071 
2152	 0.141351401536057 
2153	 0.141451174072245 
2154	 0.141267591684716 
2155	 0.141477866072717 
2156	 0.141616525675543 
2157	 0.141299138923935 
2158	 0.141828494688496 
2159	 0.142529927905621 
2160	 0.142632561146324 
2161	 0.143157759702584 
2162	 0.143776308904302 
2163	 0.144081947847075 
2164	 0.144453211054567 
2165	 0.144877309759775 
2166	 0.145045726410736 
2167	 0.144660868156292 
2168	 0.144938264122969 
2169	 0.145811726231478 
2170	 0.146189049401891 
2171	 0.146687839460164 
2172	 0.147120776212199 
2173	 0.14731901960521 
2174	 0.146830882748659 
2175	 0.147043457481001 
2176	 0.147684165229944 
2177	 0.148136386481587 
2178	 0.14764033520272 
2179	 0.146936722929532 
2180	 0.147258174405232 
2181	 0.147492634319187 
2182	 0.147590243221643 
2183	 0.148300293979641 
2184	 0.149005780890575 
2185	 0.149300942588954 
2186	 0.149272842334982 
2187	 0.149797629012848 
2188	 0.150541165029102 
2189	 0.150499801447425 
2190	 0.150262305515354 
2191	 0.150089652777912 
2192	 0.149330435950712 
2193	 0.149057246596956 
2194	 0.148911984277582 
2195	 0.149366686791815 
2196	 0.150472691440969 
2197	 0.150743014853909 
2198	 0.151545815249731 
2199	 0.15312833959248 
2200	 0.154017425825256 
2201	 0.154195045381334 
2202	 0.154098049863868 
2203	 0.154484981815431 
2204	 0.154747470042256 
2205	 0.153447603419582 
2206	 0.153145939321224 
2207	 0.153586019949794 
2208	 0.152761883118477 
2209	 0.152956984913672 
2210	 0.153302104933667 
2211	 0.153845151322739 
2212	 0.154072669143119 
2213	 0.154496888644316 
2214	 0.154772946359588 
2215	 0.154867761984541 
2216	 0.154766175613257 
2217	 0.154636103664245 
2218	 0.154788005631772 
2219	 0.15505940758601 
2220	 0.154523708900133 
2221	 0.153244437073044 
2222	 0.153181829232248 
2223	 0.153123646534387 
2224	 0.1530864791787 
2225	 0.15315817773056 
2226	 0.154145236201585 
2227	 0.155762038587152 
2228	 0.155821829593207 
2229	 0.155947465455718 
2230	 0.155983202209612 
2231	 0.15405288041208 
2232	 0.152917898823718 
2233	 0.152239435429211 
2234	 0.151216413269791 
2235	 0.151729174961321 
2236	 0.151957291325033 
2237	 0.152052615058066 
2238	 0.153862231846597 
2239	 0.153361774110297 
2240	 0.14974335586612 
2241	 0.149003369043578 
2242	 0.14951233910775 
2243	 0.14889300863314 
2244	 0.149237798872714 
2245	 0.14923918812598 
2246	 0.147395737307386 
2247	 0.146303103117984 
2248	 0.146208842519423 
2249	 0.146368329020622 
2250	 0.146824155111244 
2251	 0.14706660324034 
2252	 0.14686970338259 
2253	 0.146652409639997 
2254	 0.145704401850967 
2255	 0.144134736303665 
2256	 0.142938221378832 
2257	 0.141375647111749 
2258	 0.140549006707629 
2259	 0.141120226271911 
2260	 0.14143999692259 
2261	 0.141195019583024 
2262	 0.139932739361122 
2263	 0.138029371623684 
2264	 0.137300097657545 
2265	 0.136829583747753 
2266	 0.136781530798238 
2267	 0.137249347594731 
2268	 0.137154383000158 
2269	 0.137080359888038 
2270	 0.136510577739379 
2271	 0.134601598796258 
2272	 0.133013876633472 
2273	 0.130641019446409 
2274	 0.129833097367738 
2275	 0.12980351154488 
2276	 0.128570320833833 
2277	 0.127553898955265 
2278	 0.127207212974005 
2279	 0.125747745799717 
2280	 0.12572280883569 
2281	 0.12859845558808 
2282	 0.128399409291615 
2283	 0.12545383110718 
2284	 0.125624283342184 
2285	 0.127547828194873 
2286	 0.126749315284744 
2287	 0.125055356551469 
2288	 0.125898186703395 
2289	 0.125494926864745 
2290	 0.12428208495061 
2291	 0.125454736517847 
2292	 0.12636824327759 
2293	 0.125513264192568 
2294	 0.123563595179962 
2295	 0.121669091390078 
2296	 0.121034870409265 
2297	 0.120539442753706 
2298	 0.120517827251336 
2299	 0.12199696990578 
2300	 0.122699139509939 
2301	 0.122043270797341 
2302	 0.12183625468314 
2303	 0.119757489371085 
2304	 0.117453259740962 
2305	 0.117270776994028 
2306	 0.114635980070529 
2307	 0.112414992425975 
2308	 0.112448216745752 
2309	 0.112924687232542 
2310	 0.114083689064674 
2311	 0.113647310659939 
2312	 0.113759754401505 
2313	 0.112736470471539 
2314	 0.11029212662581 
2315	 0.111054297251239 
2316	 0.111025231409534 
2317	 0.109656025169784 
2318	 0.110028382619342 
2319	 0.111478661273831 
2320	 0.115993626048889 
2321	 0.115601030026233 
2322	 0.11253909566902 
2323	 0.112140367081497 
2324	 0.109322948994388 
2325	 0.108434754260576 
2326	 0.111894186451884 
2327	 0.113307967996576 
2328	 0.113197682581401 
2329	 0.111871391768123 
2330	 0.11084120041201 
2331	 0.110426381942111 
2332	 0.107011563049361 
2333	 0.10602456863605 
2334	 0.108721513800864 
2335	 0.108577986597051 
2336	 0.107633701368848 
2337	 0.106623214483329 
2338	 0.102876778661917 
2339	 0.101899108016563 
2340	 0.101936599838025 
2341	 0.103099568645338 
2342	 0.104353544537039 
2343	 0.103063866004179 
2344	 0.101042611979653 
2345	 0.101072738903183 
2346	 9.96558333125285E-02 
2347	 0.100682474589631 
2348	 0.101967504137865 
2349	 9.85380914066605E-02 
2350	 9.65344526970862E-02 
2351	 0.097475859722307 
2352	 9.68499170143556E-02 
2353	 0.093753169877767 
2354	 9.31557835134194E-02 
2355	 9.57267640718774E-02 
2356	 9.52707229431304E-02 
2357	 0.093863376396606 
2358	 9.24076486573012E-02 
2359	 8.85255537611966E-02 
2360	 8.60252383050149E-02 
2361	 8.68097135145079E-02 
2362	 9.13572030405332E-02 
2363	 0.091837845476807 
2364	 8.81352548506379E-02 
2365	 9.27052498033331E-02 
2366	 9.63862639090709E-02 
2367	 9.61321749990402E-02 
2368	 9.94201935651947E-02 
2369	 9.37395320718609E-02 
2370	 8.71746283149639E-02 
2371	 9.27289970431876E-02 
2372	 9.62166233281323E-02 
2373	 9.85832750943497E-02 
2374	 0.102488618865557 
2375	 9.75627491270506E-02 
2376	 9.18172660800884E-02 
2377	 9.28287385851473E-02 
2378	 9.30502560806782E-02 
2379	 9.01280370065251E-02 
2380	 9.00918553217605E-02 
2381	 8.97018793617765E-02 
2382	 8.53807671150827E-02 
2383	 8.47706273053149E-02 
2384	 0.085303262442259 
2385	 8.05086724979071E-02 
2386	 7.84405054052362E-02 
2387	 8.35097882655857E-02 
2388	 8.90320011222057E-02 
2389	 8.81453205688871E-02 
2390	 8.52735078011336E-02 
2391	 8.19075949824062E-02 
2392	 7.05925748784671E-02 
2393	 6.81035794572993E-02 
2394	 7.31673350274309E-02 
2395	 0.073069029752123 
2396	 7.46549795293102E-02 
2397	 7.30693682742711E-02 
2398	 7.56586700073305E-02 
2399	 7.62526251427341E-02 
2400	 6.82123571841634E-02 
2401	 6.94719180403476E-02 
2402	 7.12086962381855E-02 
2403	 7.03379350072964E-02 
2404	 7.32717937575455E-02 
2405	 7.58942752054068E-02 
2406	 7.92504069968671E-02 
2407	 8.07265913067496E-02 
2408	 8.53245599103877E-02 
2409	 8.81965445619164E-02 
2410	 7.91647235225182E-02 
2411	 0.070284893362885 
2412	 6.63305627958468E-02 
2413	 7.04018959720321E-02 
2414	 7.85618971557084E-02 
2415	 7.40866363437808E-02 
2416	 6.60989057717135E-02 
2417	 6.84945024077227E-02 
2418	 0.0714067596367 
2419	 6.84950078568219E-02 
2420	 7.18477607905652E-02 
2421	 7.57727097575661E-02 
2422	 6.71742406009835E-02 
2423	 6.86810111408897E-02 
2424	 8.23584235607831E-02 
2425	 7.90488319097244E-02 
2426	 6.70777168048177E-02 
2427	 0.066884292161742 
2428	 6.93437634953535E-02 
2429	 7.19991744720191E-02 
2430	 8.07617795276036E-02 
2431	 8.03957671139533E-02 
2432	 6.26867122231614E-02 
2433	 5.35229775034441E-02 
2434	 5.98388584026095E-02 
2435	 6.86604662246015E-02 
2436	 7.77962243380838E-02 
2437	 6.96593362008321E-02 
2438	 5.37045139361876E-02 
2439	 5.50452901357874E-02 
2440	 5.15910007260942E-02 
2441	 5.01686226708065E-02 
2442	 6.79806229578648E-02 
2443	 0.066997658891141 
2444	 5.20608827055803E-02 
2445	 6.20001026392338E-02 
2446	 6.22016808444222E-02 
2447	 4.45538992039818E-02 
2448	 5.26614151284882E-02 
2449	 6.17056816449286E-02 
2450	 0.059172564496169 
2451	 6.00837159836917E-02 
2452	 5.43143220871166E-02 
2453	 4.84983878842942E-02 
2454	 4.58003795421035E-02 
2455	 3.96575165745432E-02 
2456	 4.76005518046952E-02 
2457	 6.10800437053777E-02 
2458	 6.39086142173249E-02 
2459	 7.00280528649986E-02 
2460	 7.19623178897369E-02 
2461	 0.078139199094584 
2462	 9.09985055926605E-02 
2463	 0.085528351917137 
2464	 7.37467933943424E-02 
2465	 6.08255155538451E-02 
2466	 2.89856966858427E-02 
2467	 2.08755192905452E-02 
2468	 5.21989152580555E-02 
2469	 5.49995139332983E-02 
2470	 6.62056765110002E-02 
2471	 6.49821015197521E-02 
2472	 2.82273676762413E-02 
2473	 2.24511954921743E-02 
2474	 3.62803810536479E-02 
2475	 3.71834961212365E-02 
2476	 4.85731579776849E-02 
2477	 0.048987130085343 
2478	 1.37929570308773E-02 
2479	 3.42453041869404E-02 
2480	 0.110028930159361 
2481	 9.40848433360641E-02 
2482	 4.63145267468616E-02 
2483	 0.04409841851339 
2484	 4.38193782753347E-02 
2485	 5.16991305070621E-02 
2486	 7.52688644733475E-02 
2487	 9.44870736170412E-02 
2488	 8.96003437850998E-02 
2489	-5.06091301071298E-02 
2490	-0.101393817751712 
2491	-7.97905097072752E-02 
2492	-0.250954855173999 
2493	 0.117378970772023 
2494	 0.636512039034923 
2495	 0.634800337040069 
2496	 0.406759130977891 
2497	 0.243122064397065 
2498	-3.40054416062531E-02 
2499	 8.34523139028675E-02 
2500	 0.32081685020374 
