Wavelength	09/27/123 at 12:34:25
350	 0.025179085201268 
351	 2.50832153831065E-02 
352	 2.50766076408037E-02 
353	 2.49824006205456E-02 
354	 2.47405880491143E-02 
355	 0.024950277549506 
356	 2.50660436559416E-02 
357	 2.48075490355146E-02 
358	 2.45838891128007E-02 
359	 0.024966380676523 
360	 2.54914508989194E-02 
361	 2.53266044203042E-02 
362	 2.52083614723387E-02 
363	 2.50980488727772E-02 
364	 2.49721859305233E-02 
365	 2.50574522718892E-02 
366	 2.49872959940898E-02 
367	 2.48203927591985E-02 
368	 2.48176236842094E-02 
369	 2.51327132124032E-02 
370	 2.53551152398316E-02 
371	 2.52346579871429E-02 
372	 2.49576430613417E-02 
373	 2.49662937472907E-02 
374	 0.025113451651244 
375	 2.49831341285893E-02 
376	 2.50599533282401E-02 
377	 2.51608418864859E-02 
378	 2.51377444626722E-02 
379	 2.50813738803538E-02 
380	 2.51370891627902E-02 
381	 2.52661134329452E-02 
382	 2.53393074811534E-02 
383	 2.54123904524857E-02 
384	 2.55205761588749E-02 
385	 2.55734087780048E-02 
386	 2.51548665852624E-02 
387	 2.50461250352955E-02 
388	 2.52343384737954E-02 
389	 2.53677610438548E-02 
390	 2.56057076240452E-02 
391	 2.58221623216563E-02 
392	 2.59423193055782E-02 
393	 0.02603786137281 
394	 0.026016783837135 
395	 2.58760355661494E-02 
396	 2.56892140283582E-02 
397	 2.57745806732105E-02 
398	 2.60203373312961E-02 
399	 0.026238253268425 
400	 2.61682318373971E-02 
401	 0.026068617802375 
402	 2.60607755019019E-02 
403	 2.61865093415329E-02 
404	 2.62451797362356E-02 
405	 2.62972788363664E-02 
406	 2.63738462832851E-02 
407	 2.63942768448829E-02 
408	 2.65076670350589E-02 
409	 2.66711363137447E-02 
410	 2.67854594187736E-02 
411	 2.69227064623464E-02 
412	 2.70994559937665E-02 
413	 2.72886179615772E-02 
414	 2.73881294350497E-02 
415	 2.75416260817936E-02 
416	 2.77464933678984E-02 
417	 2.79325327650427E-02 
418	 2.79670035101147E-02 
419	 2.80405570247625E-02 
420	 0.028240290258142 
421	 2.84554550357596E-02 
422	 2.86258802015024E-02 
423	 2.87799494960044E-02 
424	 2.89769936603943E-02 
425	 0.029206890902886 
426	 2.94506154424434E-02 
427	 2.96697695975523E-02 
428	 2.97918432770745E-02 
429	 2.99434066228523E-02 
430	 3.01126118331703E-02 
431	 3.02516333847461E-02 
432	 3.03993096058736E-02 
433	 3.05475403643927E-02 
434	 3.06851934834137E-02 
435	 3.07984777069295E-02 
436	 3.09654910257604E-02 
437	 3.11668504710093E-02 
438	 3.13522330148881E-02 
439	 3.14907577804374E-02 
440	 3.16385885986964E-02 
441	 3.17953438072819E-02 
442	 3.18767461828163E-02 
443	 3.20256787931878E-02 
444	 3.22220792848555E-02 
445	 3.24048202755071E-02 
446	 3.25714193590036E-02 
447	 3.27231803942512E-02 
448	 0.032887986923424 
449	 3.31316275819143E-02 
450	 3.32949008402023E-02 
451	 0.033398456324397 
452	 3.35089313459763E-02 
453	 3.36391663213079E-02 
454	 3.37373476801453E-02 
455	 3.38091800916641E-02 
456	 3.39314450741602E-02 
457	 3.40584083638166E-02 
458	 3.41787482375991E-02 
459	 3.42779595130264E-02 
460	 3.42783677193172E-02 
461	 3.43200900568168E-02 
462	 3.44200455078049E-02 
463	 3.44573728213033E-02 
464	 3.45832413680779E-02 
465	 3.47158513472212E-02 
466	 3.47556272543246E-02 
467	 3.47696876909607E-02 
468	 3.48129414040829E-02 
469	 3.48844721123381E-02 
470	 3.49337767285332E-02 
471	 3.50282387381391E-02 
472	 3.51327416037048E-02 
473	 3.51964997731673E-02 
474	 0.035180152150466 
475	 3.52496202132253E-02 
476	 3.53838110863745E-02 
477	 3.54190245996285E-02 
478	 3.54610800266924E-02 
479	 3.55414346782706E-02 
480	 0.035654522528567 
481	 3.57173382551361E-02 
482	 3.58295906587218E-02 
483	 3.59868075310469E-02 
484	 3.61089439242056E-02 
485	 3.61818341505823E-02 
486	 3.62578977929462E-02 
487	 3.63730105890529E-02 
488	 3.64842687354915E-02 
489	 3.66272862895124E-02 
490	 0.036807974415862 
491	 3.70091106203403E-02 
492	 3.71396808955204E-02 
493	 3.73037464595877E-02 
494	 3.75615897542278E-02 
495	 3.78210675200035E-02 
496	 0.038107482026409 
497	 3.84170433664529E-02 
498	 3.87453955721126E-02 
499	 3.91865465389473E-02 
500	 3.96495906739847E-02 
501	 4.01008205543998E-02 
502	 4.06597892643174E-02 
503	 4.11440349972232E-02 
504	 4.16360083717218E-02 
505	 0.042296721984208 
506	 4.30690984458334E-02 
507	 4.38912104294337E-02 
508	 4.47426112381933E-02 
509	 4.56614923268345E-02 
510	 4.66247259750915E-02 
511	 4.76546127113434E-02 
512	 4.87857800962734E-02 
513	 5.00134915668895E-02 
514	 5.13752782464157E-02 
515	 5.28545971262135E-02 
516	 5.43561777949522E-02 
517	 5.59730757180169E-02 
518	 5.76873918681026E-02 
519	 5.94145673365554E-02 
520	 6.10194818987856E-02 
521	 0.06275142021438 
522	 6.46145092077117E-02 
523	 6.63665832281366E-02 
524	 6.80841679910687E-02 
525	 6.97594225351127E-02 
526	 0.071383680879582 
527	 7.29910315036245E-02 
528	 7.45406084483979E-02 
529	 7.59813259082443E-02 
530	 7.72971330008507E-02 
531	 7.85474009138678E-02 
532	 7.97445624118728E-02 
533	 8.08699048410669E-02 
534	 8.18911057509433E-02 
535	 0.082820463096109 
536	 8.36652022872862E-02 
537	 8.44358801568767E-02 
538	 0.085225427622543 
539	 8.59816689020101E-02 
540	 8.66550077777246E-02 
541	 8.72377220979267E-02 
542	 8.78302178838848E-02 
543	 8.84376355243123E-02 
544	 8.90246420734863E-02 
545	 8.95743579593343E-02 
546	 9.00806031635239E-02 
547	 9.05500475779032E-02 
548	 9.10023120576203E-02 
549	 9.14204989139863E-02 
550	 9.17987266577928E-02 
551	 9.21258440516718E-02 
552	 9.23437374236787E-02 
553	 9.24527822867814E-02 
554	 9.24391467491576E-02 
555	 9.22661561949822E-02 
556	 9.19977256236326E-02 
557	 9.16113127474858E-02 
558	 9.10946275948743E-02 
559	 9.05663724451191E-02 
560	 8.99333734382463E-02 
561	 0.089185454730259 
562	 8.83850965129056E-02 
563	 8.75220435745829E-02 
564	 8.65729658792026E-02 
565	 8.55276387435436E-02 
566	 8.44137846289543E-02 
567	 8.33199129611342E-02 
568	 8.22236983180079E-02 
569	 8.10297437149445E-02 
570	 7.98182781035322E-02 
571	 7.86868203838435E-02 
572	 7.76749058888145E-02 
573	 7.66936456345949E-02 
574	 7.56791010861817E-02 
575	 7.46877049460051E-02 
576	 7.38402919472396E-02 
577	 7.30865044584049E-02 
578	 7.23755244300529E-02 
579	 7.17111887967597E-02 
580	 7.11783565860323E-02 
581	 7.06868066140739E-02 
582	 7.01709454657752E-02 
583	 6.96029419230962E-02 
584	 6.90806179212022E-02 
585	 6.85873577927408E-02 
586	 6.81332372513616E-02 
587	 6.77562859151583E-02 
588	 6.74702123004917E-02 
589	 6.72248910336744E-02 
590	 6.69516568649557E-02 
591	 6.65255376359725E-02 
592	 6.61641583873237E-02 
593	 6.59330191442737E-02 
594	 6.57952269096719E-02 
595	 6.56075285111628E-02 
596	 6.53560181842812E-02 
597	 6.50699560513191E-02 
598	 6.48150188348925E-02 
599	 6.45838568849356E-02 
600	 6.43401369343318E-02 
601	 6.40475346532692E-02 
602	 6.37908218708522E-02 
603	 0.06350276094906 
604	 0.063156469560959 
605	 0.062805486140271 
606	 6.23767309030438E-02 
607	 6.19088404329382E-02 
608	 6.14488866156991E-02 
609	 0.060932017083624 
610	 6.03912391822609E-02 
611	 5.98622321874532E-02 
612	 5.93667643674819E-02 
613	 5.88052670193823E-02 
614	 5.82846705482402E-02 
615	 5.78820912058558E-02 
616	 5.74614259375257E-02 
617	 5.70448653287207E-02 
618	 5.66472446009868E-02 
619	 5.62704979551869E-02 
620	 0.055970585326317 
621	 5.57237660576341E-02 
622	 0.055501718542615 
623	 5.52902414422154E-02 
624	 0.055151307567571 
625	 5.50811222213578E-02 
626	 5.50383199056078E-02 
627	 0.054940633436599 
628	 5.48525285899472E-02 
629	 5.47985205654126E-02 
630	 5.47418681203872E-02 
631	 5.46668963405425E-02 
632	 5.45318009014667E-02 
633	 5.43236621066304E-02 
634	 5.41406921681478E-02 
635	 0.05389976889658 
636	 5.35799559287781E-02 
637	 5.32027257709865E-02 
638	 5.27127692948853E-02 
639	 5.21763273720125E-02 
640	 0.051652323366838 
641	 5.11581803063929E-02 
642	 5.06540508568606E-02 
643	 0.050112166883646 
644	 4.95266451502326E-02 
645	 4.90008886610329E-02 
646	 0.048509126501079 
647	 4.80565589770937E-02 
648	 4.76861914553492E-02 
649	 4.73320309030646E-02 
650	 4.70160859265164E-02 
651	 4.67526678360334E-02 
652	 4.64718861345754E-02 
653	 4.61770920887167E-02 
654	 4.59201423251165E-02 
655	 4.57588352728482E-02 
656	 4.55335978973343E-02 
657	 0.045169769134054 
658	 4.47221641135274E-02 
659	 0.044355257958241 
660	 0.043930352844823 
661	 4.35105676948525E-02 
662	 0.043181760231219 
663	 4.28434660873384E-02 
664	 4.25566696339882E-02 
665	 4.23127896019117E-02 
666	 4.20228538395806E-02 
667	 4.18447910387831E-02 
668	 4.17201873579553E-02 
669	 4.16098763434857E-02 
670	 4.16716802700231E-02 
671	 4.17411406102306E-02 
672	 4.17612380073242E-02 
673	 4.17677784644027E-02 
674	 4.20295050954292E-02 
675	 4.23064316463859E-02 
676	 4.24977520299431E-02 
677	 4.27823589069459E-02 
678	 4.31225993174195E-02 
679	 4.35591866158937E-02 
680	 4.41095974450156E-02 
681	 4.46350053028318E-02 
682	 4.52214312614904E-02 
683	 4.59337030584651E-02 
684	 4.68206136929794E-02 
685	 4.80470078840117E-02 
686	 4.97552077271498E-02 
687	 0.051851535657999 
688	 5.33653229998904E-02 
689	 5.50917181029975E-02 
690	 5.72236271019325E-02 
691	 5.97267702358944E-02 
692	 6.28888166848844E-02 
693	 6.67743440379658E-02 
694	 7.12770015434861E-02 
695	 7.60578660816902E-02 
696	 8.13339622631303E-02 
697	 8.71796222136022E-02 
698	 9.37307686866504E-02 
699	 0.100831110711967 
700	 0.10829716019257 
701	 0.116004908845894 
702	 0.123872256057385 
703	 0.131800617400141 
704	 0.139773639262808 
705	 0.147934596455365 
706	 0.156357818354399 
707	 0.164849425586654 
708	 0.173403461408103 
709	 0.182044147077653 
710	 0.190662674629064 
711	 0.199439494167237 
712	 0.208431024234606 
713	 0.217533099405836 
714	 0.22665393796887 
715	 0.235662279584739 
716	 0.244915141224974 
717	 0.254830332063737 
718	 0.265159712969365 
719	 0.275439617342044 
720	 0.284958645030074 
721	 0.293405514684478 
722	 0.301433125837923 
723	 0.310160011662884 
724	 0.31958234497878 
725	 0.328605884849415 
726	 0.336984127148342 
727	 0.345032087668543 
728	 0.352984840686277 
729	 0.360607708574092 
730	 0.36797824700579 
731	 0.375093481400645 
732	 0.381578976986981 
733	 0.387488450948379 
734	 0.39315068473344 
735	 0.398894696983396 
736	 0.404529783205664 
737	 0.409778439299445 
738	 0.414602270031822 
739	 0.41923961274182 
740	 0.423583685398554 
741	 0.427657981918351 
742	 0.431495685454443 
743	 0.435076597126914 
744	 0.438351681957312 
745	 0.441393741469001 
746	 0.44428732211092 
747	 0.446929272911982 
748	 0.449355474772314 
749	 0.451605687359812 
750	 0.453708319360156 
751	 0.455734225369577 
752	 0.45764902138591 
753	 0.459388945109187 
754	 0.460859829127775 
755	 0.462434139295033 
756	 0.46411797880375 
757	 0.465680944731548 
758	 0.466155962099573 
759	 0.466865241056686 
760	 0.470616077494722 
761	 0.479755862297481 
762	 0.482236697303229 
763	 0.480828634168464 
764	 0.47972288598478 
765	 0.478891361728695 
766	 0.47769418466885 
767	 0.47646559068856 
768	 0.475659997130139 
769	 0.475346293711724 
770	 0.47534183252643 
771	 0.475514801601641 
772	 0.475782669539517 
773	 0.476149481340029 
774	 0.476534528270318 
775	 0.476901096186745 
776	 0.477314812081448 
777	 0.477674685562402 
778	 0.478077024190018 
779	 0.478595620322918 
780	 0.479021089053123 
781	 0.479387392956897 
782	 0.47969691317293 
783	 0.479959369275273 
784	 0.480426599878314 
785	 0.480927855631519 
786	 0.48133472678375 
787	 0.481651659292 
788	 0.482005064056955 
789	 0.482423979315513 
790	 0.482876217865741 
791	 0.48324365676276 
792	 0.483559053244124 
793	 0.483878436026902 
794	 0.484251155441495 
795	 0.484605271886783 
796	 0.484966420106053 
797	 0.485307417314279 
798	 0.485564388650358 
799	 0.485754892034413 
800	 0.486051264667958 
801	 0.486507358100024 
802	 0.486951829207466 
803	 0.487290904531511 
804	 0.487600906547637 
805	 0.487951802743042 
806	 0.48820864291701 
807	 0.488391526004375 
808	 0.488591544489152 
809	 0.488914269710017 
810	 0.48937622942522 
811	 0.489796161955387 
812	 0.490057961823925 
813	 0.490181716685283 
814	 0.490697487652729 
815	 0.491418481419254 
816	 0.49210555393234 
817	 0.492770864728111 
818	 0.493469300067662 
819	 0.494005252727238 
820	 0.494146422604805 
821	 0.493652394263277 
822	 0.493219637482112 
823	 0.493671068895047 
824	 0.495342620746477 
825	 0.495814294245582 
826	 0.495433927265027 
827	 0.494923951674723 
828	 0.495092907152345 
829	 0.495534821927887 
830	 0.495928282941893 
831	 0.496122297260376 
832	 0.496241067692603 
833	 0.496569836570556 
834	 0.496980816529958 
835	 0.497284642735465 
836	 0.497413402251581 
837	 0.497528313664672 
838	 0.497728129020693 
839	 0.498029383511322 
840	 0.498235447872418 
841	 0.498372196872916 
842	 0.498529231966503 
843	 0.498806866135443 
844	 0.499133182827414 
845	 0.499411459669712 
846	 0.499593892156953 
847	 0.499716205689099 
848	 0.499815176438243 
849	 0.499995433873901 
850	 0.500280561668023 
851	 0.500475794814058 
852	 0.500585835840277 
853	 0.500650894435674 
854	 0.500854954282316 
855	 0.501798457017648 
856	 0.502780779506208 
857	 0.503250464448523 
858	 0.503001429717198 
859	 0.502941613676013 
860	 0.503098372948339 
861	 0.503337663811985 
862	 0.503455006796385 
863	 0.503527086929058 
864	 0.503377539166944 
865	 0.503135943884047 
866	 0.503435496977827 
867	 0.504166358947136 
868	 0.505140604223095 
869	 0.505998020947917 
870	 0.506100270306649 
871	 0.505907331400629 
872	 0.505766558517911 
873	 0.505904691035003 
874	 0.506152952817166 
875	 0.506357313717387 
876	 0.506579760679399 
877	 0.506915008326452 
878	 0.507057586619301 
879	 0.507204643923804 
880	 0.507416525419387 
881	 0.507648805948701 
882	 0.507781678117136 
883	 0.508052390837074 
884	 0.508402450160171 
885	 0.50842509964415 
886	 0.508425373971559 
887	 0.50854044988073 
888	 0.508858857377419 
889	 0.509386045522289 
890	 0.509410475452378 
891	 0.509270366297071 
892	 0.509320795155903 
893	 0.509180970890123 
894	 0.508909648718758 
895	 0.508634819091276 
896	 0.508553119402768 
897	 0.50891356532122 
898	 0.509190152422393 
899	 0.509703574068535 
900	 0.51095577000261 
901	 0.511992066028958 
902	 0.51271493056292 
903	 0.513081805251392 
904	 0.513051634199665 
905	 0.512671165992013 
906	 0.511980120238457 
907	 0.511282179308706 
908	 0.511093128976342 
909	 0.511353362153517 
910	 0.512117169490777 
911	 0.513020129570689 
912	 0.513213528303339 
913	 0.513165593444151 
914	 0.513072186983616 
915	 0.513111602738447 
916	 0.513448853446756 
917	 0.51391408773048 
918	 0.514530936965257 
919	 0.515153033737624 
920	 0.515168587041971 
921	 0.515083212604066 
922	 0.514701189027455 
923	 0.513952323617704 
924	 0.513927114450239 
925	 0.513952549338616 
926	 0.513382986492421 
927	 0.51182935137359 
928	 0.510190283732936 
929	 0.508321903416058 
930	 0.506154146908709 
931	 0.503902322240572 
932	 0.503133371378592 
933	 0.50304996033434 
934	 0.503872185914941 
935	 0.506565799029393 
936	 0.510018052463561 
937	 0.512521777778932 
938	 0.513870008727771 
939	 0.514847779928329 
940	 0.514011338615241 
941	 0.512878038000849 
942	 0.511674176242109 
943	 0.509283028477093 
944	 0.506706460878984 
945	 0.505689931428185 
946	 0.506601253793047 
947	 0.507727362966943 
948	 0.506914124273139 
949	 0.506336732024521 
950	 0.506863543849814 
951	 0.506546626632273 
952	 0.505439530734853 
953	 0.504117211889455 
954	 0.503246996131499 
955	 0.503278623252747 
956	 0.502971589040575 
957	 0.502400029501721 
958	 0.502110077518639 
959	 0.502838416843999 
960	 0.50198323075146 
961	 0.501110713794239 
962	 0.501417357869601 
963	 0.501283047253972 
964	 0.501620414721405 
965	 0.502000803663082 
966	 0.501921422174473 
967	 0.501428941149964 
968	 0.501370971299784 
969	 0.501909674175649 
970	 0.502578241040854 
971	 0.501987642487512 
972	 0.500522120716535 
973	 0.499449974290384 
974	 0.499615354766739 
975	 0.499821558449714 
976	 0.49920003465176 
977	 0.498649623762469 
978	 0.499317382341682 
979	 0.500839117136957 
980	 0.501757401145238 
981	 0.501831874977782 
982	 0.501486491153503 
983	 0.501396322496707 
984	 0.501647238682752 
985	 0.50184765805409 
986	 0.501709318428404 
987	 0.502061423786973 
988	 0.502078217266914 
989	 0.502295457511824 
990	 0.503291466613786 
991	 0.503829982522353 
992	 0.50362634628976 
993	 0.503507098243448 
994	 0.504129889536731 
995	 0.503585838956866 
996	 0.503642953120989 
997	 0.50438354270397 
998	 0.504957541010274 
999	 0.504100213404969 
1000	 0.503549096044898 
1001	 0.547464477234147 
1002	 0.547711681606309 
1003	 0.548245981274731 
1004	 0.548694294638092 
1005	 0.549128941375237 
1006	 0.549549410818878 
1007	 0.550076415988087 
1008	 0.550335760130043 
1009	 0.550686394304975 
1010	 0.551298405703242 
1011	 0.551636091035111 
1012	 0.552019975457001 
1013	 0.552477242904978 
1014	 0.552749737256313 
1015	 0.553084420749177 
1016	 0.553452240546001 
1017	 0.553848467018676 
1018	 0.554212242867582 
1019	 0.554535013009075 
1020	 0.55484887343988 
1021	 0.555330879734735 
1022	 0.555716713488158 
1023	 0.556027701873156 
1024	 0.556533393157349 
1025	 0.556968029336176 
1026	 0.557344834918786 
1027	 0.55786238631921 
1028	 0.558275267376443 
1029	 0.558603524313926 
1030	 0.559007557843514 
1031	 0.559384362620157 
1032	 0.559691874402135 
1033	 0.560062332497045 
1034	 0.560472348581389 
1035	 0.560841092199086 
1036	 0.561177142829257 
1037	 0.561438881743711 
1038	 0.561884942785771 
1039	 0.562196052906836 
1040	 0.562250676764018 
1041	 0.562571157533296 
1042	 0.562776527295922 
1043	 0.562926949392674 
1044	 0.563185087704073 
1045	 0.563619682681323 
1046	 0.563885670889615 
1047	 0.564122613143676 
1048	 0.56443769849652 
1049	 0.564867034833753 
1050	 0.565180555057231 
1051	 0.56546535816231 
1052	 0.565789766557239 
1053	 0.565901118343415 
1054	 0.56606721560509 
1055	 0.5662257602031 
1056	 0.566340168163198 
1057	 0.566485442310161 
1058	 0.566607043483894 
1059	 0.566763763556981 
1060	 0.566962315194776 
1061	 0.567155771973804 
1062	 0.567361787506352 
1063	 0.567612106008852 
1064	 0.567817640827278 
1065	 0.567911279123845 
1066	 0.568100356170019 
1067	 0.56830931025496 
1068	 0.568245974123101 
1069	 0.568302574140316 
1070	 0.568350918396463 
1071	 0.568232746038084 
1072	 0.568264613036814 
1073	 0.568556234745034 
1074	 0.568577759844902 
1075	 0.568504113891978 
1076	 0.568494548381943 
1077	 0.568218483820119 
1078	 0.568006624069194 
1079	 0.56794982415357 
1080	 0.567825430423971 
1081	 0.56776036514254 
1082	 0.567819201463882 
1083	 0.567778375812066 
1084	 0.567570024583008 
1085	 0.567549794996347 
1086	 0.567667974248955 
1087	 0.567648374570956 
1088	 0.567664285475638 
1089	 0.567680796151261 
1090	 0.567675794070241 
1091	 0.567459311833972 
1092	 0.56728039133486 
1093	 0.56717321736165 
1094	 0.567028653598954 
1095	 0.566969419920617 
1096	 0.566957610053506 
1097	 0.56710703928386 
1098	 0.567133908711738 
1099	 0.567133775824926 
1100	 0.567146875518287 
1101	 0.567205996914932 
1102	 0.567171829760977 
1103	 0.567079703680484 
1104	 0.56703701713876 
1105	 0.56685611884993 
1106	 0.566843047043566 
1107	 0.567109980713052 
1108	 0.567165360253704 
1109	 0.567110569221865 
1110	 0.567260533532327 
1111	 0.567271374966382 
1112	 0.566947672252721 
1113	 0.567081651755122 
1114	 0.567602264050835 
1115	 0.567823768506247 
1116	 0.568276532328901 
1117	 0.568443150791897 
1118	 0.568104004829502 
1119	 0.568001227673102 
1120	 0.568022574801866 
1121	 0.567827869605671 
1122	 0.56736525906873 
1123	 0.567123513966485 
1124	 0.566890192743405 
1125	 0.566608180760455 
1126	 0.566208374812657 
1127	 0.566209662060874 
1128	 0.565456679070343 
1129	 0.564271044121857 
1130	 0.563002107940473 
1131	 0.561561201427404 
1132	 0.559959794895624 
1133	 0.557965094231571 
1134	 0.556456153568668 
1135	 0.555092117431402 
1136	 0.553718635172003 
1137	 0.552871845999051 
1138	 0.551543255735435 
1139	 0.54994218212553 
1140	 0.548167123679306 
1141	 0.546467858610548 
1142	 0.54470807564408 
1143	 0.542729839899021 
1144	 0.54054952957491 
1145	 0.538730789955919 
1146	 0.536890287560219 
1147	 0.535082358431424 
1148	 0.533832078707954 
1149	 0.531955837585018 
1150	 0.529751245541488 
1151	 0.527604701318411 
1152	 0.525098367832558 
1153	 0.523060107899205 
1154	 0.521160008802071 
1155	 0.519500848327519 
1156	 0.518176891241664 
1157	 0.516994963908875 
1158	 0.515720138014755 
1159	 0.514413142475251 
1160	 0.513454514763697 
1161	 0.51246648587344 
1162	 0.511865726241807 
1163	 0.511733152367475 
1164	 0.511285538469774 
1165	 0.510881779093026 
1166	 0.510366049621525 
1167	 0.509552379542676 
1168	 0.509027055697371 
1169	 0.508520441957211 
1170	 0.508177053471845 
1171	 0.507959238342388 
1172	 0.507971601459985 
1173	 0.507787877750432 
1174	 0.50755231513462 
1175	 0.507273862547291 
1176	 0.506810773565024 
1177	 0.506536486474167 
1178	 0.506356852425826 
1179	 0.506152003961983 
1180	 0.505962585103285 
1181	 0.505782805379368 
1182	 0.505594321554679 
1183	 0.505372028433218 
1184	 0.505181037102174 
1185	 0.505030772409838 
1186	 0.504808112210817 
1187	 0.504680307030569 
1188	 0.504836619070271 
1189	 0.504598049757069 
1190	 0.504332982498709 
1191	 0.504287079924365 
1192	 0.504058284941702 
1193	 0.5039261862419 
1194	 0.503966029759298 
1195	 0.504229004993839 
1196	 0.504233314165569 
1197	 0.504273052183281 
1198	 0.504282878859788 
1199	 0.50400772367742 
1200	 0.504086612096198 
1201	 0.504505229677888 
1202	 0.504648053127568 
1203	 0.504821639648035 
1204	 0.504945867886704 
1205	 0.504874404080388 
1206	 0.504824686688573 
1207	 0.505144472345994 
1208	 0.505466794087932 
1209	 0.505854675927259 
1210	 0.506381321677577 
1211	 0.50657301773832 
1212	 0.506676720096941 
1213	 0.50697334374597 
1214	 0.507171734152731 
1215	 0.507462834397453 
1216	 0.507915838059399 
1217	 0.508321047121279 
1218	 0.508733596809835 
1219	 0.509101363706975 
1220	 0.509495648643127 
1221	 0.509859589380214 
1222	 0.510116698089387 
1223	 0.510413392625818 
1224	 0.510690930555698 
1225	 0.511043877536636 
1226	 0.511537193544578 
1227	 0.51205792845503 
1228	 0.512392858300363 
1229	 0.512812882899031 
1230	 0.513069338107578 
1231	 0.513218616723385 
1232	 0.513746318772387 
1233	 0.514154071698142 
1234	 0.51436932317827 
1235	 0.51486383214478 
1236	 0.515305077920175 
1237	 0.51574645164717 
1238	 0.516068283706015 
1239	 0.516359496249944 
1240	 0.516669160123479 
1241	 0.516881879767322 
1242	 0.517175691373642 
1243	 0.517598060908899 
1244	 0.517951756449283 
1245	 0.518140816917687 
1246	 0.518322413853532 
1247	 0.51876272455065 
1248	 0.519396923635249 
1249	 0.519954333312728 
1250	 0.52035400359556 
1251	 0.520535199230216 
1252	 0.520597379652415 
1253	 0.520749161598415 
1254	 0.521023784683266 
1255	 0.521512621429661 
1256	 0.521974632293835 
1257	 0.522294733320865 
1258	 0.522655158178548 
1259	 0.52290500530701 
1260	 0.522745344529886 
1261	 0.523016050612531 
1262	 0.523500133258784 
1263	 0.524021116603527 
1264	 0.524445853840743 
1265	 0.524716474498789 
1266	 0.524646335941087 
1267	 0.524655783858232 
1268	 0.524894559168169 
1269	 0.525134232351965 
1270	 0.525406595559137 
1271	 0.525318293226683 
1272	 0.524875131388668 
1273	 0.52461173504728 
1274	 0.524510606797034 
1275	 0.524494129943755 
1276	 0.52450315857603 
1277	 0.524391318592323 
1278	 0.524179405972871 
1279	 0.523893383795178 
1280	 0.523545787256143 
1281	 0.523089702884254 
1282	 0.522793516670729 
1283	 0.522514583626062 
1284	 0.522190836497486 
1285	 0.521902603921363 
1286	 0.521609688486983 
1287	 0.521230135833271 
1288	 0.520789186408408 
1289	 0.520361465219939 
1290	 0.520130251685015 
1291	 0.51986674113204 
1292	 0.519322904347368 
1293	 0.518912715757342 
1294	 0.518566925386075 
1295	 0.517867343942825 
1296	 0.517309597341131 
1297	 0.516958583042012 
1298	 0.51638607452632 
1299	 0.515860435870865 
1300	 0.515337481317697 
1301	 0.514657394132665 
1302	 0.513932870355412 
1303	 0.513217738046062 
1304	 0.512647219761965 
1305	 0.511853722609633 
1306	 0.510945151790156 
1307	 0.509940889422058 
1308	 0.508943049563197 
1309	 0.507881603346675 
1310	 0.506896435169431 
1311	 0.505952496525135 
1312	 0.504867740015893 
1313	 0.503596040097945 
1314	 0.502459982148568 
1315	 0.501310638119118 
1316	 0.499897034414724 
1317	 0.498841584450227 
1318	 0.497747937394547 
1319	 0.495984519711776 
1320	 0.494520549380043 
1321	 0.493525834382377 
1322	 0.492061236062201 
1323	 0.490555155171787 
1324	 0.489384157491594 
1325	 0.487818872882893 
1326	 0.48625375426102 
1327	 0.48501051902172 
1328	 0.483497607814053 
1329	 0.481823782026907 
1330	 0.480185091439728 
1331	 0.478486676111792 
1332	 0.476818111277558 
1333	 0.475324374547064 
1334	 0.47352790689501 
1335	 0.471564122399588 
1336	 0.469876253351639 
1337	 0.467964353289331 
1338	 0.466487754741685 
1339	 0.465471815524608 
1340	 0.464183804878554 
1341	 0.463325615844173 
1342	 0.462496980189322 
1343	 0.461270675768755 
1344	 0.460276224819908 
1345	 0.459174312014968 
1346	 0.458020542295207 
1347	 0.457269037235367 
1348	 0.456619873630905 
1349	 0.456050746670035 
1350	 0.455450401215096 
1351	 0.454974534016239 
1352	 0.454697332599395 
1353	 0.453276489689217 
1354	 0.451128299512851 
1355	 0.450510792090602 
1356	 0.450926780201873 
1357	 0.450426032669295 
1358	 0.448941089218735 
1359	 0.448688462671502 
1360	 0.445403592120157 
1361	 0.437381540192104 
1362	 0.432379969062728 
1363	 0.434498581143064 
1364	 0.424344925304392 
1365	 0.409850489874336 
1366	 0.40578087457223 
1367	 0.407967575595875 
1368	 0.424007310356979 
1369	 0.353677168399653 
1370	 0.23800455358209 
1371	 0.256345843060286 
1372	 0.363385272655453 
1373	 0.408487259120389 
1374	 0.467546199807727 
1375	 0.537957330161186 
1376	 0.387920699553682 
1377	 0.291013218293576 
1378	 0.413281367889216 
1379	 0.461585153597949 
1380	 0.455094282694564 
1381	 0.462983543346535 
1382	 0.373405041230564 
1383	 0.34071038894228 
1384	 0.354378298206691 
1385	 0.327716991136636 
1386	 0.342409487910775 
1387	 0.341586607054448 
1388	 0.321728308764545 
1389	 0.313055926979776 
1390	 0.333090541690186 
1391	 0.333716495115936 
1392	 0.335675922529351 
1393	 0.3043980093056 
1394	 0.256894238912418 
1395	 0.253568794778672 
1396	 0.260616147316403 
1397	 0.266548836727646 
1398	 0.286569445829003 
1399	 0.286955595210253 
1400	 0.239179811806907 
1401	 0.207508813317095 
1402	 0.225585092225515 
1403	 0.230874092128061 
1404	 0.223122558286379 
1405	 0.219164146503613 
1406	 0.204658361746014 
1407	 0.192049540605342 
1408	 0.186513966496912 
1409	 0.186146831881116 
1410	 0.184895848712437 
1411	 0.181502651844778 
1412	 0.181464106428811 
1413	 0.177962665996951 
1414	 0.174109746205479 
1415	 0.17239304921931 
1416	 0.168815176052523 
1417	 0.166572634074495 
1418	 0.165396137486793 
1419	 0.163618987155597 
1420	 0.162331090067641 
1421	 0.16084047611965 
1422	 0.160742668868317 
1423	 0.161215752797845 
1424	 0.158799430181424 
1425	 0.156761289184219 
1426	 0.155586353025542 
1427	 0.15407163853689 
1428	 0.151572018558331 
1429	 0.15163144216489 
1430	 0.152386632893298 
1431	 0.151935336783538 
1432	 0.152138717233207 
1433	 0.152048688726051 
1434	 0.151207171653872 
1435	 0.150458150940404 
1436	 0.150179510345036 
1437	 0.149794185010516 
1438	 0.148965329018153 
1439	 0.148740942419647 
1440	 0.148290411466745 
1441	 0.148448587456104 
1442	 0.149438214306698 
1443	 0.149119151752139 
1444	 0.148324226347364 
1445	 0.147221705168042 
1446	 0.146091882373996 
1447	 0.146084188715601 
1448	 0.14615515572073 
1449	 0.145898288655057 
1450	 0.145901742281878 
1451	 0.145646870140621 
1452	 0.145187887422578 
1453	 0.145638599959944 
1454	 0.146177624443773 
1455	 0.14603994411831 
1456	 0.146315276862042 
1457	 0.146794734687347 
1458	 0.146610887498458 
1459	 0.146389306789896 
1460	 0.14676016686321 
1461	 0.147148172114968 
1462	 0.147570248275667 
1463	 0.148541196738239 
1464	 0.149061238020949 
1465	 0.148770681003695 
1466	 0.148997253790367 
1467	 0.149843382280002 
1468	 0.150896538351746 
1469	 0.152242883536761 
1470	 0.153315408382637 
1471	 0.154184531421798 
1472	 0.15471129298759 
1473	 0.155593199692123 
1474	 0.15676364226639 
1475	 0.158290287671975 
1476	 0.159820100280764 
1477	 0.161022665628722 
1478	 0.16206384794894 
1479	 0.163118078718392 
1480	 0.164257358308228 
1481	 0.16534350032112 
1482	 0.166674648830321 
1483	 0.16789978734626 
1484	 0.168739173036143 
1485	 0.170098942234763 
1486	 0.171820528342024 
1487	 0.173295726026957 
1488	 0.174551155711598 
1489	 0.175584550081921 
1490	 0.176510662297236 
1491	 0.177552355499591 
1492	 0.178940019338646 
1493	 0.180528337325561 
1494	 0.181840332680643 
1495	 0.182961987807911 
1496	 0.184233036022472 
1497	 0.185460207190984 
1498	 0.186568466974675 
1499	 0.187844813079216 
1500	 0.189300646210899 
1501	 0.190605203996203 
1502	 0.191816766577958 
1503	 0.193279667208495 
1504	 0.194630298387928 
1505	 0.195899727917245 
1506	 0.197456059141072 
1507	 0.198960001430283 
1508	 0.200340824786856 
1509	 0.201810909833567 
1510	 0.20332558797124 
1511	 0.204698721643011 
1512	 0.206140177807281 
1513	 0.207625691899132 
1514	 0.208928318049397 
1515	 0.210441095989045 
1516	 0.212031342077445 
1517	 0.213426499390309 
1518	 0.214902685931741 
1519	 0.216342272167843 
1520	 0.217658566293255 
1521	 0.219055620996619 
1522	 0.220424455838568 
1523	 0.221766319909015 
1524	 0.223244482053654 
1525	 0.224761064541366 
1526	 0.226290571192014 
1527	 0.227741478159383 
1528	 0.228933313080806 
1529	 0.230254475886441 
1530	 0.231825581138197 
1531	 0.233193957266012 
1532	 0.234516892523913 
1533	 0.235953753463146 
1534	 0.237324502214323 
1535	 0.238660624230248 
1536	 0.240133315140722 
1537	 0.241537379615613 
1538	 0.242851983838692 
1539	 0.244152961663981 
1540	 0.245445623332641 
1541	 0.246835578557168 
1542	 0.248352365680134 
1543	 0.249573513847521 
1544	 0.250686898705927 
1545	 0.252065999762427 
1546	 0.253397037631954 
1547	 0.254673741211239 
1548	 0.25618138238486 
1549	 0.257631774152049 
1550	 0.258628710089739 
1551	 0.259665144844825 
1552	 0.261077705613589 
1553	 0.262284969427834 
1554	 0.263428965025278 
1555	 0.264784878026241 
1556	 0.265783486657605 
1557	 0.266721024167541 
1558	 0.268037652278872 
1559	 0.269271462715861 
1560	 0.270458417622749 
1561	 0.271560602159667 
1562	 0.272538305464751 
1563	 0.2737972278133 
1564	 0.275024383367689 
1565	 0.276296913000631 
1566	 0.277554220004008 
1567	 0.278369469028225 
1568	 0.27937179083166 
1569	 0.280546601713983 
1570	 0.281686871917891 
1571	 0.2830125579778 
1572	 0.284017423145806 
1573	 0.284846281117646 
1574	 0.286051409448534 
1575	 0.287340852656291 
1576	 0.288487437491946 
1577	 0.289552892585749 
1578	 0.290511592055864 
1579	 0.291266056485057 
1580	 0.291990400623844 
1581	 0.293058242768165 
1582	 0.294130370982528 
1583	 0.295037671518902 
1584	 0.296064092361296 
1585	 0.296946929213133 
1586	 0.29777383148842 
1587	 0.298800910346571 
1588	 0.299802926307148 
1589	 0.300613781509355 
1590	 0.301408365865605 
1591	 0.302355229027297 
1592	 0.303283766368309 
1593	 0.304219038795341 
1594	 0.305139739721575 
1595	 0.305815711003525 
1596	 0.306667902476887 
1597	 0.307907171164588 
1598	 0.308909681544087 
1599	 0.30965042225972 
1600	 0.310314771385717 
1601	 0.310837999949704 
1602	 0.311747650708977 
1603	 0.313026880078326 
1604	 0.314030817352209 
1605	 0.314858551507291 
1606	 0.3156950702601 
1607	 0.316252892754439 
1608	 0.316820128141273 
1609	 0.317795349984712 
1610	 0.318532450174393 
1611	 0.319212779074171 
1612	 0.320342355220114 
1613	 0.320942098456318 
1614	 0.321222083677195 
1615	 0.321915037303456 
1616	 0.322580909952813 
1617	 0.323294417178702 
1618	 0.324057928897957 
1619	 0.324629569929968 
1620	 0.325096590017237 
1621	 0.325534738457825 
1622	 0.32620541216809 
1623	 0.326969331884438 
1624	 0.327590886519992 
1625	 0.328199693018023 
1626	 0.328769362526077 
1627	 0.329376576167416 
1628	 0.329917933530554 
1629	 0.330382216387059 
1630	 0.331026083866067 
1631	 0.331547143062417 
1632	 0.331942284878489 
1633	 0.332491785444459 
1634	 0.333182780973469 
1635	 0.333687110023469 
1636	 0.334000312432561 
1637	 0.334685385484049 
1638	 0.335183466077906 
1639	 0.335394116376544 
1640	 0.336034267438024 
1641	 0.336574194252839 
1642	 0.336862609122885 
1643	 0.337423708117739 
1644	 0.338111111196869 
1645	 0.338362769380007 
1646	 0.338372355917503 
1647	 0.338779606265056 
1648	 0.339224006168376 
1649	 0.339433145240537 
1650	 0.339840466846022 
1651	 0.340102413924632 
1652	 0.340047838639575 
1653	 0.340352264155577 
1654	 0.340807605841053 
1655	 0.340909177015689 
1656	 0.341000127171591 
1657	 0.341118164501618 
1658	 0.341198434651878 
1659	 0.341621191421229 
1660	 0.341998903733243 
1661	 0.341994706350893 
1662	 0.341753160872394 
1663	 0.341493918897079 
1664	 0.341497519152038 
1665	 0.34167708313942 
1666	 0.342031483214128 
1667	 0.342351763564236 
1668	 0.34220199203433 
1669	 0.341937921152723 
1670	 0.342002010554873 
1671	 0.341833025117437 
1672	 0.34149229501558 
1673	 0.341477129627587 
1674	 0.341129985681072 
1675	 0.340814234853924 
1676	 0.340968784511377 
1677	 0.340664692562306 
1678	 0.340251818641837 
1679	 0.340102315566327 
1680	 0.339784063496334 
1681	 0.339618817546994 
1682	 0.339432539242038 
1683	 0.338988805241975 
1684	 0.338387552170756 
1685	 0.337739703069073 
1686	 0.337185057300124 
1687	 0.336742966392843 
1688	 0.336462931618931 
1689	 0.336120084687793 
1690	 0.335855361638924 
1691	 0.335525644904933 
1692	 0.334914109760779 
1693	 0.334608703193987 
1694	 0.334107263095806 
1695	 0.333286660520953 
1696	 0.332779817619606 
1697	 0.33203020936348 
1698	 0.331387893487894 
1699	 0.331081623506068 
1700	 0.330674549111166 
1701	 0.330372319417708 
1702	 0.329841132866697 
1703	 0.329318711959491 
1704	 0.328684261283749 
1705	 0.328139498280831 
1706	 0.327784850437449 
1707	 0.327201963977735 
1708	 0.326371694704994 
1709	 0.32573109480018 
1710	 0.325091485933854 
1711	 0.324472261349777 
1712	 0.324180464430895 
1713	 0.323535092473594 
1714	 0.322477046232063 
1715	 0.321715527364831 
1716	 0.320942235650719 
1717	 0.32024712798015 
1718	 0.319771995155915 
1719	 0.319260013152929 
1720	 0.318780669980248 
1721	 0.318276715165217 
1722	 0.317792445955665 
1723	 0.317200851860485 
1724	 0.316489037206656 
1725	 0.315869226239999 
1726	 0.315298523627893 
1727	 0.314756914695028 
1728	 0.314270025768797 
1729	 0.313677886503181 
1730	 0.313003087744589 
1731	 0.312422684490461 
1732	 0.311798336605746 
1733	 0.311267680085983 
1734	 0.310882832575968 
1735	 0.310343592169005 
1736	 0.309835870120884 
1737	 0.309395128556247 
1738	 0.308902047358287 
1739	 0.308301344448822 
1740	 0.30766170871805 
1741	 0.306974556855155 
1742	 0.306206010525409 
1743	 0.305575287781589 
1744	 0.305004389863753 
1745	 0.304418994422829 
1746	 0.303872961140928 
1747	 0.303137737886976 
1748	 0.302318944936624 
1749	 0.301655805260721 
1750	 0.300962977024713 
1751	 0.300320886924473 
1752	 0.299783836551582 
1753	 0.298883393221986 
1754	 0.297742835901258 
1755	 0.296996241425919 
1756	 0.29606795824076 
1757	 0.295362652657021 
1758	 0.294818290830718 
1759	 0.29402881348147 
1760	 0.293496075596487 
1761	 0.292921423013411 
1762	 0.292506774510749 
1763	 0.291815062370578 
1764	 0.290697410979115 
1765	 0.289877166306178 
1766	 0.288928404931594 
1767	 0.288328722734847 
1768	 0.288229668069039 
1769	 0.2876093471599 
1770	 0.286893550359909 
1771	 0.286301351458372 
1772	 0.285879406262255 
1773	 0.286179819990817 
1774	 0.285897269261149 
1775	 0.285181614313612 
1776	 0.28462342680143 
1777	 0.283592956487051 
1778	 0.283133212679794 
1779	 0.283253927146426 
1780	 0.283082510032564 
1781	 0.283049386917529 
1782	 0.282867301394884 
1783	 0.282501891021227 
1784	 0.282146062855792 
1785	 0.281856896083997 
1786	 0.281602822569452 
1787	 0.281209938725327 
1788	 0.280893101115924 
1789	 0.280475925154113 
1790	 0.280322420789732 
1791	 0.28022223590555 
1792	 0.280568553688869 
1793	 0.281720844326464 
1794	 0.282211917373691 
1795	 0.282951652629402 
1796	 0.282949137944817 
1797	 0.281834365576748 
1798	 0.281625409018596 
1799	 0.281310385533979 
1800	 0.281343734996451 
1801	 0.282175180664274 
1802	 0.282412300416979 
1803	 0.282374570667035 
1804	 0.282621083876319 
1805	 0.28309017448996 
1806	 0.283531513019957 
1807	 0.284143639926444 
1808	 0.284943717788998 
1809	 0.285524410735941 
1810	 0.285523019160055 
1811	 0.286520222501902 
1812	 0.286295591378206 
1813	 0.287373308841474 
1814	 0.288897288155234 
1815	 0.291040699901464 
1816	 0.290708391945076 
1817	 0.289813939959099 
1818	 0.287233556767355 
1819	 0.286236266799774 
1820	 0.288215209516447 
1821	 0.290707384819361 
1822	 0.298913254138706 
1823	 0.301682338662767 
1824	 0.293184661182953 
1825	 0.29305357885572 
1826	 0.297473700266393 
1827	 0.299012094757842 
1828	 0.319260493679455 
1829	 0.324693071069407 
1830	 0.305397108101991 
1831	 0.22475851237107 
1832	 0.189370149973694 
1833	 0.186993156911024 
1834	 0.578176464513785 
1835	 0.853672120779301 
1836	 0.298618280997118 
1837	 0.225598620209075 
1838	-2.63570230911215E-02 
1839	-2.62209251984202E-02 
1840	 0.430946302121369 
1841	 0.31298051457569 
1842	 0.34786624121876 
1843	 0.181176619323083 
1844	 7.39780725114817E-02 
1845	-3.98537774440728 
1846	 18.2709365709708 
1847	 0.399253928686066 
1848	 0.543056751362015 
1849	-1.37351454275438 
1850	-8.44853880677917E-02 
1851	 0.113454842229489 
1852	 0.273438848076183 
1853	 0.220354223184151 
1854	 3.89922180348521 
1855	 4.25204532672214 
1856	 0.721212460674013 
1857	 0.226238907027687 
1858	 0.918179273759834 
1859	 5.14125868067247 
1860	 3.71891297561512 
1861	 7.98119940586901 
1862	 3.36302752739655 
1863	 0.375023023455849 
1864	 0.329714552305542 
1865	 0.885328439429988 
1866	 0.918500935041366 
1867	 0.393312830527148 
1868	 0.39847189647367 
1869	 1.60973144171323E-02 
1870	-0.515405067175356 
1871	-0.436039468157348 
1872	 1.17449299012628 
1873	 1.12612695727062 
1874	 0.764819537624583 
1875	 0.694456881539166 
1876	 0.401973839220637 
1877	-6.21266645882389E-02 
1878	-6.84971417267952E-02 
1879	 0.136984823008304 
1880	 0.129099400116048 
1881	 0.173350618152498 
1882	 0.190472507374199 
1883	 8.89135344506854E-02 
1884	-1.14685547969171E-02 
1885	-0.122953890454773 
1886	-0.183812506640458 
1887	-0.143978099785816 
1888	 4.19916329304532E-02 
1889	 0.240241692579565 
1890	 0.269534840458078 
1891	 0.260866532575183 
1892	 4.26552838933513E-02 
1893	 2.56098862468369E-02 
1894	 0.160776674710704 
1895	 0.200225726177008 
1896	 0.355766260200698 
1897	 0.292295817825007 
1898	-2.12827007009371E-02 
1899	-0.159689505478493 
1900	-0.100613000210015 
1901	-4.15622131296846E-02 
1902	 5.38245489408846E-02 
1903	 0.449210404693964 
1904	 0.424101616582935 
1905	-0.023931893412964 
1906	 0.087370030079144 
1907	 0.226380972914358 
1908	 0.136134854989051 
1909	 0.253680562345824 
1910	 0.226830694264823 
1911	-1.52757091644628E-03 
1912	-6.81028470761309E-02 
1913	-5.85781844374808E-02 
1914	-1.98684665039081E-02 
1915	 2.89885081375801E-03 
1916	 7.22762457540712E-02 
1917	 0.101218571568411 
1918	 9.40742621587722E-02 
1919	 0.101980671917572 
1920	 0.107857424562485 
1921	 6.87652876627552E-02 
1922	 5.15097252898154E-02 
1923	 4.17970990685632E-02 
1924	 3.72369991689287E-02 
1925	 3.18235534007166E-02 
1926	 6.19653758142496E-02 
1927	 0.067345589104595 
1928	 0.057920290078275 
1929	 5.89469069451437E-02 
1930	 5.15752040417014E-02 
1931	 4.94895337329151E-02 
1932	 4.90798589325458E-02 
1933	 0.048784277192664 
1934	 4.77143250917216E-02 
1935	 4.60548251061574E-02 
1936	 4.40200890549389E-02 
1937	 4.52793430018869E-02 
1938	 5.19749053310144E-02 
1939	 0.054974475474332 
1940	 4.50733329848149E-02 
1941	 4.34056405724246E-02 
1942	 4.87921373895251E-02 
1943	 0.042006338148302 
1944	 0.045381715428703 
1945	 5.63597270171205E-02 
1946	 5.59002470702918E-02 
1947	 4.49681923711059E-02 
1948	 4.01670495541263E-02 
1949	 0.044219274618689 
1950	 4.14962465552538E-02 
1951	 3.94561187246237E-02 
1952	 4.22599121113884E-02 
1953	 4.26477080492077E-02 
1954	 4.20038844131706E-02 
1955	 4.13586801395374E-02 
1956	 4.34034347141883E-02 
1957	 4.69448203043365E-02 
1958	 4.79935672298421E-02 
1959	 4.78707345428784E-02 
1960	 4.86277435613405E-02 
1961	 4.78245185960801E-02 
1962	 0.046915369769248 
1963	 4.79398396994738E-02 
1964	 4.85430047898753E-02 
1965	 4.91816361333061E-02 
1966	 4.99311207904391E-02 
1967	 5.06084820014564E-02 
1968	 5.05553490570312E-02 
1969	 5.08373893552399E-02 
1970	 5.16434661891294E-02 
1971	 5.23676729309728E-02 
1972	 5.18784404879172E-02 
1973	 5.22825365091878E-02 
1974	 5.33164751466983E-02 
1975	 5.38053681657389E-02 
1976	 5.40780793170882E-02 
1977	 5.41771666038421E-02 
1978	 5.44842968956049E-02 
1979	 5.46346168708927E-02 
1980	 5.47043371128371E-02 
1981	 5.57426138660278E-02 
1982	 5.64499731609336E-02 
1983	 5.72261496312581E-02 
1984	 5.72023285111823E-02 
1985	 0.057648117345307 
1986	 5.84595807518159E-02 
1987	 5.89171248589627E-02 
1988	 5.91124835041415E-02 
1989	 5.88897605216213E-02 
1990	 5.83887109843799E-02 
1991	 5.89520323736098E-02 
1992	 6.06052397832451E-02 
1993	 6.12702303649283E-02 
1994	 6.23914325681988E-02 
1995	 6.29654587667364E-02 
1996	 6.22395231798663E-02 
1997	 6.16717373776795E-02 
1998	 6.28947867971845E-02 
1999	 6.43163402804108E-02 
2000	 6.46320892444738E-02 
2001	 6.44110453662438E-02 
2002	 6.51906330723376E-02 
2003	 6.59904524263887E-02 
2004	 6.78677883619761E-02 
2005	 7.13062553904922E-02 
2006	 7.29509240153575E-02 
2007	 7.23084122196655E-02 
2008	 7.28067136659335E-02 
2009	 7.30968392228537E-02 
2010	 7.20754523209471E-02 
2011	 7.32169342428921E-02 
2012	 7.60034606180501E-02 
2013	 7.76361689831654E-02 
2014	 0.079262939776674 
2015	 8.03186006185488E-02 
2016	 7.97774007837887E-02 
2017	 0.079606112951626 
2018	 8.12572400182903E-02 
2019	 0.082216159845221 
2020	 8.30159734743331E-02 
2021	 8.37177221567836E-02 
2022	 0.085030612325013 
2023	 8.44526349986948E-02 
2024	 8.39083065435523E-02 
2025	 8.48678512626676E-02 
2026	 8.55215748619732E-02 
2027	 8.63067695586424E-02 
2028	 8.67755140739242E-02 
2029	 8.66892200480196E-02 
2030	 8.64001604525381E-02 
2031	 8.63767044377795E-02 
2032	 8.68497636841123E-02 
2033	 0.08817920822498 
2034	 8.87431331564391E-02 
2035	 8.92565329446143E-02 
2036	 8.97341625215436E-02 
2037	 9.00840515929785E-02 
2038	 9.02713621708359E-02 
2039	 9.02870115873013E-02 
2040	 9.05648553976783E-02 
2041	 9.12552887990162E-02 
2042	 9.19937127898657E-02 
2043	 9.26767555751752E-02 
2044	 9.36752210177848E-02 
2045	 9.43517621754182E-02 
2046	 9.42355536009732E-02 
2047	 9.44810337575146E-02 
2048	 9.50559613328027E-02 
2049	 0.095559089929205 
2050	 9.57843414432759E-02 
2051	 9.67785947147265E-02 
2052	 9.74008044219119E-02 
2053	 9.72166882109435E-02 
2054	 9.75311823249269E-02 
2055	 9.82539849842442E-02 
2056	 0.099239847491852 
2057	 0.100364513948966 
2058	 0.100750247426353 
2059	 0.100866542014392 
2060	 0.101632656748072 
2061	 0.102946866616608 
2062	 0.103542216526838 
2063	 0.104286733555242 
2064	 0.104881096788965 
2065	 0.10494539601916 
2066	 0.104663333472636 
2067	 0.104877342252296 
2068	 0.10552763713316 
2069	 0.106447458114661 
2070	 0.107546452300464 
2071	 0.108617350637234 
2072	 0.109553354262703 
2073	 0.109568434095381 
2074	 0.109409511187496 
2075	 0.109763705604499 
2076	 0.11034071124916 
2077	 0.111073344975261 
2078	 0.112277726296681 
2079	 0.113134864670155 
2080	 0.114386269952437 
2081	 0.114581611969935 
2082	 0.114308445001686 
2083	 0.114823533202367 
2084	 0.11508386020042 
2085	 0.115826926316773 
2086	 0.11720365008244 
2087	 0.117778522221036 
2088	 0.118296371489192 
2089	 0.118913713213671 
2090	 0.119277918806023 
2091	 0.11942899904094 
2092	 0.119742461679983 
2093	 0.119565164397925 
2094	 0.120084551341037 
2095	 0.121398585068982 
2096	 0.122019137411966 
2097	 0.122312696022618 
2098	 0.123473773665142 
2099	 0.124289104026766 
2100	 0.12432586705274 
2101	 0.125390257735962 
2102	 0.126547215299281 
2103	 0.126723429632075 
2104	 0.127026988367818 
2105	 0.127360278451833 
2106	 0.127145921535816 
2107	 0.127636469441111 
2108	 0.129156693949967 
2109	 0.129674511723569 
2110	 0.129307661051862 
2111	 0.130045138364647 
2112	 0.131485391574825 
2113	 0.131956563372287 
2114	 0.132209727035391 
2115	 0.13325589853989 
2116	 0.134574943478052 
2117	 0.134657985616194 
2118	 0.134444192525769 
2119	 0.135387732555492 
2120	 0.135027448674924 
2121	 0.133592765029348 
2122	 0.134177119324502 
2123	 0.13542532257875 
2124	 0.136203126792584 
2125	 0.137122038605761 
2126	 0.137715806420373 
2127	 0.137929804273899 
2128	 0.138414606445282 
2129	 0.139013805900141 
2130	 0.139671139389682 
2131	 0.140271381996556 
2132	 0.141002397319236 
2133	 0.14180984311286 
2134	 0.142700709489806 
2135	 0.143326447420922 
2136	 0.143578766488585 
2137	 0.143249148163439 
2138	 0.142742257012701 
2139	 0.142882748984557 
2140	 0.14373244801454 
2141	 0.144601682700574 
2142	 0.145138829001758 
2143	 0.145493811031286 
2144	 0.14503646513443 
2145	 0.145401464729741 
2146	 0.1462736294049 
2147	 0.146762689198736 
2148	 0.147482350899637 
2149	 0.148015930725044 
2150	 0.147930720140186 
2151	 0.148425465393765 
2152	 0.149238932174089 
2153	 0.150202168151855 
2154	 0.150635531691907 
2155	 0.150655534393225 
2156	 0.150594470306156 
2157	 0.150288983001364 
2158	 0.149839782312378 
2159	 0.150090658863871 
2160	 0.150372429721003 
2161	 0.149989766525838 
2162	 0.150835939281898 
2163	 0.152316735344371 
2164	 0.152923746040834 
2165	 0.153366644577452 
2166	 0.15375539871379 
2167	 0.153278435440379 
2168	 0.153446011530746 
2169	 0.154259988795554 
2170	 0.154519240504456 
2171	 0.154732217176361 
2172	 0.154697412485172 
2173	 0.154132570546447 
2174	 0.153832861242346 
2175	 0.153767874859174 
2176	 0.154280732947265 
2177	 0.155159492934444 
2178	 0.155828147149229 
2179	 0.156749360780097 
2180	 0.15801450735341 
2181	 0.158043569591959 
2182	 0.157319306548042 
2183	 0.158007833066071 
2184	 0.158683789181947 
2185	 0.159031715740623 
2186	 0.160505053768521 
2187	 0.161019078900414 
2188	 0.160019665518688 
2189	 0.160094141481822 
2190	 0.160505081241697 
2191	 0.160933359309275 
2192	 0.162077990964094 
2193	 0.162454618916506 
2194	 0.162408784096046 
2195	 0.162589038267198 
2196	 0.162825516137224 
2197	 0.162031681830138 
2198	 0.162074111148304 
2199	 0.163308149666483 
2200	 0.163547136812555 
2201	 0.164211295610413 
2202	 0.165001692030053 
2203	 0.164345286349139 
2204	 0.164330975770379 
2205	 0.164853666027758 
2206	 0.164816809150819 
2207	 0.165434472481206 
2208	 0.165971051650073 
2209	 0.165847013608532 
2210	 0.166028666412324 
2211	 0.166117482435614 
2212	 0.165932232823317 
2213	 0.166218553286136 
2214	 0.165935083325289 
2215	 0.163933677328068 
2216	 0.16398591481362 
2217	 0.165860223436868 
2218	 0.165821196363924 
2219	 0.16566801905293 
2220	 0.165693233400546 
2221	 0.164922158851934 
2222	 0.163636290959207 
2223	 0.163107487661878 
2224	 0.163622708818138 
2225	 0.163514215936342 
2226	 0.162987695426545 
2227	 0.162914738914611 
2228	 0.162900411161197 
2229	 0.163260546788896 
2230	 0.162825781316831 
2231	 0.161656630396498 
2232	 0.162668399264853 
2233	 0.164027632732877 
2234	 0.163282472886148 
2235	 0.162980288612489 
2236	 0.162862471650603 
2237	 0.162451809337699 
2238	 0.160981821028253 
2239	 0.160728586641706 
2240	 0.161909896399119 
2241	 0.161399887583682 
2242	 0.160269032623955 
2243	 0.159442255242717 
2244	 0.157047661386361 
2245	 0.155929344870188 
2246	 0.155926732785351 
2247	 0.155976747640294 
2248	 0.157540626291837 
2249	 0.157420039382817 
2250	 0.156673322236324 
2251	 0.154930179519428 
2252	 0.154316648367755 
2253	 0.153476600277915 
2254	 0.153241155711128 
2255	 0.153759570589898 
2256	 0.151511236806767 
2257	 0.149574967802354 
2258	 0.149647254662167 
2259	 0.14898873716026 
2260	 0.147383241957104 
2261	 0.146538395077652 
2262	 0.145397226107138 
2263	 0.142903881252757 
2264	 0.142889592313002 
2265	 0.143557658779115 
2266	 0.142330078513783 
2267	 0.141339592115134 
2268	 0.140489470467452 
2269	 0.14053519104924 
2270	 0.141628019286915 
2271	 0.141099033863226 
2272	 0.140817905918375 
2273	 0.14021369702076 
2274	 0.139917667652863 
2275	 0.139988840838482 
2276	 0.139336944932352 
2277	 0.137420369750277 
2278	 0.136919250093781 
2279	 0.137490269796036 
2280	 0.136736730480317 
2281	 0.136027997300262 
2282	 0.135320674353206 
2283	 0.132829466267769 
2284	 0.131621343060768 
2285	 0.133222645368989 
2286	 0.133078065329514 
2287	 0.132289589993294 
2288	 0.129322114007024 
2289	 0.128911048941282 
2290	 0.127969457746384 
2291	 0.127141743831307 
2292	 0.127027019705941 
2293	 0.124323197215635 
2294	 0.122475043428422 
2295	 0.124567030977771 
2296	 0.127125140578804 
2297	 0.127396610058425 
2298	 0.126035757598688 
2299	 0.123787337471726 
2300	 0.121802016149266 
2301	 0.122231593580341 
2302	 0.123178314604576 
2303	 0.121637577298603 
2304	 0.119818585062635 
2305	 0.121007013749266 
2306	 0.124400271217496 
2307	 0.125027691301199 
2308	 0.123478425377413 
2309	 0.121824727622536 
2310	 0.119162152116739 
2311	 0.116530870306761 
2312	 0.114558543867107 
2313	 0.114036903931847 
2314	 0.113730873680784 
2315	 0.114206208823859 
2316	 0.11518909420956 
2317	 0.114235118964368 
2318	 0.112614794884689 
2319	 0.112135712562397 
2320	 0.112586022203312 
2321	 0.113393151600723 
2322	 0.115300068797186 
2323	 0.113935817506383 
2324	 0.111076424301512 
2325	 0.111273788390435 
2326	 0.11031247365558 
2327	 0.11059951662503 
2328	 0.114787159458774 
2329	 0.114501985451467 
2330	 0.111204077083082 
2331	 0.11126530686235 
2332	 0.112970259778883 
2333	 0.110884120410304 
2334	 0.105912143920718 
2335	 0.105225087386364 
2336	 0.104860963613155 
2337	 0.104472845670271 
2338	 0.108148296796865 
2339	 0.108675300125814 
2340	 0.10604115610721 
2341	 0.104740038758207 
2342	 0.1037839843394 
2343	 0.103838381361721 
2344	 0.105513035176271 
2345	 0.104661829630243 
2346	 0.100926894830688 
2347	 0.100748706523925 
2348	 0.100546774265979 
2349	 9.64240215498432E-02 
2350	 0.095602242171725 
2351	 9.64542856643651E-02 
2352	 9.47892853928955E-02 
2353	 0.094322953278791 
2354	 9.59810946412064E-02 
2355	 9.85999958912551E-02 
2356	 9.89742343465312E-02 
2357	 9.63215057674991E-02 
2358	 9.38183329791624E-02 
2359	 9.20536159073622E-02 
2360	 9.15565835132865E-02 
2361	 9.28197633153662E-02 
2362	 9.58030898525587E-02 
2363	 9.61567635840711E-02 
2364	 9.41333184741915E-02 
2365	 9.33902364214661E-02 
2366	 9.14067661813372E-02 
2367	 8.86364032383345E-02 
2368	 8.95484824563236E-02 
2369	 9.15887810418317E-02 
2370	 9.02254663768684E-02 
2371	 9.31295376531379E-02 
2372	 9.47336891560735E-02 
2373	 8.92205587161428E-02 
2374	 8.74358135079048E-02 
2375	 8.24659730303304E-02 
2376	 7.68271320315704E-02 
2377	 8.05780521171958E-02 
2378	 8.81798719729411E-02 
2379	 9.33754430819891E-02 
2380	 8.90589011656122E-02 
2381	 8.22430981751993E-02 
2382	 8.10082491954344E-02 
2383	 8.37801426587293E-02 
2384	 8.79914506570195E-02 
2385	 9.51134006655888E-02 
2386	 9.56563644178124E-02 
2387	 8.06434718920209E-02 
2388	 7.64161174772922E-02 
2389	 7.87488199947293E-02 
2390	 6.89958070566722E-02 
2391	 6.99901198738301E-02 
2392	 7.58187153226887E-02 
2393	 6.90916512947322E-02 
2394	 7.08312236577499E-02 
2395	 8.02949667528725E-02 
2396	 8.15427061964094E-02 
2397	 8.30112032472191E-02 
2398	 8.70348061655078E-02 
2399	 8.15651344368467E-02 
2400	 0.071550028159299 
2401	 7.05569445112898E-02 
2402	 7.46657945167828E-02 
2403	 7.97262316734448E-02 
2404	 8.14596087766088E-02 
2405	 7.81021081829362E-02 
2406	 7.20010566340559E-02 
2407	 6.47221873168105E-02 
2408	 6.74948986374424E-02 
2409	 0.074558422446644 
2410	 7.38574964486378E-02 
2411	 7.14496368712701E-02 
2412	 7.14171518682601E-02 
2413	 7.23551517782705E-02 
2414	 7.62244497266216E-02 
2415	 7.89958253074733E-02 
2416	 7.14197022463404E-02 
2417	 6.53545055677065E-02 
2418	 6.72729691513353E-02 
2419	 0.066725240072605 
2420	 6.69307199453709E-02 
2421	 7.05338487147236E-02 
2422	 7.09396774470244E-02 
2423	 6.90961968253773E-02 
2424	 7.45160930928532E-02 
2425	 8.02809307033916E-02 
2426	 6.93133491459852E-02 
2427	 4.95877236407168E-02 
2428	 0.041216248595736 
2429	 4.71884531059163E-02 
2430	 5.37885496537366E-02 
2431	 0.062762071267472 
2432	 6.95582630304667E-02 
2433	 5.48042718654581E-02 
2434	 4.63613296975281E-02 
2435	 5.97385802698838E-02 
2436	 6.65678852677806E-02 
2437	 6.22651143258212E-02 
2438	 5.29111874369691E-02 
2439	 0.048829603349191 
2440	 4.77666799817214E-02 
2441	 5.64553292066838E-02 
2442	 6.41753627722486E-02 
2443	 4.29858591437894E-02 
2444	 3.77259437299973E-02 
2445	 0.043473245687606 
2446	 3.16721984354207E-02 
2447	 4.24783218541622E-02 
2448	 4.87728846691761E-02 
2449	 3.82090887743096E-02 
2450	 5.17309707039126E-02 
2451	 6.07237558739952E-02 
2452	 3.98020877746391E-02 
2453	 3.34205800420556E-02 
2454	 5.09374282915417E-02 
2455	 7.19688653642212E-02 
2456	 0.102010995477552 
2457	 9.17430221655602E-02 
2458	 4.03313239686344E-02 
2459	 1.39642407890892E-02 
2460	 1.29351508113753E-02 
2461	 2.79054894986777E-02 
2462	 5.97413590896795E-02 
2463	 5.80011925174435E-02 
2464	 0.025765412041926 
2465	 1.38181032392085E-02 
2466	 2.23359296742001E-02 
2467	 4.11623382222435E-02 
2468	 6.14821158320625E-02 
2469	 7.02947843686202E-02 
2470	 5.23463650701723E-02 
2471	 4.74660471848486E-02 
2472	 4.47988864948538E-02 
2473	 4.32839893451471E-02 
2474	 8.04298315911596E-02 
2475	 8.53453695192881E-02 
2476	 5.60543864387691E-02 
2477	 4.82859781174442E-02 
2478	 0.020064695509539 
2479	 1.38039223346119E-02 
2480	 9.81023395924011E-03 
2481	 1.14355998547859E-02 
2482	-0.012441595685122 
2483	-1.56105675281984E-02 
2484	 3.61256322589838E-02 
2485	 2.74895732944216E-02 
2486	-5.75779432461423E-02 
2487	-0.213709196974973 
2488	-0.355106677073346 
2489	-0.35860597251722 
2490	-0.27101431079574 
2491	-0.221252174311226 
2492	-0.165903365313014 
2493	-0.279583706790116 
2494	-0.324599725458602 
2495	-0.263853010495843 
2496	-3.82923096355833E-02 
2497	 0.291095424018121 
2498	 0.392292478799988 
2499	 0.39384588304306 
2500	 0.193669589660262 
