Wavelength	09/27/123 at 12:34:11
350	 2.48970534964624E-02 
351	 0.024673742894425 
352	 2.47301597318993E-02 
353	 2.47196109151399E-02 
354	 2.42336582762092E-02 
355	 2.47547693654981E-02 
356	 2.50103107108807E-02 
357	 2.44584639106451E-02 
358	 2.45908439246783E-02 
359	 2.48824963777204E-02 
360	 2.49586971331849E-02 
361	 0.024599758222108 
362	 2.47744365942921E-02 
363	 2.49448998470809E-02 
364	 2.48000344726569E-02 
365	 2.48288101449828E-02 
366	 2.48707592274599E-02 
367	 2.47719761857758E-02 
368	 2.44438833551981E-02 
369	 2.45763260190548E-02 
370	 0.024753083907158 
371	 2.46840795884715E-02 
372	 0.024655174823426 
373	 2.45981971171264E-02 
374	 2.45862299259244E-02 
375	 2.47180213604094E-02 
376	 2.46674910634184E-02 
377	 2.46865234613809E-02 
378	 2.48926741965655E-02 
379	 2.49385901044682E-02 
380	 2.49316730406178E-02 
381	 2.49282371126475E-02 
382	 2.49755889396174E-02 
383	 0.025170987823642 
384	 0.025214744034982 
385	 2.49859223657168E-02 
386	 2.48121248957617E-02 
387	 2.49562908939285E-02 
388	 2.52181138472224E-02 
389	 2.52160916031905E-02 
390	 2.51098114002566E-02 
391	 2.51349218230917E-02 
392	 2.53262008443712E-02 
393	 2.53457809600244E-02 
394	 2.53686564821237E-02 
395	 2.53351702189858E-02 
396	 2.51643169582806E-02 
397	 2.52506167712514E-02 
398	 2.54605273719598E-02 
399	 2.56513490528815E-02 
400	 2.57625681758721E-02 
401	 2.57381392144555E-02 
402	 2.56885941078858E-02 
403	 2.57672103857993E-02 
404	 2.59250758926462E-02 
405	 2.59990483889404E-02 
406	 2.59631940101289E-02 
407	 2.60429201954834E-02 
408	 2.62055632818962E-02 
409	 2.63888679921044E-02 
410	 2.65211293476283E-02 
411	 0.026626014456164 
412	 2.66800625980153E-02 
413	 2.67323827001573E-02 
414	 2.69736453336175E-02 
415	 2.71775207049192E-02 
416	 0.027306994178753 
417	 2.73972293020136E-02 
418	 2.74547074159781E-02 
419	 2.76332720049405E-02 
420	 2.79326486774368E-02 
421	 2.80892230137851E-02 
422	 0.028245676344059 
423	 0.028402489261795 
424	 2.85316347577106E-02 
425	 2.87391305214175E-02 
426	 2.89285416335724E-02 
427	 2.90859426281286E-02 
428	 2.93557850663415E-02 
429	 2.95945024290625E-02 
430	 2.97391332023573E-02 
431	 2.97981431755467E-02 
432	 3.00122256703276E-02 
433	 3.01947447924149E-02 
434	 3.02759175714028E-02 
435	 3.03706308613571E-02 
436	 3.05629096537603E-02 
437	 0.030794082686287 
438	 3.09667878244132E-02 
439	 3.10607607273502E-02 
440	 3.11911362812487E-02 
441	 3.13771233075083E-02 
442	 3.15039179259265E-02 
443	 0.031642352653897 
444	 3.18095286472116E-02 
445	 3.20027664248828E-02 
446	 3.21963081108057E-02 
447	 3.23923867629249E-02 
448	 3.25748909217521E-02 
449	 3.27049194290809E-02 
450	 3.28781961398808E-02 
451	 3.30474354358632E-02 
452	 3.31523235492949E-02 
453	 3.32914699149171E-02 
454	 3.34184647021102E-02 
455	 3.35073013881702E-02 
456	 3.35638821178887E-02 
457	 3.36613287833094E-02 
458	 3.38011784375807E-02 
459	 0.033942052405852 
460	 3.39514573433837E-02 
461	 0.033995358851276 
462	 3.40952216677726E-02 
463	 3.41095954264624E-02 
464	 3.41695760980997E-02 
465	 3.42820972669451E-02 
466	 3.44048798839345E-02 
467	 3.44384331557656E-02 
468	 3.44456082408654E-02 
469	 3.44773266056077E-02 
470	 3.45679482607262E-02 
471	 0.03470665283485 
472	 3.48002628430262E-02 
473	 3.47996268500867E-02 
474	 3.48518826075631E-02 
475	 3.49435887050848E-02 
476	 3.50339633365122E-02 
477	 3.50669315146252E-02 
478	 3.51586118428834E-02 
479	 0.035250570565405 
480	 3.53016523419626E-02 
481	 3.54295155903317E-02 
482	 3.55056955903061E-02 
483	 3.55316947149495E-02 
484	 3.56009457706877E-02 
485	 3.57088927028793E-02 
486	 3.58344880965413E-02 
487	 3.59670565252359E-02 
488	 0.036141047475044 
489	 3.63252331354246E-02 
490	 0.036497036625627 
491	 3.66422819589712E-02 
492	 3.67707303548448E-02 
493	 0.036980461514681 
494	 3.72913201586945E-02 
495	 3.75273685111016E-02 
496	 3.77911908127593E-02 
497	 3.81095322771017E-02 
498	 3.84769140539765E-02 
499	 3.88955549960644E-02 
500	 3.93368524045676E-02 
501	 3.97962929693582E-02 
502	 0.040319003233959 
503	 4.08719451593969E-02 
504	 4.14575407674316E-02 
505	 0.042097986036405 
506	 4.28346793537556E-02 
507	 4.36302246633059E-02 
508	 4.44624859051316E-02 
509	 4.53351386475385E-02 
510	 0.046305788260883 
511	 4.73960751722751E-02 
512	 0.048599735729201 
513	 4.98255961031426E-02 
514	 5.11582260398943E-02 
515	 5.26198726463247E-02 
516	 5.41332735928537E-02 
517	 5.57458729519451E-02 
518	 5.74624114004301E-02 
519	 5.92337692216633E-02 
520	 6.09523463951505E-02 
521	 6.26787643207373E-02 
522	 6.44411517376748E-02 
523	 0.066213132124371 
524	 6.79584632984445E-02 
525	 6.96211508846147E-02 
526	 7.12080983091852E-02 
527	 7.29502009796074E-02 
528	 7.45759768527664E-02 
529	 7.59900033847954E-02 
530	 7.72744604354089E-02 
531	 7.85147389681229E-02 
532	 7.97332554749023E-02 
533	 8.08968474114713E-02 
534	 8.19021107415268E-02 
535	 8.28823509758181E-02 
536	 8.38008804385475E-02 
537	 8.45418467732389E-02 
538	 8.52762248898482E-02 
539	 8.59859330730611E-02 
540	 8.66533564634744E-02 
541	 8.73241908541532E-02 
542	 8.79621908167992E-02 
543	 8.85659165547055E-02 
544	 8.91484962724991E-02 
545	 8.96850061645204E-02 
546	 0.090180799983557 
547	 9.06570230667593E-02 
548	 9.11556536170812E-02 
549	 9.15718660627351E-02 
550	 9.19331571732903E-02 
551	 0.092284844091337 
552	 9.25050158836916E-02 
553	 9.25983488779649E-02 
554	 9.25669900859071E-02 
555	 9.23992959085962E-02 
556	 9.21223104572676E-02 
557	 9.17407599536587E-02 
558	 9.12625445311445E-02 
559	 9.07211123502741E-02 
560	 9.00695735846298E-02 
561	 8.93399536141994E-02 
562	 8.86229618845881E-02 
563	 8.77741133673897E-02 
564	 8.68060350120309E-02 
565	 8.57612379807586E-02 
566	 8.46517848241847E-02 
567	 8.35644739954986E-02 
568	 8.24742144433447E-02 
569	 8.12851863048996E-02 
570	 8.01206557727574E-02 
571	 7.89840381902924E-02 
572	 7.78741482658094E-02 
573	 0.076806236807545 
574	 7.58010073437115E-02 
575	 7.48612240206155E-02 
576	 0.074000097832528 
577	 7.32591498927371E-02 
578	 7.25744382668669E-02 
579	 7.19153404877095E-02 
580	 7.13124253748277E-02 
581	 0.070750912573255 
582	 7.02240710837002E-02 
583	 6.97185443779528E-02 
584	 6.91665094635445E-02 
585	 6.86405198852213E-02 
586	 6.81923428433265E-02 
587	 6.78340257428804E-02 
588	 6.75321839141825E-02 
589	 6.72266182790673E-02 
590	 6.68852979479617E-02 
591	 6.65222013971103E-02 
592	 6.62082285326493E-02 
593	 6.59661927756417E-02 
594	 6.57919338033055E-02 
595	 6.55778339582558E-02 
596	 6.53535405861048E-02 
597	 6.51417825932722E-02 
598	 0.064888997491208 
599	 0.06466094087285 
600	 6.44378538973738E-02 
601	 0.064172397062689 
602	 6.39209965833117E-02 
603	 0.063617663968792 
604	 6.32425922862489E-02 
605	 6.28591071327275E-02 
606	 6.23804728790434E-02 
607	 6.18898846970683E-02 
608	 6.14664837721816E-02 
609	 6.09361792953015E-02 
610	 6.03967341682331E-02 
611	 5.98958558507659E-02 
612	 5.94093967690023E-02 
613	 0.058834492117739 
614	 0.058279568838675 
615	 5.78372422408814E-02 
616	 0.057425331433722 
617	 5.69842138234526E-02 
618	 5.65495159293561E-02 
619	 5.61939113197347E-02 
620	 5.58974161411608E-02 
621	 0.055665315976463 
622	 0.05547655534758 
623	 5.52564893247929E-02 
624	 5.50948079221003E-02 
625	 5.49943473840257E-02 
626	 5.49199029555263E-02 
627	 5.48211684666383E-02 
628	 5.47725144399606E-02 
629	 5.47591101653592E-02 
630	 5.46533896811993E-02 
631	 5.45674322712094E-02 
632	 5.44564679018313E-02 
633	 5.42707878389239E-02 
634	 5.40787945392447E-02 
635	 5.37996882432293E-02 
636	 5.34312935502716E-02 
637	 5.30243732598674E-02 
638	 5.25241855940912E-02 
639	 5.19968264386351E-02 
640	 5.14964764667668E-02 
641	 5.10343693826589E-02 
642	 5.04842607195304E-02 
643	 4.98774670945168E-02 
644	 4.93039053436238E-02 
645	 4.88085486001497E-02 
646	 0.048332726289867 
647	 4.78611180335527E-02 
648	 4.74319021085631E-02 
649	 4.70672043694913E-02 
650	 4.67604745002014E-02 
651	 4.64890871800921E-02 
652	 4.62218808376681E-02 
653	 4.59642073475695E-02 
654	 4.57236579413605E-02 
655	 4.54939313059716E-02 
656	 4.52495742401776E-02 
657	 4.48991336469264E-02 
658	 4.44586357400558E-02 
659	 4.40630742580193E-02 
660	 4.37155844762341E-02 
661	 4.33653414924606E-02 
662	 4.29526668030906E-02 
663	 4.25461001262101E-02 
664	 4.21990942735509E-02 
665	 4.19072506733192E-02 
666	 4.16027982000197E-02 
667	 4.14416031265308E-02 
668	 4.13157356682975E-02 
669	 4.11684650066293E-02 
670	 4.12499260676129E-02 
671	 4.13740319686036E-02 
672	 4.14334052627102E-02 
673	 4.14130574826546E-02 
674	 4.16674827138633E-02 
675	 4.19239615443706E-02 
676	 4.20749287223047E-02 
677	 4.23462247223687E-02 
678	 4.26743157282122E-02 
679	 4.31026741670267E-02 
680	 4.36654184393621E-02 
681	 4.42723993359666E-02 
682	 4.48923374192685E-02 
683	 0.045596929711607 
684	 4.65281735600606E-02 
685	 4.77551236247656E-02 
686	 4.94794229255318E-02 
687	 0.051654589104535 
688	 5.32558755451429E-02 
689	 5.50268666987279E-02 
690	 5.71786396124905E-02 
691	 0.05970818898893 
692	 6.28830238379014E-02 
693	 6.67856279090354E-02 
694	 7.13403715638865E-02 
695	 7.62407642230434E-02 
696	 8.15975820450598E-02 
697	 8.75090327952262E-02 
698	 9.41155063204815E-02 
699	 0.101129622066669 
700	 0.108598074465164 
701	 0.116367627665869 
702	 0.124221969090214 
703	 0.132098914972751 
704	 0.140077580138114 
705	 0.148265297859501 
706	 0.156556743352333 
707	 0.164999275063852 
708	 0.173538719956029 
709	 0.182128225501764 
710	 0.190722683615413 
711	 0.199454803757908 
712	 0.208392231391302 
713	 0.217471824348349 
714	 0.226610126053058 
715	 0.235654649481695 
716	 0.244933511275677 
717	 0.25482356770469 
718	 0.265072903030387 
719	 0.27530953092919 
720	 0.284886557006932 
721	 0.293396919276168 
722	 0.3015049500799 
723	 0.31030611684214 
724	 0.319751869144462 
725	 0.32880122453515 
726	 0.337243095037911 
727	 0.345359084399852 
728	 0.353259925021297 
729	 0.360928939398075 
730	 0.36833836728401 
731	 0.375401090515615 
732	 0.381985930158374 
733	 0.388038682871557 
734	 0.393820532863651 
735	 0.399625103673949 
736	 0.405319882364169 
737	 0.410616461917915 
738	 0.415479105726723 
739	 0.420176306903671 
740	 0.424527894174659 
741	 0.428613015867285 
742	 0.432503675028433 
743	 0.436055324312044 
744	 0.439340053294898 
745	 0.442414232523924 
746	 0.445283872040912 
747	 0.44791061185399 
748	 0.450354993866601 
749	 0.45263491126031 
750	 0.454705319878346 
751	 0.456746565825798 
752	 0.458666762124688 
753	 0.460360888509883 
754	 0.461864292405415 
755	 0.463370544148531 
756	 0.465014514521483 
757	 0.466797538858518 
758	 0.467604199583929 
759	 0.468548206857553 
760	 0.472234642336494 
761	 0.481108088417025 
762	 0.483293279556957 
763	 0.481728395485442 
764	 0.480586999545312 
765	 0.479686866852738 
766	 0.478487873835315 
767	 0.477285318143653 
768	 0.476487050428613 
769	 0.476209550278991 
770	 0.476145158608384 
771	 0.476265180949547 
772	 0.476737324633796 
773	 0.477081968554669 
774	 0.477398494202428 
775	 0.477800435648801 
776	 0.478258992427613 
777	 0.478588500887976 
778	 0.478904684302708 
779	 0.47935401916152 
780	 0.479848388057762 
781	 0.480257986124707 
782	 0.480553223593406 
783	 0.4808064987128 
784	 0.481326068323349 
785	 0.481854475922798 
786	 0.482223571817668 
787	 0.482481923386335 
788	 0.482803610357094 
789	 0.483195673500369 
790	 0.483612446011396 
791	 0.483997255546094 
792	 0.4843548309092 
793	 0.484710491002277 
794	 0.485088518412986 
795	 0.485434487822099 
796	 0.485771594456912 
797	 0.4860958240309 
798	 0.48638200694963 
799	 0.486607619051572 
800	 0.486883186179969 
801	 0.487275813848628 
802	 0.487757429132092 
803	 0.488041565667939 
804	 0.488295347113205 
805	 0.488692350580199 
806	 0.488984723218054 
807	 0.489132220947815 
808	 0.489287441694564 
809	 0.489655369477021 
810	 0.490125292808736 
811	 0.490563706862277 
812	 0.49086851380357 
813	 0.491019461159139 
814	 0.491456554831584 
815	 0.492119621257863 
816	 0.492848543213876 
817	 0.493546137728246 
818	 0.494184806881109 
819	 0.494706506212936 
820	 0.49495620021386 
821	 0.494345481284989 
822	 0.493848477172871 
823	 0.494288332951615 
824	 0.495895907695378 
825	 0.496479451089781 
826	 0.496169733257361 
827	 0.495639297110792 
828	 0.49582577114544 
829	 0.496346130541472 
830	 0.496744755979238 
831	 0.496860787627049 
832	 0.497055364401028 
833	 0.497478903942897 
834	 0.497890656822324 
835	 0.498070943783572 
836	 0.498124632013241 
837	 0.498256824381404 
838	 0.49847036184921 
839	 0.498679597478688 
840	 0.498908734520575 
841	 0.499155935447788 
842	 0.499410049705945 
843	 0.499650827275575 
844	 0.499956926416819 
845	 0.50026997072261 
846	 0.500520803969336 
847	 0.500665161328494 
848	 0.500663061632091 
849	 0.500767903198371 
850	 0.501111593037075 
851	 0.501398341856126 
852	 0.501433076435616 
853	 0.501349222161403 
854	 0.501516950641208 
855	 0.502615855929581 
856	 0.503719740282609 
857	 0.504172022133269 
858	 0.503773036257073 
859	 0.50355441724057 
860	 0.503677749560431 
861	 0.504066051902083 
862	 0.504453006536359 
863	 0.5043865748215 
864	 0.504101262151557 
865	 0.503956414642152 
866	 0.504318350873721 
867	 0.505056451245031 
868	 0.505868741539511 
869	 0.506453317354235 
870	 0.506620775335287 
871	 0.506561985995044 
872	 0.506463320009011 
873	 0.506507361141404 
874	 0.506778402115471 
875	 0.507034335835974 
876	 0.507302769275547 
877	 0.50767426600084 
878	 0.507850619392413 
879	 0.507984572165749 
880	 0.508205306190152 
881	 0.508583474439726 
882	 0.508721684925234 
883	 0.508854884548108 
884	 0.509017621205446 
885	 0.50896040221301 
886	 0.509131310783595 
887	 0.509413891098318 
888	 0.509712072510916 
889	 0.510106038290401 
890	 0.510158400595052 
891	 0.510116929629812 
892	 0.510196509754607 
893	 0.510032682630717 
894	 0.509835115057989 
895	 0.509594107465628 
896	 0.509340623571296 
897	 0.50955504220634 
898	 0.509792240588166 
899	 0.510323462080596 
900	 0.51155721833113 
901	 0.512652713631939 
902	 0.513478504548619 
903	 0.51395341943329 
904	 0.513975077749997 
905	 0.513337377078161 
906	 0.512427259679617 
907	 0.511653715962142 
908	 0.511368832666097 
909	 0.511972888189412 
910	 0.512859852763909 
911	 0.513527543172539 
912	 0.513907916598448 
913	 0.513589632070336 
914	 0.513273121083186 
915	 0.513470910527079 
916	 0.51389474532212 
917	 0.514427912929033 
918	 0.515012658137979 
919	 0.515483099358177 
920	 0.515389355636975 
921	 0.515200200644808 
922	 0.514949898934364 
923	 0.514654210376299 
924	 0.514750813777504 
925	 0.514934372672857 
926	 0.514706742948646 
927	 0.51357512545779 
928	 0.511608177619272 
929	 0.509440457211466 
930	 0.507183415162026 
931	 0.504755206719287 
932	 0.503721418690691 
933	 0.503284412486844 
934	 0.503715806168446 
935	 0.506132647873705 
936	 0.509938270886467 
937	 0.513173099967017 
938	 0.514971879664408 
939	 0.515571408046606 
940	 0.515400291168046 
941	 0.513945544861355 
942	 0.511236887688466 
943	 0.508116652855039 
944	 0.507268939831639 
945	 0.507508172366175 
946	 0.507526626351572 
947	 0.506848305343754 
948	 0.506556803818253 
949	 0.506857460470733 
950	 0.507249892906742 
951	 0.506679876714596 
952	 0.505965896064291 
953	 0.504960931337003 
954	 0.503908349730815 
955	 0.503823065562569 
956	 0.503476882459109 
957	 0.503269110393088 
958	 0.503427228901957 
959	 0.503200283412902 
960	 0.502723953110553 
961	 0.501796701616996 
962	 0.500762754360046 
963	 0.501072867171713 
964	 0.501865532048893 
965	 0.502576524074635 
966	 0.502768660314881 
967	 0.502043890018523 
968	 0.502024483594741 
969	 0.502401897180469 
970	 0.502405884858409 
971	 0.501741956360787 
972	 0.500590012452547 
973	 0.499758483998905 
974	 0.499730907527456 
975	 0.499478276045365 
976	 0.499419146632268 
977	 0.499996933934534 
978	 0.501206618516312 
979	 0.501650817082333 
980	 0.501733172086857 
981	 0.501867095874808 
982	 0.502265931039732 
983	 0.502480912751942 
984	 0.502306779539449 
985	 0.502109097531173 
986	 0.502307640729579 
987	 0.502722495651744 
988	 0.502806030383397 
989	 0.502953592449798 
990	 0.503629800880417 
991	 0.504142690495924 
992	 0.504059297803854 
993	 0.503901291907734 
994	 0.504233933261234 
995	 0.504081140466368 
996	 0.504312964321966 
997	 0.504541954246635 
998	 0.504297702878187 
999	 0.50492173102011 
1000	 0.505164973068752 
1001	 0.549573946903464 
1002	 0.549745587538503 
1003	 0.550057090009978 
1004	 0.550469481304594 
1005	 0.551037833505991 
1006	 0.551461377336372 
1007	 0.551907982670823 
1008	 0.552438388208864 
1009	 0.552697166069463 
1010	 0.553011534629104 
1011	 0.553411246458125 
1012	 0.553837906678833 
1013	 0.554328046905636 
1014	 0.554780797362086 
1015	 0.555305796775399 
1016	 0.555706111400831 
1017	 0.556125508683462 
1018	 0.556532517679405 
1019	 0.556944177175403 
1020	 0.557244263660071 
1021	 0.557551058800009 
1022	 0.557793406293982 
1023	 0.558265077904355 
1024	 0.558621338340252 
1025	 0.558927886313526 
1026	 0.559394731033664 
1027	 0.559700598907834 
1028	 0.560135030514169 
1029	 0.560632873629449 
1030	 0.560912217699703 
1031	 0.561262131940388 
1032	 0.561576204298896 
1033	 0.562035888867169 
1034	 0.562410098336841 
1035	 0.562753704617889 
1036	 0.563167098458985 
1037	 0.563403222628171 
1038	 0.563739081517415 
1039	 0.564190178896477 
1040	 0.564441612504853 
1041	 0.564729464613163 
1042	 0.56506542550173 
1043	 0.565371410187141 
1044	 0.565683946893145 
1045	 0.566045349125107 
1046	 0.56642846207054 
1047	 0.566755096261135 
1048	 0.567076996212127 
1049	 0.567525407729236 
1050	 0.567952423644992 
1051	 0.56824263700587 
1052	 0.568575484644856 
1053	 0.568863865105307 
1054	 0.56896313742591 
1055	 0.569065083959626 
1056	 0.569017993992979 
1057	 0.569120473511778 
1058	 0.569266700311225 
1059	 0.5694837765802 
1060	 0.569798370489199 
1061	 0.570157279513344 
1062	 0.570458489112294 
1063	 0.570522156756698 
1064	 0.570581592923172 
1065	 0.57058247358605 
1066	 0.57066663486299 
1067	 0.570672410438626 
1068	 0.570393694203569 
1069	 0.570462158084702 
1070	 0.570472084528759 
1071	 0.570398540704106 
1072	 0.570420658039192 
1073	 0.570621755071454 
1074	 0.570625976543669 
1075	 0.570561443728102 
1076	 0.570569241144498 
1077	 0.570434181757709 
1078	 0.570273583595284 
1079	 0.570131629260827 
1080	 0.570091977072343 
1081	 0.570020098033705 
1082	 0.570004684611385 
1083	 0.569936849032113 
1084	 0.569781827213468 
1085	 0.569683668391911 
1086	 0.569580011954112 
1087	 0.569509966494539 
1088	 0.569462372918933 
1089	 0.569417391147008 
1090	 0.569378977089749 
1091	 0.569335398261968 
1092	 0.569175910010033 
1093	 0.569065605158551 
1094	 0.568950261314334 
1095	 0.568862975278913 
1096	 0.568888360992228 
1097	 0.569100108119665 
1098	 0.569137609424162 
1099	 0.569247865998985 
1100	 0.569198949321862 
1101	 0.568943759869441 
1102	 0.568832054374305 
1103	 0.568712700911649 
1104	 0.568601874238175 
1105	 0.568508384194624 
1106	 0.568514641171326 
1107	 0.5686573932949 
1108	 0.568643068666184 
1109	 0.568792181179887 
1110	 0.568859364360454 
1111	 0.568920133505631 
1112	 0.568804675051786 
1113	 0.568914618405608 
1114	 0.56914377643668 
1115	 0.569372250293654 
1116	 0.569916443384948 
1117	 0.570028383423541 
1118	 0.569767042733145 
1119	 0.569743454977989 
1120	 0.569450094211821 
1121	 0.569342436805389 
1122	 0.569783595612848 
1123	 0.569800528285329 
1124	 0.569608985143042 
1125	 0.569202057952882 
1126	 0.568702569182351 
1127	 0.568043225011468 
1128	 0.567072471443177 
1129	 0.565956597270632 
1130	 0.564744913718508 
1131	 0.563344081023511 
1132	 0.561856464559893 
1133	 0.56041447690099 
1134	 0.558904094174301 
1135	 0.557095605991163 
1136	 0.555583749519725 
1137	 0.554246921079752 
1138	 0.552889243522423 
1139	 0.551719417894365 
1140	 0.550392825386876 
1141	 0.548947247868226 
1142	 0.547562841721552 
1143	 0.545721974917007 
1144	 0.543491797495697 
1145	 0.541573966876548 
1146	 0.539522083036981 
1147	 0.537617374696539 
1148	 0.536083664345189 
1149	 0.534209905740553 
1150	 0.532203179641511 
1151	 0.53022594437437 
1152	 0.528152680121291 
1153	 0.526251563046704 
1154	 0.52439941717202 
1155	 0.522696217837826 
1156	 0.521206679501445 
1157	 0.519761257500012 
1158	 0.518588097022643 
1159	 0.517674205146689 
1160	 0.516694539643059 
1161	 0.515651771293233 
1162	 0.515072615475233 
1163	 0.514734416854452 
1164	 0.514244472206672 
1165	 0.513991173302468 
1166	 0.513551790653386 
1167	 0.512753038285604 
1168	 0.512301334729264 
1169	 0.512128666796761 
1170	 0.5117897025755 
1171	 0.511460455991156 
1172	 0.511119522446991 
1173	 0.510666487514465 
1174	 0.510269484411462 
1175	 0.510003774716611 
1176	 0.509848720874361 
1177	 0.509689255801266 
1178	 0.509669573293047 
1179	 0.509452913269565 
1180	 0.50913300145539 
1181	 0.508898547805297 
1182	 0.508571439093598 
1183	 0.508337301252352 
1184	 0.508235580767561 
1185	 0.508052420121092 
1186	 0.507763715683408 
1187	 0.507608187016733 
1188	 0.507548241075689 
1189	 0.507476797692937 
1190	 0.507532349305756 
1191	 0.507546492861205 
1192	 0.507358831739138 
1193	 0.507228454389723 
1194	 0.50718303007911 
1195	 0.507081378600254 
1196	 0.507069031120695 
1197	 0.507268405923385 
1198	 0.50734128037197 
1199	 0.507319875258871 
1200	 0.507428908213457 
1201	 0.507584550766251 
1202	 0.507670409190732 
1203	 0.507840660196809 
1204	 0.507943658291175 
1205	 0.507891883566034 
1206	 0.508025369434412 
1207	 0.508242680900912 
1208	 0.508410224411389 
1209	 0.508589552925843 
1210	 0.50889009401315 
1211	 0.509272895016268 
1212	 0.509606455756861 
1213	 0.510103077613904 
1214	 0.510497197061294 
1215	 0.510797231361385 
1216	 0.510915114220744 
1217	 0.511242455948711 
1218	 0.511625903183715 
1219	 0.511993177264411 
1220	 0.512500150256636 
1221	 0.512812023296897 
1222	 0.512886303074323 
1223	 0.513184887886162 
1224	 0.51346212946815 
1225	 0.51389942174103 
1226	 0.51453416273529 
1227	 0.515092765281765 
1228	 0.515492485303344 
1229	 0.515780257551075 
1230	 0.516092870383579 
1231	 0.516439887810733 
1232	 0.516749766575666 
1233	 0.517174509887976 
1234	 0.517557566957248 
1235	 0.51786305325942 
1236	 0.518197835013692 
1237	 0.518530551213914 
1238	 0.518871109782952 
1239	 0.519240106857385 
1240	 0.519595209726128 
1241	 0.519956785515589 
1242	 0.520284859734785 
1243	 0.520610567602043 
1244	 0.520934238143361 
1245	 0.520986659526006 
1246	 0.521147904130686 
1247	 0.521591310747335 
1248	 0.521952691149306 
1249	 0.522394333058859 
1250	 0.522975452084823 
1251	 0.523377320386684 
1252	 0.523534948814869 
1253	 0.52379337308898 
1254	 0.524239709737048 
1255	 0.524642406959786 
1256	 0.52492839478818 
1257	 0.525244634417065 
1258	 0.525597434135136 
1259	 0.525915591938809 
1260	 0.526198605480666 
1261	 0.526500937713175 
1262	 0.526872093128213 
1263	 0.527050439869455 
1264	 0.527183097498715 
1265	 0.527550522286367 
1266	 0.527816837855241 
1267	 0.527933886455993 
1268	 0.528091925416851 
1269	 0.528202725134846 
1270	 0.528175041985899 
1271	 0.528104126926629 
1272	 0.528006854229742 
1273	 0.527811002267241 
1274	 0.527828722585821 
1275	 0.527980864754634 
1276	 0.527954378634938 
1277	 0.527778786256744 
1278	 0.527414381889118 
1279	 0.527064228946965 
1280	 0.526801239850143 
1281	 0.526632949324793 
1282	 0.526409087022746 
1283	 0.526240170354222 
1284	 0.52601583726555 
1285	 0.525531440209939 
1286	 0.525040445891663 
1287	 0.524537159752048 
1288	 0.524009147572549 
1289	 0.523767937062535 
1290	 0.523687236726922 
1291	 0.523328651244031 
1292	 0.522833448906529 
1293	 0.52237897683041 
1294	 0.52186484185367 
1295	 0.521435837848993 
1296	 0.520931190829206 
1297	 0.520158444495965 
1298	 0.519447093276182 
1299	 0.518914108605617 
1300	 0.518366933926527 
1301	 0.517829961940377 
1302	 0.517089342229805 
1303	 0.516270535643608 
1304	 0.515198437830834 
1305	 0.514346026610578 
1306	 0.51350931933018 
1307	 0.512827959028552 
1308	 0.512076900504695 
1309	 0.51101997890627 
1310	 0.509825772297927 
1311	 0.508533385771382 
1312	 0.507438765671629 
1313	 0.506473808391424 
1314	 0.505392380588791 
1315	 0.504235194002032 
1316	 0.502882825830454 
1317	 0.501417999285507 
1318	 0.50012815591569 
1319	 0.498814480181493 
1320	 0.497234186477024 
1321	 0.495818070622186 
1322	 0.494528341580547 
1323	 0.493019952488153 
1324	 0.491562435713431 
1325	 0.490140501367524 
1326	 0.488508770016849 
1327	 0.486946722677718 
1328	 0.485773594696579 
1329	 0.484480989165689 
1330	 0.48285366977668 
1331	 0.481073013089894 
1332	 0.479341501755943 
1333	 0.477470251089635 
1334	 0.475630113099974 
1335	 0.474290595348583 
1336	 0.47290879267549 
1337	 0.471179452749385 
1338	 0.469560989005203 
1339	 0.468138384032456 
1340	 0.467055730531544 
1341	 0.466209509241405 
1342	 0.465481256408808 
1343	 0.464752448352229 
1344	 0.463598000784594 
1345	 0.462653890713198 
1346	 0.462177847858613 
1347	 0.461485481723093 
1348	 0.460886415707492 
1349	 0.460270772108945 
1350	 0.458872974830937 
1351	 0.457734951871837 
1352	 0.457713467107096 
1353	 0.45684314611584 
1354	 0.455093172067876 
1355	 0.454261399415594 
1356	 0.453004744149543 
1357	 0.452603370743684 
1358	 0.454128047913381 
1359	 0.453440137482391 
1360	 0.447319551674225 
1361	 0.437981416937119 
1362	 0.431359449315839 
1363	 0.426321161738546 
1364	 0.438408464289172 
1365	 0.437876619101561 
1366	 0.405529267733085 
1367	 0.390379937020445 
1368	 0.375883546509854 
1369	 0.387727816957485 
1370	 0.440641077425853 
1371	 0.451480222649382 
1372	 0.434949357198224 
1373	 0.417908025421372 
1374	 0.335106567129916 
1375	 0.33972877206994 
1376	 0.431318965322028 
1377	 0.424473480611731 
1378	 0.477129701375181 
1379	 0.485196895203767 
1380	 0.369984507964281 
1381	 0.359997174220771 
1382	 0.390150641981058 
1383	 0.345420070630656 
1384	 0.321494903958877 
1385	 0.319137053246392 
1386	 0.318274634757488 
1387	 0.313957620821406 
1388	 0.337342462000977 
1389	 0.33990761702142 
1390	 0.32877660414996 
1391	 0.268377709186993 
1392	 0.263906710861817 
1393	 0.263099310105036 
1394	 0.227693791956822 
1395	 0.239291943375313 
1396	 0.260383324779852 
1397	 0.251412766086052 
1398	 0.245800536266691 
1399	 0.237259408474219 
1400	 0.214385160897258 
1401	 0.199867567507169 
1402	 0.208403525237523 
1403	 0.216319024791284 
1404	 0.209408540795542 
1405	 0.204197986028174 
1406	 0.202084291865876 
1407	 0.199059770356795 
1408	 0.208202200106088 
1409	 0.213423739689647 
1410	 0.200090477302806 
1411	 0.188528378354076 
1412	 0.182405116324746 
1413	 0.174705871613049 
1414	 0.17074070076647 
1415	 0.170737099057039 
1416	 0.16871469414172 
1417	 0.165688412530891 
1418	 0.165649364070588 
1419	 0.167097592304614 
1420	 0.166290582029032 
1421	 0.164622134809248 
1422	 0.163739758538673 
1423	 0.162440779365133 
1424	 0.160109368997323 
1425	 0.157259113079207 
1426	 0.156260987601522 
1427	 0.156047549129413 
1428	 0.15602290825459 
1429	 0.156177158824605 
1430	 0.156921156728102 
1431	 0.155237565592334 
1432	 0.152576590334142 
1433	 0.151418177215594 
1434	 0.150526908850859 
1435	 0.150423590783451 
1436	 0.151629413706432 
1437	 0.151397837188851 
1438	 0.150265894926742 
1439	 0.150349218426554 
1440	 0.149662947402761 
1441	 0.148440483455608 
1442	 0.148889080672082 
1443	 0.149427813358493 
1444	 0.1488018876311 
1445	 0.148385406907954 
1446	 0.148298820748827 
1447	 0.148059537713682 
1448	 0.147593014622678 
1449	 0.147200603514704 
1450	 0.147328068882887 
1451	 0.146945676218381 
1452	 0.14682827999144 
1453	 0.147474775554618 
1454	 0.147113553093392 
1455	 0.146878187404938 
1456	 0.147325891675774 
1457	 0.1473508815828 
1458	 0.147906048092806 
1459	 0.148303571475656 
1460	 0.147605823894881 
1461	 0.147695603052117 
1462	 0.148346251304483 
1463	 0.148428259545153 
1464	 0.149240574430251 
1465	 0.150499403474209 
1466	 0.150902684278023 
1467	 0.151299949488025 
1468	 0.152116382202653 
1469	 0.152648892407113 
1470	 0.153410146657174 
1471	 0.154287554753332 
1472	 0.15568887051125 
1473	 0.157032205895023 
1474	 0.158194669708854 
1475	 0.159202776235587 
1476	 0.160306902771053 
1477	 0.161432280070704 
1478	 0.162676135063906 
1479	 0.163956751554967 
1480	 0.165107584256956 
1481	 0.166248311204917 
1482	 0.16724174752701 
1483	 0.168550072705793 
1484	 0.170118718415125 
1485	 0.171371013892262 
1486	 0.172544621973036 
1487	 0.173866735506106 
1488	 0.175217515475121 
1489	 0.176616220522065 
1490	 0.177951559355073 
1491	 0.179047898980974 
1492	 0.180224770057197 
1493	 0.181606741697879 
1494	 0.183039514737702 
1495	 0.184485263550035 
1496	 0.185546368175217 
1497	 0.186445269544597 
1498	 0.187776617240438 
1499	 0.189086386200325 
1500	 0.190314790116161 
1501	 0.191757393498562 
1502	 0.193049945423701 
1503	 0.194288589126751 
1504	 0.195836829876646 
1505	 0.197386678677315 
1506	 0.198679275098892 
1507	 0.200039454936003 
1508	 0.201587031331114 
1509	 0.203089505507836 
1510	 0.204548056640785 
1511	 0.206105158473778 
1512	 0.207416025459496 
1513	 0.208568460157594 
1514	 0.210128626985743 
1515	 0.211662409599549 
1516	 0.213095738779143 
1517	 0.214731795893668 
1518	 0.216173022525406 
1519	 0.217579655371249 
1520	 0.219163202886805 
1521	 0.220583405264829 
1522	 0.221951659069478 
1523	 0.223411096926198 
1524	 0.224882206794736 
1525	 0.226439494885912 
1526	 0.228008787214092 
1527	 0.229389053243211 
1528	 0.230671709202197 
1529	 0.232128842380445 
1530	 0.233601243097129 
1531	 0.234913004839053 
1532	 0.23614686283951 
1533	 0.237556473597118 
1534	 0.238890651507536 
1535	 0.240187029707468 
1536	 0.241640271098522 
1537	 0.24305723585285 
1538	 0.244332128953106 
1539	 0.245749924094044 
1540	 0.247185123414174 
1541	 0.248626697065234 
1542	 0.250048676865807 
1543	 0.251292283395331 
1544	 0.252564794419158 
1545	 0.253960232299333 
1546	 0.255338507302179 
1547	 0.256634955051809 
1548	 0.25798677339809 
1549	 0.259415390366907 
1550	 0.26056738279481 
1551	 0.261694008182403 
1552	 0.263180310754677 
1553	 0.264462573308278 
1554	 0.26555076817773 
1555	 0.266875442186173 
1556	 0.267962350318461 
1557	 0.268976492074798 
1558	 0.270257426227778 
1559	 0.271368425068637 
1560	 0.27246635222579 
1561	 0.273613881456608 
1562	 0.27469771123861 
1563	 0.276038530677226 
1564	 0.277377548441364 
1565	 0.278462445250882 
1566	 0.279561261610842 
1567	 0.280579645352212 
1568	 0.281502055519913 
1569	 0.282716802271546 
1570	 0.28408694201685 
1571	 0.285135671069989 
1572	 0.286065106467409 
1573	 0.287072281554888 
1574	 0.288044529076463 
1575	 0.289300273419626 
1576	 0.290569424384778 
1577	 0.291447601639042 
1578	 0.2923658517688 
1579	 0.293386291806688 
1580	 0.294405615066245 
1581	 0.295648747608402 
1582	 0.296921379997616 
1583	 0.297831479350091 
1584	 0.298493079582072 
1585	 0.299254959355573 
1586	 0.300090265762091 
1587	 0.300921969367159 
1588	 0.301921416957715 
1589	 0.303085104357684 
1590	 0.304171732750409 
1591	 0.305045752294653 
1592	 0.305879329730662 
1593	 0.306689424625338 
1594	 0.307438920701292 
1595	 0.308290587828731 
1596	 0.309363588398824 
1597	 0.31031606747244 
1598	 0.310831216332032 
1599	 0.31155287784276 
1600	 0.312508779201369 
1601	 0.313305764612763 
1602	 0.314461205962755 
1603	 0.315651125915628 
1604	 0.316327470648896 
1605	 0.316964833777407 
1606	 0.317719325078771 
1607	 0.31851760287243 
1608	 0.319375678387121 
1609	 0.320311541921227 
1610	 0.321281205509907 
1611	 0.321958338305606 
1612	 0.322485704548083 
1613	 0.323142679372444 
1614	 0.323762787276507 
1615	 0.324405485089427 
1616	 0.325230214094698 
1617	 0.325937930706807 
1618	 0.326459776435858 
1619	 0.327137029958141 
1620	 0.327763283965869 
1621	 0.3283386982523 
1622	 0.32912951113485 
1623	 0.329718144581484 
1624	 0.330202514251962 
1625	 0.330807003466122 
1626	 0.331249722055112 
1627	 0.331628917706643 
1628	 0.332087960750362 
1629	 0.332648986337496 
1630	 0.333251304771316 
1631	 0.333771275872204 
1632	 0.334347296108361 
1633	 0.334936425242586 
1634	 0.335579775138983 
1635	 0.336376248802971 
1636	 0.336794571361263 
1637	 0.337189607740684 
1638	 0.337736844796962 
1639	 0.337921348540858 
1640	 0.338567887763701 
1641	 0.339349665280768 
1642	 0.339525350496235 
1643	 0.339920503816038 
1644	 0.340530318106657 
1645	 0.340784020619654 
1646	 0.341180631146818 
1647	 0.341826340819887 
1648	 0.341937325793538 
1649	 0.341955096251915 
1650	 0.342446261476827 
1651	 0.342736619872573 
1652	 0.342780196351036 
1653	 0.343113191023047 
1654	 0.343396166379328 
1655	 0.34348186172626 
1656	 0.343912336977943 
1657	 0.344318379665592 
1658	 0.344324014581705 
1659	 0.344437525216945 
1660	 0.344456236375945 
1661	 0.344381330019287 
1662	 0.344479502858191 
1663	 0.344475312314175 
1664	 0.344443992539039 
1665	 0.344471967715146 
1666	 0.344512936656819 
1667	 0.344657278334494 
1668	 0.344952159650787 
1669	 0.345063197149459 
1670	 0.344839417209319 
1671	 0.344503481001716 
1672	 0.344152675647511 
1673	 0.343988251829505 
1674	 0.344042908252789 
1675	 0.344056502593175 
1676	 0.3438502598991 
1677	 0.343663119168094 
1678	 0.343511253623593 
1679	 0.343084065588539 
1680	 0.342534246533692 
1681	 0.342177960101813 
1682	 0.341636837653049 
1683	 0.341072292893848 
1684	 0.341041409318238 
1685	 0.34074534133588 
1686	 0.340046490809867 
1687	 0.339632854333299 
1688	 0.339195235838112 
1689	 0.338530836282735 
1690	 0.338097119061709 
1691	 0.33796110571288 
1692	 0.33748385809762 
1693	 0.336997058829349 
1694	 0.33680055734361 
1695	 0.33629706700705 
1696	 0.335778001840879 
1697	 0.335184504834332 
1698	 0.334325269098786 
1699	 0.333752085347156 
1700	 0.333398681547186 
1701	 0.332936571607844 
1702	 0.332477391846765 
1703	 0.331994778211486 
1704	 0.331230365277193 
1705	 0.330671914476049 
1706	 0.330454739328821 
1707	 0.329963659771185 
1708	 0.329360917816732 
1709	 0.328773782209388 
1710	 0.327981116734447 
1711	 0.327247993600022 
1712	 0.326573923199699 
1713	 0.325870960762463 
1714	 0.325198866342102 
1715	 0.324617617128204 
1716	 0.324058544342386 
1717	 0.323473072822032 
1718	 0.32286597986957 
1719	 0.322296677991802 
1720	 0.321814749994291 
1721	 0.321225619510918 
1722	 0.320673512964752 
1723	 0.320063904342689 
1724	 0.319136897911486 
1725	 0.318567915528251 
1726	 0.318384372662722 
1727	 0.317819719064091 
1728	 0.317254698475443 
1729	 0.316700021249444 
1730	 0.315692592971676 
1731	 0.315135864245354 
1732	 0.315015767895996 
1733	 0.314495429872854 
1734	 0.313952661963197 
1735	 0.313499273065577 
1736	 0.312973401101163 
1737	 0.312365952941783 
1738	 0.311863729511031 
1739	 0.311153927889894 
1740	 0.309928664585044 
1741	 0.309326935311101 
1742	 0.309198952724758 
1743	 0.308611573010749 
1744	 0.308078171591896 
1745	 0.307617501543424 
1746	 0.306927295745801 
1747	 0.306220514299544 
1748	 0.305768196459899 
1749	 0.304976137963304 
1750	 0.303755419536816 
1751	 0.302739967855155 
1752	 0.302001989819189 
1753	 0.301171627172441 
1754	 0.300167408428782 
1755	 0.299567585807453 
1756	 0.299024199137694 
1757	 0.298547928700303 
1758	 0.298239288330819 
1759	 0.297589777667418 
1760	 0.296805564901993 
1761	 0.296125831381293 
1762	 0.295443534815912 
1763	 0.294538708196024 
1764	 0.293813922269732 
1765	 0.292834286609904 
1766	 0.291735959327478 
1767	 0.29136574897444 
1768	 0.290719885724702 
1769	 0.290272226474517 
1770	 0.290339951989214 
1771	 0.289668413836041 
1772	 0.289085661909104 
1773	 0.28802582167607 
1774	 0.287424836760567 
1775	 0.287266497566383 
1776	 0.287025705955695 
1777	 0.287146889522902 
1778	 0.287025718510894 
1779	 0.286833528015939 
1780	 0.286496673554247 
1781	 0.285773848311605 
1782	 0.285351578383845 
1783	 0.284908986685507 
1784	 0.284625037666571 
1785	 0.284691773831328 
1786	 0.28479226761358 
1787	 0.284929057199521 
1788	 0.285026914867164 
1789	 0.285559194593669 
1790	 0.285474062988073 
1791	 0.284700732711841 
1792	 0.284440226923281 
1793	 0.283852124617318 
1794	 0.283841963897671 
1795	 0.284745918390131 
1796	 0.285342000353665 
1797	 0.286315072867694 
1798	 0.286783754464316 
1799	 0.286904518184885 
1800	 0.287047617688019 
1801	 0.286485730482077 
1802	 0.286561108114564 
1803	 0.287084675627503 
1804	 0.28769102022098 
1805	 0.289225934045222 
1806	 0.289619208903782 
1807	 0.28932247829568 
1808	 0.288957904562088 
1809	 0.286368123259984 
1810	 0.286602876332568 
1811	 0.290818653371837 
1812	 0.293930728386517 
1813	 0.300282303570619 
1814	 0.304240156204004 
1815	 0.301160558598915 
1816	 0.297584256226998 
1817	 0.291322139864513 
1818	 0.297714972159056 
1819	 0.299203961211476 
1820	 0.305105696350649 
1821	 0.310224695210354 
1822	 0.300080310815658 
1823	 0.299339351387974 
1824	 0.313629396591757 
1825	 0.320748028495838 
1826	 0.332277938656194 
1827	 0.341409000653769 
1828	 0.33856922231848 
1829	 0.340464167753115 
1830	 0.348252473269877 
1831	 0.303634279554937 
1832	 0.342533964569797 
1833	 0.350378080146938 
1834	 0.439097084405605 
1835	 0.421557249968943 
1836	 5.1705047186959E-03 
1837	-0.151289120872828 
1838	-0.104490081919236 
1839	-0.115606275372016 
1840	 8.78576343176122E-03 
1841	 0.527045804760706 
1842	 1.03039850691072 
1843	 1.13882758261235 
1844	 1.34385172206674 
1845	 7.83560454112426 
1846	-29.8662175357588 
1847	-3.72379644629398E-02 
1848	 0.198585167046075 
1849	 0.44489894909128 
1850	 0.450230466423878 
1851	 0.479819753261104 
1852	 0.740694987586893 
1853	 0.800889870534925 
1854	 3.23565022211345 
1855	 1.90019194609693 
1856	-2.15507597079352E-02 
1857	 0.271492667674074 
1858	 0.467120052677306 
1859	-1.67778818590465 
1860	 0.407874344908385 
1861	 25.0772589769763 
1862	 10.5821119726681 
1863	 1.1878957110131 
1864	 0.813203920841698 
1865	-0.674766457651459 
1866	-1.17616538026625 
1867	-0.932260737966355 
1868	-7.43647283515447E-03 
1869	 0.70979719758497 
1870	 0.584978165626836 
1871	 0.693935087222823 
1872	 0.321740423406059 
1873	-2.43210733244593E-02 
1874	-7.56949141610186E-03 
1875	 0.143485518224712 
1876	 0.536470269717074 
1877	 0.166387754952285 
1878	 0.231021623497244 
1879	 0.856411567888692 
1880	 0.908169333064191 
1881	 0.650766787686666 
1882	 0.668271884113348 
1883	 0.603435548662519 
1884	 0.478407283127446 
1885	 0.392066509389583 
1886	 0.37445823462482 
1887	 0.045238514828492 
1888	-9.61429175771599E-02 
1889	-0.0697678578874 
1890	-7.97257441702697E-02 
1891	-3.42731490389404E-02 
1892	 0.196716139901281 
1893	 0.296735140032827 
1894	 0.389056332615046 
1895	 0.423343556639276 
1896	 0.345391058012677 
1897	 0.349420145079322 
1898	 0.554666920812057 
1899	 0.524674519687677 
1900	 0.379850973510844 
1901	 0.460810633711898 
1902	 0.538235636390602 
1903	 0.335324755918697 
1904	 0.40345638583054 
1905	 0.809954755585767 
1906	 1.00630989683072 
1907	 0.661373357985816 
1908	 0.178699956764517 
1909	 0.219224923935107 
1910	 0.200773189686515 
1911	 0.276163358162654 
1912	 0.365614923820045 
1913	 0.314018347914189 
1914	 7.67120773724072E-02 
1915	 7.03301391035211E-03 
1916	-4.62217008683655E-02 
1917	-3.71042439280619E-02 
1918	 4.12804451236872E-02 
1919	 0.051102645948655 
1920	 6.50830385704987E-02 
1921	 5.51145428707528E-02 
1922	-4.56785644385303E-03 
1923	-1.51318977865836E-02 
1924	-8.81941394859868E-03 
1925	 8.96072932299881E-03 
1926	 3.92312780338034E-02 
1927	 7.62513438657815E-02 
1928	 7.36779982644636E-02 
1929	 6.48252695140915E-02 
1930	 6.07688213955571E-02 
1931	 5.37546594525343E-02 
1932	 6.04810058428897E-02 
1933	 6.66598910084137E-02 
1934	 4.94400825475643E-02 
1935	 4.56580341312107E-02 
1936	 4.33917507020191E-02 
1937	 4.57326132513221E-02 
1938	 3.61977170720115E-02 
1939	 3.50131327154064E-02 
1940	 4.13971679680108E-02 
1941	 4.23415409901413E-02 
1942	 4.56829077587898E-02 
1943	 4.97039999771724E-02 
1944	 4.23567224225233E-02 
1945	 3.64653609286053E-02 
1946	 3.63288142911686E-02 
1947	 3.85855040964712E-02 
1948	 3.98057927997884E-02 
1949	 4.31883354086404E-02 
1950	 4.46914204800656E-02 
1951	 3.80084237741421E-02 
1952	 3.53349075327868E-02 
1953	 4.15942855982197E-02 
1954	 4.61566396471999E-02 
1955	 4.77633298331318E-02 
1956	 5.15426976111043E-02 
1957	 5.24139499902088E-02 
1958	 5.28164976309488E-02 
1959	 5.10006172924975E-02 
1960	 5.27400197125469E-02 
1961	 5.38625381880951E-02 
1962	 0.052915474058233 
1963	 5.11406929633198E-02 
1964	 5.00293510036121E-02 
1965	 5.02349881156692E-02 
1966	 5.17230811403668E-02 
1967	 5.29455557597129E-02 
1968	 5.33130524669141E-02 
1969	 0.053389156158177 
1970	 5.27772041210293E-02 
1971	 0.051334033607992 
1972	 5.16281140766413E-02 
1973	 5.32585062611714E-02 
1974	 5.34936426503185E-02 
1975	 5.32130764661528E-02 
1976	 5.37503255107522E-02 
1977	 0.053704526394459 
1978	 5.37571559620518E-02 
1979	 5.55360986457233E-02 
1980	 5.61991238680291E-02 
1981	 5.59186248325824E-02 
1982	 5.65746483390237E-02 
1983	 5.78606203768567E-02 
1984	 5.83986436272869E-02 
1985	 5.84657094450502E-02 
1986	 5.93507705451957E-02 
1987	 5.94033679755329E-02 
1988	 5.91153688188472E-02 
1989	 6.04412627583572E-02 
1990	 6.15476535179576E-02 
1991	 6.18085468102443E-02 
1992	 6.27740130327444E-02 
1993	 6.32189674643345E-02 
1994	 6.25547474257779E-02 
1995	 6.26526844785629E-02 
1996	 6.29801107634864E-02 
1997	 6.36170679637092E-02 
1998	 6.49116851769664E-02 
1999	 6.61801916666882E-02 
2000	 6.54997503560935E-02 
2001	 6.57212647168649E-02 
2002	 6.71800877134095E-02 
2003	 6.76365526232206E-02 
2004	 6.91063481356005E-02 
2005	 7.06150808147378E-02 
2006	 7.22734804075721E-02 
2007	 7.24976254638568E-02 
2008	 7.36090258770025E-02 
2009	 7.62520287025037E-02 
2010	 0.077624259985738 
2011	 7.81309620947448E-02 
2012	 7.97616753989096E-02 
2013	 8.17279784754152E-02 
2014	 8.29629121383041E-02 
2015	 8.32094513280216E-02 
2016	 0.083141189429339 
2017	 8.28515004166869E-02 
2018	 8.27498166717746E-02 
2019	 8.30705998144926E-02 
2020	 8.34630354046725E-02 
2021	 8.35706643003409E-02 
2022	 8.34915551177578E-02 
2023	 8.46194077443439E-02 
2024	 8.52287857833141E-02 
2025	 0.085369895774061 
2026	 8.59059616269855E-02 
2027	 8.63400609971275E-02 
2028	 8.64335185843074E-02 
2029	 8.66330737225209E-02 
2030	 8.68549553834457E-02 
2031	 8.69013406495667E-02 
2032	 8.74830159533193E-02 
2033	 8.86130926394105E-02 
2034	 8.94210601348775E-02 
2035	 9.04751773766763E-02 
2036	 9.12436030914529E-02 
2037	 9.19455348463598E-02 
2038	 9.23219285470954E-02 
2039	 9.20645621229038E-02 
2040	 9.19238366316238E-02 
2041	 9.21912809746972E-02 
2042	 9.24889863813884E-02 
2043	 9.36006405395969E-02 
2044	 0.094907308838596 
2045	 0.095611530057583 
2046	 0.095797072346859 
2047	 9.61127226952457E-02 
2048	 0.096020221671715 
2049	 9.64433943908218E-02 
2050	 9.72555609988129E-02 
2051	 9.76881375417988E-02 
2052	 9.79829858770104E-02 
2053	 9.88110086589335E-02 
2054	 9.96648379196843E-02 
2055	 9.99238848128908E-02 
2056	 0.100407250107182 
2057	 0.101836843724748 
2058	 0.102784702255731 
2059	 0.103243295632456 
2060	 0.10391572004078 
2061	 0.104431693171664 
2062	 0.105050876859398 
2063	 0.105946440438249 
2064	 0.106571374286891 
2065	 0.107275613062192 
2066	 0.107649133883085 
2067	 0.107819089497498 
2068	 0.108643916549865 
2069	 0.109725657122304 
2070	 0.110677863016953 
2071	 0.11121933325814 
2072	 0.111298337207543 
2073	 0.111783544213983 
2074	 0.112429964838749 
2075	 0.113042263958726 
2076	 0.114043755599775 
2077	 0.114621973005071 
2078	 0.114982232485144 
2079	 0.115373053271772 
2080	 0.115736762524374 
2081	 0.11575429430467 
2082	 0.116251132416712 
2083	 0.116527164850227 
2084	 0.116335519998463 
2085	 0.116695258835084 
2086	 0.117086241649317 
2087	 0.117208520612489 
2088	 0.11797041725759 
2089	 0.11927177975733 
2090	 0.120170017272821 
2091	 0.121097526017724 
2092	 0.12168710562292 
2093	 0.122088501644588 
2094	 0.122396494566471 
2095	 0.122110434046427 
2096	 0.122497000075364 
2097	 0.123290208055607 
2098	 0.123853249172337 
2099	 0.124275033706896 
2100	 0.125225277376142 
2101	 0.125926643146504 
2102	 0.126520671099962 
2103	 0.127291532212473 
2104	 0.127636217672839 
2105	 0.127906865473616 
2106	 0.128215599564145 
2107	 0.128562954229278 
2108	 0.128775845317341 
2109	 0.129511633375905 
2110	 0.130736736199492 
2111	 0.131575243129611 
2112	 0.132654141869576 
2113	 0.133320041125813 
2114	 0.133217632221809 
2115	 0.133966362976705 
2116	 0.135453395722343 
2117	 0.136546298376429 
2118	 0.13684787973911 
2119	 0.136636677710358 
2120	 0.136469638881418 
2121	 0.13631237604953 
2122	 0.137044196803133 
2123	 0.138533410540822 
2124	 0.139247541300689 
2125	 0.138939801575935 
2126	 0.139422128984363 
2127	 0.140313597366107 
2128	 0.140935580732565 
2129	 0.141787628709769 
2130	 0.142499358720826 
2131	 0.143188202744899 
2132	 0.143447032163415 
2133	 0.143172880775254 
2134	 0.143298279772233 
2135	 0.143441535157694 
2136	 0.143482236650013 
2137	 0.144068463203271 
2138	 0.144130462968195 
2139	 0.144039959372986 
2140	 0.144822212601304 
2141	 0.145523888925928 
2142	 0.146160644463168 
2143	 0.146609406047029 
2144	 0.146818592826054 
2145	 0.147259153762163 
2146	 0.147695551311708 
2147	 0.148009893450724 
2148	 0.148595947167223 
2149	 0.148885242986594 
2150	 0.148443071963207 
2151	 0.148758469720968 
2152	 0.149557209267356 
2153	 0.149972124471517 
2154	 0.150714357654107 
2155	 0.151842337837355 
2156	 0.15225313347212 
2157	 0.152410312652498 
2158	 0.152718404500574 
2159	 0.152614259532096 
2160	 0.152073181477065 
2161	 0.15230013356651 
2162	 0.152978546827614 
2163	 0.153130988705661 
2164	 0.153604080534012 
2165	 0.154859056182242 
2166	 0.155393298493993 
2167	 0.155214030757027 
2168	 0.155601505863996 
2169	 0.156546765146275 
2170	 0.156601422098675 
2171	 0.155810893103584 
2172	 0.15617870918933 
2173	 0.157188655716971 
2174	 0.156826849635695 
2175	 0.157015562307113 
2176	 0.158080379862578 
2177	 0.158320121063148 
2178	 0.158779797762918 
2179	 0.159452104858553 
2180	 0.159656493371618 
2181	 0.159365549676625 
2182	 0.15873482406976 
2183	 0.159397464690322 
2184	 0.161199882131347 
2185	 0.161786480930405 
2186	 0.162111095375286 
2187	 0.162440110730919 
2188	 0.161953735388938 
2189	 0.161873293459895 
2190	 0.16245424594979 
2191	 0.163003585704336 
2192	 0.163042516688285 
2193	 0.163538280333547 
2194	 0.164807507498532 
2195	 0.165118993714464 
2196	 0.164955054647592 
2197	 0.16551486315864 
2198	 0.164946848698029 
2199	 0.16438506317131 
2200	 0.165395035346272 
2201	 0.166546485832236 
2202	 0.166915826738859 
2203	 0.167599118294867 
2204	 0.168180874280159 
2205	 0.167585057569796 
2206	 0.16696937463559 
2207	 0.167161155425799 
2208	 0.166997839473272 
2209	 0.166520111023055 
2210	 0.166684463186874 
2211	 0.167981980422742 
2212	 0.167980831334835 
2213	 0.167507032221664 
2214	 0.167298568933123 
2215	 0.166548913585821 
2216	 0.166563064599098 
2217	 0.166772605805417 
2218	 0.167093235592283 
2219	 0.168221752567253 
2220	 0.168362708931745 
2221	 0.168018949117673 
2222	 0.168349823897492 
2223	 0.167514885643872 
2224	 0.166845674716546 
2225	 0.166427167825209 
2226	 0.166028351879431 
2227	 0.167288276242722 
2228	 0.16870573727636 
2229	 0.1680926698511 
2230	 0.167767469887493 
2231	 0.168236401146168 
2232	 0.167005577359173 
2233	 0.166150186244698 
2234	 0.166748613203586 
2235	 0.166875263921995 
2236	 0.166634712478728 
2237	 0.165320390513331 
2238	 0.163239258226318 
2239	 0.162652827957396 
2240	 0.161259027693276 
2241	 0.160519175371406 
2242	 0.162226764246057 
2243	 0.16213195487933 
2244	 0.160246098943379 
2245	 0.159661064542872 
2246	 0.160492056086599 
2247	 0.159629641406188 
2248	 0.156855525264969 
2249	 0.156233909827705 
2250	 0.156287347866537 
2251	 0.155507390849432 
2252	 0.155103990940103 
2253	 0.15547102196747 
2254	 0.154175262490188 
2255	 0.153060900974487 
2256	 0.152487564294621 
2257	 0.150776025187292 
2258	 0.149297521897247 
2259	 0.1483661487216 
2260	 0.149157988014233 
2261	 0.150456407837948 
2262	 0.148792687330988 
2263	 0.146622338211593 
2264	 0.146663042858198 
2265	 0.146921960147535 
2266	 0.146835855609551 
2267	 0.148453129229809 
2268	 0.148467360863407 
2269	 0.144821582292645 
2270	 0.14229901849946 
2271	 0.141860898378543 
2272	 0.140637041953368 
2273	 0.138148911948376 
2274	 0.137316741705825 
2275	 0.137835286400014 
2276	 0.137437669267094 
2277	 0.137568309156085 
2278	 0.13779450829708 
2279	 0.137599274331846 
2280	 0.137458270771675 
2281	 0.137495455711887 
2282	 0.137389255916807 
2283	 0.137782992717299 
2284	 0.137469793065796 
2285	 0.13615951595996 
2286	 0.134780441419391 
2287	 0.132402359694731 
2288	 0.132233199077437 
2289	 0.131768634963179 
2290	 0.129725594094021 
2291	 0.129842746972886 
2292	 0.131620791112604 
2293	 0.129899269155769 
2294	 0.130020737828969 
2295	 0.132639120710315 
2296	 0.128897778112893 
2297	 0.124837063591653 
2298	 0.126764894537313 
2299	 0.127347020159156 
2300	 0.125501391077893 
2301	 0.12623629515529 
2302	 0.127554805489473 
2303	 0.126018264484997 
2304	 0.125804521215729 
2305	 0.128029829691597 
2306	 0.126762464470341 
2307	 0.12256523389227 
2308	 0.11996522001149 
2309	 0.119006440372581 
2310	 0.118948167214605 
2311	 0.120058825253666 
2312	 0.121906959855927 
2313	 0.12245286705303 
2314	 0.119773672628065 
2315	 0.116082972029928 
2316	 0.113273878024056 
2317	 0.113666914258182 
2318	 0.114807917187047 
2319	 0.114929343483657 
2320	 0.1195202180528 
2321	 0.119609984138873 
2322	 0.112336974263134 
2323	 0.111352725586559 
2324	 0.112967193386353 
2325	 0.112765390722973 
2326	 0.115925427744493 
2327	 0.116324769879142 
2328	 0.113720156505693 
2329	 0.112186439945389 
2330	 0.10906231208335 
2331	 0.108261997749071 
2332	 0.109466266662091 
2333	 0.109296657184125 
2334	 0.110204237811895 
2335	 0.110675075902903 
2336	 0.10838442423522 
2337	 0.109474402698187 
2338	 0.116536724856596 
2339	 0.115699662300775 
2340	 0.111851150776333 
2341	 0.107294777233125 
2342	 0.102102187835712 
2343	 9.75079973103865E-02 
2344	 0.100120457565353 
2345	 0.10570954738382 
2346	 0.10572202762567 
2347	 0.102653874656345 
2348	 0.100220397290343 
2349	 0.102119605906599 
2350	 0.104454909229023 
2351	 0.102653024643571 
2352	 0.101367578331683 
2353	 9.88391550006534E-02 
2354	 9.83290698060349E-02 
2355	 0.101265029212427 
2356	 0.101755330220253 
2357	 0.101254983850522 
2358	 9.74720315798034E-02 
2359	 9.70817565907732E-02 
2360	 0.102037858704927 
2361	 0.101180996820522 
2362	 9.92860576683504E-02 
2363	 0.100391612237422 
2364	 0.101607480451512 
2365	 0.101802267680217 
2366	 9.99904810341469E-02 
2367	 9.62042393479959E-02 
2368	 9.48260414685582E-02 
2369	 9.91235411697455E-02 
2370	 0.100307844801753 
2371	 9.60264037211789E-02 
2372	 9.70165655589379E-02 
2373	 9.73879539834241E-02 
2374	 9.49484507495552E-02 
2375	 0.101881726813558 
2376	 0.102124792123831 
2377	 9.09196053581702E-02 
2378	 9.10412106327726E-02 
2379	 9.83540380219126E-02 
2380	 9.51485722087048E-02 
2381	 9.03036972907233E-02 
2382	 9.13872544570225E-02 
2383	 9.13426493261259E-02 
2384	 9.48171074516244E-02 
2385	 9.98501483718372E-02 
2386	 9.55303620683463E-02 
2387	 8.51675245588557E-02 
2388	 0.079126282305091 
2389	 8.06326435275565E-02 
2390	 8.23588279995145E-02 
2391	 8.40295804346675E-02 
2392	 8.72725013094936E-02 
2393	 8.33288590903402E-02 
2394	 8.39753394520069E-02 
2395	 9.13907442602194E-02 
2396	 8.35004938713992E-02 
2397	 7.91806193302544E-02 
2398	 8.50029434550799E-02 
2399	 8.03315525996563E-02 
2400	 7.58809556184345E-02 
2401	 7.27201414947384E-02 
2402	 6.96143777556093E-02 
2403	 6.96912237884084E-02 
2404	 7.06735383583082E-02 
2405	 6.92967130884129E-02 
2406	 6.37064673121861E-02 
2407	 6.00077707305817E-02 
2408	 5.65436230150203E-02 
2409	 6.51703567545993E-02 
2410	 7.86095522656893E-02 
2411	 8.19442654237901E-02 
2412	 8.90836616388891E-02 
2413	 9.26920651588326E-02 
2414	 8.38668756144326E-02 
2415	 7.52591178511161E-02 
2416	 6.92265771371552E-02 
2417	 6.60064070377241E-02 
2418	 6.98828852613455E-02 
2419	 6.34985963158415E-02 
2420	 5.62519672356624E-02 
2421	 6.45145557840873E-02 
2422	 6.12761270214704E-02 
2423	 6.02175956719865E-02 
2424	 7.57696072200068E-02 
2425	 7.20475822112568E-02 
2426	 6.34000195012952E-02 
2427	 7.25927806162591E-02 
2428	 7.08926602564592E-02 
2429	 0.063970529942436 
2430	 6.43820099880188E-02 
2431	 5.87971565710927E-02 
2432	 5.85355048985881E-02 
2433	 6.66728181501402E-02 
2434	 6.89844102994105E-02 
2435	 7.13263865488327E-02 
2436	 6.56881862847094E-02 
2437	 5.46875984262052E-02 
2438	 6.31451931978533E-02 
2439	 0.060846032324064 
2440	 0.045871203194751 
2441	 4.80951410010847E-02 
2442	 3.82080140920838E-02 
2443	 3.24540684286858E-02 
2444	 5.44648263181641E-02 
2445	 6.84468199039018E-02 
2446	 7.82416397830525E-02 
2447	 7.02448008166432E-02 
2448	 3.47269299207981E-02 
2449	 2.64655180494327E-02 
2450	 4.94862380444337E-02 
2451	 6.86938788914149E-02 
2452	 8.09816876538859E-02 
2453	 0.081473860398351 
2454	 4.91300806109788E-02 
2455	 0.043425219907732 
2456	 7.94984811500432E-02 
2457	 8.65028654928479E-02 
2458	 6.70496947019696E-02 
2459	 5.78022860731557E-02 
2460	 6.67381706222439E-02 
2461	 6.62188036265945E-02 
2462	 7.15096064460505E-02 
2463	 7.36060723898793E-02 
2464	 3.61817108485149E-02 
2465	 1.50805813674826E-02 
2466	 2.15240372054904E-02 
2467	 4.16224549633598E-02 
2468	 0.051641052856964 
2469	 4.77275104820261E-02 
2470	 4.04975633600984E-02 
2471	 2.48244722470172E-02 
2472	-0.011015204984923 
2473	-1.02339549928391E-02 
2474	-4.5837438687287E-03 
2475	-9.11621334281201E-03 
2476	 5.54908047415159E-03 
2477	 1.39812681042029E-02 
2478	 0.029670648410452 
2479	-1.85458132180344E-03 
2480	-1.81762581671789E-02 
2481	-1.44600440504136E-02 
2482	-7.0253772527816E-03 
2483	 2.93196809682252E-02 
2484	 0.10796125494965 
2485	 0.11645792813988 
2486	-2.13453760173028E-02 
2487	-8.41135290614531E-02 
2488	-8.90735833405022E-02 
2489	-9.94774978336828E-02 
2490	 4.86888250694858E-02 
2491	 0.116645583350962 
2492	 0.167708213707745 
2493	 0.209805744114665 
2494	 9.58300194300592E-02 
2495	 0.213575371816346 
2496	 0.288878379271912 
2497	-8.17101777191121E-02 
2498	-0.318652582910952 
2499	-0.190244294424886 
2500	-0.206775858418134 
