Wavelength	09/27/123 at 12:34:10
350	 2.47538811302901E-02 
351	 2.44605312086539E-02 
352	 2.45529958900466E-02 
353	 2.47750669863698E-02 
354	 2.46917797167619E-02 
355	 0.024959604733792 
356	 2.49319439500452E-02 
357	 2.44564702426414E-02 
358	 2.46617611616362E-02 
359	 2.48760645330834E-02 
360	 2.47702475152967E-02 
361	 2.42714945651303E-02 
362	 2.43655004585051E-02 
363	 2.46569729558629E-02 
364	 2.47894786699242E-02 
365	 2.48212218612494E-02 
366	 2.47046119904617E-02 
367	 2.44890744556766E-02 
368	 2.43052202707994E-02 
369	 2.45708482897018E-02 
370	 2.48138982985878E-02 
371	 2.47391435587171E-02 
372	 2.46514322413044E-02 
373	 2.46769575438247E-02 
374	 2.46662276774755E-02 
375	 2.43836048888562E-02 
376	 2.44764177082338E-02 
377	 2.47479379492055E-02 
378	 2.49153527868018E-02 
379	 2.47330703790276E-02 
380	 2.45166601129596E-02 
381	 0.024488615712989 
382	 2.47717113043597E-02 
383	 2.48880430690186E-02 
384	 2.49477459536346E-02 
385	 2.50418016229727E-02 
386	 2.50455844696215E-02 
387	 2.50060247959802E-02 
388	 2.50051815872571E-02 
389	 2.51206834916004E-02 
390	 2.52611083971516E-02 
391	 2.53186476587009E-02 
392	 2.52672383384047E-02 
393	 2.52013060376266E-02 
394	 2.52972094085921E-02 
395	 2.54004791299009E-02 
396	 2.52936295059712E-02 
397	 2.54003937734834E-02 
398	 2.55009983341559E-02 
399	 2.54959610382908E-02 
400	 2.55877590686323E-02 
401	 2.56145678576138E-02 
402	 2.56046562915111E-02 
403	 2.56410888483726E-02 
404	 2.56775756791191E-02 
405	 2.57488359760771E-02 
406	 2.58516005526837E-02 
407	 2.58916560847122E-02 
408	 2.60115993242749E-02 
409	 2.62052885179708E-02 
410	 2.63984029030542E-02 
411	 2.64776757159708E-02 
412	 2.65310190801601E-02 
413	 2.66361583574636E-02 
414	 2.68261615072109E-02 
415	 0.027078570072615 
416	 2.72746744955993E-02 
417	 0.027303559998509 
418	 2.73666329867867E-02 
419	 0.027539518100341 
420	 2.78064929292477E-02 
421	 2.80432088008799E-02 
422	 2.81399931724966E-02 
423	 2.82085926759245E-02 
424	 2.84180110818754E-02 
425	 2.86785041657999E-02 
426	 2.88634014147495E-02 
427	 0.02896879011187 
428	 2.91798966512638E-02 
429	 2.94441061946665E-02 
430	 2.96553260653896E-02 
431	 2.97355677705934E-02 
432	 2.98961981048388E-02 
433	 3.00832825777549E-02 
434	 0.03024848910729 
435	 3.03732926145754E-02 
436	 0.030561892765471 
437	 3.07587447605503E-02 
438	 3.08798380305836E-02 
439	 3.09718464845239E-02 
440	 3.11220246133098E-02 
441	 3.13162589391694E-02 
442	 3.14033495158874E-02 
443	 3.15904184402079E-02 
444	 3.17947605863605E-02 
445	 3.19032761699356E-02 
446	 3.20972921632516E-02 
447	 3.23247303398422E-02 
448	 3.25421121766904E-02 
449	 3.27358899248788E-02 
450	 3.28762574055628E-02 
451	 3.29761709242184E-02 
452	 3.30637561854725E-02 
453	 3.31611208643163E-02 
454	 3.33018418269548E-02 
455	 3.34703309181365E-02 
456	 0.033595318121848 
457	 3.36726978294951E-02 
458	 3.37527520785054E-02 
459	 3.38744675313706E-02 
460	 3.39509107370279E-02 
461	 3.40161583483036E-02 
462	 3.40771167654916E-02 
463	 3.41061286313369E-02 
464	 3.41758301979938E-02 
465	 0.03426036296636 
466	 3.43204086972044E-02 
467	 3.43746069867783E-02 
468	 3.44163223532526E-02 
469	 3.44642527526048E-02 
470	 3.45581621223756E-02 
471	 3.46371998939372E-02 
472	 3.47095276173529E-02 
473	 3.47915060161174E-02 
474	 3.48791951315774E-02 
475	 3.49403532251072E-02 
476	 3.49779068179888E-02 
477	 3.50232874678287E-02 
478	 3.50906721945586E-02 
479	 3.51633312939894E-02 
480	 3.52369720621466E-02 
481	 3.53706299880961E-02 
482	 3.54674357340256E-02 
483	 0.035513018931482 
484	 3.55564259386217E-02 
485	 0.03564608225766 
486	 3.57972030682745E-02 
487	 3.59835522780785E-02 
488	 3.60902413054255E-02 
489	 3.62732827702765E-02 
490	 0.036520781054644 
491	 3.67305598856821E-02 
492	 3.68682287780841E-02 
493	 3.70306527080807E-02 
494	 0.037266768399678 
495	 3.74722505953684E-02 
496	 3.77557359434978E-02 
497	 3.81021078982634E-02 
498	 3.84500082800889E-02 
499	 0.038878854745892 
500	 3.93403425296353E-02 
501	 3.98083817658126E-02 
502	 4.03230334198022E-02 
503	 0.040859765490789 
504	 4.14212939853524E-02 
505	 4.20359493024416E-02 
506	 4.28067451924583E-02 
507	 4.36527480744765E-02 
508	 4.45180060615336E-02 
509	 4.54004514018327E-02 
510	 4.63166452884554E-02 
511	 4.73487103326447E-02 
512	 4.85602388723894E-02 
513	 4.97808600034673E-02 
514	 5.11208695319215E-02 
515	 5.26001466732214E-02 
516	 5.40957824739018E-02 
517	 5.57287042120044E-02 
518	 5.74778417107475E-02 
519	 5.92518313542811E-02 
520	 6.09526891755992E-02 
521	 6.26727564892377E-02 
522	 6.44485274645133E-02 
523	 6.62401919120053E-02 
524	 6.79939971558555E-02 
525	 6.96635518161889E-02 
526	 7.12544078579355E-02 
527	 7.29258549628339E-02 
528	 7.45415134227695E-02 
529	 7.60046390867539E-02 
530	 7.72990319668957E-02 
531	 7.85551855466509E-02 
532	 7.97578854354715E-02 
533	 8.08677007192865E-02 
534	 8.18961440075832E-02 
535	 0.082872396008627 
536	 8.37680338294867E-02 
537	 8.45305250760539E-02 
538	 8.52550607354682E-02 
539	 0.085973701259909 
540	 8.66869295225664E-02 
541	 8.73508986323824E-02 
542	 8.80022119645485E-02 
543	 8.86221051053321E-02 
544	 8.91791491312345E-02 
545	 8.96854886549655E-02 
546	 9.01944266353649E-02 
547	 9.07127573839285E-02 
548	 0.091162831870437 
549	 9.15922401615744E-02 
550	 9.19820603474496E-02 
551	 9.22937584078568E-02 
552	 9.24998747479799E-02 
553	 0.092616819630991 
554	 9.26246824921742E-02 
555	 9.24558618559663E-02 
556	 9.21714811945763E-02 
557	 9.17988467261308E-02 
558	 9.13510593705683E-02 
559	 9.08027802096529E-02 
560	 9.01669929013828E-02 
561	 8.94750487343282E-02 
562	 8.87605249882419E-02 
563	 8.78796343698645E-02 
564	 8.68863407409712E-02 
565	 0.085861786980613 
566	 8.48294667918006E-02 
567	 8.37665465271537E-02 
568	 8.26583641417251E-02 
569	 8.14947631191802E-02 
570	 8.03394716389456E-02 
571	 7.91895540259762E-02 
572	 7.80591204072288E-02 
573	 7.70106994200011E-02 
574	 7.60235432952803E-02 
575	 7.50880363754137E-02 
576	 0.074219801617788 
577	 7.34802486557206E-02 
578	 7.27819091017423E-02 
579	 7.20996775626181E-02 
580	 7.15245802223086E-02 
581	 7.09620866467845E-02 
582	 7.04107692487024E-02 
583	 0.069893572355913 
584	 6.93865193422389E-02 
585	 6.88747511688153E-02 
586	 6.84065665326825E-02 
587	 6.80879524485999E-02 
588	 6.77463383913615E-02 
589	 6.73872482976353E-02 
590	 6.70610691552931E-02 
591	 6.67282610048027E-02 
592	 6.64233723919827E-02 
593	 6.61786584684269E-02 
594	 6.60275017191313E-02 
595	 6.58191505253865E-02 
596	 6.55757081151639E-02 
597	 6.53393561731041E-02 
598	 0.06512477152894 
599	 6.49654774071189E-02 
600	 6.47760925443154E-02 
601	 0.064451162017978 
602	 6.41832654759655E-02 
603	 0.063870816748841 
604	 6.34807442428477E-02 
605	 6.31231241047089E-02 
606	 6.26475034009059E-02 
607	 6.21340860483897E-02 
608	 6.16888416139673E-02 
609	 6.12103939160386E-02 
610	 6.06822934244519E-02 
611	 0.060126122244307 
612	 5.95871801699086E-02 
613	 0.059022796999378 
614	 5.85107577098825E-02 
615	 5.80930724211379E-02 
616	 5.76404486140438E-02 
617	 5.72103195047121E-02 
618	 5.68263162412719E-02 
619	 5.64769480318786E-02 
620	 5.61702064187663E-02 
621	 5.59215796871637E-02 
622	 5.57224222615946E-02 
623	 5.55198450234798E-02 
624	 5.53741429976224E-02 
625	 5.52699512622733E-02 
626	 5.51690627978536E-02 
627	 0.055075830907338 
628	 5.50129262933676E-02 
629	 0.054965898934538 
630	 5.48749294683408E-02 
631	 5.48364075716647E-02 
632	 5.47590389038826E-02 
633	 5.45616368312864E-02 
634	 5.43514491708722E-02 
635	 5.40963393917664E-02 
636	 5.37557387857315E-02 
637	 5.32985071479872E-02 
638	 5.28293436608703E-02 
639	 0.05233911885543 
640	 5.18247283744812E-02 
641	 5.13431257894166E-02 
642	 5.08202513621686E-02 
643	 5.02455370031671E-02 
644	 4.96429583637462E-02 
645	 4.90959905502706E-02 
646	 4.85853895393335E-02 
647	 4.81105090161514E-02 
648	 4.76928706162211E-02 
649	 0.047344790916699 
650	 4.70453015712681E-02 
651	 4.67644371160389E-02 
652	 4.64831140522159E-02 
653	 0.046212057361489 
654	 4.59645278323974E-02 
655	 4.57367018863327E-02 
656	 4.54658813425377E-02 
657	 4.51060609299966E-02 
658	 4.46850946274665E-02 
659	 4.42792099421895E-02 
660	 4.38618115269545E-02 
661	 0.043481971420164 
662	 4.31685864825319E-02 
663	 4.27791224285091E-02 
664	 4.24408776027777E-02 
665	 4.21681482165248E-02 
666	 4.18447862616098E-02 
667	 4.16763347621517E-02 
668	 4.15650458885553E-02 
669	 4.14361716277933E-02 
670	 0.041464288718182 
671	 4.15545024733477E-02 
672	 4.16279324629972E-02 
673	 4.16481906333484E-02 
674	 4.18465450079746E-02 
675	 0.042098509570262 
676	 4.23329850114942E-02 
677	 4.26143101991992E-02 
678	 4.29150494512699E-02 
679	 4.33323272880965E-02 
680	 4.39252924762521E-02 
681	 4.44824638616688E-02 
682	 4.50898443638515E-02 
683	 0.045822190449012 
684	 4.67424734696583E-02 
685	 4.79864494117995E-02 
686	 4.97276062383887E-02 
687	 5.18934517139296E-02 
688	 0.053476613974426 
689	 0.055231431829664 
690	 5.74200355807463E-02 
691	 6.00620735866119E-02 
692	 6.32780677328296E-02 
693	 6.71338345649379E-02 
694	 7.16134940231248E-02 
695	 7.65320019216092E-02 
696	 8.19199063770956E-02 
697	 8.78217781783424E-02 
698	 9.43784275108251E-02 
699	 0.101433190026611 
700	 0.108872277453783 
701	 0.116568397949118 
702	 0.12439908160389 
703	 0.13222938098929 
704	 0.140185660291368 
705	 0.14837923036594 
706	 0.156652285548533 
707	 0.164990491975356 
708	 0.173427849468638 
709	 0.181991905970823 
710	 0.190576732766766 
711	 0.199259049957442 
712	 0.208106885242306 
713	 0.217094028381105 
714	 0.226172481489426 
715	 0.235151019795096 
716	 0.24435793574466 
717	 0.254247017997952 
718	 0.26444676980217 
719	 0.274591556820359 
720	 0.284084244281424 
721	 0.292536013998855 
722	 0.300584603225717 
723	 0.309323808028227 
724	 0.318724435844349 
725	 0.327742637904429 
726	 0.336103174229518 
727	 0.34411602483496 
728	 0.3520554151148 
729	 0.359725834074507 
730	 0.367088606271554 
731	 0.374084752466617 
732	 0.380577996814413 
733	 0.386554417068881 
734	 0.392276265321434 
735	 0.398017515471838 
736	 0.403632218683695 
737	 0.408880122390405 
738	 0.413724815510991 
739	 0.418360725842253 
740	 0.422693603389622 
741	 0.426781244321298 
742	 0.430661190221948 
743	 0.434206490892 
744	 0.437459852433504 
745	 0.44047669759589 
746	 0.44328732398723 
747	 0.445931536590422 
748	 0.448375022062442 
749	 0.4506150073873 
750	 0.452700603809209 
751	 0.454687136010082 
752	 0.456554000212424 
753	 0.458256750050495 
754	 0.459718696627009 
755	 0.461255821346705 
756	 0.462962191803296 
757	 0.464742799100043 
758	 0.465604553338905 
759	 0.466572989931635 
760	 0.470196059753462 
761	 0.479044261072044 
762	 0.481018512629989 
763	 0.479352610714358 
764	 0.478304168167278 
765	 0.477371830693204 
766	 0.476102919562487 
767	 0.474882059757909 
768	 0.474163209790276 
769	 0.473925548186528 
770	 0.47392518145765 
771	 0.474074658886057 
772	 0.474406224480105 
773	 0.47474318212097 
774	 0.475100462553149 
775	 0.475497655294145 
776	 0.475906562473904 
777	 0.476288527862445 
778	 0.476638005141338 
779	 0.476984532928885 
780	 0.477473027810557 
781	 0.477922502766161 
782	 0.478246787139155 
783	 0.478475370463742 
784	 0.479005498347833 
785	 0.479522522535932 
786	 0.47986482338185 
787	 0.480186522553208 
788	 0.480537315950983 
789	 0.480906045835373 
790	 0.48127790526866 
791	 0.481689225862039 
792	 0.482041091311412 
793	 0.482363372341565 
794	 0.482727306143579 
795	 0.483076526126704 
796	 0.483469922371707 
797	 0.48385709727583 
798	 0.484107095099228 
799	 0.484245355479067 
800	 0.48454080475557 
801	 0.485041604879226 
802	 0.485377046554688 
803	 0.485658410508739 
804	 0.486002046227901 
805	 0.486422540012419 
806	 0.486579041851807 
807	 0.486753381455736 
808	 0.487053705069545 
809	 0.487460533929687 
810	 0.487869214464814 
811	 0.488271154329885 
812	 0.488599206440706 
813	 0.488757398596789 
814	 0.489167877038211 
815	 0.489824245304285 
816	 0.490580924828398 
817	 0.491245522635258 
818	 0.491866993804564 
819	 0.492389481275469 
820	 0.492641489241271 
821	 0.492024134543281 
822	 0.491591460522481 
823	 0.492126682837816 
824	 0.493754426364652 
825	 0.494208937679066 
826	 0.493791909924773 
827	 0.493245574710147 
828	 0.493466032368704 
829	 0.49401740626919 
830	 0.494459678425842 
831	 0.494601350099591 
832	 0.494677461023643 
833	 0.49502141827034 
834	 0.495460026994116 
835	 0.495741685942398 
836	 0.495765367832534 
837	 0.495842891161232 
838	 0.496039922418808 
839	 0.496296238901069 
840	 0.496575775597564 
841	 0.496832129370586 
842	 0.497053124067227 
843	 0.497257029750687 
844	 0.497577910518208 
845	 0.497903727653831 
846	 0.49814593759021 
847	 0.49830668756436 
848	 0.498323211044139 
849	 0.498423412398871 
850	 0.498741950708478 
851	 0.499059517658533 
852	 0.499052849789834 
853	 0.498913308272617 
854	 0.499111805460471 
855	 0.500340966832614 
856	 0.501425056192029 
857	 0.501747542046632 
858	 0.501305164300132 
859	 0.501210824669081 
860	 0.501412117983243 
861	 0.5017569581332 
862	 0.502071261163012 
863	 0.502128706601516 
864	 0.501825967473625 
865	 0.501454694093528 
866	 0.501829435669514 
867	 0.502728276796212 
868	 0.503659665317619 
869	 0.504205825698007 
870	 0.504280538528532 
871	 0.504240675567697 
872	 0.504242610952286 
873	 0.504351745975476 
874	 0.50450220386886 
875	 0.50467913660898 
876	 0.504916432255699 
877	 0.50522748256056 
878	 0.505495718199104 
879	 0.5056364937642 
880	 0.505741925522943 
881	 0.506028739868602 
882	 0.506177408633414 
883	 0.506300803693888 
884	 0.506465263373127 
885	 0.506628323011751 
886	 0.506792686133591 
887	 0.506990931938554 
888	 0.507275617560196 
889	 0.507670271438554 
890	 0.507787332059176 
891	 0.507788178475107 
892	 0.507819699402464 
893	 0.507598237420258 
894	 0.507312160747184 
895	 0.507043616175907 
896	 0.506881853939346 
897	 0.507021787844189 
898	 0.507487352941576 
899	 0.508240222391339 
900	 0.509179853666611 
901	 0.510235380924178 
902	 0.511235715816973 
903	 0.511865020755362 
904	 0.511752385870037 
905	 0.510958309443622 
906	 0.509974605700212 
907	 0.50931768993373 
908	 0.509400042504909 
909	 0.509972103412948 
910	 0.510664736982931 
911	 0.511140533898797 
912	 0.51119709461414 
913	 0.51099377511073 
914	 0.51085067886586 
915	 0.511082132992483 
916	 0.511873064851251 
917	 0.512488022114634 
918	 0.512910589274798 
919	 0.513218266770055 
920	 0.513249874726685 
921	 0.513115824794552 
922	 0.512712820012177 
923	 0.5121526643999 
924	 0.512522862527917 
925	 0.51270500513866 
926	 0.512157913522522 
927	 0.510745760279935 
928	 0.508852599722186 
929	 0.506876392707826 
930	 0.50474613292255 
931	 0.502330552926881 
932	 0.50173630474191 
933	 0.501338644700745 
934	 0.501588443379543 
935	 0.504498447370425 
936	 0.508137299571802 
937	 0.510988627175786 
938	 0.512731461485002 
939	 0.513894565927014 
940	 0.514203442475661 
941	 0.512356671490254 
942	 0.508884392920257 
943	 0.506093757667629 
944	 0.504708687434187 
945	 0.504446757627081 
946	 0.505065960784437 
947	 0.506461796311817 
948	 0.506345129418299 
949	 0.505719067531126 
950	 0.505302338506016 
951	 0.504585921763307 
952	 0.503586819563721 
953	 0.502589773150501 
954	 0.501752399999812 
955	 0.500884324271311 
956	 0.501106169246216 
957	 0.501251661928541 
958	 0.500539988436682 
959	 0.499770477699605 
960	 0.499852643921747 
961	 0.499859336320809 
962	 0.499281570218356 
963	 0.499325724843829 
964	 0.499875764839486 
965	 0.500206612186955 
966	 0.499949036341656 
967	 0.499874903630584 
968	 0.500211899602919 
969	 0.500585977492895 
970	 0.500519214687636 
971	 0.499854533848797 
972	 0.498419627060959 
973	 0.497466926852141 
974	 0.497753627337426 
975	 0.497159253363776 
976	 0.497132197751378 
977	 0.497833078645697 
978	 0.498780243046701 
979	 0.499077412650086 
980	 0.499158874144402 
981	 0.499078733678728 
982	 0.49890053196092 
983	 0.499158212672777 
984	 0.499546980941227 
985	 0.49965486826473 
986	 0.499343121059584 
987	 0.49952443737354 
988	 0.499609941341433 
989	 0.499937849273124 
990	 0.500920829777811 
991	 0.502000218564414 
992	 0.50216352339189 
993	 0.50181261577769 
994	 0.501827132453362 
995	 0.502255314730391 
996	 0.502673236794567 
997	 0.502701418974105 
998	 0.502236717882149 
999	 0.501895336209589 
1000	 0.502024744252154 
1001	 0.548023795232945 
1002	 0.548244220540445 
1003	 0.548611340224073 
1004	 0.548959364945767 
1005	 0.549181338352288 
1006	 0.549637601721308 
1007	 0.55032059068907 
1008	 0.550847446089529 
1009	 0.551274869835531 
1010	 0.551825546431881 
1011	 0.552231518007627 
1012	 0.552423832328781 
1013	 0.552783317009313 
1014	 0.553141289119203 
1015	 0.553397013703129 
1016	 0.55383426680149 
1017	 0.554296752992398 
1018	 0.554854716029624 
1019	 0.555307144044591 
1020	 0.555609089487423 
1021	 0.555868652532341 
1022	 0.55602710955447 
1023	 0.556292881659009 
1024	 0.556770428209535 
1025	 0.557412969674364 
1026	 0.558133190229666 
1027	 0.558670173826494 
1028	 0.559228146850139 
1029	 0.559614456265933 
1030	 0.55984958573341 
1031	 0.560166526886001 
1032	 0.560523133408326 
1033	 0.560797595301223 
1034	 0.56112329667946 
1035	 0.561447614475281 
1036	 0.561691962544207 
1037	 0.56198019036404 
1038	 0.562281742505116 
1039	 0.562528991110072 
1040	 0.562768677068531 
1041	 0.563186083945257 
1042	 0.563521523846471 
1043	 0.563702356996426 
1044	 0.564121401980903 
1045	 0.564708031783169 
1046	 0.565182399400714 
1047	 0.565523137159511 
1048	 0.566062566888315 
1049	 0.566263921163783 
1050	 0.566327577954817 
1051	 0.566626595035841 
1052	 0.56687832956405 
1053	 0.567161885659469 
1054	 0.56731306783663 
1055	 0.56733719412835 
1056	 0.567432428944618 
1057	 0.567506554266916 
1058	 0.567464427529116 
1059	 0.567598262028097 
1060	 0.567767055592806 
1061	 0.568109827152765 
1062	 0.568563693076909 
1063	 0.56895296923096 
1064	 0.569322431938604 
1065	 0.569463980428217 
1066	 0.569488526020232 
1067	 0.569235347438747 
1068	 0.568964135330388 
1069	 0.568943636667808 
1070	 0.568895949046196 
1071	 0.568986850151569 
1072	 0.569013284023609 
1073	 0.568919377589128 
1074	 0.56894234676442 
1075	 0.569079482991829 
1076	 0.569120219595083 
1077	 0.569086102165054 
1078	 0.569139242232027 
1079	 0.569012070495709 
1080	 0.568710113047562 
1081	 0.568473896189521 
1082	 0.568383037389484 
1083	 0.568156016090689 
1084	 0.567705481515507 
1085	 0.567509289579686 
1086	 0.567319992707622 
1087	 0.567264027669803 
1088	 0.567478388299515 
1089	 0.567579984962563 
1090	 0.56776393886625 
1091	 0.5677694286378 
1092	 0.567618461145918 
1093	 0.567344432297148 
1094	 0.567074429622425 
1095	 0.566881322676785 
1096	 0.566890073468096 
1097	 0.567202660364094 
1098	 0.567221749974392 
1099	 0.567270797222162 
1100	 0.567282423888412 
1101	 0.567049289351612 
1102	 0.567048459011809 
1103	 0.567320161431976 
1104	 0.567374996410234 
1105	 0.567430116622807 
1106	 0.56743581674485 
1107	 0.567321701478848 
1108	 0.567075698813676 
1109	 0.567113635958471 
1110	 0.567209782496261 
1111	 0.567315219550054 
1112	 0.56758565446528 
1113	 0.567721072500789 
1114	 0.567682630245666 
1115	 0.567882539844396 
1116	 0.568339583688412 
1117	 0.568544440394896 
1118	 0.56873433154123 
1119	 0.568935998012099 
1120	 0.569016164293319 
1121	 0.568924601359655 
1122	 0.56870498218648 
1123	 0.568555638707634 
1124	 0.568308225124572 
1125	 0.567786675304205 
1126	 0.567328539874239 
1127	 0.567347704068238 
1128	 0.566349326656072 
1129	 0.564688011627645 
1130	 0.563303623385058 
1131	 0.561490293891673 
1132	 0.560093468075089 
1133	 0.559282650181462 
1134	 0.557993247450619 
1135	 0.556568297732203 
1136	 0.555185014253972 
1137	 0.553634311268467 
1138	 0.552137459212478 
1139	 0.551032126945985 
1140	 0.549208226205106 
1141	 0.54775047749145 
1142	 0.546411717238297 
1143	 0.544649622036363 
1144	 0.54280271441156 
1145	 0.540887639583956 
1146	 0.538590678872265 
1147	 0.536618089641928 
1148	 0.534918082765859 
1149	 0.532987322054137 
1150	 0.531086570910017 
1151	 0.529126727271928 
1152	 0.527025401092095 
1153	 0.525124308321355 
1154	 0.523140555754335 
1155	 0.521586981387928 
1156	 0.520340397849405 
1157	 0.518902393133617 
1158	 0.517618880877018 
1159	 0.516440494882866 
1160	 0.515428954776652 
1161	 0.514333921336131 
1162	 0.513661657473062 
1163	 0.513358899637932 
1164	 0.512883496559978 
1165	 0.512505280725705 
1166	 0.512050988032442 
1167	 0.511416462516507 
1168	 0.510956617931164 
1169	 0.510615563390936 
1170	 0.510238758933386 
1171	 0.509755598728169 
1172	 0.509557153225014 
1173	 0.509416927963638 
1174	 0.509177706541532 
1175	 0.508970056223007 
1176	 0.508825241015017 
1177	 0.508681189616918 
1178	 0.508512484093062 
1179	 0.508327590273246 
1180	 0.508281426376491 
1181	 0.508041761272541 
1182	 0.507543418669615 
1183	 0.507260712090301 
1184	 0.506974218220281 
1185	 0.506755414848397 
1186	 0.506713301651505 
1187	 0.506549643202377 
1188	 0.506347040003377 
1189	 0.506192061315608 
1190	 0.506006745798093 
1191	 0.506010393051487 
1192	 0.50606392759179 
1193	 0.506080168230401 
1194	 0.50610512858891 
1195	 0.506088440771685 
1196	 0.506099168945396 
1197	 0.506153220087705 
1198	 0.506198919753259 
1199	 0.506285993039218 
1200	 0.506329131806776 
1201	 0.506317379084058 
1202	 0.50633431472628 
1203	 0.506303682692668 
1204	 0.506377142270494 
1205	 0.506491982476249 
1206	 0.506662597377804 
1207	 0.507006606730556 
1208	 0.507330519625664 
1209	 0.507598621230469 
1210	 0.507930553298817 
1211	 0.508167153210694 
1212	 0.508220169291643 
1213	 0.508491022952968 
1214	 0.508916429043577 
1215	 0.509239243397273 
1216	 0.509628631143887 
1217	 0.51003163486524 
1218	 0.510384672595297 
1219	 0.510735973798814 
1220	 0.511111956323174 
1221	 0.511468166419824 
1222	 0.511812759798179 
1223	 0.512154465863557 
1224	 0.512439068378281 
1225	 0.5128880314756 
1226	 0.513406189105881 
1227	 0.513704710980621 
1228	 0.514024512202583 
1229	 0.514485875116892 
1230	 0.514801674394755 
1231	 0.515053879465513 
1232	 0.515463846633353 
1233	 0.515909847262384 
1234	 0.516308818618108 
1235	 0.516787325332378 
1236	 0.517176910032664 
1237	 0.517417149346222 
1238	 0.51774551291143 
1239	 0.51813630665164 
1240	 0.518477844419582 
1241	 0.518920937433684 
1242	 0.519241033212788 
1243	 0.519453919205947 
1244	 0.51960441960579 
1245	 0.519840454542481 
1246	 0.520086156298727 
1247	 0.520527270474437 
1248	 0.521072704678201 
1249	 0.521514649937173 
1250	 0.521872701304841 
1251	 0.522249843644621 
1252	 0.522493579768321 
1253	 0.522691177560381 
1254	 0.523144584103396 
1255	 0.523603860644166 
1256	 0.523848312689526 
1257	 0.524189501068927 
1258	 0.524698700580146 
1259	 0.525004816011935 
1260	 0.525129775157228 
1261	 0.525420009574051 
1262	 0.525782976526534 
1263	 0.525916204678499 
1264	 0.526153303045283 
1265	 0.526573341670027 
1266	 0.526747488760141 
1267	 0.526878952284924 
1268	 0.52703720018339 
1269	 0.527038456270805 
1270	 0.527163982000382 
1271	 0.527216842726726 
1272	 0.527026566851525 
1273	 0.526922576368187 
1274	 0.526826717984558 
1275	 0.526767044397838 
1276	 0.526697670615062 
1277	 0.526595274398949 
1278	 0.526559730257127 
1279	 0.526326896332507 
1280	 0.526044244999057 
1281	 0.525791405510235 
1282	 0.52540484140929 
1283	 0.524805244673911 
1284	 0.52428715240947 
1285	 0.523961181806761 
1286	 0.523796672897791 
1287	 0.523694208552218 
1288	 0.523422820677565 
1289	 0.5230017297768 
1290	 0.522495343720389 
1291	 0.521912011667989 
1292	 0.521511796341339 
1293	 0.521105472094023 
1294	 0.520616918935583 
1295	 0.520332836997622 
1296	 0.519851657189757 
1297	 0.519284979386537 
1298	 0.518828509886583 
1299	 0.518036754966549 
1300	 0.517232651231553 
1301	 0.516539911226007 
1302	 0.515705506263152 
1303	 0.514896942295092 
1304	 0.51413037061301 
1305	 0.513228801793792 
1306	 0.512218094584204 
1307	 0.511420018544503 
1308	 0.51052596151219 
1309	 0.509614031912969 
1310	 0.508761725342076 
1311	 0.507381134333269 
1312	 0.505788672540087 
1313	 0.504638250865781 
1314	 0.503586916600623 
1315	 0.502516045256372 
1316	 0.501312054519051 
1317	 0.499800885972367 
1318	 0.498274716246885 
1319	 0.496763841693677 
1320	 0.495515633730023 
1321	 0.494460119885501 
1322	 0.493230338429528 
1323	 0.491927473498727 
1324	 0.490573760271269 
1325	 0.489407984499761 
1326	 0.48822941654116 
1327	 0.486723068184748 
1328	 0.485282653691306 
1329	 0.483449027065824 
1330	 0.481646594552312 
1331	 0.479571516767374 
1332	 0.478190299370504 
1333	 0.476675368564521 
1334	 0.474842366553073 
1335	 0.473388697506277 
1336	 0.471904419195487 
1337	 0.470222651415239 
1338	 0.468991383897896 
1339	 0.468037637065542 
1340	 0.466806002294748 
1341	 0.46520846311804 
1342	 0.46418815710713 
1343	 0.463633430934585 
1344	 0.462467520460335 
1345	 0.462152802342569 
1346	 0.461877451300218 
1347	 0.46025427044587 
1348	 0.459258584717196 
1349	 0.458431022543614 
1350	 0.457876165066722 
1351	 0.45840009530655 
1352	 0.45815632215613 
1353	 0.456849021911361 
1354	 0.455461383959348 
1355	 0.455104963547312 
1356	 0.457028657007717 
1357	 0.456987938036033 
1358	 0.453376075181655 
1359	 0.45410231886692 
1360	 0.456863567458005 
1361	 0.4538177258076 
1362	 0.452569250777892 
1363	 0.473687607798608 
1364	 0.455251059419458 
1365	 0.39657095403211 
1366	 0.416135451042411 
1367	 0.470385896506637 
1368	 0.482090348623742 
1369	 0.484347415469055 
1370	 0.463697251212584 
1371	 0.39091744515845 
1372	 0.35848187034694 
1373	 0.422011116170743 
1374	 0.465126156945517 
1375	 0.494006408323984 
1376	 0.516004806978521 
1377	 0.520799266298498 
1378	 0.518388053584825 
1379	 0.452297706219037 
1380	 0.45702041538048 
1381	 0.518588618782672 
1382	 0.508803607290657 
1383	 0.517116610452586 
1384	 0.515772814969565 
1385	 0.442114175012643 
1386	 0.409380876839541 
1387	 0.400391107203133 
1388	 0.395036340809659 
1389	 0.392603888158442 
1390	 0.400659397805576 
1391	 0.38880685385524 
1392	 0.370232420618192 
1393	 0.348854008776807 
1394	 0.324111356352165 
1395	 0.30396605101213 
1396	 0.2960201192058 
1397	 0.293267185751353 
1398	 0.303663994879833 
1399	 0.320776408600993 
1400	 0.305930597473131 
1401	 0.288399666561273 
1402	 0.268502034369903 
1403	 0.223288625499794 
1404	 0.208395247169788 
1405	 0.224614012126766 
1406	 0.220462615704087 
1407	 0.211258427501163 
1408	 0.212082990421767 
1409	 0.20010483547603 
1410	 0.188397402575571 
1411	 0.191864176541056 
1412	 0.193112830959729 
1413	 0.187869808331184 
1414	 0.182109517898515 
1415	 0.177487814631614 
1416	 0.174041012207504 
1417	 0.170450482564277 
1418	 0.170526853695692 
1419	 0.170770135944492 
1420	 0.167009294903799 
1421	 0.164848496304652 
1422	 0.163228274975853 
1423	 0.160852543068158 
1424	 0.160157794996625 
1425	 0.159546296310872 
1426	 0.158731878922895 
1427	 0.157751855810057 
1428	 0.156405239577917 
1429	 0.155645801970599 
1430	 0.155794325029883 
1431	 0.155094599937044 
1432	 0.155017154920364 
1433	 0.155237099759568 
1434	 0.153459354121124 
1435	 0.151857010784975 
1436	 0.151611125472412 
1437	 0.151321320224431 
1438	 0.151716029900979 
1439	 0.151874331007212 
1440	 0.150592001476016 
1441	 0.148983159052303 
1442	 0.148244585714682 
1443	 0.148655658960965 
1444	 0.148977559026578 
1445	 0.149160294485959 
1446	 0.149217188377934 
1447	 0.148552512898282 
1448	 0.148061799421592 
1449	 0.147526495542209 
1450	 0.146898731195645 
1451	 0.147166978008122 
1452	 0.147510798706536 
1453	 0.147588270787187 
1454	 0.147767763088416 
1455	 0.147611278443561 
1456	 0.147253647921827 
1457	 0.147316588368128 
1458	 0.147891798600493 
1459	 0.14834684375215 
1460	 0.148494989016797 
1461	 0.148883864426001 
1462	 0.149329801326388 
1463	 0.149365438386932 
1464	 0.149619518920328 
1465	 0.15037610578227 
1466	 0.150725670652493 
1467	 0.151099175701628 
1468	 0.152435786409251 
1469	 0.153674205194316 
1470	 0.154545910754984 
1471	 0.155187978077516 
1472	 0.156409065357186 
1473	 0.157683121701006 
1474	 0.158534415566435 
1475	 0.159732478474264 
1476	 0.16115320984053 
1477	 0.161916702137816 
1478	 0.162899877262984 
1479	 0.164560008232878 
1480	 0.165505538561782 
1481	 0.166190793552141 
1482	 0.16756421568164 
1483	 0.168970763683853 
1484	 0.170387513325076 
1485	 0.171921972585212 
1486	 0.173008158351792 
1487	 0.173964915267153 
1488	 0.175371809591997 
1489	 0.176896169827052 
1490	 0.178083472226311 
1491	 0.179048178136191 
1492	 0.180147988230045 
1493	 0.181457038021861 
1494	 0.182864018781358 
1495	 0.184173058642389 
1496	 0.185289337445379 
1497	 0.186387269785046 
1498	 0.187600298742699 
1499	 0.188955657999414 
1500	 0.190384695901461 
1501	 0.191702707004811 
1502	 0.193072853433651 
1503	 0.194610854086425 
1504	 0.196036236435179 
1505	 0.19734043288414 
1506	 0.198614941497222 
1507	 0.19991056413804 
1508	 0.201422768311182 
1509	 0.202950351934519 
1510	 0.204434766644101 
1511	 0.206053267692066 
1512	 0.207435277463619 
1513	 0.208744325241082 
1514	 0.210176704416146 
1515	 0.211401918492686 
1516	 0.212872686428801 
1517	 0.214657502950971 
1518	 0.216240342609933 
1519	 0.217725597904232 
1520	 0.219058971661746 
1521	 0.220247225666694 
1522	 0.221604412093489 
1523	 0.223090622292016 
1524	 0.224686036153388 
1525	 0.226177999336799 
1526	 0.227423414009204 
1527	 0.228739449394237 
1528	 0.230104105120564 
1529	 0.231503382913642 
1530	 0.233054607021872 
1531	 0.234553576629761 
1532	 0.236099112737134 
1533	 0.237478318862859 
1534	 0.238685874114339 
1535	 0.240079945236589 
1536	 0.241475214375014 
1537	 0.242867279261172 
1538	 0.244373164340001 
1539	 0.24588720860026 
1540	 0.247063715171338 
1541	 0.248250600747213 
1542	 0.249539432604898 
1543	 0.250760855133927 
1544	 0.252208238742286 
1545	 0.253727184385039 
1546	 0.255067457112997 
1547	 0.256443202348977 
1548	 0.257612261115111 
1549	 0.258675839485824 
1550	 0.260003142423712 
1551	 0.261241324757268 
1552	 0.262495721006361 
1553	 0.263936367548946 
1554	 0.265097222736157 
1555	 0.266145303938056 
1556	 0.267366381161963 
1557	 0.268551456592911 
1558	 0.269703776051555 
1559	 0.270877071270554 
1560	 0.272076047603198 
1561	 0.273276543101471 
1562	 0.274442784309209 
1563	 0.275611477659916 
1564	 0.276685147707711 
1565	 0.277759144049672 
1566	 0.278960992202807 
1567	 0.280182398309327 
1568	 0.281405149101325 
1569	 0.282562208644196 
1570	 0.283597682207138 
1571	 0.284703052492521 
1572	 0.285848184765016 
1573	 0.286889048989896 
1574	 0.287898037441576 
1575	 0.288825413846124 
1576	 0.289765736071589 
1577	 0.290875692530032 
1578	 0.292042563379975 
1579	 0.293060664944052 
1580	 0.293892758275361 
1581	 0.294870247250712 
1582	 0.295981566005248 
1583	 0.296805112327649 
1584	 0.297727434492293 
1585	 0.298876788240523 
1586	 0.299642195012687 
1587	 0.30046254457101 
1588	 0.301670523381097 
1589	 0.302604822923807 
1590	 0.303253151071808 
1591	 0.304302881476168 
1592	 0.305469726489369 
1593	 0.30618460268364 
1594	 0.307027902408062 
1595	 0.307925531053987 
1596	 0.308548733687574 
1597	 0.309530476210492 
1598	 0.310667756163501 
1599	 0.311637146733771 
1600	 0.312692167806191 
1601	 0.313418756770855 
1602	 0.313928139730882 
1603	 0.314770839909819 
1604	 0.315655877388012 
1605	 0.316557363105726 
1606	 0.317633267939855 
1607	 0.318542878734123 
1608	 0.319188349966039 
1609	 0.319750169696352 
1610	 0.320389757890424 
1611	 0.32117182968351 
1612	 0.321987376449657 
1613	 0.322891327752777 
1614	 0.323699432756244 
1615	 0.324166801211713 
1616	 0.32465985811508 
1617	 0.325318347481144 
1618	 0.326059156677384 
1619	 0.326926795521994 
1620	 0.327682719541906 
1621	 0.328214464365144 
1622	 0.328822104158834 
1623	 0.329392281679999 
1624	 0.32982670730895 
1625	 0.33033339292847 
1626	 0.330877236728573 
1627	 0.33146628420803 
1628	 0.332032392568521 
1629	 0.332656384183811 
1630	 0.333258685459916 
1631	 0.333683296260258 
1632	 0.334327723803879 
1633	 0.335000748692046 
1634	 0.335495989443304 
1635	 0.336042204967124 
1636	 0.336382851130351 
1637	 0.336772266538948 
1638	 0.337401396575432 
1639	 0.337869961336088 
1640	 0.338358922377291 
1641	 0.338865770449048 
1642	 0.33917678414902 
1643	 0.339540164828857 
1644	 0.340131779368249 
1645	 0.340623225612644 
1646	 0.3409184467023 
1647	 0.341302633485817 
1648	 0.341551581022611 
1649	 0.341781409674058 
1650	 0.342278334675109 
1651	 0.342553628194046 
1652	 0.342706857448845 
1653	 0.342985994823868 
1654	 0.34298913321605 
1655	 0.343009393705231 
1656	 0.343269960284602 
1657	 0.343419666532128 
1658	 0.343750524609546 
1659	 0.344152298074352 
1660	 0.344129484910657 
1661	 0.344126558527409 
1662	 0.34400840782091 
1663	 0.343891993072474 
1664	 0.34427114655853 
1665	 0.344424954311228 
1666	 0.344428428584135 
1667	 0.344560279381109 
1668	 0.344206748869346 
1669	 0.343872423436093 
1670	 0.344000360801029 
1671	 0.343934626433637 
1672	 0.343864937113354 
1673	 0.344037672814456 
1674	 0.343796919648691 
1675	 0.343367077257385 
1676	 0.343263199538609 
1677	 0.342914831886312 
1678	 0.342596176657135 
1679	 0.342710949267871 
1680	 0.342542542969168 
1681	 0.342351427357549 
1682	 0.342035358355922 
1683	 0.341233781836177 
1684	 0.340506894822975 
1685	 0.339968396913907 
1686	 0.339594987683774 
1687	 0.339502160865255 
1688	 0.33932766117411 
1689	 0.338665033933921 
1690	 0.337950051379069 
1691	 0.337449498156678 
1692	 0.336892597843421 
1693	 0.336706239224008 
1694	 0.336602076309146 
1695	 0.336008948978373 
1696	 0.335346403251156 
1697	 0.334502363982889 
1698	 0.333824820721376 
1699	 0.333448469947734 
1700	 0.333050489878292 
1701	 0.332940409521924 
1702	 0.332312100469026 
1703	 0.331724274913535 
1704	 0.330956592448886 
1705	 0.330394807558448 
1706	 0.330175254950719 
1707	 0.329643490570388 
1708	 0.328780763445283 
1709	 0.32827072815208 
1710	 0.327919785539656 
1711	 0.327356556656553 
1712	 0.327151929220554 
1713	 0.326639839566447 
1714	 0.325509905286145 
1715	 0.324748147809411 
1716	 0.324074472603742 
1717	 0.323417029544826 
1718	 0.323006114596018 
1719	 0.322388776727947 
1720	 0.321662519245947 
1721	 0.321045719210975 
1722	 0.320420638637655 
1723	 0.319733315762765 
1724	 0.318986072406777 
1725	 0.318352152244227 
1726	 0.317744642657161 
1727	 0.317155984568996 
1728	 0.31666107968373 
1729	 0.316197064464608 
1730	 0.315718114982686 
1731	 0.315164963749796 
1732	 0.314827176751668 
1733	 0.314198583998496 
1734	 0.31314171345136 
1735	 0.312525372605574 
1736	 0.311928048820372 
1737	 0.311464345862164 
1738	 0.311490238394182 
1739	 0.311060117223333 
1740	 0.310376386023349 
1741	 0.309809132700988 
1742	 0.309175771782481 
1743	 0.308529898469979 
1744	 0.307905859822391 
1745	 0.307381685911729 
1746	 0.306862881268423 
1747	 0.306197022098926 
1748	 0.30553869213829 
1749	 0.304788829166156 
1750	 0.30390032885839 
1751	 0.302845040234722 
1752	 0.302253583018988 
1753	 0.301773986819014 
1754	 0.300904511373925 
1755	 0.300348972815821 
1756	 0.299694225949158 
1757	 0.298753866842319 
1758	 0.297770772461102 
1759	 0.296778625244253 
1760	 0.296092044591489 
1761	 0.295696287917723 
1762	 0.295297047043329 
1763	 0.294636371226415 
1764	 0.293775262287049 
1765	 0.292787020347279 
1766	 0.291946052558425 
1767	 0.291622785461137 
1768	 0.291304331322798 
1769	 0.290820944032165 
1770	 0.29027595428422 
1771	 0.289778367960216 
1772	 0.289517150125491 
1773	 0.289836545595586 
1774	 0.289562916666083 
1775	 0.28894996291339 
1776	 0.288384759616265 
1777	 0.287206110693299 
1778	 0.286663439811589 
1779	 0.286733625269079 
1780	 0.286490222175555 
1781	 0.286491019160643 
1782	 0.286269036165898 
1783	 0.285533740150545 
1784	 0.285244305621195 
1785	 0.285218791464168 
1786	 0.285032487313154 
1787	 0.284879020888062 
1788	 0.285115810098647 
1789	 0.285532472153217 
1790	 0.285838820073579 
1791	 0.286885349626242 
1792	 0.28693483324241 
1793	 0.285922808458477 
1794	 0.285544391233777 
1795	 0.28490644998465 
1796	 0.284699079500168 
1797	 0.285094865332449 
1798	 0.285128267840277 
1799	 0.284637329111316 
1800	 0.28534989753662 
1801	 0.287297954622168 
1802	 0.288388568870059 
1803	 0.290891601237225 
1804	 0.291468867021135 
1805	 0.289024014877743 
1806	 0.288430132893004 
1807	 0.287598138558368 
1808	 0.287038944966693 
1809	 0.287454894642536 
1810	 0.288899516704027 
1811	 0.289851514394141 
1812	 0.295021916593807 
1813	 0.301273348011551 
1814	 0.307381285550539 
1815	 0.314889612744792 
1816	 0.314540616196322 
1817	 0.310704445374613 
1818	 0.301127099847345 
1819	 0.29571931606781 
1820	 0.295607705035192 
1821	 0.296708961111007 
1822	 0.310006789522475 
1823	 0.313797138279482 
1824	 0.302119263807329 
1825	 0.305362452754046 
1826	 0.311724225849408 
1827	 0.318697126029564 
1828	 0.34919119962333 
1829	 0.377101317071668 
1830	 0.401709591911857 
1831	 0.333699413169233 
1832	 0.401339713941061 
1833	 0.483669852070696 
1834	 1.00655628899624 
1835	 1.60777411104051 
1836	 0.93049610826977 
1837	 0.978780477411932 
1838	 0.792741327572217 
1839	 0.853664068876409 
1840	 0.836748586452431 
1841	 0.632095141016409 
1842	 0.655168772274164 
1843	 0.230941954675866 
1844	 0.274581168093338 
1845	 7.76704481941927 
1846	-41.4611920382455 
1847	 1.82360263916045 
1848	 4.98401628742897 
1849	 1.58145460555012 
1850	 0.205143142130325 
1851	 0.355930206027248 
1852	 2.79837776313652 
1853	 3.03797477032031 
1854	 9.32859126595329 
1855	 7.82733122220747 
1856	 1.20486660625743 
1857	 0.626634775982809 
1858	 2.0242409210234 
1859	 7.20527703586563 
1860	 4.85082164827615 
1861	 11.0638052875413 
1862	 3.78283604929132 
1863	 0.546789471030085 
1864	 0.318435076776165 
1865	 0.14795507977187 
1866	 1.43157883401832E-02 
1867	-0.44719525957918 
1868	-1.24521213884942 
1869	-0.184082557783916 
1870	 0.3678962156427 
1871	 0.476929829127429 
1872	 1.010881581379 
1873	 0.910561235406162 
1874	 1.07450269404006E-02 
1875	-6.86225882209242E-02 
1876	 6.17642164824416E-02 
1877	 0.30198763011631 
1878	 0.372187008101644 
1879	 0.273862319306186 
1880	 0.22817587066828 
1881	 0.173129699391065 
1882	 0.151857025830421 
1883	 0.196675368589081 
1884	 0.188106048400671 
1885	 0.233084256008799 
1886	 2.01885875787692E-02 
1887	-9.28256557748293E-03 
1888	 4.34673025002652E-02 
1889	 2.17777692642885E-02 
1890	 0.133805845639679 
1891	 0.163067522630105 
1892	 0.130881755265095 
1893	 0.118008989715396 
1894	 7.87151347194373E-02 
1895	 7.26312594432948E-02 
1896	 7.19384992057589E-02 
1897	 0.18621816613095 
1898	 0.140069957178397 
1899	 0.108598169758445 
1900	 0.316563048532336 
1901	 0.508757226245425 
1902	 0.493399281334471 
1903	 0.511914465699885 
1904	 0.497949220920859 
1905	 0.325048891449402 
1906	-0.204559471323768 
1907	-0.144896570708197 
1908	 0.260066157260753 
1909	 9.24263347132442E-02 
1910	 1.85729325886125E-02 
1911	 0.168077526702057 
1912	 0.111554111073548 
1913	 5.21938670147185E-02 
1914	 0.083895811207068 
1915	 0.103855287797682 
1916	 7.39365816234537E-02 
1917	-1.27114122922527E-02 
1918	 1.32534760424123E-02 
1919	 0.0567831529542 
1920	 0.039839321555296 
1921	 3.67652017805964E-02 
1922	 5.57865939427411E-02 
1923	 7.59551655548777E-02 
1924	 7.38344264029915E-02 
1925	 7.54451522593081E-02 
1926	 5.13807514147699E-02 
1927	 0.017811522049944 
1928	 4.29681302107696E-03 
1929	 1.11499862779279E-03 
1930	 2.02997880264831E-02 
1931	 4.01317615249411E-02 
1932	 4.36753878091177E-02 
1933	 3.98320656028233E-02 
1934	 2.16517093907129E-02 
1935	 2.00538737188036E-02 
1936	 2.34854208139274E-02 
1937	 2.76748782296969E-02 
1938	 2.66190939508778E-02 
1939	 4.60323864874275E-02 
1940	 5.86251936445399E-02 
1941	 4.99636702195186E-02 
1942	 4.35275658219471E-02 
1943	 4.11631586841568E-02 
1944	 3.69492099441472E-02 
1945	 4.05737493941135E-02 
1946	 4.34712153014462E-02 
1947	 5.26206127600311E-02 
1948	 0.052387518375175 
1949	 5.00726577039723E-02 
1950	 4.68457745011169E-02 
1951	 4.26142748918356E-02 
1952	 0.045434038147988 
1953	 4.80686059379263E-02 
1954	 4.52294914924061E-02 
1955	 4.57315410815948E-02 
1956	 4.84221197055326E-02 
1957	 4.63305497962757E-02 
1958	 4.57608662665508E-02 
1959	 0.047944926965326 
1960	 5.05371812958833E-02 
1961	 4.74422103828005E-02 
1962	 4.64718618475921E-02 
1963	 4.75957043111063E-02 
1964	 4.80583199800995E-02 
1965	 0.049403678580229 
1966	 5.04122121566314E-02 
1967	 5.10065415542392E-02 
1968	 5.11632144242396E-02 
1969	 5.14411592289969E-02 
1970	 5.12217287681353E-02 
1971	 0.052310898061004 
1972	 5.38639781952421E-02 
1973	 5.43072080204661E-02 
1974	 5.43495864117728E-02 
1975	 5.40572752940153E-02 
1976	 5.36359002240674E-02 
1977	 0.054089318060334 
1978	 5.51607658952595E-02 
1979	 5.60258911880137E-02 
1980	 5.62806102951212E-02 
1981	 5.66463123251745E-02 
1982	 5.70914464499569E-02 
1983	 5.76510598318102E-02 
1984	 5.78961313248579E-02 
1985	 5.82517405320754E-02 
1986	 0.058855107688975 
1987	 5.92281730696373E-02 
1988	 5.96098332938449E-02 
1989	 6.01778090232042E-02 
1990	 6.04470568211403E-02 
1991	 6.05269887812649E-02 
1992	 6.11496914237463E-02 
1993	 6.16285715278014E-02 
1994	 6.21302485386575E-02 
1995	 6.25831870126329E-02 
1996	 6.29124280022476E-02 
1997	 6.36764045027617E-02 
1998	 6.46859870730766E-02 
1999	 6.51493285822278E-02 
2000	 6.50912217246336E-02 
2001	 0.065853791451246 
2002	 6.75034972405425E-02 
2003	 6.87490971335262E-02 
2004	 7.00451033760705E-02 
2005	 7.16393289367404E-02 
2006	 7.28595718221488E-02 
2007	 7.16990430868043E-02 
2008	 7.27868410425526E-02 
2009	 7.57471530360871E-02 
2010	 7.78653175877718E-02 
2011	 7.88347713902778E-02 
2012	 8.03722529465045E-02 
2013	 8.05405023445476E-02 
2014	 7.98775708946794E-02 
2015	 8.09074374692389E-02 
2016	 8.27942035120739E-02 
2017	 8.26584081782261E-02 
2018	 8.23529249429259E-02 
2019	 8.28109297724517E-02 
2020	 8.18014314830331E-02 
2021	 8.22740648191761E-02 
2022	 8.43060175663166E-02 
2023	 8.62704709221872E-02 
2024	 8.56135672054545E-02 
2025	 8.53820562417243E-02 
2026	 8.60798595956696E-02 
2027	 8.59067514868896E-02 
2028	 8.61280853718596E-02 
2029	 8.75458129226183E-02 
2030	 8.85421258772927E-02 
2031	 8.87751270354086E-02 
2032	 8.88823852526365E-02 
2033	 8.89362442614507E-02 
2034	 8.93359216866626E-02 
2035	 8.94868734366801E-02 
2036	 8.95338227593802E-02 
2037	 9.01806441688714E-02 
2038	 9.09856225602979E-02 
2039	 9.10015226889405E-02 
2040	 9.16596697836548E-02 
2041	 9.29571576079793E-02 
2042	 9.26170088818934E-02 
2043	 9.20285627985616E-02 
2044	 9.29739321094842E-02 
2045	 9.35849354250539E-02 
2046	 9.45505928342343E-02 
2047	 0.095058977330863 
2048	 9.51861839055628E-02 
2049	 0.095549044160467 
2050	 9.53275904393869E-02 
2051	 9.64103013818471E-02 
2052	 9.82116631841735E-02 
2053	 0.099706342233534 
2054	 9.99120743940638E-02 
2055	 0.100337921080803 
2056	 0.101152612909697 
2057	 0.101029347317232 
2058	 0.101738055586702 
2059	 0.103229970232409 
2060	 0.104014613464235 
2061	 0.104142598188002 
2062	 0.104987984589774 
2063	 0.106187684886704 
2064	 0.106721631357324 
2065	 0.107325483493447 
2066	 0.107524516112166 
2067	 0.10702432004312 
2068	 0.107221345542039 
2069	 0.107704291418074 
2070	 0.108484787308602 
2071	 0.109411175432484 
2072	 0.110356277054832 
2073	 0.111375618714835 
2074	 0.11179643603582 
2075	 0.112369776089152 
2076	 0.112854531492758 
2077	 0.113543600463318 
2078	 0.114550055296251 
2079	 0.115071058554771 
2080	 0.115649375223481 
2081	 0.115899910423453 
2082	 0.115350271231156 
2083	 0.115414221629168 
2084	 0.116370399460936 
2085	 0.116891799647921 
2086	 0.118405528434943 
2087	 0.12007404692721 
2088	 0.120154610638832 
2089	 0.120248685971159 
2090	 0.120722711024927 
2091	 0.120500127577914 
2092	 0.120998310581937 
2093	 0.122821038392207 
2094	 0.123524446060332 
2095	 0.123611905909747 
2096	 0.123992056220141 
2097	 0.12426689779186 
2098	 0.124193639537643 
2099	 0.124360370719879 
2100	 0.125277560458155 
2101	 0.125735471971742 
2102	 0.125866212066903 
2103	 0.127339964706379 
2104	 0.128259342381506 
2105	 0.128478308387396 
2106	 0.130031817145003 
2107	 0.13065741734724 
2108	 0.130113605094946 
2109	 0.130535772118085 
2110	 0.131569648094115 
2111	 0.131951115503632 
2112	 0.132234673582634 
2113	 0.132549066970947 
2114	 0.132397421295813 
2115	 0.132664046607946 
2116	 0.133231121702902 
2117	 0.134543847588084 
2118	 0.13553188763383 
2119	 0.135937695441032 
2120	 0.136288193099012 
2121	 0.13643422803988 
2122	 0.136750525425149 
2123	 0.137344109724109 
2124	 0.138234144217366 
2125	 0.139808419646962 
2126	 0.140459993812239 
2127	 0.140927895159296 
2128	 0.14140268691792 
2129	 0.141099726193483 
2130	 0.141301846967649 
2131	 0.141712047873759 
2132	 0.142404553238774 
2133	 0.143392524028887 
2134	 0.144533903921961 
2135	 0.144762793156646 
2136	 0.14471879338805 
2137	 0.144288579151669 
2138	 0.144173510944765 
2139	 0.145209533853505 
2140	 0.146084415061094 
2141	 0.14654886975986 
2142	 0.14672669197984 
2143	 0.146861709260578 
2144	 0.146590554659647 
2145	 0.146945285660905 
2146	 0.147526807478732 
2147	 0.14779390948821 
2148	 0.148110348299258 
2149	 0.148494031063767 
2150	 0.148961893606559 
2151	 0.149152445991537 
2152	 0.149142345603363 
2153	 0.149363621007245 
2154	 0.149569392053801 
2155	 0.149691857388908 
2156	 0.150880221048116 
2157	 0.152215983722667 
2158	 0.152664589175839 
2159	 0.153658091118952 
2160	 0.154383377569031 
2161	 0.15372734097093 
2162	 0.153159135548413 
2163	 0.153326289337268 
2164	 0.153560292289905 
2165	 0.154148379079541 
2166	 0.154093967884408 
2167	 0.153826659489476 
2168	 0.154169743332304 
2169	 0.154230604959834 
2170	 0.15473208972434 
2171	 0.156338497577041 
2172	 0.156970924043121 
2173	 0.157199387924897 
2174	 0.156995919880506 
2175	 0.156825917400053 
2176	 0.157872539818766 
2177	 0.158447374227548 
2178	 0.158805241888862 
2179	 0.159380537539098 
2180	 0.159146681793669 
2181	 0.158836801904691 
2182	 0.159262142607992 
2183	 0.159771439182562 
2184	 0.159901638343181 
2185	 0.160128577109571 
2186	 0.160100065216416 
2187	 0.160620343953327 
2188	 0.161774545821405 
2189	 0.162236698881405 
2190	 0.162581450225603 
2191	 0.163063145685388 
2192	 0.163035893617021 
2193	 0.163164430888583 
2194	 0.163939144796634 
2195	 0.164146846080582 
2196	 0.163666232006657 
2197	 0.163822920085337 
2198	 0.164015967953779 
2199	 0.163687154967636 
2200	 0.164388438018732 
2201	 0.165091767993931 
2202	 0.165543804653426 
2203	 0.166151188796482 
2204	 0.167121369862119 
2205	 0.167655457403164 
2206	 0.167323897842949 
2207	 0.167403704938573 
2208	 0.166467926626255 
2209	 0.165014667229524 
2210	 0.164865644301982 
2211	 0.165886626126119 
2212	 0.166155671142388 
2213	 0.166818866457194 
2214	 0.167022917980463 
2215	 0.166184245392823 
2216	 0.166618772590841 
2217	 0.168750571537079 
2218	 0.16901644667833 
2219	 0.167839435676961 
2220	 0.167997650365258 
2221	 0.167971693188289 
2222	 0.168017487082629 
2223	 0.168027717579376 
2224	 0.168827062731703 
2225	 0.168240129980013 
2226	 0.166466691042733 
2227	 0.166352937520515 
2228	 0.167001893288214 
2229	 0.166849328673515 
2230	 0.166453288271667 
2231	 0.166412504346915 
2232	 0.166185045267323 
2233	 0.165652384840686 
2234	 0.165600562017091 
2235	 0.165058643776962 
2236	 0.163949574025306 
2237	 0.164041938325053 
2238	 0.165948438260576 
2239	 0.165227555870829 
2240	 0.162776218493706 
2241	 0.162392806337362 
2242	 0.161395680612713 
2243	 0.160721450143555 
2244	 0.162841859511951 
2245	 0.162954427022022 
2246	 0.160939088621204 
2247	 0.159710646547832 
2248	 0.15802417968897 
2249	 0.15748624637721 
2250	 0.1576820588281 
2251	 0.157873110668284 
2252	 0.158323863975318 
2253	 0.157198951544981 
2254	 0.154397201865403 
2255	 0.153147088353352 
2256	 0.153629459795004 
2257	 0.153845206363868 
2258	 0.153822979062082 
2259	 0.152920907080801 
2260	 0.150737911691588 
2261	 0.149339208947082 
2262	 0.14893934811692 
2263	 0.148465647720775 
2264	 0.146328524992127 
2265	 0.144398514073482 
2266	 0.145040999417835 
2267	 0.144903508680528 
2268	 0.143808268784125 
2269	 0.144200481166425 
2270	 0.143916051244226 
2271	 0.142624110249787 
2272	 0.142371669908164 
2273	 0.143565617338272 
2274	 0.14331803544034 
2275	 0.142687891286476 
2276	 0.142048899410578 
2277	 0.141203463500584 
2278	 0.140089471275824 
2279	 0.137750135464659 
2280	 0.137137216994867 
2281	 0.13716894782752 
2282	 0.136368447070785 
2283	 0.137123399492677 
2284	 0.137209214434911 
2285	 0.136082891280216 
2286	 0.135570021853408 
2287	 0.135912827869794 
2288	 0.134128562342949 
2289	 0.133110656174703 
2290	 0.13320446375193 
2291	 0.134071881773964 
2292	 0.132616079075324 
2293	 0.130456181863473 
2294	 0.130037481223306 
2295	 0.129019090816051 
2296	 0.129347996226292 
2297	 0.128161580563897 
2298	 0.126213571372943 
2299	 0.128117457161301 
2300	 0.127109909509645 
2301	 0.123024846990841 
2302	 0.121841415698665 
2303	 0.120768480471341 
2304	 0.119238614681118 
2305	 0.121645858859369 
2306	 0.125677763245543 
2307	 0.124646215287242 
2308	 0.121196947203294 
2309	 0.120337234605496 
2310	 0.120331546774542 
2311	 0.120235847123043 
2312	 0.120074895074038 
2313	 0.120853077701577 
2314	 0.12099379223759 
2315	 0.118584267263149 
2316	 0.116261951129489 
2317	 0.115744729646375 
2318	 0.116564476199564 
2319	 0.116158175737644 
2320	 0.115886141940695 
2321	 0.116279775684089 
2322	 0.11630234994921 
2323	 0.115628336679715 
2324	 0.11606426866257 
2325	 0.117084676345422 
2326	 0.116792628523357 
2327	 0.115857164209638 
2328	 0.116149978452817 
2329	 0.116280599190609 
2330	 0.114754443814394 
2331	 0.11405962184175 
2332	 0.114253906573173 
2333	 0.114163150744688 
2334	 0.114557514604115 
2335	 0.113958741681731 
2336	 0.11327974681887 
2337	 0.113177059172103 
2338	 0.111070692977952 
2339	 0.110222096907928 
2340	 0.112098380998876 
2341	 0.111837265925353 
2342	 0.107330634732252 
2343	 0.106771155974202 
2344	 0.111953335161542 
2345	 0.11205165927346 
2346	 0.108814462537013 
2347	 0.10868441360486 
2348	 0.104528286248765 
2349	 0.100441692735096 
2350	 0.10443570823752 
2351	 0.107419749204464 
2352	 0.104511080413824 
2353	 0.100845560716987 
2354	 9.96988624147231E-02 
2355	 0.099062441295249 
2356	 0.096874776154163 
2357	 9.71963061300832E-02 
2358	 0.097275962163969 
2359	 9.71869273914006E-02 
2360	 9.87126806558068E-02 
2361	 9.82085139121599E-02 
2362	 0.101604665471351 
2363	 0.102903451410918 
2364	 9.88379925211639E-02 
2365	 0.100331650945525 
2366	 0.101358798977728 
2367	 9.73312210355833E-02 
2368	 9.77601239759569E-02 
2369	 9.98082256877627E-02 
2370	 9.87419053142405E-02 
2371	 0.101586927530186 
2372	 0.10320609322212 
2373	 0.102081372057402 
2374	 0.103724697702159 
2375	 0.101852168362972 
2376	 0.100046477733478 
2377	 0.100108686338794 
2378	 9.47394483259478E-02 
2379	 0.086767088489315 
2380	 8.22423468730757E-02 
2381	 0.083974913894611 
2382	 8.89543518745355E-02 
2383	 0.090298086710888 
2384	 8.99342781764546E-02 
2385	 8.76667374423012E-02 
2386	 8.18863130176547E-02 
2387	 8.41998889213391E-02 
2388	 9.16958898936272E-02 
2389	 0.091830171139028 
2390	 9.06848665823593E-02 
2391	 8.76322888183931E-02 
2392	 8.14474587893372E-02 
2393	 8.33695327348246E-02 
2394	 8.60566932552249E-02 
2395	 8.50838418044064E-02 
2396	 8.41469694433699E-02 
2397	 8.10962665425704E-02 
2398	 8.55286432500823E-02 
2399	 0.092293538681021 
2400	 8.60876687867711E-02 
2401	 7.87717301094895E-02 
2402	 7.55162919777047E-02 
2403	 6.52845445668688E-02 
2404	 6.28219431773004E-02 
2405	 6.89753298363563E-02 
2406	 6.76038653152939E-02 
2407	 6.46528272203312E-02 
2408	 6.21890690682686E-02 
2409	 6.44331380407224E-02 
2410	 6.92897082950228E-02 
2411	 7.35040097839358E-02 
2412	 7.92578319430742E-02 
2413	 8.15090084232794E-02 
2414	 0.079941883544134 
2415	 7.19666432138742E-02 
2416	 6.75357562990169E-02 
2417	 6.79679168648488E-02 
2418	 0.068425772731631 
2419	 7.09869839456277E-02 
2420	 7.80708718487402E-02 
2421	 8.77975133373452E-02 
2422	 8.59528777807707E-02 
2423	 8.55482138610124E-02 
2424	 8.87840361588487E-02 
2425	 7.86186212112128E-02 
2426	 7.53044920745805E-02 
2427	 8.03707069786153E-02 
2428	 7.87118270575978E-02 
2429	 8.01869401230108E-02 
2430	 8.37607355626205E-02 
2431	 8.30439115132713E-02 
2432	 8.06588571318712E-02 
2433	 7.84714777804359E-02 
2434	 7.42233460161701E-02 
2435	 7.32193585677288E-02 
2436	 0.07764103998554 
2437	 0.078516166936501 
2438	 7.12223446878014E-02 
2439	 6.54236925435723E-02 
2440	 6.82041119717568E-02 
2441	 6.52476909585987E-02 
2442	 6.44727565565845E-02 
2443	 7.21025005413107E-02 
2444	 6.02667445613041E-02 
2445	 5.54542275466878E-02 
2446	 8.28453887826202E-02 
2447	 9.16056147211749E-02 
2448	 8.27478532968651E-02 
2449	 7.77580323091891E-02 
2450	 4.28924200034554E-02 
2451	 2.14548773921569E-02 
2452	 4.95127865821475E-02 
2453	 6.10581978457957E-02 
2454	 7.35332908666893E-02 
2455	 7.97693555301633E-02 
2456	 3.46165288188801E-02 
2457	 2.81256870940181E-02 
2458	 0.059544974969735 
2459	 5.52873234308609E-02 
2460	 7.87607885080368E-02 
2461	 9.97657373556262E-02 
2462	 5.32569798493286E-02 
2463	 2.88393291358205E-02 
2464	 3.80814356934857E-02 
2465	 0.039293794373809 
2466	 6.78859511963236E-02 
2467	 0.111707749996276 
2468	 0.069078583152355 
2469	 6.86122188861766E-02 
2470	 9.29506480552384E-02 
2471	 0.092249265717374 
2472	 0.11517606171355 
2473	 0.116422498250073 
2474	 3.90783710155656E-02 
2475	 1.56423452662649E-02 
2476	 6.26524649821177E-02 
2477	 6.86146150962069E-02 
2478	 2.74587348046195E-02 
2479	 6.41914081598947E-02 
2480	 4.79360774518545E-02 
2481	-1.92744721791162E-02 
2482	 0.111696728458761 
2483	 0.147107061717062 
2484	 0.010502138087406 
2485	 8.49359216243756E-02 
2486	 0.113521769873182 
2487	 3.57488128336008E-02 
2488	 0.118455146670825 
2489	 7.65729703485355E-02 
2490	-3.56829051612167E-02 
2491	 4.01179415978962E-02 
2492	 0.127329526557832 
2493	 0.474948039694589 
2494	 0.645287265668211 
2495	 0.591379549975931 
2496	 0.418465879516059 
2497	 0.032827060016696 
2498	 2.74810214727726E-02 
2499	 0.198913724765476 
2500	 0.191854110397276 
