Wavelength	09/27/123 at 12:38:17
350	 3.19679322384669E-02 
351	 3.18433041613724E-02 
352	 3.20586517640887E-02 
353	 3.21694369062769E-02 
354	 3.17980751202244E-02 
355	 3.21264129411927E-02 
356	 3.21226808476793E-02 
357	 3.14282132451309E-02 
358	 3.14956776398251E-02 
359	 0.031726392664692 
360	 3.19302047915467E-02 
361	 3.20715099861545E-02 
362	 3.21492677287713E-02 
363	 3.20966477073254E-02 
364	 3.19322414761775E-02 
365	 0.031850667883914 
366	 3.17466624337948E-02 
367	 3.16544353364898E-02 
368	 3.16722686074223E-02 
369	 3.19290987394502E-02 
370	 3.20547919029373E-02 
371	 3.19251604767242E-02 
372	 3.21070125983271E-02 
373	 3.21869329741112E-02 
374	 3.20750657452889E-02 
375	 3.18601837073231E-02 
376	 3.17679308614473E-02 
377	 3.19306528372717E-02 
378	 3.22605280864973E-02 
379	 3.22276341773891E-02 
380	 3.20818020019841E-02 
381	 3.20213742067733E-02 
382	 3.22023575178071E-02 
383	 3.23824810850951E-02 
384	 3.24575074276863E-02 
385	 3.23923088642339E-02 
386	 3.22354472941561E-02 
387	 3.21446940462116E-02 
388	 3.22362777597938E-02 
389	 3.25282693358019E-02 
390	 3.25158421401332E-02 
391	 3.25483934922373E-02 
392	 3.27660372326854E-02 
393	 3.27609404196974E-02 
394	 3.26844719493274E-02 
395	 3.26485219891301E-02 
396	 3.27385801593484E-02 
397	 3.28780437653448E-02 
398	 3.30395331833202E-02 
399	 3.32232956385846E-02 
400	 3.34978727963973E-02 
401	 3.35804561937791E-02 
402	 3.35619905587151E-02 
403	 3.36510911702213E-02 
404	 3.37817811067823E-02 
405	 3.39839826036084E-02 
406	 3.42299498995687E-02 
407	 3.43637097712706E-02 
408	 3.45650792980342E-02 
409	 3.48747347738198E-02 
410	 3.52589315451088E-02 
411	 3.55611276451593E-02 
412	 3.58382671677427E-02 
413	 3.61640307997678E-02 
414	 3.66153386639836E-02 
415	 3.70624113754241E-02 
416	 3.74358263506626E-02 
417	 3.77099616742045E-02 
418	 3.79783102712754E-02 
419	 3.83599688524463E-02 
420	 3.88644225358621E-02 
421	 3.93373314413765E-02 
422	 3.97600546262854E-02 
423	 4.01906397493835E-02 
424	 4.06876901102653E-02 
425	 4.10671642887772E-02 
426	 4.14732607805411E-02 
427	 4.19594305445269E-02 
428	 4.24014682894036E-02 
429	 4.28571927115912E-02 
430	 4.33221155828294E-02 
431	 4.37789068561743E-02 
432	 4.42476494189473E-02 
433	 4.47507039361353E-02 
434	 4.52405068194849E-02 
435	 4.55635418293168E-02 
436	 0.046100125776362 
437	 4.66901481346423E-02 
438	 4.70916216606986E-02 
439	 4.75997184320288E-02 
440	 4.81495256550672E-02 
441	 4.86929391556938E-02 
442	 4.92285756729303E-02 
443	 4.98271061686045E-02 
444	 5.04389761572831E-02 
445	 5.10125516574377E-02 
446	 5.16779951230835E-02 
447	 5.23244017097386E-02 
448	 5.29127322908615E-02 
449	 5.35144435125661E-02 
450	 5.41237615966106E-02 
451	 5.46969093564021E-02 
452	 5.51993447038459E-02 
453	 5.57001761227895E-02 
454	 5.62624799148453E-02 
455	 5.68535396526108E-02 
456	 5.73325020010818E-02 
457	 5.78711796659931E-02 
458	 5.84248644768785E-02 
459	 5.89194886032988E-02 
460	 0.05940215120176 
461	 5.99280763751518E-02 
462	 6.04738154428934E-02 
463	 6.09306073447073E-02 
464	 6.14558959738883E-02 
465	 6.20047168882771E-02 
466	 6.25068518100131E-02 
467	 6.30142638690002E-02 
468	 6.35227507662496E-02 
469	 0.064000530849724 
470	 6.43987675610712E-02 
471	 6.48816971824037E-02 
472	 6.53678035707103E-02 
473	 6.57530738821395E-02 
474	 6.60439033750462E-02 
475	 6.63672866299109E-02 
476	 6.66909071509531E-02 
477	 6.68686647773259E-02 
478	 6.71409529827505E-02 
479	 6.74773129176242E-02 
480	 6.78175629604523E-02 
481	 6.81771500056598E-02 
482	 6.85078500270292E-02 
483	 6.88603456663752E-02 
484	 6.93509984823615E-02 
485	 0.069923506132061 
486	 7.06414693775126E-02 
487	 7.15235352092953E-02 
488	 7.24499359605687E-02 
489	 7.33609064260845E-02 
490	 7.43309698431075E-02 
491	 7.54994237599726E-02 
492	 7.67720783034356E-02 
493	 7.82154252707735E-02 
494	 7.98591097435129E-02 
495	 8.16203477880875E-02 
496	 8.35190499192979E-02 
497	 8.55475545190813E-02 
498	 0.087707397337141 
499	 9.02110962954924E-02 
500	 9.29056184734978E-02 
501	 9.56902603099186E-02 
502	 9.86450957445379E-02 
503	 0.101718428647354 
504	 0.104935169598412 
505	 0.108356727875991 
506	 0.112005641276378 
507	 0.115734338934906 
508	 0.119530375465492 
509	 0.123585117482517 
510	 0.127714671459362 
511	 0.131914592566429 
512	 0.136235203022934 
513	 0.140633399899605 
514	 0.145028984228465 
515	 0.149436357168836 
516	 0.153972566214217 
517	 0.158681573924772 
518	 0.163457908218332 
519	 0.168074552690955 
520	 0.172281377510018 
521	 0.176355936093895 
522	 0.180443182132991 
523	 0.184500689845834 
524	 0.18827634274556 
525	 0.191821279264663 
526	 0.195290978426085 
527	 0.198919321033009 
528	 0.202491957231495 
529	 0.205784872010048 
530	 0.208686568547697 
531	 0.211534981813225 
532	 0.214413184906928 
533	 0.21730436935248 
534	 0.220188351772026 
535	 0.222871116517229 
536	 0.225369249737199 
537	 0.227820786054173 
538	 0.230255109233596 
539	 0.232676828549108 
540	 0.235082559528762 
541	 0.237486083037319 
542	 0.239765873804563 
543	 0.241896173155841 
544	 0.243920458095737 
545	 0.245888326553569 
546	 0.247763438646161 
547	 0.249560065347077 
548	 0.25138457796318 
549	 0.252997469500742 
550	 0.254440247027587 
551	 0.255812111850423 
552	 0.256917590001024 
553	 0.257811298737486 
554	 0.258529546039513 
555	 0.259072490211244 
556	 0.259464065261477 
557	 0.259737356822495 
558	 0.259937446479705 
559	 0.260145385660926 
560	 0.260280672466117 
561	 0.260323469290056 
562	 0.260320938441472 
563	 0.260244793121385 
564	 0.260172068826763 
565	 0.260185287499604 
566	 0.260318900892749 
567	 0.260451081061002 
568	 0.260453638478456 
569	 0.260203634481929 
570	 0.259760855072076 
571	 0.259144328576883 
572	 0.258372733870049 
573	 0.25745509799511 
574	 0.256494105195732 
575	 0.25556079297605 
576	 0.25472593954365 
577	 0.254036242508764 
578	 0.253445680137421 
579	 0.252890872032832 
580	 0.252280252617933 
581	 0.251665800268182 
582	 0.251085091894966 
583	 0.250554394903885 
584	 0.249997693046048 
585	 0.249497010223576 
586	 0.249092844242064 
587	 0.248769242634199 
588	 0.24845118213511 
589	 0.248204205135587 
590	 0.248042862062661 
591	 0.247629165070682 
592	 0.247333011977454 
593	 0.247253379399116 
594	 0.247316162555864 
595	 0.24747571367833 
596	 0.247600589049368 
597	 0.247622789018316 
598	 0.24762212511414 
599	 0.247568886714656 
600	 0.247366250611716 
601	 0.246925792820392 
602	 0.246402705430177 
603	 0.245701061042226 
604	 0.244800494470036 
605	 0.243815497323193 
606	 0.242688384363802 
607	 0.241428284620468 
608	 0.240053163658025 
609	 0.238598847568954 
610	 0.237055220190763 
611	 0.235449481320713 
612	 0.233819555703806 
613	 0.232190738571103 
614	 0.230606763322775 
615	 0.229092446011232 
616	 0.227639509937276 
617	 0.226270603916896 
618	 0.225020779482852 
619	 0.223878173344661 
620	 0.222836122925382 
621	 0.22195747935721 
622	 0.221256597914659 
623	 0.220663358686511 
624	 0.22021151275228 
625	 0.21990605428856 
626	 0.219733782025093 
627	 0.219639946103666 
628	 0.219619469972818 
629	 0.219627004635608 
630	 0.219564424733769 
631	 0.219530712668215 
632	 0.219416723720906 
633	 0.219108391258752 
634	 0.218656696623621 
635	 0.218018869036778 
636	 0.217148975742215 
637	 0.216013627916955 
638	 0.214624810687441 
639	 0.213025007493777 
640	 0.211236753707931 
641	 0.209263682361884 
642	 0.207063097466792 
643	 0.204673465671819 
644	 0.202150507254487 
645	 0.19953272186335 
646	 0.196939465187999 
647	 0.194446633590478 
648	 0.192029814357274 
649	 0.189847046105432 
650	 0.187810447291476 
651	 0.185800688804407 
652	 0.183869082151179 
653	 0.181906753946138 
654	 0.179807324753088 
655	 0.177360831911753 
656	 0.174660049629343 
657	 0.171534278489176 
658	 0.168035080821388 
659	 0.164184108076835 
660	 0.160062066346842 
661	 0.155824894985596 
662	 0.151537823523319 
663	 0.147168860090823 
664	 0.142897272366193 
665	 0.138890705738957 
666	 0.135161401108052 
667	 0.13180177347028 
668	 0.128783718303582 
669	 0.126102616867918 
670	 0.123970563210084 
671	 0.122228855459156 
672	 0.120790780458027 
673	 0.119613386977449 
674	 0.118850049734975 
675	 0.118387507398386 
676	 0.118157135765319 
677	 0.118183094316174 
678	 0.118592324834677 
679	 0.119540046571842 
680	 0.121179287992727 
681	 0.123591547373033 
682	 0.126899489344312 
683	 0.131354686488187 
684	 0.137227093309676 
685	 0.144292636198018 
686	 0.153458192392893 
687	 0.165191909799876 
688	 0.17668490606585 
689	 0.18837213564055 
690	 0.200811277712786 
691	 0.21397631668302 
692	 0.227492765504249 
693	 0.241495352000728 
694	 0.255801418176763 
695	 0.269702377855582 
696	 0.283065986247721 
697	 0.295759132136926 
698	 0.308027768364856 
699	 0.319878212805425 
700	 0.331142161599609 
701	 0.341686627313107 
702	 0.351466212810474 
703	 0.360550749853581 
704	 0.368867467971559 
705	 0.376579641457676 
706	 0.383863016117228 
707	 0.390637528369325 
708	 0.39700254858589 
709	 0.40304780256934 
710	 0.408642090052732 
711	 0.413856097322045 
712	 0.41882978850924 
713	 0.423665766321035 
714	 0.428156838397061 
715	 0.432071472950516 
716	 0.435622149910574 
717	 0.439389912445168 
718	 0.44353114069291 
719	 0.447905234427677 
720	 0.451932004858702 
721	 0.454749415773162 
722	 0.456759562609635 
723	 0.458880104457794 
724	 0.461847081754997 
725	 0.464670860936258 
726	 0.466972075177097 
727	 0.468905444467864 
728	 0.471024286396557 
729	 0.473004993607494 
730	 0.474863825079187 
731	 0.476638936272089 
732	 0.478252853832314 
733	 0.479500278413034 
734	 0.480540963820266 
735	 0.481692634853029 
736	 0.483026353900077 
737	 0.484231694669794 
738	 0.48521552362719 
739	 0.486220888469342 
740	 0.487166250400926 
741	 0.488047577389179 
742	 0.488877524912031 
743	 0.489687468154377 
744	 0.490439719358228 
745	 0.491111038029357 
746	 0.491686589996504 
747	 0.492185360817117 
748	 0.49269070730984 
749	 0.493249026939007 
750	 0.493859471056954 
751	 0.494423558785438 
752	 0.494901773241724 
753	 0.495308417652993 
754	 0.495755322892046 
755	 0.496253616930371 
756	 0.496962816882657 
757	 0.497894113809079 
758	 0.497145010893246 
759	 0.49645954358548 
760	 0.499255597106215 
761	 0.508499389477555 
762	 0.51040262718731 
763	 0.508598804702635 
764	 0.507664546996863 
765	 0.506409414827488 
766	 0.504902288151949 
767	 0.503446983743746 
768	 0.502351230572445 
769	 0.501757788464125 
770	 0.501563803925094 
771	 0.50160074607167 
772	 0.501658485831799 
773	 0.50180575245033 
774	 0.502047800576814 
775	 0.50235038756414 
776	 0.502630416310088 
777	 0.502793595337955 
778	 0.502984636198569 
779	 0.503342573126425 
780	 0.503722350865963 
781	 0.503969171470291 
782	 0.504150972568819 
783	 0.504459357708465 
784	 0.504845420734056 
785	 0.505149313504572 
786	 0.505329563605561 
787	 0.505523588617108 
788	 0.505770962468283 
789	 0.506116743158204 
790	 0.506532917253986 
791	 0.506812201769278 
792	 0.507055638546496 
793	 0.507300966238348 
794	 0.507566351568005 
795	 0.507875366297981 
796	 0.508220868346551 
797	 0.508517850344867 
798	 0.508647067006682 
799	 0.508765011317533 
800	 0.509070884487784 
801	 0.509547842022108 
802	 0.509824284332554 
803	 0.51010821123539 
804	 0.510437535485089 
805	 0.510768623307576 
806	 0.510954371793793 
807	 0.510997697363405 
808	 0.51106178340134 
809	 0.511329761399878 
810	 0.511618021450311 
811	 0.511758095602885 
812	 0.511746823726831 
813	 0.511783170052019 
814	 0.512037262064207 
815	 0.512519373795289 
816	 0.51313899560912 
817	 0.513718241768203 
818	 0.51446338489887 
819	 0.51513725059833 
820	 0.515356420382248 
821	 0.514495676176085 
822	 0.514040789733496 
823	 0.514775108104811 
824	 0.516547546496654 
825	 0.51678751848939 
826	 0.516113866503117 
827	 0.515456429261888 
828	 0.515721441457818 
829	 0.51623704169052 
830	 0.516646244457793 
831	 0.516807315047004 
832	 0.516854266141667 
833	 0.517140662577564 
834	 0.517511083883952 
835	 0.51774429665417 
836	 0.517794125122046 
837	 0.517979183795896 
838	 0.518187898877066 
839	 0.518218529777508 
840	 0.518521628335218 
841	 0.518666920160561 
842	 0.518664297564931 
843	 0.518865111213619 
844	 0.519094959601471 
845	 0.519348161202318 
846	 0.519543404833145 
847	 0.519499496715045 
848	 0.519432992611635 
849	 0.519609877221962 
850	 0.520037460683721 
851	 0.520110230696854 
852	 0.519946684778527 
853	 0.519774792813902 
854	 0.519968653811287 
855	 0.521225070852906 
856	 0.522328148476949 
857	 0.522604904063491 
858	 0.522035237798653 
859	 0.521972641751035 
860	 0.522205386365818 
861	 0.522442162005113 
862	 0.5224529119044 
863	 0.522300466378075 
864	 0.522046433138838 
865	 0.521871479256124 
866	 0.522137593801509 
867	 0.522961367541542 
868	 0.523875203892455 
869	 0.524394540916638 
870	 0.52432154160163 
871	 0.524210253701063 
872	 0.524198445247312 
873	 0.524277954187855 
874	 0.524379350442091 
875	 0.52457408220085 
876	 0.52489222434367 
877	 0.525267073469216 
878	 0.525385926830041 
879	 0.525457275973969 
880	 0.525563192938961 
881	 0.525707169758642 
882	 0.526016609044661 
883	 0.526185233748341 
884	 0.526143475978032 
885	 0.526162282845653 
886	 0.526301985172884 
887	 0.526556367511489 
888	 0.526889856735446 
889	 0.52720752005664 
890	 0.527018285668681 
891	 0.526696465700909 
892	 0.526568322868393 
893	 0.526200102318934 
894	 0.525687738459313 
895	 0.525196846030009 
896	 0.524912744383168 
897	 0.524800815781538 
898	 0.525292605364739 
899	 0.526218121608518 
900	 0.527161535567282 
901	 0.528526368604356 
902	 0.529629605644017 
903	 0.529984514085791 
904	 0.529421044000706 
905	 0.528737268709905 
906	 0.527718033186182 
907	 0.526675792129559 
908	 0.526487285021854 
909	 0.527174365831512 
910	 0.528131672487565 
911	 0.528724422482658 
912	 0.528559222321257 
913	 0.528162235684118 
914	 0.527973798220546 
915	 0.528246437568773 
916	 0.528895319560799 
917	 0.529722176245759 
918	 0.53033698524074 
919	 0.530525566599046 
920	 0.530591844779342 
921	 0.530080473990226 
922	 0.529622791045461 
923	 0.529754061799267 
924	 0.529516243586498 
925	 0.529464839412878 
926	 0.528882377656988 
927	 0.526785601106644 
928	 0.524015508594072 
929	 0.521431458344289 
930	 0.518910441235773 
931	 0.515900192613543 
932	 0.514588940232526 
933	 0.51439489496319 
934	 0.515766741455015 
935	 0.519645632030741 
936	 0.523768628454929 
937	 0.526373959202908 
938	 0.526964863989139 
939	 0.526248616009902 
940	 0.526455741412496 
941	 0.525138152163658 
942	 0.522201985470717 
943	 0.520158572656896 
944	 0.518909586384504 
945	 0.518605815104654 
946	 0.519249029870679 
947	 0.520475049356773 
948	 0.519752676107377 
949	 0.518580626438464 
950	 0.517978490824494 
951	 0.517281394214046 
952	 0.516490276220616 
953	 0.515995410789907 
954	 0.515834027635863 
955	 0.515319405078903 
956	 0.514771476996475 
957	 0.514223565737841 
958	 0.513771073889561 
959	 0.513673544300718 
960	 0.513091684356743 
961	 0.512590708465721 
962	 0.512791484445717 
963	 0.513732348743338 
964	 0.514348631174409 
965	 0.514413357197072 
966	 0.514099101661944 
967	 0.513837216719152 
968	 0.513869711567958 
969	 0.513943149506499 
970	 0.513780827311419 
971	 0.513597218463102 
972	 0.512223721363991 
973	 0.511040921364604 
974	 0.511141136934521 
975	 0.510013969623687 
976	 0.51047704702052 
977	 0.5117869915451 
978	 0.512507842798169 
979	 0.513551703059754 
980	 0.513799105403051 
981	 0.513446059935723 
982	 0.513267206584689 
983	 0.51414223995255 
984	 0.515078533905624 
985	 0.515086105687422 
986	 0.514068844752221 
987	 0.514795640166885 
988	 0.515250067042263 
989	 0.515468112627191 
990	 0.51598795550592 
991	 0.515867187187299 
992	 0.516270514369099 
993	 0.516910117272237 
994	 0.51713287700866 
995	 0.517386659876193 
996	 0.517993998401795 
997	 0.518356496278347 
998	 0.517980667948101 
999	 0.518254748035976 
1000	 0.518435232997658 
1001	 0.569276067064833 
1002	 0.569339323772333 
1003	 0.569639217850391 
1004	 0.570021273601628 
1005	 0.570434522430543 
1006	 0.57081736770075 
1007	 0.571374556544825 
1008	 0.571780492109076 
1009	 0.572096205176098 
1010	 0.572605566178847 
1011	 0.573300349309377 
1012	 0.57389020020302 
1013	 0.574381577738564 
1014	 0.574827548960931 
1015	 0.575290012291845 
1016	 0.575881241456356 
1017	 0.576473940182483 
1018	 0.577169570972094 
1019	 0.57776954655384 
1020	 0.578216183730526 
1021	 0.578660280040098 
1022	 0.579216155759494 
1023	 0.579672589360946 
1024	 0.580124414657119 
1025	 0.580620465237435 
1026	 0.580901905111867 
1027	 0.581307009561299 
1028	 0.581688856715436 
1029	 0.582134290078296 
1030	 0.582701495218682 
1031	 0.583132619749294 
1032	 0.583438289309491 
1033	 0.584005969162674 
1034	 0.584382991689807 
1035	 0.584640314604267 
1036	 0.585101769659465 
1037	 0.585371899917528 
1038	 0.585820213818201 
1039	 0.586279624977207 
1040	 0.586669469012847 
1041	 0.587133765410648 
1042	 0.587400134515888 
1043	 0.587770168130668 
1044	 0.588176827100278 
1045	 0.588637973049425 
1046	 0.588994214612259 
1047	 0.589384821392018 
1048	 0.589737487849065 
1049	 0.590062508296717 
1050	 0.590369218064448 
1051	 0.590750416929272 
1052	 0.591187997408426 
1053	 0.591488632875911 
1054	 0.591666616585788 
1055	 0.591836219110044 
1056	 0.591883119887882 
1057	 0.591915819423099 
1058	 0.591789874233127 
1059	 0.591916072737733 
1060	 0.592154117062571 
1061	 0.592326597544884 
1062	 0.592617259173168 
1063	 0.592898703425481 
1064	 0.592967354495057 
1065	 0.593030124493424 
1066	 0.593127108260253 
1067	 0.59313099852098 
1068	 0.59316513738679 
1069	 0.593425443721222 
1070	 0.593598408921383 
1071	 0.593860536218487 
1072	 0.593945595350202 
1073	 0.593899785409083 
1074	 0.593901050952408 
1075	 0.593850350335544 
1076	 0.593904150480985 
1077	 0.593745331756404 
1078	 0.593599238844164 
1079	 0.593515839397476 
1080	 0.593461169355032 
1081	 0.593710484526459 
1082	 0.593995487895145 
1083	 0.594077242648288 
1084	 0.593963530652763 
1085	 0.593985889054178 
1086	 0.593986369788041 
1087	 0.5939753863698 
1088	 0.594009742479089 
1089	 0.594005570398781 
1090	 0.593985975709385 
1091	 0.593752926015444 
1092	 0.593641002610932 
1093	 0.59371824560006 
1094	 0.593686534110248 
1095	 0.593808605258285 
1096	 0.593888258401793 
1097	 0.594039954121101 
1098	 0.594045574692217 
1099	 0.594023630293844 
1100	 0.593980869863233 
1101	 0.593816162543811 
1102	 0.59373424972468 
1103	 0.593741601679642 
1104	 0.593676768440351 
1105	 0.59356169952498 
1106	 0.593501827288365 
1107	 0.593590092525354 
1108	 0.593395987141158 
1109	 0.593232757257065 
1110	 0.59294117157556 
1111	 0.592745563527016 
1112	 0.592321107452917 
1113	 0.592199506546516 
1114	 0.59249620761006 
1115	 0.592411982652783 
1116	 0.592256103003895 
1117	 0.592054212650981 
1118	 0.591626621772683 
1119	 0.591098162801308 
1120	 0.590555042084468 
1121	 0.589851380553877 
1122	 0.588614865234542 
1123	 0.58763703942627 
1124	 0.586722194659036 
1125	 0.585989578850704 
1126	 0.585064074740303 
1127	 0.584530902570296 
1128	 0.583297402495435 
1129	 0.581753543589067 
1130	 0.580203134468266 
1131	 0.578440318950383 
1132	 0.576755574693611 
1133	 0.575105150734547 
1134	 0.573569461641925 
1135	 0.572136786033309 
1136	 0.570643661445024 
1137	 0.569315120402353 
1138	 0.567826506815204 
1139	 0.566111098161758 
1140	 0.564486760447167 
1141	 0.562899091644431 
1142	 0.561512320049716 
1143	 0.559488852300979 
1144	 0.557303230101246 
1145	 0.555048799425975 
1146	 0.552266027526161 
1147	 0.549970487732392 
1148	 0.547937282435948 
1149	 0.545849378049477 
1150	 0.543987329625618 
1151	 0.541934960315442 
1152	 0.539760028464029 
1153	 0.537832196044053 
1154	 0.536001665088312 
1155	 0.534134579682835 
1156	 0.532663602875473 
1157	 0.531340536437794 
1158	 0.530186984854551 
1159	 0.529190842129055 
1160	 0.52832699083392 
1161	 0.527540382981038 
1162	 0.526998119342398 
1163	 0.526668206556585 
1164	 0.526263853936849 
1165	 0.525963611937663 
1166	 0.525590339283121 
1167	 0.525113201748422 
1168	 0.524722258444148 
1169	 0.52450618528462 
1170	 0.524096422538222 
1171	 0.523526930012339 
1172	 0.523028873112369 
1173	 0.522587742566206 
1174	 0.522101680797021 
1175	 0.521849509749957 
1176	 0.521902428031821 
1177	 0.521676272642774 
1178	 0.521420041397538 
1179	 0.52120921882619 
1180	 0.52091657442811 
1181	 0.520632104871462 
1182	 0.5203310102004 
1183	 0.520076994857281 
1184	 0.519810389392116 
1185	 0.519607309760098 
1186	 0.519563512568276 
1187	 0.519431157870204 
1188	 0.519413657557658 
1189	 0.519019811037168 
1190	 0.518799201893188 
1191	 0.518618255185108 
1192	 0.518407353668361 
1193	 0.518451114638043 
1194	 0.518426493160884 
1195	 0.518431620948153 
1196	 0.518388272988253 
1197	 0.518371962576038 
1198	 0.518341474920911 
1199	 0.518237410404984 
1200	 0.518278079174351 
1201	 0.518367365483314 
1202	 0.518451293092192 
1203	 0.518684509509406 
1204	 0.518804158324798 
1205	 0.518750827592042 
1206	 0.518964126015776 
1207	 0.519278365131244 
1208	 0.519413409777605 
1209	 0.519709486969277 
1210	 0.520017397044817 
1211	 0.520142281845546 
1212	 0.520378946285079 
1213	 0.520765435252132 
1214	 0.521134955155818 
1215	 0.521500132377498 
1216	 0.521913176964788 
1217	 0.522352306036641 
1218	 0.522767244038429 
1219	 0.523240863607706 
1220	 0.523804923105953 
1221	 0.524275664930879 
1222	 0.524725827446594 
1223	 0.525196159671101 
1224	 0.525587875078292 
1225	 0.526126055521976 
1226	 0.526671246691776 
1227	 0.527141733931342 
1228	 0.527586710564443 
1229	 0.528038132004177 
1230	 0.528593607224514 
1231	 0.529107748976685 
1232	 0.529639185691126 
1233	 0.530275818154843 
1234	 0.530680188860386 
1235	 0.530944117908682 
1236	 0.531362641229484 
1237	 0.531787521121247 
1238	 0.532161775673518 
1239	 0.532649669659172 
1240	 0.533101344316846 
1241	 0.53348110445274 
1242	 0.533790129548973 
1243	 0.534069805584824 
1244	 0.534412304743197 
1245	 0.534575180148768 
1246	 0.53485536769516 
1247	 0.535439498153621 
1248	 0.535919671643496 
1249	 0.53634109496256 
1250	 0.536713731733315 
1251	 0.536875227276212 
1252	 0.537089474834398 
1253	 0.537455771064859 
1254	 0.537892958749635 
1255	 0.538515566930635 
1256	 0.539009062725103 
1257	 0.539323505573747 
1258	 0.539431162179975 
1259	 0.539735720398149 
1260	 0.539904130608403 
1261	 0.540246506706313 
1262	 0.540881227189086 
1263	 0.541312005931151 
1264	 0.541400617950707 
1265	 0.541566296354196 
1266	 0.541681941745926 
1267	 0.541977309234505 
1268	 0.542401386837237 
1269	 0.542507688615342 
1270	 0.542590372222038 
1271	 0.542472930259293 
1272	 0.542145179482557 
1273	 0.542218020037451 
1274	 0.542290947071366 
1275	 0.542058236203968 
1276	 0.541797670009278 
1277	 0.541476959603399 
1278	 0.541154112393407 
1279	 0.540859328067995 
1280	 0.540493850500649 
1281	 0.540268737971303 
1282	 0.539839503849087 
1283	 0.539167231696353 
1284	 0.538577055962475 
1285	 0.538226801371457 
1286	 0.537698448755363 
1287	 0.537189947871555 
1288	 0.536719493520701 
1289	 0.536047614730153 
1290	 0.535586231752524 
1291	 0.535173066756455 
1292	 0.534528142229075 
1293	 0.533971813345187 
1294	 0.533296602674697 
1295	 0.532503665288351 
1296	 0.531931360596262 
1297	 0.531297550262726 
1298	 0.530493311585586 
1299	 0.529913726280144 
1300	 0.529322485666426 
1301	 0.528502280029519 
1302	 0.527633222918702 
1303	 0.526718813255284 
1304	 0.52551671338969 
1305	 0.524607257543637 
1306	 0.523876949190105 
1307	 0.523056681353834 
1308	 0.521998985182215 
1309	 0.520690485217921 
1310	 0.519292303292157 
1311	 0.518038168459491 
1312	 0.517031120563309 
1313	 0.516010675593782 
1314	 0.514687519950588 
1315	 0.513253851660366 
1316	 0.511805814172797 
1317	 0.510439528944084 
1318	 0.509239798560795 
1319	 0.507622430724176 
1320	 0.505822949871232 
1321	 0.50446252241654 
1322	 0.502851559933015 
1323	 0.501171162656369 
1324	 0.499839419647859 
1325	 0.498030524618754 
1326	 0.496214531280444 
1327	 0.494748980963435 
1328	 0.492949899122906 
1329	 0.491028812124344 
1330	 0.489075967083267 
1331	 0.487002442293816 
1332	 0.484839395603197 
1333	 0.482760786786721 
1334	 0.480487023171418 
1335	 0.478406592864046 
1336	 0.476516923835602 
1337	 0.474471021034923 
1338	 0.472907372414816 
1339	 0.47141650434441 
1340	 0.469550352815773 
1341	 0.468159642180376 
1342	 0.467018062258069 
1343	 0.465542485830311 
1344	 0.463705611158742 
1345	 0.462306621877843 
1346	 0.461665919773636 
1347	 0.460899096247645 
1348	 0.459529682814306 
1349	 0.457608696069426 
1350	 0.455151506445245 
1351	 0.452962346422937 
1352	 0.453210607475711 
1353	 0.45431510544568 
1354	 0.453149395203956 
1355	 0.450249671257887 
1356	 0.446831328098728 
1357	 0.442780919735787 
1358	 0.440504682581217 
1359	 0.43812605812613 
1360	 0.44063298433758 
1361	 0.436529989067674 
1362	 0.434881242228011 
1363	 0.431488660947156 
1364	 0.414685737334494 
1365	 0.41763576071442 
1366	 0.402910493151287 
1367	 0.394055837133194 
1368	 0.430533137738602 
1369	 0.408078658199171 
1370	 0.434477215487847 
1371	 0.456346616907403 
1372	 0.380452357063606 
1373	 0.364222635671528 
1374	 0.371622036507922 
1375	 0.403496714140635 
1376	 0.471153039063071 
1377	 0.447763322187328 
1378	 0.374529845944821 
1379	 0.332330428982987 
1380	 0.314925668783961 
1381	 0.36806238672596 
1382	 0.425084549327836 
1383	 0.368821779189986 
1384	 0.315160484542411 
1385	 0.312318687199318 
1386	 0.328883272893837 
1387	 0.338134169119959 
1388	 0.358586739977975 
1389	 0.359471062111002 
1390	 0.337236824992291 
1391	 0.272682462745495 
1392	 0.273013575861638 
1393	 0.293257719901917 
1394	 0.255482119524003 
1395	 0.238835172404385 
1396	 0.231050393153703 
1397	 0.198062988775633 
1398	 0.206164849977582 
1399	 0.249697019199892 
1400	 0.257436551237372 
1401	 0.244930030052765 
1402	 0.232967004673318 
1403	 0.205416072854606 
1404	 0.191667266839564 
1405	 0.201997430157289 
1406	 0.203287889570816 
1407	 0.196768767606227 
1408	 0.191488789696155 
1409	 0.183479816073256 
1410	 0.181385895469088 
1411	 0.184173100718253 
1412	 0.180961740512448 
1413	 0.177360259869222 
1414	 0.178041063152789 
1415	 0.176215646216757 
1416	 0.173244287939426 
1417	 0.170750499780388 
1418	 0.165229598873576 
1419	 0.160344387711667 
1420	 0.160628114499569 
1421	 0.163065705041349 
1422	 0.164489122712768 
1423	 0.163066719001496 
1424	 0.159358754514861 
1425	 0.157610007104911 
1426	 0.156814928698815 
1427	 0.15632100289782 
1428	 0.156427229777151 
1429	 0.15756760062754 
1430	 0.157290965119082 
1431	 0.155628778211205 
1432	 0.154231494094237 
1433	 0.152874224198966 
1434	 0.15179201279273 
1435	 0.150980202212489 
1436	 0.150687154094005 
1437	 0.151070763544071 
1438	 0.149985773284632 
1439	 0.149029904920746 
1440	 0.149635938894605 
1441	 0.149548475064406 
1442	 0.149507771810027 
1443	 0.149067322514282 
1444	 0.147457094629863 
1445	 0.147193076449868 
1446	 0.147839784016641 
1447	 0.148166633516477 
1448	 0.148692511300848 
1449	 0.148470819038804 
1450	 0.147570751967243 
1451	 0.147373965983225 
1452	 0.147420539042796 
1453	 0.147282766264201 
1454	 0.147619210612476 
1455	 0.147850080446545 
1456	 0.147842195296066 
1457	 0.148274867971493 
1458	 0.148591510483564 
1459	 0.14858497261064 
1460	 0.14896829011679 
1461	 0.149507892016895 
1462	 0.149666731256787 
1463	 0.149881516179878 
1464	 0.150179680231187 
1465	 0.150230000000544 
1466	 0.150717917118665 
1467	 0.151760582480558 
1468	 0.152367665020102 
1469	 0.152671437901102 
1470	 0.153429544554255 
1471	 0.154249728422177 
1472	 0.155155444405589 
1473	 0.156321180885984 
1474	 0.1577150535975 
1475	 0.158608064244448 
1476	 0.15923990824346 
1477	 0.16033493989824 
1478	 0.161641712401978 
1479	 0.163109839333035 
1480	 0.164363439772053 
1481	 0.16502266038082 
1482	 0.165902471443621 
1483	 0.167194501807267 
1484	 0.168363232884936 
1485	 0.169609659140896 
1486	 0.170972956407433 
1487	 0.17202453218385 
1488	 0.17290378223597 
1489	 0.174060162866 
1490	 0.175191461333873 
1491	 0.176230470033834 
1492	 0.17761343238992 
1493	 0.178866298228972 
1494	 0.179935747422255 
1495	 0.181122889034092 
1496	 0.182068196405082 
1497	 0.183143019987714 
1498	 0.184610311203617 
1499	 0.185871871786765 
1500	 0.187135350251464 
1501	 0.188477564845769 
1502	 0.189488422787669 
1503	 0.19060978201009 
1504	 0.191910169576599 
1505	 0.193166938627735 
1506	 0.194580143362106 
1507	 0.195951507156938 
1508	 0.197241033650689 
1509	 0.198721481104671 
1510	 0.200179507538171 
1511	 0.201556685919425 
1512	 0.202899033566973 
1513	 0.203833874960868 
1514	 0.204944136101534 
1515	 0.2065035690012 
1516	 0.207878419229115 
1517	 0.209296085276592 
1518	 0.210695949863253 
1519	 0.21173281889708 
1520	 0.21278462383191 
1521	 0.21420754786849 
1522	 0.215645268625333 
1523	 0.216832000195826 
1524	 0.218125541428609 
1525	 0.219429695905823 
1526	 0.220661920428584 
1527	 0.222053687509646 
1528	 0.223383328316928 
1529	 0.224529209946772 
1530	 0.225691527400825 
1531	 0.226952934399676 
1532	 0.228359570747879 
1533	 0.229657455802875 
1534	 0.230995955224004 
1535	 0.232201252197615 
1536	 0.23316741064843 
1537	 0.234382793916353 
1538	 0.235641697937574 
1539	 0.237106140069736 
1540	 0.238558078437399 
1541	 0.239788359603215 
1542	 0.240921319720559 
1543	 0.241935265543986 
1544	 0.242953572413506 
1545	 0.244214734304733 
1546	 0.245465352342068 
1547	 0.246590174793179 
1548	 0.247789074361028 
1549	 0.248959267919203 
1550	 0.250019253130983 
1551	 0.251232870038289 
1552	 0.252428601161453 
1553	 0.253406599301575 
1554	 0.254421106120843 
1555	 0.255498625816192 
1556	 0.256557834070235 
1557	 0.257672846972051 
1558	 0.258852364485001 
1559	 0.25989945834441 
1560	 0.260877781648678 
1561	 0.261874688698836 
1562	 0.262828229371381 
1563	 0.263944391793143 
1564	 0.264953962970929 
1565	 0.265788282434877 
1566	 0.266801732839009 
1567	 0.26776764338816 
1568	 0.268732228500942 
1569	 0.269923390214521 
1570	 0.271019768956832 
1571	 0.271911796755105 
1572	 0.272886381388959 
1573	 0.273925829794184 
1574	 0.274907427827747 
1575	 0.275901469466863 
1576	 0.276856574337201 
1577	 0.277752342386706 
1578	 0.278789354281407 
1579	 0.279937294593872 
1580	 0.280838189980534 
1581	 0.281618496146611 
1582	 0.282413870506276 
1583	 0.283085420276841 
1584	 0.283924824616499 
1585	 0.284888423607018 
1586	 0.285813619805448 
1587	 0.28682731649551 
1588	 0.287821260022145 
1589	 0.288628917518615 
1590	 0.289226293444999 
1591	 0.289882885912419 
1592	 0.290688998659776 
1593	 0.291475461681791 
1594	 0.292488454846953 
1595	 0.293562163776698 
1596	 0.294306042551008 
1597	 0.295164009236772 
1598	 0.296085464259875 
1599	 0.296743939539091 
1600	 0.297414079545198 
1601	 0.298030613463773 
1602	 0.298621377538693 
1603	 0.299465138459149 
1604	 0.300421086741593 
1605	 0.301401606436871 
1606	 0.302373400805594 
1607	 0.302916928744149 
1608	 0.303370910515459 
1609	 0.304330091038984 
1610	 0.305220298352437 
1611	 0.305998033817836 
1612	 0.306861177918442 
1613	 0.307290913858087 
1614	 0.307665831144631 
1615	 0.308404333764746 
1616	 0.309114052259237 
1617	 0.309792494014059 
1618	 0.310491648673284 
1619	 0.310948476088821 
1620	 0.311381359553552 
1621	 0.311964878286912 
1622	 0.312512432876973 
1623	 0.313092087392585 
1624	 0.313685614765362 
1625	 0.314222009371307 
1626	 0.314668607555719 
1627	 0.315005978251851 
1628	 0.315568762259897 
1629	 0.316196671510665 
1630	 0.316679617147584 
1631	 0.317387214988718 
1632	 0.318058888471272 
1633	 0.318462836248677 
1634	 0.318963842477895 
1635	 0.319582893769174 
1636	 0.320075169488815 
1637	 0.320402467906607 
1638	 0.320738101684142 
1639	 0.321159551254455 
1640	 0.321678676582478 
1641	 0.322159021646187 
1642	 0.322591422826016 
1643	 0.322969985948569 
1644	 0.323159532885563 
1645	 0.323446046092076 
1646	 0.32395495044417 
1647	 0.324494756578199 
1648	 0.324902165617289 
1649	 0.32514036236309 
1650	 0.32525664362585 
1651	 0.325214589841505 
1652	 0.325201536371871 
1653	 0.325429100993902 
1654	 0.325814324770721 
1655	 0.326095698798534 
1656	 0.326166611379177 
1657	 0.326301866578461 
1658	 0.326393875468514 
1659	 0.326414778411794 
1660	 0.326727553983854 
1661	 0.326958780836044 
1662	 0.326892043504627 
1663	 0.326984124367295 
1664	 0.327045900426678 
1665	 0.327007204251835 
1666	 0.326977696548531 
1667	 0.326750338375344 
1668	 0.326661938960466 
1669	 0.326585241359896 
1670	 0.326435843200758 
1671	 0.326637159157916 
1672	 0.326669703778354 
1673	 0.326362366143579 
1674	 0.326168721923949 
1675	 0.325792351897667 
1676	 0.325380869940382 
1677	 0.325395287393998 
1678	 0.325490471094427 
1679	 0.325462765159563 
1680	 0.325183502941519 
1681	 0.32483676100157 
1682	 0.324425918345258 
1683	 0.323931881845819 
1684	 0.323793067296399 
1685	 0.323400393868089 
1686	 0.322841416943091 
1687	 0.322657470766933 
1688	 0.322168445478214 
1689	 0.321662505969879 
1690	 0.321356622978479 
1691	 0.320962226978339 
1692	 0.320633017460864 
1693	 0.320125542710514 
1694	 0.319550345569168 
1695	 0.319033255916785 
1696	 0.318479126716473 
1697	 0.318088253576464 
1698	 0.317667621524273 
1699	 0.317091169876805 
1700	 0.316872343131378 
1701	 0.316715050215116 
1702	 0.31605358433066 
1703	 0.315537236584101 
1704	 0.314602852206042 
1705	 0.313972031979144 
1706	 0.313970132830058 
1707	 0.313532280026259 
1708	 0.312767103358247 
1709	 0.312130581644756 
1710	 0.311310667350463 
1711	 0.310610189588404 
1712	 0.310141922868187 
1713	 0.309566369041633 
1714	 0.308942826947857 
1715	 0.308364626942877 
1716	 0.307817942217175 
1717	 0.307210766192915 
1718	 0.306555936788185 
1719	 0.305929668676506 
1720	 0.305208102160634 
1721	 0.30461600832069 
1722	 0.304257549466106 
1723	 0.303665163931174 
1724	 0.302948009121459 
1725	 0.302379573548298 
1726	 0.301721143740639 
1727	 0.301158361195452 
1728	 0.300794625737406 
1729	 0.300294581644102 
1730	 0.29960798574785 
1731	 0.299194769798334 
1732	 0.299036081143975 
1733	 0.2985653547602 
1734	 0.298084886271184 
1735	 0.297657008762308 
1736	 0.297034516108855 
1737	 0.296564975544665 
1738	 0.296362498737618 
1739	 0.295754356287385 
1740	 0.294702555411326 
1741	 0.294229209175275 
1742	 0.293980601652176 
1743	 0.293572616318397 
1744	 0.293573432628972 
1745	 0.293147517729834 
1746	 0.292305148491005 
1747	 0.291579108057569 
1748	 0.290769748285979 
1749	 0.289974883246991 
1750	 0.289097427468 
1751	 0.28821668708897 
1752	 0.287816804168154 
1753	 0.28744282255818 
1754	 0.286738738168892 
1755	 0.286257459975354 
1756	 0.285609063486869 
1757	 0.284798982241173 
1758	 0.284183560637073 
1759	 0.283359744205953 
1760	 0.282590094721873 
1761	 0.282115235851498 
1762	 0.281490271604589 
1763	 0.280929840779124 
1764	 0.280469815544132 
1765	 0.279720735599595 
1766	 0.279023952281266 
1767	 0.278619775976292 
1768	 0.277967642631293 
1769	 0.277226009232586 
1770	 0.276975703610688 
1771	 0.276483657685455 
1772	 0.27614043569107 
1773	 0.276280995727406 
1774	 0.275965221149803 
1775	 0.27536203001683 
1776	 0.274917641330406 
1777	 0.274120950657223 
1778	 0.273615453358159 
1779	 0.273420999577428 
1780	 0.273226066215546 
1781	 0.273188639727724 
1782	 0.27320458000981 
1783	 0.273449285304448 
1784	 0.273360750288854 
1785	 0.273088758309954 
1786	 0.273004991879933 
1787	 0.272817474995322 
1788	 0.272621078581969 
1789	 0.272458422661705 
1790	 0.272357457971702 
1791	 0.272035024694772 
1792	 0.272124880578814 
1793	 0.27274086807528 
1794	 0.273345123680223 
1795	 0.274564328407081 
1796	 0.274891303308689 
1797	 0.274638792685718 
1798	 0.274588896398007 
1799	 0.273729331902832 
1800	 0.273392334092595 
1801	 0.273844880162315 
1802	 0.273863501375312 
1803	 0.273142873962123 
1804	 0.273650153849301 
1805	 0.274947792106742 
1806	 0.276573114139435 
1807	 0.280197852509315 
1808	 0.281743394354057 
1809	 0.282517693145662 
1810	 0.282334297734697 
1811	 0.280412707787997 
1812	 0.277286064126714 
1813	 0.273749908300019 
1814	 0.273095780061812 
1815	 0.276848076819984 
1816	 0.282115974004213 
1817	 0.288693283405423 
1818	 0.296417031642811 
1819	 0.30208231859792 
1820	 0.314939707056926 
1821	 0.319752036401713 
1822	 0.30245170393335 
1823	 0.296106425603359 
1824	 0.28649638300082 
1825	 0.282700579064266 
1826	 0.297190080735146 
1827	 0.314265457113749 
1828	 0.353083292138242 
1829	 0.36714006749751 
1830	 0.367667661788333 
1831	 0.199620131088177 
1832	 0.353876043188064 
1833	 0.463801323636961 
1834	 1.20213311027631 
1835	 1.88749478264558 
1836	 0.543248464284316 
1837	 0.261034299299689 
1838	-0.12788728944426 
1839	-0.353395900049871 
1840	-0.375773204420215 
1841	-0.418039247042486 
1842	-0.45680381692813 
1843	-0.291045460475971 
1844	-0.332292045559506 
1845	-1.73603823556523 
1846	 3.29845865540595 
1847	 6.41700868838866E-02 
1848	 0.680887474875148 
1849	 1.13801350312475 
1850	 0.101659667553081 
1851	-2.75527149266219E-02 
1852	-1.67808284212576 
1853	-1.54496299593296 
1854	 0.799351998655063 
1855	 0.843822800367026 
1856	 0.218579171460214 
1857	 0.033728973299928 
1858	-0.551295140932899 
1859	-5.27320804089721 
1860	-3.15612436679991 
1861	 9.48798923503077 
1862	 5.21383438449657 
1863	 0.478528987146666 
1864	 0.391311872223899 
1865	 4.26011276029653E-03 
1866	-0.309617465431544 
1867	-0.687615738588232 
1868	-0.054540529118146 
1869	 4.92750047532251E-02 
1870	 0.290322131108112 
1871	 0.37323167215076 
1872	 0.581033940565634 
1873	 0.396214753372528 
1874	 9.20568398770855E-02 
1875	 0.105424808086283 
1876	 0.198616035833332 
1877	 0.263966331398334 
1878	 0.345129570526745 
1879	 0.424739271688426 
1880	 0.384146573936119 
1881	 0.222291882392168 
1882	 0.207044899396406 
1883	 0.175213417830456 
1884	 0.213488321023348 
1885	 0.339950056017182 
1886	 0.389289825567153 
1887	 0.383144207725593 
1888	 0.34998394390563 
1889	 0.25210498547324 
1890	 0.240903143231641 
1891	 0.216598839592362 
1892	 0.208731327452691 
1893	 0.182636472729729 
1894	 0.166594160708079 
1895	 0.123586635776757 
1896	 6.42793021004617E-02 
1897	-7.37646210668719E-02 
1898	-0.158375128734511 
1899	-0.058549641650597 
1900	 0.272208934925084 
1901	 0.706135793395413 
1902	 0.817408971143303 
1903	 0.550223790590703 
1904	 0.365745892488231 
1905	-0.116225966782324 
1906	-0.289725315000673 
1907	-0.166147765484641 
1908	-1.09116008354029E-02 
1909	 2.30177855972149E-02 
1910	 0.12619631384146 
1911	 0.105315156455486 
1912	 5.97215859865741E-03 
1913	-1.43266247370998E-02 
1914	-6.33843781397116E-02 
1915	-6.34743452743849E-02 
1916	-3.95330855885566E-02 
1917	 2.18578616137168E-02 
1918	 2.63452939035952E-02 
1919	 6.95426033430552E-02 
1920	 0.131880084560172 
1921	 0.122949366445117 
1922	 0.109348377184213 
1923	 0.127294778110587 
1924	 0.104265618895049 
1925	 5.21527757982236E-02 
1926	 1.26747263207684E-02 
1927	 3.22895629182881E-02 
1928	 3.38714013340425E-02 
1929	 4.36660106628497E-02 
1930	 0.071981026539819 
1931	 6.62083949041428E-02 
1932	 5.84051858049479E-02 
1933	 5.56571938940912E-02 
1934	 4.39464461839444E-02 
1935	 4.11092491338699E-02 
1936	 4.15540038088916E-02 
1937	 4.02596429497499E-02 
1938	 4.24467072372553E-02 
1939	 4.70291916922454E-02 
1940	 4.62602892402334E-02 
1941	 4.90515235630707E-02 
1942	 4.55973612196132E-02 
1943	 4.29604708116025E-02 
1944	 4.98429993938887E-02 
1945	 4.68990125297492E-02 
1946	 4.56591964916281E-02 
1947	 4.37589836299416E-02 
1948	 4.89351017560851E-02 
1949	 4.79343881658184E-02 
1950	 4.94737928252614E-02 
1951	 5.72775794835054E-02 
1952	 5.87510520804316E-02 
1953	 5.63737981557951E-02 
1954	 5.63317910533864E-02 
1955	 5.33911588650484E-02 
1956	 5.00279176331722E-02 
1957	 5.09362279091646E-02 
1958	 5.10364246452636E-02 
1959	 5.13525632831983E-02 
1960	 5.11803967904386E-02 
1961	 5.31386880993425E-02 
1962	 5.50682804651146E-02 
1963	 5.62161531337869E-02 
1964	 5.81525318275677E-02 
1965	 5.98029844061922E-02 
1966	 5.86128166269806E-02 
1967	 5.75707745744827E-02 
1968	 5.82068652042856E-02 
1969	 5.82213395419476E-02 
1970	 5.75934515298519E-02 
1971	 5.76923570100361E-02 
1972	 5.86781397914312E-02 
1973	 5.89394550497798E-02 
1974	 5.91237339263527E-02 
1975	 6.03374657327743E-02 
1976	 0.061685146847766 
1977	 6.21331916304393E-02 
1978	 6.25507311229261E-02 
1979	 0.062726764337322 
1980	 6.27452432518705E-02 
1981	 0.063544956447051 
1982	 6.39738318893131E-02 
1983	 6.46139544030866E-02 
1984	 6.49137009658175E-02 
1985	 6.49174432804318E-02 
1986	 6.43547927427939E-02 
1987	 6.46890569748367E-02 
1988	 0.065913017250145 
1989	 6.63978580535776E-02 
1990	 6.64191232930424E-02 
1991	 6.66317281674111E-02 
1992	 6.65741308157595E-02 
1993	 0.066979613924603 
1994	 6.90472705882918E-02 
1995	 7.00099688545577E-02 
1996	 7.06955561957441E-02 
1997	 7.00066354929653E-02 
1998	 7.05900031355562E-02 
1999	 7.11108487886105E-02 
2000	 0.070894843698521 
2001	 7.16037851710911E-02 
2002	 7.32569367601251E-02 
2003	 7.39988777933628E-02 
2004	 0.074071546683217 
2005	 7.51182657054897E-02 
2006	 7.60849238403836E-02 
2007	 7.45895937465227E-02 
2008	 0.074485846820228 
2009	 7.51237678325909E-02 
2010	 0.078755599938552 
2011	 8.09274363939911E-02 
2012	 8.21122627094123E-02 
2013	 8.43770701052166E-02 
2014	 8.50842092070164E-02 
2015	 8.32761763488349E-02 
2016	 8.21019012169622E-02 
2017	 8.24448723898345E-02 
2018	 8.29134849099668E-02 
2019	 8.34045140627806E-02 
2020	 8.49916527788695E-02 
2021	 8.58772350314554E-02 
2022	 8.65488428423901E-02 
2023	 8.63640796947657E-02 
2024	 8.65135309755442E-02 
2025	 8.71171095376823E-02 
2026	 8.79945029769311E-02 
2027	 8.84849687264609E-02 
2028	 8.82147041321205E-02 
2029	 8.83720097384723E-02 
2030	 8.94811295350241E-02 
2031	 0.090662200840454 
2032	 9.10175839233034E-02 
2033	 9.15433999787164E-02 
2034	 9.19256227355004E-02 
2035	 9.14368786919934E-02 
2036	 0.09120643366314 
2037	 9.20654952961095E-02 
2038	 9.33202303052437E-02 
2039	 9.39677168798564E-02 
2040	 0.09406752207366 
2041	 9.44530421172404E-02 
2042	 9.48479360108796E-02 
2043	 9.46870990042598E-02 
2044	 9.47027227943117E-02 
2045	 9.52343229687721E-02 
2046	 9.60972586762111E-02 
2047	 0.096435447115607 
2048	 9.73940684151665E-02 
2049	 9.79438712317735E-02 
2050	 9.76287319986127E-02 
2051	 9.72723879562651E-02 
2052	 9.92986683143838E-02 
2053	 0.100941915068435 
2054	 0.10079617979041 
2055	 0.101036464956555 
2056	 0.100826253592948 
2057	 0.100024427090296 
2058	 0.101022285716677 
2059	 0.102778927713329 
2060	 0.103322984185634 
2061	 0.102481735483689 
2062	 0.102851709045177 
2063	 0.103221337401886 
2064	 0.103862900886315 
2065	 0.105229982288434 
2066	 0.106639912768905 
2067	 0.106767249951983 
2068	 0.106672023656825 
2069	 0.107557212292666 
2070	 0.108127452486349 
2071	 0.108365207422053 
2072	 0.109188740852339 
2073	 0.109721768027341 
2074	 0.109863502653294 
2075	 0.110083885170986 
2076	 0.110670594025674 
2077	 0.111155897158619 
2078	 0.111457288978584 
2079	 0.111539630289745 
2080	 0.11184128465721 
2081	 0.111605493348987 
2082	 0.111062046816532 
2083	 0.11132568288998 
2084	 0.112427424217009 
2085	 0.113515483475907 
2086	 0.114749108934472 
2087	 0.11541901710773 
2088	 0.115234640206494 
2089	 0.115626826779168 
2090	 0.115877260097364 
2091	 0.116052314130426 
2092	 0.116238149855624 
2093	 0.116171698907866 
2094	 0.116614153459905 
2095	 0.117263924707839 
2096	 0.117645118911626 
2097	 0.117965303609348 
2098	 0.119429420809455 
2099	 0.119957436963586 
2100	 0.119817073197117 
2101	 0.120307171324628 
2102	 0.120858069775048 
2103	 0.120638495849244 
2104	 0.120646967201712 
2105	 0.121410779943152 
2106	 0.121823390655982 
2107	 0.122240726763054 
2108	 0.123037080359111 
2109	 0.123694317718786 
2110	 0.124146878844095 
2111	 0.124425707027136 
2112	 0.124559422933463 
2113	 0.124794684389501 
2114	 0.124678035868585 
2115	 0.125137538216433 
2116	 0.126214577085128 
2117	 0.127451585543519 
2118	 0.128631670330576 
2119	 0.128612380670465 
2120	 0.128149048347086 
2121	 0.129045212466604 
2122	 0.129789707928697 
2123	 0.129491614137919 
2124	 0.12973328709286 
2125	 0.129697278957924 
2126	 0.130255436554109 
2127	 0.131405843115632 
2128	 0.132097224468452 
2129	 0.132944698540568 
2130	 0.13349693200624 
2131	 0.1335593516745 
2132	 0.133969570413161 
2133	 0.135013961622367 
2134	 0.134892219840629 
2135	 0.134396504339998 
2136	 0.134674469452421 
2137	 0.135194370125001 
2138	 0.135605408917546 
2139	 0.135674278138998 
2140	 0.136066024949559 
2141	 0.137230704499919 
2142	 0.138041296008822 
2143	 0.138205386683009 
2144	 0.138241307735354 
2145	 0.138551830814163 
2146	 0.137955366076689 
2147	 0.138009804489864 
2148	 0.138817993750721 
2149	 0.139438159292526 
2150	 0.140407829010509 
2151	 0.14055702011401 
2152	 0.140099139016671 
2153	 0.140383328541096 
2154	 0.140780431186413 
2155	 0.140578253926982 
2156	 0.140670113652334 
2157	 0.141517509067922 
2158	 0.142110085928069 
2159	 0.142466005453708 
2160	 0.143575193129623 
2161	 0.144062545941789 
2162	 0.143598046820171 
2163	 0.143686387810199 
2164	 0.144162036677031 
2165	 0.14545113979298 
2166	 0.145828882037641 
2167	 0.145694286272472 
2168	 0.146471422300416 
2169	 0.147428901278937 
2170	 0.147451835002311 
2171	 0.147812289167963 
2172	 0.14857596339415 
2173	 0.148543410958425 
2174	 0.148722395072416 
2175	 0.150292480152215 
2176	 0.150664219295686 
2177	 0.150712891490194 
2178	 0.151501078283264 
2179	 0.151268867943482 
2180	 0.150190736482619 
2181	 0.149437813767376 
2182	 0.149497796693906 
2183	 0.150586013653142 
2184	 0.151525625273132 
2185	 0.15182514199707 
2186	 0.150826465407781 
2187	 0.151106159828674 
2188	 0.151893260933209 
2189	 0.152414351124327 
2190	 0.153582637243808 
2191	 0.154137140284397 
2192	 0.153877395073229 
2193	 0.154114887663455 
2194	 0.154951693306905 
2195	 0.155200487047261 
2196	 0.155115275833759 
2197	 0.154879488646051 
2198	 0.155045868443451 
2199	 0.154741270007893 
2200	 0.155076102590628 
2201	 0.155847613932835 
2202	 0.155593093562989 
2203	 0.154789972942076 
2204	 0.15474504055702 
2205	 0.155373330912209 
2206	 0.155712962082442 
2207	 0.156173632792043 
2208	 0.156614098701469 
2209	 0.156880756691439 
2210	 0.156983497695175 
2211	 0.157658464938851 
2212	 0.158013348285681 
2213	 0.157562646232347 
2214	 0.157551989641367 
2215	 0.158297202197448 
2216	 0.158285817948963 
2217	 0.157651561417822 
2218	 0.157537478168079 
2219	 0.157418066266966 
2220	 0.157266256448052 
2221	 0.157822468328192 
2222	 0.157131187989243 
2223	 0.155385602518325 
2224	 0.154443691966446 
2225	 0.154639880386327 
2226	 0.155151044745099 
2227	 0.154942459970109 
2228	 0.155898770017173 
2229	 0.157213057144558 
2230	 0.156564239050878 
2231	 0.155701554744057 
2232	 0.155545206202299 
2233	 0.154824293534627 
2234	 0.154738785994473 
2235	 0.155555974364581 
2236	 0.154735533309338 
2237	 0.154404854255554 
2238	 0.15311483822836 
2239	 0.152503588876022 
2240	 0.152817413188817 
2241	 0.152803496031945 
2242	 0.152437427710348 
2243	 0.151730005122241 
2244	 0.150729234039817 
2245	 0.15019556205439 
2246	 0.14985380376011 
2247	 0.149002313956705 
2248	 0.148073214672665 
2249	 0.147349324801748 
2250	 0.146347054019199 
2251	 0.145386683562312 
2252	 0.144512711107721 
2253	 0.143707654251793 
2254	 0.14217916196098 
2255	 0.140444750702675 
2256	 0.141034181186283 
2257	 0.142753944865886 
2258	 0.142552289247243 
2259	 0.141676469993873 
2260	 0.140930379988471 
2261	 0.14024015011336 
2262	 0.139438027746644 
2263	 0.13835900613543 
2264	 0.13834616452614 
2265	 0.137189388663492 
2266	 0.135362856971503 
2267	 0.136054308410605 
2268	 0.136242578704735 
2269	 0.134135788800085 
2270	 0.134009971555154 
2271	 0.135041082317438 
2272	 0.134507979344499 
2273	 0.132513154444758 
2274	 0.13163078848562 
2275	 0.130195807370161 
2276	 0.129427337964219 
2277	 0.129447750459428 
2278	 0.12930118279055 
2279	 0.129892304704459 
2280	 0.129561328842257 
2281	 0.128544305941979 
2282	 0.127823756238074 
2283	 0.125797313471732 
2284	 0.125743080206878 
2285	 0.128571077583998 
2286	 0.128056768285343 
2287	 0.125573590223811 
2288	 0.126178136759843 
2289	 0.125358388869917 
2290	 0.123348006801489 
2291	 0.12456328226007 
2292	 0.125137726186653 
2293	 0.123655160368224 
2294	 0.123961910728009 
2295	 0.125633712266524 
2296	 0.125365345851028 
2297	 0.124680179078288 
2298	 0.124234876658789 
2299	 0.123121236206681 
2300	 0.121025732162251 
2301	 0.119024125352951 
2302	 0.118233611834547 
2303	 0.117078435738243 
2304	 0.116213469960074 
2305	 0.116430931735971 
2306	 0.115994230172016 
2307	 0.114225180998201 
2308	 0.113306473314483 
2309	 0.1120040039282 
2310	 0.110365777982309 
2311	 0.112120504313174 
2312	 0.113124617681529 
2313	 0.112742696327003 
2314	 0.114892466199572 
2315	 0.1152615236891 
2316	 0.113322683401373 
2317	 0.113110533615208 
2318	 0.112878925754119 
2319	 0.11249904808188 
2320	 0.112092008735464 
2321	 0.112076738921425 
2322	 0.112427159111145 
2323	 0.112471768708469 
2324	 0.111504946544622 
2325	 0.11193199406345 
2326	 0.114686756367568 
2327	 0.114039121789653 
2328	 0.112704724336869 
2329	 0.1109186618301 
2330	 0.104514549940102 
2331	 0.102841011177636 
2332	 0.104592512222863 
2333	 0.104400304553982 
2334	 0.105181041871724 
2335	 0.10592600457248 
2336	 0.106598522338485 
2337	 0.105913350823874 
2338	 0.1046122550891 
2339	 0.104184043730688 
2340	 0.102374431437433 
2341	 0.101659779665136 
2342	 0.102212872499277 
2343	 0.102479224151159 
2344	 0.101232694301995 
2345	 9.71623695781351E-02 
2346	 9.60064604920402E-02 
2347	 0.098606466634034 
2348	 9.73026417051357E-02 
2349	 9.66613051949177E-02 
2350	 9.77675920651286E-02 
2351	 9.70561294319341E-02 
2352	 0.101114148057878 
2353	 0.100825743435209 
2354	 9.45472554998142E-02 
2355	 9.44172182852858E-02 
2356	 9.50334711335431E-02 
2357	 9.58708592497541E-02 
2358	 9.85482148323331E-02 
2359	 0.097045720582638 
2360	 9.16793562553122E-02 
2361	 9.03140693491628E-02 
2362	 9.48203694251036E-02 
2363	 0.093711071734858 
2364	 9.28171075435989E-02 
2365	 9.73791449048491E-02 
2366	 0.097681035081181 
2367	 9.57195569594099E-02 
2368	 0.095385880108515 
2369	 9.47048708393449E-02 
2370	 9.31812044135197E-02 
2371	 9.30018465207524E-02 
2372	 9.09103364362706E-02 
2373	 8.72673015044989E-02 
2374	 0.083114539822579 
2375	 8.26516468939125E-02 
2376	 8.85625749445245E-02 
2377	 9.05057983488508E-02 
2378	 8.89561000895538E-02 
2379	 8.66378876982545E-02 
2380	 8.29343440483499E-02 
2381	 8.51227504006279E-02 
2382	 8.95380692765819E-02 
2383	 0.091089692967726 
2384	 9.34797007157309E-02 
2385	 9.35849435161565E-02 
2386	 9.36280358831481E-02 
2387	 9.10827447557338E-02 
2388	 8.58456759852097E-02 
2389	 8.46232619221115E-02 
2390	 8.18085637516649E-02 
2391	 7.95108837780759E-02 
2392	 7.99221163890671E-02 
2393	 7.82658334463781E-02 
2394	 7.31925448451857E-02 
2395	 6.87434232867962E-02 
2396	 7.03903476684095E-02 
2397	 7.77610687094716E-02 
2398	 8.48338346093685E-02 
2399	 8.33943687695548E-02 
2400	 7.81648218087875E-02 
2401	 6.96428801517943E-02 
2402	 6.35267802051749E-02 
2403	 6.94287885842846E-02 
2404	 7.19589475664824E-02 
2405	 6.77788317711889E-02 
2406	 6.12571907546326E-02 
2407	 5.70536512994425E-02 
2408	 6.74026136077432E-02 
2409	 8.02160581480427E-02 
2410	 8.05968290252616E-02 
2411	 7.32493451452804E-02 
2412	 6.59902292165638E-02 
2413	 6.21215141362501E-02 
2414	 6.53684349249504E-02 
2415	 7.99988912432989E-02 
2416	 8.15895757860967E-02 
2417	 6.94330283547656E-02 
2418	 0.067343721729593 
2419	 6.63593078061101E-02 
2420	 7.03144647638367E-02 
2421	 8.09984605107049E-02 
2422	 8.80152214840886E-02 
2423	 8.61034823287313E-02 
2424	 7.76618094513813E-02 
2425	 7.14951440267296E-02 
2426	 5.88432567294552E-02 
2427	 5.19494985967545E-02 
2428	 6.06965350585503E-02 
2429	 6.70407469718062E-02 
2430	 6.79421058155556E-02 
2431	 6.82753937002087E-02 
2432	 6.08227684592072E-02 
2433	 4.72577719717793E-02 
2434	 4.82964120844418E-02 
2435	 5.40888968252376E-02 
2436	 5.24795107429249E-02 
2437	 6.37196071734991E-02 
2438	 7.19933788711336E-02 
2439	 6.49140106241757E-02 
2440	 7.13388817248853E-02 
2441	 0.077358728544345 
2442	 0.068181897723407 
2443	 6.96551906013097E-02 
2444	 6.62885350319198E-02 
2445	 3.95921778361098E-02 
2446	 3.85994935238001E-02 
2447	 4.99941283097515E-02 
2448	 4.11082567344707E-02 
2449	 6.60144890129475E-02 
2450	 7.77670531721556E-02 
2451	 5.80625492773256E-02 
2452	 7.74306684472744E-02 
2453	 8.42796496297847E-02 
2454	 8.48522362150604E-02 
2455	 0.100647476271994 
2456	 7.94321889451153E-02 
2457	 5.56245368923095E-02 
2458	 3.66093127097372E-02 
2459	 1.51533582542398E-02 
2460	 2.36548500002949E-02 
2461	 3.90635772789492E-02 
2462	 5.50188661200269E-02 
2463	 5.96625510563792E-02 
2464	 3.93561576143076E-02 
2465	 2.42116750496304E-02 
2466	 1.10955323803738E-02 
2467	 2.77888166975038E-02 
2468	 0.072154709627311 
2469	 7.39432932985907E-02 
2470	 5.93185947855325E-02 
2471	 5.09074034819426E-02 
2472	 3.60513123057161E-03 
2473	 1.06519542265138E-03 
2474	 4.30635719009071E-02 
2475	 6.23734673419756E-02 
2476	 9.99996617545083E-02 
2477	 0.132653980530465 
2478	 0.148217146180632 
2479	 9.38041223822897E-02 
2480	 0.100137520704615 
2481	 0.109469435419637 
2482	 0.154467812476775 
2483	 0.299205935474156 
2484	 0.262047733895413 
2485	 0.115206392168831 
2486	 0.130762081962131 
2487	 6.60084475696074E-02 
2488	 3.54651674290809E-04 
2489	 0.148380559449559 
2490	 9.57665711181592E-02 
2491	-7.20235264414382E-02 
2492	-0.113585273278273 
2493	-0.153508235761839 
2494	-0.26946593353729 
2495	-0.259908764291214 
2496	-3.94012425083153E-03 
2497	 0.138703732967811 
2498	 0.138750236540748 
2499	 2.84355288304741E-02 
2500	-0.103177362113886 
