Wavelength	09/27/123 at 12:38:09
350	 3.23506081008371E-02 
351	 3.17666834724613E-02 
352	 3.15663604758758E-02 
353	 3.16735698249823E-02 
354	 3.15077272500119E-02 
355	 3.15046958384824E-02 
356	 3.16090168067828E-02 
357	 0.031695840725638 
358	 3.15770604406017E-02 
359	 3.16750856276054E-02 
360	 3.18347191738044E-02 
361	 3.16975086780167E-02 
362	 3.16191680960299E-02 
363	 0.031780226071063 
364	 3.20947012581621E-02 
365	 3.19772583258319E-02 
366	 3.18423046507011E-02 
367	 3.16863310520107E-02 
368	 3.13944145122711E-02 
369	 3.16731135353601E-02 
370	 3.19303010071445E-02 
371	 3.17922007767338E-02 
372	 3.16701942568934E-02 
373	 3.17969307228631E-02 
374	 3.19345289516829E-02 
375	 3.16694554145589E-02 
376	 0.031791567138958 
377	 3.20860612573006E-02 
378	 3.22439834267226E-02 
379	 3.19993564823428E-02 
380	 3.18560075000067E-02 
381	 3.18962592290208E-02 
382	 3.19917133355557E-02 
383	 3.21125544357165E-02 
384	 3.23898589171091E-02 
385	 3.27230512512674E-02 
386	 3.24458608439441E-02 
387	 3.21793396354307E-02 
388	 0.032139417406249 
389	 3.23078565365267E-02 
390	 3.23245952221882E-02 
391	 3.24405406408871E-02 
392	 3.27043066008274E-02 
393	 0.032648236777726 
394	 3.27097120553342E-02 
395	 3.28241996589511E-02 
396	 3.27978374695687E-02 
397	 3.30068817757058E-02 
398	 0.033222547787605 
399	 3.33165717880447E-02 
400	 3.33957043140847E-02 
401	 3.35847126964962E-02 
402	 3.37454628278732E-02 
403	 3.36946785896606E-02 
404	 3.37228129965786E-02 
405	 3.38369583701644E-02 
406	 3.40313396315164E-02 
407	 3.43466984657248E-02 
408	 3.46215805978604E-02 
409	 0.034894625308645 
410	 3.52650393874392E-02 
411	 3.56549550660699E-02 
412	 3.59808023713808E-02 
413	 3.62606525501099E-02 
414	 3.66821866076728E-02 
415	 3.71178796311328E-02 
416	 3.75037323993149E-02 
417	 3.78153421593263E-02 
418	 3.81548610286361E-02 
419	 3.85585649479964E-02 
420	 3.90274063818547E-02 
421	 3.95330965492199E-02 
422	 3.99373683766686E-02 
423	 4.03148363544458E-02 
424	 4.07910463956394E-02 
425	 4.12414521847996E-02 
426	 4.16546046459075E-02 
427	 4.20816272924957E-02 
428	 4.26711505557928E-02 
429	 4.31367959562036E-02 
430	 0.043532630473119 
431	 4.40072609507316E-02 
432	 4.45276350706979E-02 
433	 4.49793998794409E-02 
434	 4.53455549993523E-02 
435	 4.57332806604527E-02 
436	 4.62727714378883E-02 
437	 0.046864222160815 
438	 4.73662697531205E-02 
439	 4.78625316403719E-02 
440	 4.84088390849026E-02 
441	 4.89944603752718E-02 
442	 4.95242456065992E-02 
443	 5.00659799568412E-02 
444	 5.06285463413257E-02 
445	 5.12211264708356E-02 
446	 5.19452719914835E-02 
447	 5.26202971400347E-02 
448	 5.31920516265538E-02 
449	 5.37861556019748E-02 
450	 5.43529330085298E-02 
451	 5.48997008949465E-02 
452	 5.54468227183897E-02 
453	 5.60185530123718E-02 
454	 5.65501542744336E-02 
455	 5.70394411455621E-02 
456	 0.057563069730185 
457	 5.81316616697284E-02 
458	 5.86884798313827E-02 
459	 5.91905331783542E-02 
460	 5.97344568692854E-02 
461	 6.02802448976667E-02 
462	 6.07989581932818E-02 
463	 6.12744640362102E-02 
464	 0.061815648275198 
465	 6.23776113299732E-02 
466	 6.28952625639564E-02 
467	 0.063400116614114 
468	 6.39216870382373E-02 
469	 6.44209138140908E-02 
470	 6.48045552795865E-02 
471	 0.065265671504979 
472	 6.57625869155453E-02 
473	 6.62009398337167E-02 
474	 6.64965846960582E-02 
475	 6.67866251481818E-02 
476	 6.70793736924946E-02 
477	 6.72866944182124E-02 
478	 0.067538078636786 
479	 6.78449286047223E-02 
480	 6.81906060151103E-02 
481	 6.85483271345677E-02 
482	 6.88958261499776E-02 
483	 6.92662938248331E-02 
484	 6.97318499720398E-02 
485	 7.02827356714802E-02 
486	 7.09960070774241E-02 
487	 7.18751739365087E-02 
488	 7.27132580460641E-02 
489	 7.36342895084372E-02 
490	 7.46776824023378E-02 
491	 7.58411078532518E-02 
492	 7.71160108414859E-02 
493	 7.85847315550475E-02 
494	 8.02662907184711E-02 
495	 8.20263022183445E-02 
496	 8.39396177119563E-02 
497	 8.59732951311945E-02 
498	 8.80774959349098E-02 
499	 9.05274451256568E-02 
500	 9.31938843463964E-02 
501	 9.59799208570428E-02 
502	 9.89379051301757E-02 
503	 0.10209379149797 
504	 0.105379705378215 
505	 0.108736285975735 
506	 0.112324398223965 
507	 0.116070166279634 
508	 0.119944792989165 
509	 0.124002806045841 
510	 0.128086380171151 
511	 0.132246847030334 
512	 0.136582343293831 
513	 0.140970410690743 
514	 0.145386006846623 
515	 0.149840452783085 
516	 0.154365096751449 
517	 0.159021179143673 
518	 0.163763528318511 
519	 0.168409797353135 
520	 0.172644520683379 
521	 0.17672572768827 
522	 0.180812249048432 
523	 0.184902128165016 
524	 0.188653063959025 
525	 0.192160757396341 
526	 0.195635427545504 
527	 0.199297468845115 
528	 0.202896541146116 
529	 0.206191732117993 
530	 0.209071653550593 
531	 0.211884865845193 
532	 0.214754725999681 
533	 0.217677598506403 
534	 0.220566466110166 
535	 0.223225702528232 
536	 0.225723374067038 
537	 0.228259897574707 
538	 0.230667927898793 
539	 0.233043416122283 
540	 0.235456788985623 
541	 0.237873166230858 
542	 0.24015730949612 
543	 0.242286802192518 
544	 0.244312253037947 
545	 0.246239781069285 
546	 0.24809978063295 
547	 0.249920229132802 
548	 0.251719427805955 
549	 0.253329423637023 
550	 0.254785080761395 
551	 0.256163097006565 
552	 0.257309562789409 
553	 0.258229555931457 
554	 0.258941412054023 
555	 0.259471026388809 
556	 0.259850179466842 
557	 0.260119468324475 
558	 0.260330519750453 
559	 0.26057641668108 
560	 0.260724299002032 
561	 0.260764869308905 
562	 0.26081048280789 
563	 0.260753694760691 
564	 0.260694935211719 
565	 0.260733945160318 
566	 0.260834070179492 
567	 0.26093436989533 
568	 0.260912328049256 
569	 0.260620113028525 
570	 0.260189164256081 
571	 0.259605370528474 
572	 0.258848455985292 
573	 0.25790378221336 
574	 0.256979531416433 
575	 0.25611785048689 
576	 0.255304440580567 
577	 0.254622836295628 
578	 0.253998772218902 
579	 0.25339105651317 
580	 0.252817989122787 
581	 0.252287791141483 
582	 0.251758589185051 
583	 0.251188511066146 
584	 0.250620052188975 
585	 0.250101052916478 
586	 0.249675787869405 
587	 0.249379178023719 
588	 0.249030122316267 
589	 0.248744899996645 
590	 0.248601134705385 
591	 0.248217856016597 
592	 0.24793058482983 
593	 0.247844832496544 
594	 0.247919214213323 
595	 0.248078833348621 
596	 0.24821564038062 
597	 0.248275447997087 
598	 0.248312799783961 
599	 0.248306961700024 
600	 0.248137268849752 
601	 0.247687124274248 
602	 0.247160440862162 
603	 0.246479576663675 
604	 0.245617648937395 
605	 0.244653279940692 
606	 0.243522045488703 
607	 0.242256265569438 
608	 0.24089638162652 
609	 0.239443450310117 
610	 0.237900473894456 
611	 0.236312911074211 
612	 0.234736477439486 
613	 0.233103317065523 
614	 0.231501919103519 
615	 0.230001482019441 
616	 0.228538513213927 
617	 0.227174844187485 
618	 0.225949235563663 
619	 0.224827930193135 
620	 0.223747826181852 
621	 0.222840680254353 
622	 0.222162420794925 
623	 0.221602945537042 
624	 0.221198598482908 
625	 0.220916597964422 
626	 0.220706224957197 
627	 0.220548594644356 
628	 0.220513403256 
629	 0.220559448019855 
630	 0.22050738007265 
631	 0.220449113991925 
632	 0.220321965529248 
633	 0.220045470446407 
634	 0.219612365407943 
635	 0.218992052033486 
636	 0.218146027578763 
637	 0.217043777888687 
638	 0.215686922324619 
639	 0.214102177579995 
640	 0.212308765889413 
641	 0.210333556867313 
642	 0.208129748830265 
643	 0.205744420739712 
644	 0.203242931438433 
645	 0.200673412887569 
646	 0.19799144457657 
647	 0.195341586850614 
648	 0.19304869290321 
649	 0.190920002797663 
650	 0.188905319883883 
651	 0.186964818073954 
652	 0.185052767442081 
653	 0.183056472147266 
654	 0.180932954191033 
655	 0.178565574645179 
656	 0.175862656824006 
657	 0.172719072896031 
658	 0.169232967208981 
659	 0.165363162638731 
660	 0.161259476876043 
661	 0.157033325335489 
662	 0.152699904773939 
663	 0.14835393114814 
664	 0.144102042001148 
665	 0.140087230973903 
666	 0.136355769731083 
667	 0.132993897595949 
668	 0.129970369428126 
669	 0.127284681651987 
670	 0.12517805517688 
671	 0.123429681419629 
672	 0.121953507444147 
673	 0.120744536333814 
674	 0.119996299601927 
675	 0.119513578050742 
676	 0.119223270112563 
677	 0.119272209777631 
678	 0.119747429628107 
679	 0.120724136374504 
680	 0.122311329070642 
681	 0.124720361830159 
682	 0.128113825196514 
683	 0.132655127396752 
684	 0.138458386104942 
685	 0.14556781309779 
686	 0.154821401951198 
687	 0.166600013155004 
688	 0.178086729230896 
689	 0.189823373332037 
690	 0.20229136834121 
691	 0.215375191115147 
692	 0.228855641525787 
693	 0.242761839915509 
694	 0.256968433196195 
695	 0.270971222751346 
696	 0.284384358211163 
697	 0.297058178153716 
698	 0.309273488071222 
699	 0.321082672087772 
700	 0.332304136730134 
701	 0.34284014984472 
702	 0.352670569040667 
703	 0.361704967391936 
704	 0.369978070139865 
705	 0.377688753510993 
706	 0.384947585013942 
707	 0.391740640471521 
708	 0.398123544875074 
709	 0.404146441139936 
710	 0.409714731256958 
711	 0.414951558728272 
712	 0.41996646726138 
713	 0.424788581613104 
714	 0.429205603041373 
715	 0.432937957620559 
716	 0.436201375173667 
717	 0.439675556905108 
718	 0.443621621381806 
719	 0.448004356967105 
720	 0.452245765008484 
721	 0.455374413711656 
722	 0.457459596388895 
723	 0.459472418825265 
724	 0.462390904480378 
725	 0.465184166483388 
726	 0.467554682450657 
727	 0.46962240762913 
728	 0.47174122592421 
729	 0.473732929496661 
730	 0.475732483853585 
731	 0.477793273942551 
732	 0.479592508760869 
733	 0.480991589778594 
734	 0.48217984412459 
735	 0.483469896494948 
736	 0.484827830092016 
737	 0.486016943976443 
738	 0.487026927119465 
739	 0.488164364393343 
740	 0.489248284044487 
741	 0.490268367438414 
742	 0.491218285954413 
743	 0.491978689989548 
744	 0.492739243326752 
745	 0.493511752342441 
746	 0.494201768354699 
747	 0.494790733409403 
748	 0.495314327117988 
749	 0.495826080721287 
750	 0.496400239534822 
751	 0.496981529855361 
752	 0.497551038734446 
753	 0.498082282675347 
754	 0.498499140258691 
755	 0.498994417177905 
756	 0.499738422753957 
757	 0.500685074689755 
758	 0.500043489787721 
759	 0.499379199156158 
760	 0.502041907575646 
761	 0.511377821352412 
762	 0.513197740625684 
763	 0.511333357230819 
764	 0.510501804707733 
765	 0.509404421334155 
766	 0.507977437225221 
767	 0.506547893844763 
768	 0.505473539723702 
769	 0.50490068220409 
770	 0.504691692781404 
771	 0.504713747308463 
772	 0.504837634590264 
773	 0.504983416989636 
774	 0.50518323916133 
775	 0.505456361537905 
776	 0.505769976443382 
777	 0.505933586995779 
778	 0.506110901101256 
779	 0.506485000299177 
780	 0.506903868974031 
781	 0.507191510204857 
782	 0.507368399552488 
783	 0.50758622886306 
784	 0.507933136618607 
785	 0.508269628489631 
786	 0.508482498832037 
787	 0.508546496765276 
788	 0.508781005398893 
789	 0.509145389546336 
790	 0.509518435816688 
791	 0.509825334563531 
792	 0.510120099596852 
793	 0.510413512098002 
794	 0.510709453088502 
795	 0.511060129514184 
796	 0.511365937421889 
797	 0.511585189586922 
798	 0.511745339309211 
799	 0.511881110170469 
800	 0.512164523947371 
801	 0.512610913571056 
802	 0.5129557895505 
803	 0.513259936241296 
804	 0.513586547045239 
805	 0.513938247356823 
806	 0.514108759053773 
807	 0.514186532987858 
808	 0.514270587621632 
809	 0.514429087470074 
810	 0.514582989900672 
811	 0.514605232990328 
812	 0.514438138631124 
813	 0.514147188768162 
814	 0.514167311882235 
815	 0.514439679336734 
816	 0.514920974118069 
817	 0.515829640892121 
818	 0.516843624281512 
819	 0.517565172317007 
820	 0.517666186355485 
821	 0.516860886068837 
822	 0.51633270857961 
823	 0.51699299826284 
824	 0.518969930247365 
825	 0.519438398686273 
826	 0.518847539683262 
827	 0.518116573430084 
828	 0.518285335116512 
829	 0.518846859568611 
830	 0.519279450497751 
831	 0.519391771894136 
832	 0.519558353656512 
833	 0.519980561030065 
834	 0.520471826914016 
835	 0.520800265538747 
836	 0.520877400261299 
837	 0.521029152580606 
838	 0.521287402627692 
839	 0.5215435463034 
840	 0.521772291707679 
841	 0.521852735652393 
842	 0.521893423989781 
843	 0.522143648463215 
844	 0.522462797139904 
845	 0.522809733072707 
846	 0.523070829697403 
847	 0.523047517423749 
848	 0.522879460243128 
849	 0.522972926661864 
850	 0.523438158854742 
851	 0.523571532282774 
852	 0.52340298381802 
853	 0.523206784633251 
854	 0.523421505259398 
855	 0.524649748861035 
856	 0.525813482573639 
857	 0.526187829347584 
858	 0.525612546809146 
859	 0.525420697518606 
860	 0.525627193153236 
861	 0.525984914671296 
862	 0.526112346916041 
863	 0.525928630387903 
864	 0.525562269968781 
865	 0.525325138102706 
866	 0.525729622491474 
867	 0.526496034892463 
868	 0.527382609129864 
869	 0.528063646706826 
870	 0.528027023462394 
871	 0.527782995042392 
872	 0.527686053983217 
873	 0.527889646605501 
874	 0.527920547319914 
875	 0.528148757864101 
876	 0.52853995252929 
877	 0.528836361471412 
878	 0.528960604572365 
879	 0.528991962325838 
880	 0.529078390483652 
881	 0.529402830690899 
882	 0.529743327017801 
883	 0.529889607922291 
884	 0.529884099892713 
885	 0.530035112009917 
886	 0.529966673856361 
887	 0.530036863057763 
888	 0.530410080118406 
889	 0.530641310398208 
890	 0.530498189143985 
891	 0.5302300515796 
892	 0.52998777381452 
893	 0.529267108254996 
894	 0.528737368100554 
895	 0.528184798937195 
896	 0.527360532408797 
897	 0.527300069833912 
898	 0.527742076836727 
899	 0.528443578670455 
900	 0.529268739116163 
901	 0.530674187003279 
902	 0.532039412101108 
903	 0.532708062634386 
904	 0.53221273185484 
905	 0.531295511836316 
906	 0.530120722318254 
907	 0.529096723074917 
908	 0.528871257660875 
909	 0.529547561182487 
910	 0.530294491867402 
911	 0.530611291793222 
912	 0.530719994447574 
913	 0.530338913501905 
914	 0.530060251692263 
915	 0.530393119703411 
916	 0.531324234974647 
917	 0.532282695611509 
918	 0.532961266849323 
919	 0.533239486651689 
920	 0.53321123456949 
921	 0.533111158903128 
922	 0.532849465366426 
923	 0.532353962134042 
924	 0.532016915675912 
925	 0.531483617469697 
926	 0.530409389307614 
927	 0.528495710837498 
928	 0.525668278044755 
929	 0.522266267609918 
930	 0.518792606537135 
931	 0.515844483762588 
932	 0.513549138515588 
933	 0.512231767446104 
934	 0.513044166575929 
935	 0.517016710629869 
936	 0.521455480417968 
937	 0.524438281239167 
938	 0.525559345002204 
939	 0.525627378446165 
940	 0.525643035280104 
941	 0.523967260895832 
942	 0.520847263239325 
943	 0.518546141272669 
944	 0.517866325543807 
945	 0.517617797335896 
946	 0.517333453598557 
947	 0.517822123665877 
948	 0.51812011411232 
949	 0.51821409626253 
950	 0.517952560629895 
951	 0.516876440585795 
952	 0.51603315528278 
953	 0.515287307738153 
954	 0.514494005565263 
955	 0.51383326413615 
956	 0.513753232764581 
957	 0.513890490358185 
958	 0.51389408730426 
959	 0.51377253911376 
960	 0.51350042964103 
961	 0.513021799998644 
962	 0.512783542251505 
963	 0.514191622237792 
964	 0.515135623105909 
965	 0.515541753187578 
966	 0.515783728097844 
967	 0.515933279931475 
968	 0.515867346728076 
969	 0.51609292433099 
970	 0.51663005284093 
971	 0.515783149958392 
972	 0.514562900421409 
973	 0.513803265210325 
974	 0.513746486504475 
975	 0.513029257351203 
976	 0.513488159849515 
977	 0.51440222592787 
978	 0.514794487929222 
979	 0.516097577532805 
980	 0.516969883389696 
981	 0.517336908625189 
982	 0.517592716479194 
983	 0.51798148277096 
984	 0.517768856077118 
985	 0.51758784238462 
986	 0.518128518656989 
987	 0.518356447557144 
988	 0.518646287361081 
989	 0.518849837966367 
990	 0.518884081334302 
991	 0.519729453720631 
992	 0.520336808187041 
993	 0.520447018584789 
994	 0.520330244249446 
995	 0.520647091524223 
996	 0.521462089656234 
997	 0.521771026657611 
998	 0.520921403715929 
999	 0.521144018248694 
1000	 0.521766038056971 
1001	 0.574985125562669 
1002	 0.575124910603995 
1003	 0.575601415256595 
1004	 0.576037226211876 
1005	 0.57632118393981 
1006	 0.576771509594187 
1007	 0.577432952656724 
1008	 0.578018498139179 
1009	 0.578415560627279 
1010	 0.579077871797783 
1011	 0.579556188328009 
1012	 0.579631730891079 
1013	 0.579907261107835 
1014	 0.580501916356896 
1015	 0.581200160453137 
1016	 0.581878547411674 
1017	 0.582587334581744 
1018	 0.583474300357843 
1019	 0.583964318710717 
1020	 0.58414363750219 
1021	 0.584699383390211 
1022	 0.585007560737706 
1023	 0.585142271391408 
1024	 0.585628991928917 
1025	 0.586330899335215 
1026	 0.587049841867115 
1027	 0.587730831302014 
1028	 0.588336688134081 
1029	 0.588632667041455 
1030	 0.588836004635851 
1031	 0.589218374238071 
1032	 0.589684862751624 
1033	 0.590333791311594 
1034	 0.590830654938348 
1035	 0.591289633008366 
1036	 0.591785308822249 
1037	 0.592053883042198 
1038	 0.5924573887602 
1039	 0.592841917688412 
1040	 0.593150069276092 
1041	 0.593620300589285 
1042	 0.594078130284465 
1043	 0.594608631550237 
1044	 0.595084534809384 
1045	 0.595545049825588 
1046	 0.595929055366897 
1047	 0.596368136136885 
1048	 0.596741075840961 
1049	 0.596997171899882 
1050	 0.59719023933666 
1051	 0.597269411053252 
1052	 0.597340371260001 
1053	 0.597641201452228 
1054	 0.597810067871296 
1055	 0.598028921800894 
1056	 0.598346725268045 
1057	 0.59844715263877 
1058	 0.598256227941885 
1059	 0.598359008816753 
1060	 0.598468242335808 
1061	 0.598626671987796 
1062	 0.599002221201327 
1063	 0.599403687148062 
1064	 0.599818623151586 
1065	 0.59993601993478 
1066	 0.599851312115683 
1067	 0.600003368452642 
1068	 0.600003323208189 
1069	 0.600023662852623 
1070	 0.600117398428162 
1071	 0.600366129608293 
1072	 0.600457420357539 
1073	 0.600554361377453 
1074	 0.60051493902498 
1075	 0.600365146256443 
1076	 0.600287843077636 
1077	 0.600031355670214 
1078	 0.600015322821074 
1079	 0.600088482680328 
1080	 0.5999962254808 
1081	 0.600079443214997 
1082	 0.600203926510236 
1083	 0.600272385008917 
1084	 0.600357276116946 
1085	 0.600414524360191 
1086	 0.600419538979748 
1087	 0.600381270430472 
1088	 0.600313691677598 
1089	 0.600282335757346 
1090	 0.600242534931728 
1091	 0.600092692115417 
1092	 0.599997634626535 
1093	 0.599799609358931 
1094	 0.599476496340952 
1095	 0.599396216998831 
1096	 0.599354915203243 
1097	 0.599497045182185 
1098	 0.599416602714622 
1099	 0.599331746513461 
1100	 0.599198398848557 
1101	 0.598922332434565 
1102	 0.598705700911884 
1103	 0.598575081021091 
1104	 0.598379519282656 
1105	 0.598131487390548 
1106	 0.597851351450263 
1107	 0.597516991083091 
1108	 0.597132403650018 
1109	 0.597014661838808 
1110	 0.596713731399841 
1111	 0.59633087375596 
1112	 0.595979711924607 
1113	 0.595427910274142 
1114	 0.594389977119087 
1115	 0.593738529818329 
1116	 0.593237123499856 
1117	 0.592656259081799 
1118	 0.592223555280233 
1119	 0.591679946899735 
1120	 0.591370377948668 
1121	 0.590482944814369 
1122	 0.588878147313584 
1123	 0.587653064053615 
1124	 0.586373068482066 
1125	 0.58475101285742 
1126	 0.583284777870085 
1127	 0.582534984439415 
1128	 0.581025468500809 
1129	 0.578905358311378 
1130	 0.577389232333608 
1131	 0.576236859705991 
1132	 0.574889583762353 
1133	 0.573917847756124 
1134	 0.572593790237962 
1135	 0.571021925799633 
1136	 0.56953683178755 
1137	 0.567935009975718 
1138	 0.566445377311648 
1139	 0.565108926132106 
1140	 0.563675100823113 
1141	 0.561957619862997 
1142	 0.560168202051021 
1143	 0.558247729401705 
1144	 0.556013570512067 
1145	 0.553992115487205 
1146	 0.552060992955607 
1147	 0.550110076841957 
1148	 0.54818454744626 
1149	 0.546230033687681 
1150	 0.544482390052761 
1151	 0.542467894452656 
1152	 0.540135998757553 
1153	 0.53823726429223 
1154	 0.536313122131137 
1155	 0.534658207072192 
1156	 0.533602930296732 
1157	 0.532594440631903 
1158	 0.531743215817223 
1159	 0.531141338222033 
1160	 0.530472258004583 
1161	 0.529764920891569 
1162	 0.529359192463758 
1163	 0.529085816028379 
1164	 0.528811890478827 
1165	 0.528747877775536 
1166	 0.52849240369452 
1167	 0.528053034720364 
1168	 0.527775111532618 
1169	 0.527611442106941 
1170	 0.527294190101405 
1171	 0.526838199271084 
1172	 0.526699354325235 
1173	 0.526104205564107 
1174	 0.525662867001612 
1175	 0.525396472486877 
1176	 0.525181166815727 
1177	 0.525033793852761 
1178	 0.525181456115935 
1179	 0.524992549794642 
1180	 0.524675915987985 
1181	 0.524434811661496 
1182	 0.524042908637225 
1183	 0.523754249842069 
1184	 0.523550787922251 
1185	 0.523323877083828 
1186	 0.523112642757311 
1187	 0.522871720673725 
1188	 0.522687273172113 
1189	 0.522405063876023 
1190	 0.522260031964628 
1191	 0.522123424302831 
1192	 0.521967763406145 
1193	 0.522032983590986 
1194	 0.521973492082318 
1195	 0.521793281698611 
1196	 0.521749010955951 
1197	 0.521776474366948 
1198	 0.521800217347702 
1199	 0.521893475019956 
1200	 0.521941105598817 
1201	 0.521986441160141 
1202	 0.522040239585463 
1203	 0.522014167850778 
1204	 0.522107220309093 
1205	 0.522294012745167 
1206	 0.522457173577434 
1207	 0.522556360066852 
1208	 0.522965492891258 
1209	 0.523356040496401 
1210	 0.523577560266258 
1211	 0.523886991006278 
1212	 0.524131640313965 
1213	 0.524408577726925 
1214	 0.524792158845941 
1215	 0.525215323223307 
1216	 0.525821884612198 
1217	 0.526309276861448 
1218	 0.526740582174615 
1219	 0.527192011306491 
1220	 0.527575000075493 
1221	 0.528027830810251 
1222	 0.528549575468838 
1223	 0.529096484252802 
1224	 0.529630143433963 
1225	 0.530291493419257 
1226	 0.531096127394607 
1227	 0.531700855770705 
1228	 0.532185183046893 
1229	 0.532655275068472 
1230	 0.532896931598796 
1231	 0.533206790225847 
1232	 0.533808152167794 
1233	 0.534385763306744 
1234	 0.534895430576307 
1235	 0.535420724217393 
1236	 0.535893630213814 
1237	 0.5362311435009 
1238	 0.536684512699206 
1239	 0.53718762429101 
1240	 0.537634007874754 
1241	 0.538110955908527 
1242	 0.538542140822924 
1243	 0.53890582040558 
1244	 0.539395134931185 
1245	 0.539676449748144 
1246	 0.539830945619541 
1247	 0.540293040600992 
1248	 0.5407697127848 
1249	 0.541116650104998 
1250	 0.541654626604855 
1251	 0.542114937994988 
1252	 0.542294181185765 
1253	 0.542566715835321 
1254	 0.542979144378733 
1255	 0.543350185609022 
1256	 0.543537312269268 
1257	 0.543881758570202 
1258	 0.544575740679704 
1259	 0.544935212199836 
1260	 0.545062459810518 
1261	 0.545399512684273 
1262	 0.545819414577665 
1263	 0.545911681390336 
1264	 0.546117069020605 
1265	 0.546570125784861 
1266	 0.546818823157547 
1267	 0.546986334057606 
1268	 0.547177020372689 
1269	 0.547028048568586 
1270	 0.546835140603515 
1271	 0.54689440633598 
1272	 0.546883016884701 
1273	 0.546884396637976 
1274	 0.54696129194519 
1275	 0.546746315175738 
1276	 0.546380368659405 
1277	 0.546106330966297 
1278	 0.545873537026199 
1279	 0.545488923877049 
1280	 0.545043695001451 
1281	 0.544576976641308 
1282	 0.544177601129953 
1283	 0.543673635044525 
1284	 0.543227209709918 
1285	 0.5428243852773 
1286	 0.542306928755271 
1287	 0.541826294671776 
1288	 0.541254931688012 
1289	 0.540753168956185 
1290	 0.5403075864319 
1291	 0.539602523769705 
1292	 0.538869602129357 
1293	 0.538230340910444 
1294	 0.537687438314386 
1295	 0.537120455149491 
1296	 0.536485626641331 
1297	 0.535979850860297 
1298	 0.535122687059073 
1299	 0.534058339104984 
1300	 0.533264045133255 
1301	 0.532191575816954 
1302	 0.531073450440878 
1303	 0.530170857873792 
1304	 0.529540611157079 
1305	 0.52856529104896 
1306	 0.527532315741087 
1307	 0.526626413243166 
1308	 0.525332843390845 
1309	 0.523977463888024 
1310	 0.52285617349198 
1311	 0.5214644400302 
1312	 0.52009217001854 
1313	 0.518831701089829 
1314	 0.517346996048272 
1315	 0.51614208156479 
1316	 0.514925529226092 
1317	 0.513238052256253 
1318	 0.511631246209213 
1319	 0.50984726046524 
1320	 0.507870418057194 
1321	 0.506494089760326 
1322	 0.505191337103217 
1323	 0.50333394436177 
1324	 0.501534218922757 
1325	 0.4999735468338 
1326	 0.497976019506371 
1327	 0.495895429760468 
1328	 0.494385747603735 
1329	 0.492419162420047 
1330	 0.490225264462262 
1331	 0.487811103079091 
1332	 0.485870281058799 
1333	 0.48341916214104 
1334	 0.480850411260175 
1335	 0.478781621629178 
1336	 0.476738732968653 
1337	 0.474622067075379 
1338	 0.472591395441837 
1339	 0.470783172686248 
1340	 0.469049526049474 
1341	 0.467256914244932 
1342	 0.465697671590929 
1343	 0.464063036129855 
1344	 0.46217132877915 
1345	 0.460922379586262 
1346	 0.459706664299034 
1347	 0.457841124240521 
1348	 0.456273765283024 
1349	 0.454821491553331 
1350	 0.452608619480054 
1351	 0.450856633739393 
1352	 0.449893735495303 
1353	 0.447517343067455 
1354	 0.445710458876859 
1355	 0.444823889404396 
1356	 0.441939742635953 
1357	 0.43843929932099 
1358	 0.435292227739882 
1359	 0.431986117578932 
1360	 0.428379871973033 
1361	 0.431257845524457 
1362	 0.445244751568772 
1363	 0.449297273586863 
1364	 0.447867790585158 
1365	 0.44414456316983 
1366	 0.402115888911543 
1367	 0.382344526182489 
1368	 0.400851624179578 
1369	 0.40854489659472 
1370	 0.439640480386501 
1371	 0.499352234434159 
1372	 0.533886809686121 
1373	 0.496345990406202 
1374	 0.4338648865977 
1375	 0.38782771803577 
1376	 0.35944914478789 
1377	 0.384315952856072 
1378	 0.432287821799176 
1379	 0.430557286264519 
1380	 0.405194295515238 
1381	 0.381819441221917 
1382	 0.349282563437065 
1383	 0.330255543746808 
1384	 0.300744497637939 
1385	 0.286502589547789 
1386	 0.315729049067775 
1387	 0.320448725882074 
1388	 0.310170150362576 
1389	 0.311316038531613 
1390	 0.312414661373892 
1391	 0.311118504373832 
1392	 0.297449934240213 
1393	 0.27809727294859 
1394	 0.278057307970807 
1395	 0.245502539127701 
1396	 0.229794560600626 
1397	 0.273858564039518 
1398	 0.266941933881525 
1399	 0.238613741812666 
1400	 0.255389308555848 
1401	 0.232722470982561 
1402	 0.202468219757668 
1403	 0.216275655003925 
1404	 0.208246948033033 
1405	 0.191014105537099 
1406	 0.196162945608 
1407	 0.192760884444663 
1408	 0.182524846979498 
1409	 0.175871123580062 
1410	 0.173975988126868 
1411	 0.176585770519762 
1412	 0.177274357805028 
1413	 0.178739251212283 
1414	 0.176147294204628 
1415	 0.168342524124886 
1416	 0.164185427760803 
1417	 0.161536607351684 
1418	 0.16032056041988 
1419	 0.162353737464471 
1420	 0.162820173027052 
1421	 0.160314845501319 
1422	 0.158277889145861 
1423	 0.157083956807898 
1424	 0.154685151615892 
1425	 0.154055305236445 
1426	 0.153676319957298 
1427	 0.154023725972215 
1428	 0.152051616654317 
1429	 0.151761896201933 
1430	 0.151702757057001 
1431	 0.150032531965277 
1432	 0.150307752712806 
1433	 0.1510334321076 
1434	 0.150594602284994 
1435	 0.150934027196745 
1436	 0.150840217951983 
1437	 0.148987006611236 
1438	 0.148129655157912 
1439	 0.148552270699777 
1440	 0.147417792938158 
1441	 0.146486444295085 
1442	 0.146397847155646 
1443	 0.145578313926366 
1444	 0.145455182270042 
1445	 0.146232844612827 
1446	 0.146742712663844 
1447	 0.146344425807947 
1448	 0.145872228460503 
1449	 0.146221947717892 
1450	 0.14625045519405 
1451	 0.14605334346489 
1452	 0.146508286860449 
1453	 0.146560556619856 
1454	 0.146093812827943 
1455	 0.146248898325718 
1456	 0.146618220157595 
1457	 0.146681615999584 
1458	 0.147004603267712 
1459	 0.147400405206581 
1460	 0.147415510747986 
1461	 0.147783015339032 
1462	 0.14864350147162 
1463	 0.149149898573297 
1464	 0.1493267215389 
1465	 0.149512488859073 
1466	 0.149504835834322 
1467	 0.149727254071674 
1468	 0.1508533278879 
1469	 0.151909656453651 
1470	 0.152738531819438 
1471	 0.153409235718399 
1472	 0.154392806079174 
1473	 0.155001748183652 
1474	 0.15596900788326 
1475	 0.157584533287231 
1476	 0.158568561900992 
1477	 0.159306609958915 
1478	 0.160308868551432 
1479	 0.16135804479447 
1480	 0.162543379013106 
1481	 0.163808066958092 
1482	 0.16499086821866 
1483	 0.166030761833102 
1484	 0.167207957436172 
1485	 0.168754761693457 
1486	 0.170211227677337 
1487	 0.171463541204039 
1488	 0.172518708311178 
1489	 0.173564969321997 
1490	 0.174698660021159 
1491	 0.175776813193024 
1492	 0.177249201267037 
1493	 0.178752079627035 
1494	 0.179890960945292 
1495	 0.181184328447518 
1496	 0.182299720746163 
1497	 0.183153532798373 
1498	 0.184537212980061 
1499	 0.186040963350148 
1500	 0.187221328927221 
1501	 0.188491938742642 
1502	 0.18974047065414 
1503	 0.190939266522169 
1504	 0.192375239748758 
1505	 0.193865752701737 
1506	 0.195156661706249 
1507	 0.196353163877079 
1508	 0.197595608471994 
1509	 0.198841159790983 
1510	 0.200277240843275 
1511	 0.201813897993768 
1512	 0.203120553137044 
1513	 0.204467352896903 
1514	 0.205830304569418 
1515	 0.207025069174391 
1516	 0.208374550375426 
1517	 0.209911233422401 
1518	 0.211312270046523 
1519	 0.212526226561824 
1520	 0.213762583130189 
1521	 0.21502624059784 
1522	 0.216157653802835 
1523	 0.21740832235486 
1524	 0.218952956353985 
1525	 0.220338716522936 
1526	 0.221626009719644 
1527	 0.222982106593451 
1528	 0.224142475653303 
1529	 0.22536343937602 
1530	 0.226713377667642 
1531	 0.228020424598151 
1532	 0.229510556445258 
1533	 0.230807909158565 
1534	 0.231795468592806 
1535	 0.232997550671529 
1536	 0.234360490666894 
1537	 0.235577202447168 
1538	 0.236740414552741 
1539	 0.23809645791319 
1540	 0.239456563254306 
1541	 0.240620069771038 
1542	 0.241848349549895 
1543	 0.243192862877951 
1544	 0.244350666550055 
1545	 0.245362798147103 
1546	 0.246542803506879 
1547	 0.247800837026314 
1548	 0.248928186370659 
1549	 0.250027708811944 
1550	 0.251082078640903 
1551	 0.252179637004979 
1552	 0.253346626664294 
1553	 0.254376539796327 
1554	 0.25544815376743 
1555	 0.256514899649444 
1556	 0.257514878266481 
1557	 0.258760377193091 
1558	 0.260041065868665 
1559	 0.260929122702208 
1560	 0.26177262525264 
1561	 0.262877376776713 
1562	 0.264017193779696 
1563	 0.26523294918418 
1564	 0.266478394964021 
1565	 0.267461915335153 
1566	 0.268207223862041 
1567	 0.269139111653795 
1568	 0.270284095037504 
1569	 0.271326152165697 
1570	 0.272371547259489 
1571	 0.273339683405891 
1572	 0.274111539708279 
1573	 0.27515672905339 
1574	 0.276369825734412 
1575	 0.277339316659146 
1576	 0.278311358604399 
1577	 0.279154848654867 
1578	 0.2797754229116 
1579	 0.280668373231929 
1580	 0.281751739986648 
1581	 0.282746985876137 
1582	 0.28377991284243 
1583	 0.284707233446527 
1584	 0.285436436374474 
1585	 0.286151693132949 
1586	 0.286907348596544 
1587	 0.287804607199031 
1588	 0.288884675135442 
1589	 0.289808218829361 
1590	 0.290565089772801 
1591	 0.291277952554898 
1592	 0.291925083919084 
1593	 0.292816693890409 
1594	 0.293821819340187 
1595	 0.294759097033495 
1596	 0.295562694572832 
1597	 0.296249862501384 
1598	 0.297038994601365 
1599	 0.297847163878324 
1600	 0.298875858505945 
1601	 0.2998290416468 
1602	 0.300520007163836 
1603	 0.301429419880498 
1604	 0.302184847704633 
1605	 0.30286068434385 
1606	 0.303884092909467 
1607	 0.304752774108168 
1608	 0.305427442800136 
1609	 0.306207033925084 
1610	 0.306800312548895 
1611	 0.307333714704213 
1612	 0.308142063527101 
1613	 0.308891182782153 
1614	 0.309531872512477 
1615	 0.310160876906475 
1616	 0.310613144937677 
1617	 0.311138275704953 
1618	 0.311859354503341 
1619	 0.312426479321797 
1620	 0.312989168042081 
1621	 0.31379169165025 
1622	 0.314538920201245 
1623	 0.315109441197242 
1624	 0.31550304069736 
1625	 0.315895344477896 
1626	 0.316529156673776 
1627	 0.317142904494384 
1628	 0.31766031391343 
1629	 0.318318215386674 
1630	 0.31873113002497 
1631	 0.318946279958062 
1632	 0.319723256882583 
1633	 0.320408119094468 
1634	 0.320642512464223 
1635	 0.321223694158828 
1636	 0.321783815525649 
1637	 0.322170191407389 
1638	 0.322837051762367 
1639	 0.323388414426958 
1640	 0.323661129425689 
1641	 0.3238694539368 
1642	 0.324198174484702 
1643	 0.324769167037867 
1644	 0.325306662444329 
1645	 0.325726945333598 
1646	 0.326034868184632 
1647	 0.326231835416002 
1648	 0.326539666342493 
1649	 0.326855359448255 
1650	 0.32715227976008 
1651	 0.327373498104113 
1652	 0.327485488275124 
1653	 0.327781365796289 
1654	 0.327969008286403 
1655	 0.328069951022379 
1656	 0.32814885160245 
1657	 0.328019802884223 
1658	 0.328081399609371 
1659	 0.328161940680113 
1660	 0.32818453566959 
1661	 0.328506779424721 
1662	 0.328797081387585 
1663	 0.328871043215496 
1664	 0.329076410787126 
1665	 0.329065274179592 
1666	 0.328610218604015 
1667	 0.328578239812336 
1668	 0.328606873710851 
1669	 0.328497594034615 
1670	 0.328948140136863 
1671	 0.328888341864284 
1672	 0.328303163725591 
1673	 0.328157549002723 
1674	 0.328013659369096 
1675	 0.328104811809275 
1676	 0.328478320096208 
1677	 0.328279301523218 
1678	 0.327624625583797 
1679	 0.327027439338996 
1680	 0.326726442628257 
1681	 0.326761284485359 
1682	 0.326681037904384 
1683	 0.326569617849119 
1684	 0.326271784284001 
1685	 0.32564776079308 
1686	 0.32532230834844 
1687	 0.324946688427787 
1688	 0.324377220957008 
1689	 0.324112521279014 
1690	 0.323888183342348 
1691	 0.323600305484588 
1692	 0.32311011347793 
1693	 0.32238458822628 
1694	 0.321576783932128 
1695	 0.320755346612218 
1696	 0.32044788598421 
1697	 0.320224467735763 
1698	 0.319864544966363 
1699	 0.319566117612237 
1700	 0.318830227861253 
1701	 0.318177487901496 
1702	 0.317832579239781 
1703	 0.317277103973779 
1704	 0.316618676040565 
1705	 0.316132497347668 
1706	 0.315732739032835 
1707	 0.31514157933261 
1708	 0.314571060451724 
1709	 0.31402860550008 
1710	 0.313270720102423 
1711	 0.312582023933534 
1712	 0.312054708230391 
1713	 0.311474755781966 
1714	 0.310859304959389 
1715	 0.310197043590747 
1716	 0.309503449506865 
1717	 0.308851856375217 
1718	 0.308145971978532 
1719	 0.307498690976631 
1720	 0.307006899672364 
1721	 0.306401015857041 
1722	 0.305566812472843 
1723	 0.304940810369532 
1724	 0.304518533147618 
1725	 0.304007303915715 
1726	 0.303653218513734 
1727	 0.303056980470481 
1728	 0.302062701769575 
1729	 0.301441465102824 
1730	 0.300957021846557 
1731	 0.300467945536602 
1732	 0.3002218283599 
1733	 0.299860496959792 
1734	 0.299377347245366 
1735	 0.298918402933273 
1736	 0.298644583787988 
1737	 0.298012248985335 
1738	 0.297015513489632 
1739	 0.296468652129877 
1740	 0.295847848277716 
1741	 0.295443727921985 
1742	 0.295518625876937 
1743	 0.295156968474843 
1744	 0.294725890413278 
1745	 0.294268650698043 
1746	 0.293694223804735 
1747	 0.293001789683736 
1748	 0.292227470264278 
1749	 0.291383720923377 
1750	 0.290320120257242 
1751	 0.289614539268483 
1752	 0.288863109468494 
1753	 0.288356207418688 
1754	 0.287621501042733 
1755	 0.286966339033027 
1756	 0.286266469031269 
1757	 0.285284152648065 
1758	 0.284946718476876 
1759	 0.284139046593031 
1760	 0.283236835055382 
1761	 0.282960670327118 
1762	 0.28219143262392 
1763	 0.28175781256774 
1764	 0.281467313422208 
1765	 0.280475467163999 
1766	 0.279781616393223 
1767	 0.279473367566519 
1768	 0.278967972885849 
1769	 0.278613599578125 
1770	 0.278315183442034 
1771	 0.277208560065302 
1772	 0.276591434661802 
1773	 0.276129383789037 
1774	 0.27579165596566 
1775	 0.276131478377099 
1776	 0.275928202898785 
1777	 0.275491041367843 
1778	 0.27510753739304 
1779	 0.274035786566851 
1780	 0.273666200009555 
1781	 0.274063008863743 
1782	 0.273806044048738 
1783	 0.273571016499905 
1784	 0.273263065858487 
1785	 0.272254165743914 
1786	 0.271999135021176 
1787	 0.272422391368399 
1788	 0.272514022085288 
1789	 0.272821684127564 
1790	 0.272866139518184 
1791	 0.272492989521325 
1792	 0.272444733239731 
1793	 0.272757224415438 
1794	 0.272523548177185 
1795	 0.272053915604948 
1796	 0.271569430477635 
1797	 0.270159946353475 
1798	 0.269893935024455 
1799	 0.270542329135837 
1800	 0.270929597392631 
1801	 0.272145509429446 
1802	 0.272842225768625 
1803	 0.273439656208084 
1804	 0.273390520999501 
1805	 0.27252689555439 
1806	 0.272070666667436 
1807	 0.270473211577929 
1808	 0.270893204826916 
1809	 0.273613641876844 
1810	 0.276553502209321 
1811	 0.277067123632792 
1812	 0.275836078982618 
1813	 0.275860585359825 
1814	 0.279271040145325 
1815	 0.279997201293029 
1816	 0.274962667927213 
1817	 0.271215105955842 
1818	 0.269017678683839 
1819	 0.266767035786085 
1820	 0.27553309487524 
1821	 0.281262817696311 
1822	 0.272664493037013 
1823	 0.277555172146135 
1824	 0.30138310584604 
1825	 0.321012313449401 
1826	 0.372936604053473 
1827	 0.387979389044806 
1828	 0.340759463990321 
1829	 0.322856933211815 
1830	 0.272390986304079 
1831	 0.251604810480384 
1832	 0.244669892940651 
1833	 0.252850276412376 
1834	 0.471268653762086 
1835	 0.779917562661489 
1836	 0.640115840661265 
1837	 0.658566752088015 
1838	 0.390661824595007 
1839	 0.441483280129471 
1840	 0.144637857849378 
1841	 0.381034106076679 
1842	 0.435211118639081 
1843	 0.481386921472094 
1844	 0.624973489656152 
1845	 5.11117281641211 
1846	-20.2552150285375 
1847	 0.403180864909006 
1848	 2.26785958676847 
1849	 1.09715365142858 
1850	 0.119167774035826 
1851	 9.67158479995734E-02 
1852	 0.63710665798514 
1853	 0.991214717400145 
1854	 4.23863958170261 
1855	 4.26353183068065 
1856	 1.41027000917886 
1857	 0.68935623744818 
1858	 1.63699490191779 
1859	 6.25173764896352 
1860	 4.46340067174214 
1861	 17.4701169556844 
1862	 6.07480794180974 
1863	 0.303864178378594 
1864	 0.139482426474007 
1865	-9.87441323227716E-02 
1866	-9.59593103092851E-02 
1867	 0.543151937754471 
1868	 1.24641879730728 
1869	 0.454738596048234 
1870	-0.132374460943116 
1871	-6.28405436542244E-03 
1872	 0.428622108216306 
1873	 0.303105834845898 
1874	 0.987285002697941 
1875	 1.05631155923605 
1876	 0.773977492221837 
1877	-2.33615501845171E-02 
1878	 8.69482557767606E-02 
1879	 0.444835511647296 
1880	 0.397840777978182 
1881	 0.349266271122691 
1882	 0.401366752319135 
1883	 0.166042395192696 
1884	 0.106337002304119 
1885	 0.217376593119076 
1886	 0.409886632412562 
1887	 0.139400472047988 
1888	 0.038637451356294 
1889	 1.90516603757902E-02 
1890	 9.49664167387573E-03 
1891	 2.46976602987014E-02 
1892	 0.229507979188654 
1893	 0.26483929158814 
1894	 0.135754553495831 
1895	 6.26980214158976E-02 
1896	-0.123913851791629 
1897	-3.70945872760207E-02 
1898	 8.49070616183939E-02 
1899	 0.238611673446481 
1900	 0.535254212765944 
1901	 0.692927712973315 
1902	 0.702904216827794 
1903	 0.247351894553599 
1904	 0.196563022616248 
1905	 0.260525732154493 
1906	 0.207664385508523 
1907	 0.279319830785991 
1908	 0.213523861503694 
1909	 0.119469406582738 
1910	 0.134230589592563 
1911	 0.147644731038452 
1912	 0.154996004526493 
1913	 0.132803877717704 
1914	 4.14184145576043E-02 
1915	 2.65105392132109E-02 
1916	-5.98611668320642E-03 
1917	 9.01854101710921E-02 
1918	 0.135065246149911 
1919	 0.138429833451478 
1920	 0.157680214069767 
1921	 4.17972318415806E-02 
1922	-1.22344568093405E-02 
1923	 5.25753261008723E-02 
1924	 5.39951592536478E-02 
1925	 5.16278412640719E-02 
1926	 5.21575670269496E-02 
1927	 5.52857406967762E-02 
1928	 3.06146882584035E-02 
1929	 0.053185938503277 
1930	 9.20087118331781E-02 
1931	 7.92583105235611E-02 
1932	 0.060530531208823 
1933	 6.26533530134191E-02 
1934	 6.57279982620786E-02 
1935	 6.18027931729436E-02 
1936	 7.04864659900464E-02 
1937	 6.87637648363328E-02 
1938	 4.99006713063323E-02 
1939	 4.68264856371303E-02 
1940	 5.89437002964691E-02 
1941	 6.61818968037032E-02 
1942	 6.36698403058116E-02 
1943	 5.22607154878742E-02 
1944	 4.33422003157734E-02 
1945	 4.61840239758347E-02 
1946	 4.55099949949671E-02 
1947	 0.050087470918162 
1948	 5.21526181339257E-02 
1949	 5.37897034737282E-02 
1950	 0.053415148544108 
1951	 5.61337988974949E-02 
1952	 5.85154040700799E-02 
1953	 5.83887872548182E-02 
1954	 5.55933942464313E-02 
1955	 5.01823713093755E-02 
1956	 5.14097021353034E-02 
1957	 5.38436492722431E-02 
1958	 0.054020618115219 
1959	 0.052753129505745 
1960	 5.56018042506553E-02 
1961	 5.78327312894189E-02 
1962	 5.61658210906694E-02 
1963	 0.05670452218382 
1964	 5.86946433002652E-02 
1965	 0.057960776533144 
1966	 5.78000287358318E-02 
1967	 5.85289237418619E-02 
1968	 5.90659193595726E-02 
1969	 5.94496443287651E-02 
1970	 0.059937334459827 
1971	 6.03795342699173E-02 
1972	 6.08497588250311E-02 
1973	 6.02454189710096E-02 
1974	 5.97617997978701E-02 
1975	 6.09601938489998E-02 
1976	 6.16826655142544E-02 
1977	 0.062283798978765 
1978	 6.34980689291805E-02 
1979	 6.38538121163011E-02 
1980	 6.40827978298255E-02 
1981	 6.45921847879578E-02 
1982	 6.48922039524234E-02 
1983	 6.48800720941321E-02 
1984	 6.51737811138589E-02 
1985	 0.065754982340094 
1986	 6.58260187851717E-02 
1987	 6.62607184035559E-02 
1988	 6.70658343250613E-02 
1989	 0.0671397446 
1990	 6.74065112269316E-02 
1991	 6.79904843332683E-02 
1992	 6.75054648484159E-02 
1993	 6.80117629414391E-02 
1994	 7.03724415101373E-02 
1995	 7.10900281108687E-02 
1996	 7.10258099790026E-02 
1997	 7.12749202953454E-02 
1998	 7.22792946077533E-02 
1999	 7.15268751395172E-02 
2000	 7.26945562472031E-02 
2001	 7.62162826398159E-02 
2002	 0.077972044081923 
2003	 7.85304269871403E-02 
2004	 7.85543025191961E-02 
2005	 7.75545339110687E-02 
2006	 7.79125596616841E-02 
2007	 7.88678918668236E-02 
2008	 7.96042233049112E-02 
2009	 8.09963328060479E-02 
2010	 8.29652993022018E-02 
2011	 8.47741395332342E-02 
2012	 8.61787148211732E-02 
2013	 8.74476822812687E-02 
2014	 8.77751326707597E-02 
2015	 0.087208102882894 
2016	 8.69710934664698E-02 
2017	 8.83051188267354E-02 
2018	 0.089284748990224 
2019	 8.92872095599989E-02 
2020	 8.79502980246412E-02 
2021	 8.81464317806804E-02 
2022	 8.82773332576447E-02 
2023	 8.92402556228535E-02 
2024	 8.93905894182841E-02 
2025	 8.92405000702265E-02 
2026	 9.01623105110737E-02 
2027	 9.10232272719743E-02 
2028	 9.18470803367236E-02 
2029	 9.30523659196465E-02 
2030	 9.32842198926295E-02 
2031	 9.26172107748924E-02 
2032	 9.27279974078481E-02 
2033	 9.39153056469532E-02 
2034	 9.41603527086209E-02 
2035	 9.39520663691466E-02 
2036	 0.093901544252611 
2037	 9.44812476814548E-02 
2038	 9.46632939545879E-02 
2039	 9.48855569609581E-02 
2040	 9.53845299635667E-02 
2041	 0.095291369094304 
2042	 9.55104167603432E-02 
2043	 9.64328948581193E-02 
2044	 9.69907285556104E-02 
2045	 9.73347364938989E-02 
2046	 9.72245128402469E-02 
2047	 9.76397210098123E-02 
2048	 9.82827738735855E-02 
2049	 9.86929960833647E-02 
2050	 9.92104129210467E-02 
2051	 0.09983542236094 
2052	 0.100619996040079 
2053	 0.101088776301759 
2054	 0.101636092912958 
2055	 0.102294320949981 
2056	 0.102722411675771 
2057	 0.103815237421447 
2058	 0.104502100560318 
2059	 0.104916340623523 
2060	 0.105670251015318 
2061	 0.105855398707137 
2062	 0.106151112143511 
2063	 0.107344354181384 
2064	 0.10787553972008 
2065	 0.107769032635099 
2066	 0.107533060829092 
2067	 0.107727470365352 
2068	 0.108268917796588 
2069	 0.109075350085171 
2070	 0.109380634270922 
2071	 0.109310329763635 
2072	 0.109260703388807 
2073	 0.110032736392817 
2074	 0.111577066089343 
2075	 0.112077075313136 
2076	 0.112682040672086 
2077	 0.113003438738815 
2078	 0.111914192120206 
2079	 0.11207453253564 
2080	 0.11290055247837 
2081	 0.114355753847724 
2082	 0.114804612236446 
2083	 0.114685836182323 
2084	 0.114783071584528 
2085	 0.115090772683773 
2086	 0.115703973517048 
2087	 0.116288097557198 
2088	 0.116632395853095 
2089	 0.116561727044074 
2090	 0.11698669712938 
2091	 0.117942906469232 
2092	 0.11853905530671 
2093	 0.118983018373933 
2094	 0.119424838125107 
2095	 0.119760290962747 
2096	 0.120033267619645 
2097	 0.120102408333241 
2098	 0.120925278373729 
2099	 0.121455846498236 
2100	 0.121457569597486 
2101	 0.12194932434336 
2102	 0.122280303703907 
2103	 0.122281869395903 
2104	 0.123037476461284 
2105	 0.123681624227762 
2106	 0.124010347100204 
2107	 0.124607925011483 
2108	 0.125472711423355 
2109	 0.12602118475034 
2110	 0.12665896149915 
2111	 0.127186378391027 
2112	 0.127515380564666 
2113	 0.127613634762783 
2114	 0.127191582326907 
2115	 0.127413591930184 
2116	 0.128159731273069 
2117	 0.129325000251525 
2118	 0.130430236395943 
2119	 0.130735028726332 
2120	 0.130235155126315 
2121	 0.129605418371838 
2122	 0.12990018435301 
2123	 0.131003294328901 
2124	 0.131354095921998 
2125	 0.131407220360931 
2126	 0.131981857576617 
2127	 0.132703711641047 
2128	 0.132947317366998 
2129	 0.133315928968281 
2130	 0.133965597120842 
2131	 0.134049067303347 
2132	 0.134455377964153 
2133	 0.135549233589786 
2134	 0.136556632039301 
2135	 0.136715951517008 
2136	 0.136913924048673 
2137	 0.137309973453223 
2138	 0.137929465358217 
2139	 0.138550015656001 
2140	 0.139421260375827 
2141	 0.140304842959051 
2142	 0.140426321377532 
2143	 0.140702858217973 
2144	 0.141255926638491 
2145	 0.1413475479953 
2146	 0.140546569430578 
2147	 0.140796060499795 
2148	 0.141608870400714 
2149	 0.141823164168822 
2150	 0.142262808557089 
2151	 0.142801381495707 
2152	 0.143233306871964 
2153	 0.143019448892093 
2154	 0.143702937515723 
2155	 0.144499257923794 
2156	 0.14431509978731 
2157	 0.144347779844454 
2158	 0.144321084434551 
2159	 0.144435791705301 
2160	 0.14528855493625 
2161	 0.146111948260825 
2162	 0.146632091030589 
2163	 0.146683163735651 
2164	 0.146944430865725 
2165	 0.14684301378023 
2166	 0.147237076994218 
2167	 0.148108350482433 
2168	 0.148544062302922 
2169	 0.149013837182634 
2170	 0.149288481236997 
2171	 0.149034836561332 
2172	 0.149407694301574 
2173	 0.150042657236722 
2174	 0.150650624699053 
2175	 0.151468341945853 
2176	 0.151369808826341 
2177	 0.151790222492178 
2178	 0.152527837166044 
2179	 0.152795149852591 
2180	 0.153747578802642 
2181	 0.153509146761207 
2182	 0.15207986520934 
2183	 0.15165283178434 
2184	 0.15179495407579 
2185	 0.1524484347121 
2186	 0.154646616278938 
2187	 0.155458920949406 
2188	 0.156295130394809 
2189	 0.156562420232453 
2190	 0.155501813287214 
2191	 0.15544481215918 
2192	 0.155944086827963 
2193	 0.155816395383727 
2194	 0.155223551303674 
2195	 0.155507572790986 
2196	 0.156312626576154 
2197	 0.156158779595859 
2198	 0.156044571821271 
2199	 0.157427812866462 
2200	 0.158191152075321 
2201	 0.157562709055348 
2202	 0.157679680426768 
2203	 0.158296344901728 
2204	 0.158257479872692 
2205	 0.158827357153645 
2206	 0.159136833901374 
2207	 0.158392320196913 
2208	 0.158601004994011 
2209	 0.159189373283574 
2210	 0.159039480524616 
2211	 0.159162883160027 
2212	 0.159078424021637 
2213	 0.157745746027483 
2214	 0.15756058913548 
2215	 0.158493983900358 
2216	 0.158872683051339 
2217	 0.159402742973088 
2218	 0.159349623460205 
2219	 0.158745694879059 
2220	 0.158730623260952 
2221	 0.159116477213564 
2222	 0.158281173000299 
2223	 0.158032390920671 
2224	 0.158193426737622 
2225	 0.157847324036708 
2226	 0.157682949216739 
2227	 0.156822528402375 
2228	 0.156531214525881 
2229	 0.156376237642813 
2230	 0.155536185897172 
2231	 0.157319897427456 
2232	 0.159189548125846 
2233	 0.158282973273586 
2234	 0.158552333108962 
2235	 0.15937257771037 
2236	 0.157673182938487 
2237	 0.156595544410092 
2238	 0.155920852712772 
2239	 0.155605233066939 
2240	 0.155121986780434 
2241	 0.15455986935654 
2242	 0.154261768844936 
2243	 0.154232382965256 
2244	 0.154162298788692 
2245	 0.153367694093403 
2246	 0.152928838610357 
2247	 0.152505757566484 
2248	 0.150855434418838 
2249	 0.149852275464152 
2250	 0.149211257198145 
2251	 0.149679484118035 
2252	 0.149772960735793 
2253	 0.148863325994716 
2254	 0.14816291726439 
2255	 0.147115883468424 
2256	 0.145424823964992 
2257	 0.143878308241434 
2258	 0.144123191652479 
2259	 0.144642975181177 
2260	 0.143919507393835 
2261	 0.143885924932183 
2262	 0.142473034074908 
2263	 0.139532098147566 
2264	 0.138913855728772 
2265	 0.13942846482274 
2266	 0.13914961193363 
2267	 0.139428382084465 
2268	 0.139503178803574 
2269	 0.139324130855949 
2270	 0.139308368299363 
2271	 0.138170549135972 
2272	 0.136907147992656 
2273	 0.133733125305109 
2274	 0.132565813527859 
2275	 0.132631108461812 
2276	 0.132342706341588 
2277	 0.132905286809835 
2278	 0.133124907735619 
2279	 0.132900902949145 
2280	 0.132651068034451 
2281	 0.132778064976846 
2282	 0.132350615589626 
2283	 0.130764130069697 
2284	 0.129895312592277 
2285	 0.130276671484455 
2286	 0.129321233564001 
2287	 0.126891848241536 
2288	 0.126523312221662 
2289	 0.127333749510855 
2290	 0.125828291052763 
2291	 0.12670646098267 
2292	 0.128426040905252 
2293	 0.127739697687215 
2294	 0.127233848520484 
2295	 0.126664371359164 
2296	 0.125382617948515 
2297	 0.125427065369148 
2298	 0.125456058809975 
2299	 0.122197362339504 
2300	 0.120237774417409 
2301	 0.12094337278569 
2302	 0.120247450605524 
2303	 0.119927411792738 
2304	 0.120644736654873 
2305	 0.119181188516495 
2306	 0.117180187392879 
2307	 0.117589578199147 
2308	 0.117291537003041 
2309	 0.115501781568467 
2310	 0.11487400566558 
2311	 0.114794050568227 
2312	 0.115743707456292 
2313	 0.11729382423657 
2314	 0.114336978885145 
2315	 0.111042546278548 
2316	 0.112801353913044 
2317	 0.112889145720442 
2318	 0.113412229017526 
2319	 0.114482917006138 
2320	 0.115548266828694 
2321	 0.115088873044812 
2322	 0.115385105694297 
2323	 0.11545928114291 
2324	 0.113917924723848 
2325	 0.113459156323026 
2326	 0.114125309445488 
2327	 0.112706772238547 
2328	 0.10948747174983 
2329	 0.109544068951848 
2330	 0.111830879384879 
2331	 0.1104254637758 
2332	 0.107739530995491 
2333	 0.107622130867223 
2334	 0.104927871651462 
2335	 0.104312877169353 
2336	 0.109222043941627 
2337	 0.111444787528458 
2338	 0.112833513335292 
2339	 0.111834195488616 
2340	 0.108921515335283 
2341	 0.107839253477454 
2342	 0.104109496212811 
2343	 0.101609258133882 
2344	 0.105661632591298 
2345	 0.10442815654434 
2346	 0.101246131222945 
2347	 0.104388722047553 
2348	 0.104697518488822 
2349	 0.103967303410033 
2350	 0.105207783029594 
2351	 0.103217213323833 
2352	 9.96634388751392E-02 
2353	 0.098729883445569 
2354	 0.101262232704377 
2355	 0.102225801288329 
2356	 0.101995041667305 
2357	 0.102438164831332 
2358	 0.10186172189523 
2359	 9.89988624345466E-02 
2360	 9.55550170700575E-02 
2361	 9.98591797334418E-02 
2362	 0.102959224830846 
2363	 9.84967251714529E-02 
2364	 9.60076049339599E-02 
2365	 0.092998882430443 
2366	 8.81281733559743E-02 
2367	 8.83913016336746E-02 
2368	 9.30343064464706E-02 
2369	 9.15965150911225E-02 
2370	 8.63144225363719E-02 
2371	 8.51138391867218E-02 
2372	 8.57635521856235E-02 
2373	 8.80257123715178E-02 
2374	 8.82403285522356E-02 
2375	 9.01865004714373E-02 
2376	 9.47968333411631E-02 
2377	 8.93971145118721E-02 
2378	 8.52463597827353E-02 
2379	 9.15188749325442E-02 
2380	 9.39172806248306E-02 
2381	 0.092039424923899 
2382	 9.27271600843354E-02 
2383	 8.95183148997215E-02 
2384	 8.32427862842814E-02 
2385	 8.75330869406805E-02 
2386	 9.67954042230782E-02 
2387	 9.98552528444009E-02 
2388	 9.90012780581215E-02 
2389	 9.48057129267799E-02 
2390	 8.74080403252727E-02 
2391	 8.60530410018594E-02 
2392	 9.36675484669202E-02 
2393	 9.68222859740228E-02 
2394	 0.090998964013212 
2395	 0.086563583201447 
2396	 8.82434731591456E-02 
2397	 8.90946021475625E-02 
2398	 9.27514554975669E-02 
2399	 9.53973612173419E-02 
2400	 8.13532962197223E-02 
2401	 6.91322963858444E-02 
2402	 0.07340166844163 
2403	 7.91354880878375E-02 
2404	 0.084173930254542 
2405	 7.89761606900526E-02 
2406	 6.49387011421272E-02 
2407	 0.062738841325775 
2408	 6.64773292835293E-02 
2409	 7.55429848155044E-02 
2410	 8.73785625031898E-02 
2411	 8.18842704265561E-02 
2412	 7.66293651660585E-02 
2413	 8.54547782074379E-02 
2414	 8.21029679478231E-02 
2415	 7.38838178946024E-02 
2416	 7.40489320701598E-02 
2417	 7.05288056791135E-02 
2418	 6.93309215921452E-02 
2419	 7.25080842082575E-02 
2420	 6.80709119630984E-02 
2421	 6.44032622014651E-02 
2422	 7.64909433736296E-02 
2423	 8.21289309603681E-02 
2424	 7.95050289992176E-02 
2425	 7.96450682189184E-02 
2426	 5.87905527871086E-02 
2427	 4.98289037132343E-02 
2428	 7.58092542298217E-02 
2429	 8.39023107734347E-02 
2430	 8.28732871716149E-02 
2431	 9.12840319646343E-02 
2432	 7.80152703103076E-02 
2433	 6.04084826891277E-02 
2434	 6.79302689157867E-02 
2435	 7.72736898299058E-02 
2436	 6.99981236381933E-02 
2437	 6.43857009996748E-02 
2438	 6.29693780947139E-02 
2439	 5.88039733681788E-02 
2440	 7.80954772208441E-02 
2441	 9.77389033326537E-02 
2442	 8.57971061422025E-02 
2443	 7.08323731016396E-02 
2444	 5.20834442336816E-02 
2445	 4.91460237714308E-02 
2446	 6.37860773422361E-02 
2447	 6.97018521700097E-02 
2448	 7.85730131988677E-02 
2449	 5.64392101488587E-02 
2450	 3.16860375927856E-02 
2451	 4.47144138426204E-02 
2452	 3.86054134074562E-02 
2453	 5.54389031982601E-02 
2454	 0.112648674753576 
2455	 0.113175910991908 
2456	 0.105509591489761 
2457	 9.97894884605728E-02 
2458	 5.06695508591085E-02 
2459	 3.46928936850744E-02 
2460	 5.74644073560453E-02 
2461	 0.079877004222604 
2462	 0.104135667599414 
2463	 9.00162466468186E-02 
2464	 0.046970792033597 
2465	 3.43548682965924E-02 
2466	 3.39113711339315E-02 
2467	 3.20035423155765E-02 
2468	 6.44525316163538E-02 
2469	 6.68676017559595E-02 
2470	 3.17964885458863E-02 
2471	 2.93707257583686E-02 
2472	 5.37946545813545E-02 
2473	 4.59281926096398E-02 
2474	 3.48110074691563E-02 
2475	 3.66838713510472E-02 
2476	 2.05400306999458E-03 
2477	-9.51982252799687E-03 
2478	 0.022557281299082 
2479	 1.93281046148044E-02 
2480	 0.020754584355521 
2481	 6.73161375420889E-02 
2482	 8.93188229095868E-02 
2483	 0.107230220258727 
2484	 0.162453494106972 
2485	 0.16376127529025 
2486	 0.175470725597797 
2487	 0.159009906583757 
2488	 0.142349287862592 
2489	 3.45336652796049E-02 
2490	-0.171883631158445 
2491	-0.200156460340938 
2492	-0.357256852613156 
2493	-0.107163993585646 
2494	 0.307172215565735 
2495	 0.288139741955913 
2496	 0.250123113008469 
2497	 0.114996394883615 
2498	-3.45820467132545E-02 
2499	 0.189736962378401 
2500	 0.32361454000374 
