Wavelength	09/27/123 at 12:39:44
350	 1.53147642155239E-02 
351	 1.53578637449295E-02 
352	 1.53986080352438E-02 
353	 1.52243237753266E-02 
354	 1.47645151907973E-02 
355	 1.51738276345117E-02 
356	 0.015226353323243 
357	 1.44754316463033E-02 
358	 1.45054211668318E-02 
359	 1.48776242167327E-02 
360	 1.50877475303384E-02 
361	 1.47109350326465E-02 
362	 1.48430543801943E-02 
363	 1.51166101067517E-02 
364	 0.015152704706374 
365	 1.48395399569584E-02 
366	 1.46691376402045E-02 
367	 1.46439353615608E-02 
368	 1.45581044366835E-02 
369	 0.014652454664634 
370	 1.47538598580713E-02 
371	 0.014746638689357 
372	 1.47268988645932E-02 
373	 1.48496954791428E-02 
374	 1.49369741724812E-02 
375	 1.46930730067146E-02 
376	 1.46192448201639E-02 
377	 1.47711893819691E-02 
378	 1.49944196898586E-02 
379	 1.47625794796433E-02 
380	 1.47927940485845E-02 
381	 0.01506570235547 
382	 1.52117628551136E-02 
383	 1.52645121156484E-02 
384	 1.52794489729781E-02 
385	 1.52973018079549E-02 
386	 1.52985495037271E-02 
387	 1.53977845537313E-02 
388	 0.015531159391385 
389	 1.55792220433749E-02 
390	 1.56784741896395E-02 
391	 1.59396678853766E-02 
392	 1.62965567727019E-02 
393	 1.63450412826311E-02 
394	 1.65445073254753E-02 
395	 1.67296238672325E-02 
396	 1.65981207378114E-02 
397	 1.67319694914868E-02 
398	 1.70022667095373E-02 
399	 1.72426396925967E-02 
400	 1.73308120437604E-02 
401	 1.74330985322678E-02 
402	 1.75872084414648E-02 
403	 1.77828985751692E-02 
404	 0.018025316193771 
405	 1.81663060008249E-02 
406	 1.81999609445556E-02 
407	 0.018401201324774 
408	 1.85719415845024E-02 
409	 1.87682914536619E-02 
410	 1.90824679069092E-02 
411	 1.91647871227139E-02 
412	 1.92208546604809E-02 
413	 0.019391863609455 
414	 1.96535721554323E-02 
415	 1.97695085492743E-02 
416	 0.01982342008796 
417	 1.99753513080908E-02 
418	 1.99698368687649E-02 
419	 1.99816349646226E-02 
420	 2.00982332455487E-02 
421	 2.02252215186415E-02 
422	 2.02270504279229E-02 
423	 2.02170305481877E-02 
424	 2.03538816232252E-02 
425	 2.03902819822007E-02 
426	 2.04179635854151E-02 
427	 2.04747507594705E-02 
428	 2.04714590785133E-02 
429	 2.04693102923878E-02 
430	 2.04339847381004E-02 
431	 2.03292124917946E-02 
432	 2.02772587607444E-02 
433	 2.02754585023246E-02 
434	 2.02618681520528E-02 
435	 2.00987746106228E-02 
436	 0.02006454142359 
437	 2.00888473152028E-02 
438	 2.00347914084561E-02 
439	 2.00425185155409E-02 
440	 2.00443343870652E-02 
441	 1.99984660526054E-02 
442	 1.99092246588034E-02 
443	 1.98194040543483E-02 
444	 0.019775569089888 
445	 1.98030551878512E-02 
446	 1.98295382171678E-02 
447	 1.98658206980699E-02 
448	 1.99106431780226E-02 
449	 1.99433426317601E-02 
450	 0.019992263221476 
451	 2.00188788600467E-02 
452	 1.99871351881877E-02 
453	 1.99617182720001E-02 
454	 1.99904026921832E-02 
455	 2.00517662075056E-02 
456	 0.020046102362662 
457	 2.00250129698987E-02 
458	 2.00448782368256E-02 
459	 0.020129875681844 
460	 2.01575898621129E-02 
461	 2.01860036425786E-02 
462	 2.02338905240099E-02 
463	 2.02712836028966E-02 
464	 2.03090527362402E-02 
465	 2.03765723148829E-02 
466	 2.04880145567453E-02 
467	 2.05886308606658E-02 
468	 2.06531066992994E-02 
469	 2.06821292219442E-02 
470	 2.07012966662374E-02 
471	 2.07358930633805E-02 
472	 2.07755934577498E-02 
473	 2.07981357936224E-02 
474	 0.020774334360597 
475	 2.07401442607922E-02 
476	 2.06913599523018E-02 
477	 2.05974309704045E-02 
478	 2.05535576419923E-02 
479	 2.05691555045788E-02 
480	 2.06208933166325E-02 
481	 2.06480906839303E-02 
482	 2.06556316219477E-02 
483	 2.06865115138198E-02 
484	 2.07981949009572E-02 
485	 2.08014704433437E-02 
486	 2.07958012186463E-02 
487	 2.08542391111857E-02 
488	 2.08406703719246E-02 
489	 2.08450558126903E-02 
490	 2.08482456705359E-02 
491	 0.020784989220131 
492	 2.07454985163784E-02 
493	 0.02073138411977 
494	 2.07240586373166E-02 
495	 2.06787508003422E-02 
496	 2.06656352300264E-02 
497	 2.07147297149326E-02 
498	 2.08370588076207E-02 
499	 2.10509032079402E-02 
500	 2.12675553016756E-02 
501	 2.14522700028954E-02 
502	 0.021686309327397 
503	 2.19687811063849E-02 
504	 2.22582561560787E-02 
505	 2.25189715251516E-02 
506	 2.28774198353161E-02 
507	 2.32135029848278E-02 
508	 2.34918442669025E-02 
509	 2.38297811731674E-02 
510	 2.41449842963227E-02 
511	 2.44440666095675E-02 
512	 2.47559780094077E-02 
513	 2.50651834640763E-02 
514	 2.54003778876614E-02 
515	 2.57556566787197E-02 
516	 2.60776539557424E-02 
517	 2.64026981248548E-02 
518	 2.66928094768674E-02 
519	 2.69149903255855E-02 
520	 2.71435912208689E-02 
521	 2.73705322643332E-02 
522	 2.76116752165233E-02 
523	 2.79030835059175E-02 
524	 2.81702408892412E-02 
525	 2.84207274236538E-02 
526	 0.028667100277881 
527	 2.88712795649784E-02 
528	 2.90523015759521E-02 
529	 2.92397239150037E-02 
530	 2.94690019157836E-02 
531	 2.96892308832606E-02 
532	 2.98940772860293E-02 
533	 3.00900541143352E-02 
534	 3.03031938983659E-02 
535	 3.05022137545224E-02 
536	 3.06859981955122E-02 
537	 3.08698364809873E-02 
538	 0.031036136998896 
539	 3.13092266081868E-02 
540	 3.16871948990742E-02 
541	 3.18507548540732E-02 
542	 3.20596697880454E-02 
543	 3.23290991241978E-02 
544	 0.032582691751981 
545	 3.28331885724075E-02 
546	 3.31125271624427E-02 
547	 3.34110970845272E-02 
548	 3.36422764516945E-02 
549	 3.39253153226819E-02 
550	 3.42664494933234E-02 
551	 3.46335488884729E-02 
552	 3.50097900284062E-02 
553	 3.53710532744922E-02 
554	 3.57094990322864E-02 
555	 3.60378387409726E-02 
556	 3.64445517688453E-02 
557	 0.036951045780766 
558	 3.75267756466876E-02 
559	 3.80415221570321E-02 
560	 3.85956426322114E-02 
561	 0.039248164319065 
562	 4.00185442148263E-02 
563	 4.08397485237754E-02 
564	 4.16893394228017E-02 
565	 4.25764093380583E-02 
566	 4.35599499576971E-02 
567	 4.46605912835113E-02 
568	 4.58427245990797E-02 
569	 4.70477955336748E-02 
570	 4.83690388871668E-02 
571	 0.049781932112177 
572	 5.12474949882337E-02 
573	 5.27585457205113E-02 
574	 5.44115719472435E-02 
575	 5.62417317316476E-02 
576	 5.82188277570475E-02 
577	 6.03022840093276E-02 
578	 6.24852097258569E-02 
579	 6.47815824854886E-02 
580	 6.72377620003118E-02 
581	 6.98193822399751E-02 
582	 7.25598656194792E-02 
583	 0.075507920015429 
584	 7.87325476491212E-02 
585	 8.22026993593025E-02 
586	 8.58788142725587E-02 
587	 8.97870707325448E-02 
588	 0.093929505835309 
589	 9.83760642238264E-02 
590	 0.102952644903469 
591	 0.107585425238488 
592	 0.112376714444164 
593	 0.11742582925208 
594	 0.122647611574832 
595	 0.128139162008395 
596	 0.133883585289341 
597	 0.139862704786104 
598	 0.145980777056496 
599	 0.1523484009951 
600	 0.158931363874215 
601	 0.165679246511314 
602	 0.172668744551504 
603	 0.179708658332703 
604	 0.186736424399815 
605	 0.19385917865567 
606	 0.200960665204636 
607	 0.208072481218045 
608	 0.215288929217939 
609	 0.222534931713726 
610	 0.229755729701597 
611	 0.236918006054571 
612	 0.244088996902284 
613	 0.251267577022651 
614	 0.258405632407904 
615	 0.265498136579581 
616	 0.272661743956973 
617	 0.279853669696896 
618	 0.286880322297589 
619	 0.293752000610623 
620	 0.300537375727113 
621	 0.307234692742758 
622	 0.313852843242796 
623	 0.320355131971642 
624	 0.326795990143039 
625	 0.333211612806639 
626	 0.339556288866979 
627	 0.345663665449213 
628	 0.351676369797874 
629	 0.357531892879762 
630	 0.363024324151948 
631	 0.368483200846103 
632	 0.373798716422608 
633	 0.378839229190427 
634	 0.38379005213306 
635	 0.388594854739979 
636	 0.39324123494569 
637	 0.397727691020807 
638	 0.401882889517026 
639	 0.405837917008428 
640	 0.409717222616976 
641	 0.413536659933328 
642	 0.417214980870303 
643	 0.420668695812652 
644	 0.423878577007111 
645	 0.426954669517972 
646	 0.430023231282519 
647	 0.433032773231026 
648	 0.435771821925657 
649	 0.438577144946292 
650	 0.441280157680663 
651	 0.443721730323156 
652	 0.446122387435052 
653	 0.448375685552302 
654	 0.45024766881014 
655	 0.451610030021321 
656	 0.454146444651022 
657	 0.456659461568144 
658	 0.458281665396693 
659	 0.459657968826452 
660	 0.46114448744779 
661	 0.462614760531534 
662	 0.463856011995976 
663	 0.465063762000148 
664	 0.466264920577233 
665	 0.467415760343015 
666	 0.46842897055231 
667	 0.469484219769314 
668	 0.470538653932693 
669	 0.471528988264599 
670	 0.472448452851577 
671	 0.473444101842847 
672	 0.474462041280721 
673	 0.475366090844877 
674	 0.476329409394969 
675	 0.477209679138676 
676	 0.477972604679892 
677	 0.478817923853384 
678	 0.479681943149579 
679	 0.480577748107843 
680	 0.481522152108718 
681	 0.482451218707247 
682	 0.483351185780358 
683	 0.484346690419313 
684	 0.4856042289632 
685	 0.486623210331783 
686	 0.488087294818325 
687	 0.490417986266325 
688	 0.492567567219619 
689	 0.494057414626424 
690	 0.495212928489556 
691	 0.496500396955858 
692	 0.497911230199439 
693	 0.499586711405166 
694	 0.501552731558698 
695	 0.503650709732009 
696	 0.505589071050425 
697	 0.507399016663475 
698	 0.509273329626167 
699	 0.511407808876078 
700	 0.513609839978632 
701	 0.515803004794644 
702	 0.517970920563232 
703	 0.520082101858751 
704	 0.522147894758098 
705	 0.524168875622578 
706	 0.526073330660961 
707	 0.528005093643919 
708	 0.530010187887631 
709	 0.532077069476034 
710	 0.534029385404011 
711	 0.535978269303686 
712	 0.53803049498064 
713	 0.540237600364902 
714	 0.542213863537393 
715	 0.544002862740986 
716	 0.5458293289323 
717	 0.54798269254707 
718	 0.550649289178655 
719	 0.553654350118392 
720	 0.556417694771854 
721	 0.558144330458785 
722	 0.559242881922172 
723	 0.560583604777846 
724	 0.562963889415227 
725	 0.565338093321096 
726	 0.567316901044455 
727	 0.568943205426576 
728	 0.570552272946922 
729	 0.572269433788389 
730	 0.57407864408442 
731	 0.575847793597509 
732	 0.57736356046091 
733	 0.578519343858161 
734	 0.579555048274144 
735	 0.580827947269231 
736	 0.582179931773997 
737	 0.583416702330067 
738	 0.584491990872383 
739	 0.585547543388867 
740	 0.586622746623727 
741	 0.587728649653453 
742	 0.588812664678189 
743	 0.589689132837687 
744	 0.590524781416103 
745	 0.591348883245629 
746	 0.592118846087562 
747	 0.59293789296968 
748	 0.593651835239774 
749	 0.594235639599702 
750	 0.594869522780122 
751	 0.595477596843874 
752	 0.596105408865324 
753	 0.596770657823462 
754	 0.597350982909935 
755	 0.597974565645384 
756	 0.598779097761666 
757	 0.599717107155721 
758	 0.599117436816464 
759	 0.597940553605827 
760	 0.599531725935145 
761	 0.609426603571253 
762	 0.612057031950809 
763	 0.610381716756418 
764	 0.60926200088335 
765	 0.608456183048815 
766	 0.607213492524423 
767	 0.605827250733293 
768	 0.604755355643 
769	 0.604157776071492 
770	 0.603927945963962 
771	 0.603959790980554 
772	 0.604142717188407 
773	 0.604351394620483 
774	 0.604544220357618 
775	 0.604738590021633 
776	 0.605028117471398 
777	 0.605266504245739 
778	 0.605498152323174 
779	 0.605796339064787 
780	 0.606156396610585 
781	 0.606392244688129 
782	 0.606508463380571 
783	 0.606652763171888 
784	 0.607036883992435 
785	 0.607442151014707 
786	 0.607734402087403 
787	 0.607970638499384 
788	 0.608205627177514 
789	 0.608467335131656 
790	 0.608749659396691 
791	 0.608974860052563 
792	 0.609221746033337 
793	 0.609500085230824 
794	 0.609793000249602 
795	 0.610092816456427 
796	 0.61042739857897 
797	 0.610730874739746 
798	 0.610876512692649 
799	 0.610895275733555 
800	 0.611088561067936 
801	 0.611515571427277 
802	 0.611775837105337 
803	 0.612009345508923 
804	 0.612270749322072 
805	 0.6125550588083 
806	 0.612731609268972 
807	 0.612797738505382 
808	 0.612857502242003 
809	 0.613054035566314 
810	 0.613475156333688 
811	 0.613845477747117 
812	 0.614018272626529 
813	 0.614061368966665 
814	 0.61434087755183 
815	 0.614862704739508 
816	 0.615514587127383 
817	 0.616151467590227 
818	 0.616754138303861 
819	 0.617285983370718 
820	 0.617530591356392 
821	 0.616525804223837 
822	 0.615710744939142 
823	 0.616200362265283 
824	 0.618210795151665 
825	 0.618495369570257 
826	 0.617713843828847 
827	 0.616871095321393 
828	 0.616936900315653 
829	 0.617307831509211 
830	 0.617544052152245 
831	 0.617489772625476 
832	 0.617421619041899 
833	 0.617558724472601 
834	 0.6177646514324 
835	 0.617871575564235 
836	 0.617854175450671 
837	 0.617938844123282 
838	 0.618063877579056 
839	 0.61808482406723 
840	 0.618186535621999 
841	 0.618233437005992 
842	 0.618240522026256 
843	 0.618335166028977 
844	 0.618531834464463 
845	 0.618822139376672 
846	 0.619057742147495 
847	 0.618944698337932 
848	 0.618675027301003 
849	 0.618643648712935 
850	 0.618988757734597 
851	 0.619180378208026 
852	 0.618818449662831 
853	 0.618393687972664 
854	 0.618644309161275 
855	 0.619852762957427 
856	 0.620977226920932 
857	 0.62128121438086 
858	 0.62059306198845 
859	 0.620399261535334 
860	 0.620583400520059 
861	 0.62089003865153 
862	 0.621046976215437 
863	 0.620880850390101 
864	 0.620317855765684 
865	 0.619701127865609 
866	 0.61993341606025 
867	 0.620825403875551 
868	 0.621834493928542 
869	 0.622432163104399 
870	 0.622340540320634 
871	 0.622161911671975 
872	 0.622115300241072 
873	 0.622228029875935 
874	 0.622248694392119 
875	 0.622319960549277 
876	 0.622493137043282 
877	 0.622714641251736 
878	 0.622807241695667 
879	 0.622791140721604 
880	 0.622822414659693 
881	 0.623142940797454 
882	 0.623474074264286 
883	 0.623603167549957 
884	 0.623523430078659 
885	 0.623458006523106 
886	 0.623358213977328 
887	 0.623445339965013 
888	 0.62383357497383 
889	 0.624320594256548 
890	 0.624354730569748 
891	 0.624244744348248 
892	 0.624272649857694 
893	 0.624011636392703 
894	 0.623609045925355 
895	 0.623200281080558 
896	 0.622981499409982 
897	 0.623308843834151 
898	 0.623475642842784 
899	 0.623791593436587 
900	 0.624897640919573 
901	 0.626140401805822 
902	 0.627400819345844 
903	 0.62821106913335 
904	 0.627928560277473 
905	 0.62664217888321 
906	 0.625214802520263 
907	 0.624358952254417 
908	 0.624466264874812 
909	 0.625446040775591 
910	 0.626412337306571 
911	 0.62677320072536 
912	 0.626599959814699 
913	 0.6260118684897 
914	 0.625421689272878 
915	 0.625303024470668 
916	 0.626051824004254 
917	 0.626844694576324 
918	 0.627407658255052 
919	 0.627621218757945 
920	 0.627371213232495 
921	 0.626790533931417 
922	 0.626161851949045 
923	 0.625778459061715 
924	 0.625821668851725 
925	 0.626162198114757 
926	 0.626021303526324 
927	 0.624515644588756 
928	 0.621911333048021 
929	 0.619508099942085 
930	 0.617330859421296 
931	 0.614684909931423 
932	 0.613542211204871 
933	 0.61268852367758 
934	 0.612848415504618 
935	 0.615970094576953 
936	 0.61946115471596 
937	 0.622580204721074 
938	 0.624897002766683 
939	 0.626010010705564 
940	 0.62459979579444 
941	 0.621078244683712 
942	 0.617032327316543 
943	 0.61475171359762 
944	 0.613773643400819 
945	 0.613370021256395 
946	 0.613271607728912 
947	 0.613768611001109 
948	 0.613119506962569 
949	 0.612144603504203 
950	 0.611349822174712 
951	 0.610215280685137 
952	 0.608885712085271 
953	 0.607187755827696 
954	 0.605405431202335 
955	 0.604494826566077 
956	 0.603945293666374 
957	 0.60346199552235 
958	 0.60285292703454 
959	 0.60200711747494 
960	 0.600928562031791 
961	 0.600589315350818 
962	 0.601111218792671 
963	 0.60059198853526 
964	 0.600069413610142 
965	 0.600024788811295 
966	 0.600437899063663 
967	 0.600562316011205 
968	 0.600356827904299 
969	 0.600450157326347 
970	 0.600928984973525 
971	 0.599943522773647 
972	 0.598411694464972 
973	 0.597383913327538 
974	 0.597266713032169 
975	 0.596452756253883 
976	 0.596022639921855 
977	 0.596496306155467 
978	 0.597726420085487 
979	 0.598227746632583 
980	 0.598523919760034 
981	 0.598869090434748 
982	 0.599312397478576 
983	 0.599568680206598 
984	 0.599439861136173 
985	 0.599269536480748 
986	 0.599415237359984 
987	 0.599507875706705 
988	 0.599772814299479 
989	 0.599939653000836 
990	 0.599767295877569 
991	 0.599841401551113 
992	 0.600600235641219 
993	 0.60146360393235 
994	 0.601667561423788 
995	 0.601452071322582 
996	 0.60165298724917 
997	 0.601926425324764 
998	 0.601746072746047 
999	 0.601938324363886 
1000	 0.602540163167065 
1001	 0.661337404302948 
1002	 0.661816638631577 
1003	 0.662428312177387 
1004	 0.662968599867361 
1005	 0.663374524378566 
1006	 0.663806955134134 
1007	 0.664184760471561 
1008	 0.664739059061707 
1009	 0.66530862069048 
1010	 0.666035767940849 
1011	 0.666792338611528 
1012	 0.667136874441643 
1013	 0.667449604223372 
1014	 0.667966038641527 
1015	 0.668344179398095 
1016	 0.668734769952467 
1017	 0.669253982897405 
1018	 0.66988165757438 
1019	 0.670347826899124 
1020	 0.670790820798622 
1021	 0.671465491752742 
1022	 0.672083895299773 
1023	 0.672622119801957 
1024	 0.673255806465524 
1025	 0.673920405142607 
1026	 0.674475101614373 
1027	 0.674987385177334 
1028	 0.675596701561718 
1029	 0.676058248716441 
1030	 0.676323162597759 
1031	 0.676698836921209 
1032	 0.677067450178761 
1033	 0.67742607043795 
1034	 0.677802411382976 
1035	 0.678334083205391 
1036	 0.67878830546395 
1037	 0.679276894632328 
1038	 0.679913626402187 
1039	 0.680516505295024 
1040	 0.681113517338086 
1041	 0.681585248847747 
1042	 0.681869100508603 
1043	 0.682200987604209 
1044	 0.682621416802955 
1045	 0.683082421790437 
1046	 0.683524793596456 
1047	 0.683991860491316 
1048	 0.684536403049452 
1049	 0.685011447772241 
1050	 0.685509643073727 
1051	 0.686054264219424 
1052	 0.686524655711189 
1053	 0.686788926261184 
1054	 0.686891825062263 
1055	 0.687059549285222 
1056	 0.687036137012209 
1057	 0.687144433248247 
1058	 0.687317450040565 
1059	 0.687525689650715 
1060	 0.687724461077765 
1061	 0.688099742118893 
1062	 0.688420813548592 
1063	 0.688831096357821 
1064	 0.689296337513777 
1065	 0.689457970950057 
1066	 0.689457744715248 
1067	 0.689241500885584 
1068	 0.688911639420542 
1069	 0.688818377279783 
1070	 0.688685956459626 
1071	 0.688656070857568 
1072	 0.688633587364639 
1073	 0.688590107492445 
1074	 0.68849748069915 
1075	 0.688467584070748 
1076	 0.68851875736362 
1077	 0.688225394158441 
1078	 0.687912784973884 
1079	 0.687718549710114 
1080	 0.687346353838358 
1081	 0.687141179075529 
1082	 0.687139354286766 
1083	 0.686865698498993 
1084	 0.68637935611846 
1085	 0.68605281149111 
1086	 0.685616545284151 
1087	 0.685264008615884 
1088	 0.684969825096855 
1089	 0.684839073567757 
1090	 0.684781882291798 
1091	 0.684662958246424 
1092	 0.684812247210986 
1093	 0.684792054240644 
1094	 0.684402933503809 
1095	 0.684077411870005 
1096	 0.683882617933288 
1097	 0.683687807701126 
1098	 0.683422034668714 
1099	 0.683255380320084 
1100	 0.68311446653265 
1101	 0.682767089888546 
1102	 0.682686864187266 
1103	 0.682981662772314 
1104	 0.683052148009521 
1105	 0.683140187555301 
1106	 0.683166227400859 
1107	 0.683111705080721 
1108	 0.682967726586244 
1109	 0.68299424290466 
1110	 0.682931304531863 
1111	 0.683093201142002 
1112	 0.683479257708787 
1113	 0.683737222098972 
1114	 0.684101406388645 
1115	 0.68441948939275 
1116	 0.684690640479605 
1117	 0.68490348813761 
1118	 0.685082626997462 
1119	 0.685278541568644 
1120	 0.685444905076187 
1121	 0.685484460736775 
1122	 0.685479799259067 
1123	 0.685393392408503 
1124	 0.685157111367502 
1125	 0.684932679694189 
1126	 0.683880271831742 
1127	 0.682362513537164 
1128	 0.680872540920207 
1129	 0.67866102162643 
1130	 0.677001736603619 
1131	 0.676205974031894 
1132	 0.674413582753603 
1133	 0.672056013617758 
1134	 0.670205898241054 
1135	 0.668391824007209 
1136	 0.666384765809699 
1137	 0.664737783765745 
1138	 0.662785245600124 
1139	 0.660443234498847 
1140	 0.657880407730726 
1141	 0.655653729578085 
1142	 0.653541620655824 
1143	 0.651357716622924 
1144	 0.64935946971596 
1145	 0.647032199505857 
1146	 0.644652635022182 
1147	 0.642147085485739 
1148	 0.639454155593463 
1149	 0.636818572220404 
1150	 0.634169808569216 
1151	 0.631586264421514 
1152	 0.628997602794605 
1153	 0.62666470750607 
1154	 0.624483199038642 
1155	 0.622387399152169 
1156	 0.620915662600041 
1157	 0.619022445443827 
1158	 0.617588284507616 
1159	 0.616449297263081 
1160	 0.615248664547713 
1161	 0.613923819734392 
1162	 0.613224409177993 
1163	 0.612828142339472 
1164	 0.612290856398585 
1165	 0.612040262240603 
1166	 0.611600284330104 
1167	 0.610920809599494 
1168	 0.610398003089388 
1169	 0.609951330364855 
1170	 0.609569992764631 
1171	 0.609178865588208 
1172	 0.608800281847194 
1173	 0.608685546669799 
1174	 0.608595846113438 
1175	 0.60837172034534 
1176	 0.608079300351838 
1177	 0.607962084460737 
1178	 0.607853662877622 
1179	 0.607722246180555 
1180	 0.607766495637482 
1181	 0.607665275381146 
1182	 0.607377165616804 
1183	 0.607153747592165 
1184	 0.606939139717974 
1185	 0.60675910722722 
1186	 0.606591532650712 
1187	 0.606414324234596 
1188	 0.606264327300302 
1189	 0.60613136176017 
1190	 0.606206052004005 
1191	 0.606214199960795 
1192	 0.606165127457314 
1193	 0.606141671953333 
1194	 0.606120856252041 
1195	 0.605893378331893 
1196	 0.605902560802531 
1197	 0.606161993265723 
1198	 0.606280764437845 
1199	 0.606421499057361 
1200	 0.606496736590398 
1201	 0.606452147635751 
1202	 0.606472032590059 
1203	 0.606505725883867 
1204	 0.606564552918955 
1205	 0.606584943081083 
1206	 0.606837599760118 
1207	 0.606974768235493 
1208	 0.607027998354194 
1209	 0.607379678420822 
1210	 0.607661674690024 
1211	 0.607990249537441 
1212	 0.608280171079628 
1213	 0.608356734741008 
1214	 0.608575311292553 
1215	 0.608768143053949 
1216	 0.608947242838661 
1217	 0.609221028323448 
1218	 0.609565936171272 
1219	 0.6098566692128 
1220	 0.610248232264485 
1221	 0.610518535429241 
1222	 0.610545898117001 
1223	 0.610801116935635 
1224	 0.611083137549424 
1225	 0.611560517893831 
1226	 0.611958999260654 
1227	 0.612465704771096 
1228	 0.6128494337902 
1229	 0.612972405144906 
1230	 0.613279242056707 
1231	 0.6136365557542 
1232	 0.613892446473011 
1233	 0.614442475906198 
1234	 0.614878024069691 
1235	 0.615005653524898 
1236	 0.61531891705618 
1237	 0.615657490918657 
1238	 0.615908613505736 
1239	 0.616237177501885 
1240	 0.616604214732887 
1241	 0.616832377619282 
1242	 0.617136173468729 
1243	 0.617536554246984 
1244	 0.617937543563677 
1245	 0.618211738407017 
1246	 0.618557610480725 
1247	 0.618854470971926 
1248	 0.618973487256772 
1249	 0.619258922990765 
1250	 0.619809614806728 
1251	 0.620258925949124 
1252	 0.620711099328698 
1253	 0.621077503727239 
1254	 0.62120596656644 
1255	 0.621543887043923 
1256	 0.621938335458511 
1257	 0.622320210489789 
1258	 0.622871328129912 
1259	 0.623270808188866 
1260	 0.62351460292857 
1261	 0.623919930959464 
1262	 0.624459738956524 
1263	 0.624690391688845 
1264	 0.624866708708856 
1265	 0.625204222180262 
1266	 0.625248428433219 
1267	 0.625421046903915 
1268	 0.625831167146515 
1269	 0.625944828018694 
1270	 0.625799778188522 
1271	 0.625555175695101 
1272	 0.625365741510622 
1273	 0.62517987182255 
1274	 0.625089453624127 
1275	 0.625149645402411 
1276	 0.624789114454141 
1277	 0.624182344684177 
1278	 0.624003580381504 
1279	 0.623790008888563 
1280	 0.623383817406152 
1281	 0.623176235135032 
1282	 0.622724380846238 
1283	 0.62189385837133 
1284	 0.621078966473406 
1285	 0.620760592820437 
1286	 0.620410265870363 
1287	 0.620099262659362 
1288	 0.619697249861569 
1289	 0.618992464583582 
1290	 0.61846061216458 
1291	 0.618033301536716 
1292	 0.617456768101312 
1293	 0.616868423190179 
1294	 0.616162108858557 
1295	 0.615241619033211 
1296	 0.61446038810754 
1297	 0.613883549616899 
1298	 0.613177133620667 
1299	 0.612328011219384 
1300	 0.611438640283338 
1301	 0.610408186901376 
1302	 0.609213878672892 
1303	 0.608183803634477 
1304	 0.607416487378816 
1305	 0.606347440978435 
1306	 0.605177823812586 
1307	 0.60410001328034 
1308	 0.602615366513515 
1309	 0.600937466692941 
1310	 0.599529097099743 
1311	 0.597900783643804 
1312	 0.59648869801768 
1313	 0.595211049336029 
1314	 0.593672674913903 
1315	 0.592273083202348 
1316	 0.590680260628465 
1317	 0.588793566868761 
1318	 0.586979241616392 
1319	 0.58499898825617 
1320	 0.583184877477791 
1321	 0.581857441734259 
1322	 0.58027070740953 
1323	 0.578428444976622 
1324	 0.576657732257356 
1325	 0.574750514744297 
1326	 0.572867861797137 
1327	 0.571333589150992 
1328	 0.570080908864956 
1329	 0.568263400445597 
1330	 0.566195163895707 
1331	 0.563843640905876 
1332	 0.561805184766232 
1333	 0.559660393021205 
1334	 0.557818981303253 
1335	 0.556755835519644 
1336	 0.555114389145477 
1337	 0.552744939780714 
1338	 0.551052913473641 
1339	 0.549543907456949 
1340	 0.548099702687205 
1341	 0.547210757276679 
1342	 0.54603617360246 
1343	 0.544584019196869 
1344	 0.543488954367273 
1345	 0.543060203044364 
1346	 0.543069889192083 
1347	 0.54272278596042 
1348	 0.541773450844534 
1349	 0.540687881356348 
1350	 0.539889288430653 
1351	 0.539621661196422 
1352	 0.540068950905921 
1353	 0.539978883033974 
1354	 0.538153832190701 
1355	 0.536858812683415 
1356	 0.53617963590001 
1357	 0.535186968451569 
1358	 0.536369433402774 
1359	 0.535806009512064 
1360	 0.528387059750659 
1361	 0.522558378263676 
1362	 0.538064353796709 
1363	 0.538864786054188 
1364	 0.531292987558579 
1365	 0.550249884962357 
1366	 0.494356539738897 
1367	 0.429852719385542 
1368	 0.500178531681917 
1369	 0.506771236405308 
1370	 0.461872389513051 
1371	 0.482915198898786 
1372	 0.457303195136635 
1373	 0.410123787304622 
1374	 0.409710840218447 
1375	 0.489607957330525 
1376	 0.588376580962735 
1377	 0.597428840196885 
1378	 0.573134928757073 
1379	 0.508744741133567 
1380	 0.433637477122014 
1381	 0.429623887129424 
1382	 0.467359957432256 
1383	 0.487369992737873 
1384	 0.495022282289494 
1385	 0.483163684546685 
1386	 0.429450052992077 
1387	 0.382627860066614 
1388	 0.42255050037984 
1389	 0.424070104635141 
1390	 0.421234530367825 
1391	 0.392144176048228 
1392	 0.396102451891264 
1393	 0.359212036279736 
1394	 0.333560325144253 
1395	 0.358854953758527 
1396	 0.345629015547997 
1397	 0.320263331774775 
1398	 0.311029445869793 
1399	 0.305503928962063 
1400	 0.31099965243895 
1401	 0.305755495235692 
1402	 0.290023950354986 
1403	 0.275813899593699 
1404	 0.274820839552013 
1405	 0.27755504329969 
1406	 0.271030578200098 
1407	 0.260118112236418 
1408	 0.243429401053568 
1409	 0.233183789122412 
1410	 0.231120032694698 
1411	 0.231473075975819 
1412	 0.234881087981112 
1413	 0.230243243865216 
1414	 0.22056590061547 
1415	 0.213212281003443 
1416	 0.209235301484538 
1417	 0.209719852527224 
1418	 0.208825890286724 
1419	 0.205537107762385 
1420	 0.202316077213766 
1421	 0.199999899673277 
1422	 0.200011594269828 
1423	 0.200995712314072 
1424	 0.200637331099322 
1425	 0.197904950219735 
1426	 0.196140666049428 
1427	 0.193698188699283 
1428	 0.193324587891768 
1429	 0.193503888475941 
1430	 0.193481364166523 
1431	 0.193025552104974 
1432	 0.191553810697774 
1433	 0.190550836139641 
1434	 0.190060743496471 
1435	 0.189628390100323 
1436	 0.189665265324038 
1437	 0.187933657847746 
1438	 0.186365130034287 
1439	 0.186935892682296 
1440	 0.186717869801087 
1441	 0.186516337771196 
1442	 0.186903066950081 
1443	 0.185988123133829 
1444	 0.185297576983973 
1445	 0.185354401300335 
1446	 0.184996274828837 
1447	 0.185125611881069 
1448	 0.185385280701182 
1449	 0.184663611646164 
1450	 0.184197929144099 
1451	 0.184215403348163 
1452	 0.183679401666613 
1453	 0.183554603993193 
1454	 0.184089849974466 
1455	 0.184155867447679 
1456	 0.184070165586193 
1457	 0.184262667997184 
1458	 0.184309179298207 
1459	 0.184352666365191 
1460	 0.184882290800414 
1461	 0.185298582062356 
1462	 0.185707564764774 
1463	 0.186570133396607 
1464	 0.186943228766243 
1465	 0.187219494239498 
1466	 0.188212287380024 
1467	 0.189651519873073 
1468	 0.190968124410489 
1469	 0.191934344275584 
1470	 0.193292065748993 
1471	 0.194701655350965 
1472	 0.195698322798858 
1473	 0.196961836277274 
1474	 0.199075360066291 
1475	 0.200857330908259 
1476	 0.20257425378988 
1477	 0.204251838909249 
1478	 0.205795848956836 
1479	 0.207475724662577 
1480	 0.208698730683499 
1481	 0.210067293285135 
1482	 0.211802922553364 
1483	 0.213053980032451 
1484	 0.214547670582296 
1485	 0.216501560239201 
1486	 0.218090473701762 
1487	 0.219705423388436 
1488	 0.221466434341417 
1489	 0.222982180722268 
1490	 0.224654247964379 
1491	 0.226577959411982 
1492	 0.22817313405998 
1493	 0.229604241842264 
1494	 0.231171332774685 
1495	 0.232706071662787 
1496	 0.234119094288893 
1497	 0.235610884690693 
1498	 0.237511993932942 
1499	 0.239278930838046 
1500	 0.240775758867862 
1501	 0.242622692504821 
1502	 0.244247648869355 
1503	 0.245617311495888 
1504	 0.247766576178477 
1505	 0.249920498882133 
1506	 0.251533148393332 
1507	 0.25351624883277 
1508	 0.255402502077818 
1509	 0.256979317010037 
1510	 0.258960474985312 
1511	 0.261076059552268 
1512	 0.262919588052882 
1513	 0.264848088842412 
1514	 0.26686104819944 
1515	 0.268650853709687 
1516	 0.270642178802767 
1517	 0.272680716983745 
1518	 0.274502097119964 
1519	 0.276434877546437 
1520	 0.278219122036183 
1521	 0.279988880315145 
1522	 0.282005530020067 
1523	 0.283824076668483 
1524	 0.285756897486643 
1525	 0.287810805766901 
1526	 0.289515121474884 
1527	 0.291377316586922 
1528	 0.293321418755046 
1529	 0.295173765965567 
1530	 0.29711495099982 
1531	 0.298972650187587 
1532	 0.300757727560148 
1533	 0.302656170168621 
1534	 0.3045239425839 
1535	 0.306352414701354 
1536	 0.308277880743727 
1537	 0.310121586152269 
1538	 0.311843722178758 
1539	 0.313722018892078 
1540	 0.315472765968332 
1541	 0.317143073871057 
1542	 0.31888805800855 
1543	 0.320596176463148 
1544	 0.322436370663222 
1545	 0.324271163912865 
1546	 0.325891238898225 
1547	 0.327590801101838 
1548	 0.329358728795036 
1549	 0.331105358266244 
1550	 0.332778325462489 
1551	 0.334366103782935 
1552	 0.335992782010405 
1553	 0.337517055270452 
1554	 0.339118910889283 
1555	 0.340813817844309 
1556	 0.342438510901307 
1557	 0.344094954159994 
1558	 0.345591016521669 
1559	 0.347085870110209 
1560	 0.348734748374346 
1561	 0.35028154612499 
1562	 0.351898704034766 
1563	 0.353352953412585 
1564	 0.354507694051175 
1565	 0.356129676126778 
1566	 0.357906183358253 
1567	 0.359541025001324 
1568	 0.361203984899876 
1569	 0.362384851916269 
1570	 0.363577355946907 
1571	 0.365091896020224 
1572	 0.36667346668457 
1573	 0.368382777598311 
1574	 0.369721011227375 
1575	 0.370833152217818 
1576	 0.372156651112305 
1577	 0.37344816905054 
1578	 0.374817184240009 
1579	 0.376351998706105 
1580	 0.377653921356708 
1581	 0.378728350395332 
1582	 0.379911346434672 
1583	 0.381119750491154 
1584	 0.382124483455927 
1585	 0.383262491723965 
1586	 0.38448552057104 
1587	 0.38543117603192 
1588	 0.38656635442729 
1589	 0.387842058569907 
1590	 0.38877723707731 
1591	 0.389718952105677 
1592	 0.390857530177566 
1593	 0.391845994616081 
1594	 0.393053558852292 
1595	 0.39445970734915 
1596	 0.395384236381792 
1597	 0.396310798951738 
1598	 0.397350057760036 
1599	 0.398245229431169 
1600	 0.399525889317308 
1601	 0.40077408690258 
1602	 0.401568288988564 
1603	 0.402574628223566 
1604	 0.403640428082559 
1605	 0.40447727125552 
1606	 0.405635918432697 
1607	 0.406757709316215 
1608	 0.407356374471381 
1609	 0.408157629494971 
1610	 0.409205534376401 
1611	 0.409998444135458 
1612	 0.410924339115491 
1613	 0.411940444723378 
1614	 0.412746986680681 
1615	 0.41335719846145 
1616	 0.413803200695421 
1617	 0.414558315665923 
1618	 0.415427878747222 
1619	 0.416174528101856 
1620	 0.417012854531009 
1621	 0.417584308975832 
1622	 0.418095713763612 
1623	 0.41882186689024 
1624	 0.419541134655863 
1625	 0.420346521411529 
1626	 0.421070942122337 
1627	 0.421504124876225 
1628	 0.422054398256717 
1629	 0.422735313544592 
1630	 0.42309678839311 
1631	 0.423590340401925 
1632	 0.424553119462365 
1633	 0.425189476516571 
1634	 0.425683235718907 
1635	 0.426497717558153 
1636	 0.426902317903082 
1637	 0.427243709968359 
1638	 0.42806402727571 
1639	 0.428612858193416 
1640	 0.428924021020832 
1641	 0.429422081030706 
1642	 0.429997505613513 
1643	 0.430647468422148 
1644	 0.431240426649732 
1645	 0.431739764548878 
1646	 0.432261575338912 
1647	 0.432614409034801 
1648	 0.432967242588929 
1649	 0.433626136862305 
1650	 0.434109273510343 
1651	 0.434173338114674 
1652	 0.434607543962534 
1653	 0.435209686813015 
1654	 0.4352331917127 
1655	 0.435621268247088 
1656	 0.436262415228806 
1657	 0.436293239335284 
1658	 0.436612097712634 
1659	 0.437044936885417 
1660	 0.43698170696737 
1661	 0.437199915264872 
1662	 0.437455233581779 
1663	 0.437756010652272 
1664	 0.438398921892833 
1665	 0.438586213291103 
1666	 0.438633310039483 
1667	 0.438877737057406 
1668	 0.43898145786369 
1669	 0.439398314623655 
1670	 0.439805271120645 
1671	 0.43976420202804 
1672	 0.439651686597427 
1673	 0.43931361343822 
1674	 0.439180872822084 
1675	 0.439604926233352 
1676	 0.439968725906746 
1677	 0.440247379880031 
1678	 0.440395780475753 
1679	 0.440227392134681 
1680	 0.440064839409838 
1681	 0.44004298767986 
1682	 0.440089447384459 
1683	 0.440163647571736 
1684	 0.44009306915967 
1685	 0.439963558408109 
1686	 0.439740352174722 
1687	 0.439601409055231 
1688	 0.439582293837802 
1689	 0.439265910167558 
1690	 0.438894436707311 
1691	 0.438742175868329 
1692	 0.438672394948437 
1693	 0.438654380254216 
1694	 0.438687987267432 
1695	 0.43850239908438 
1696	 0.438045944638198 
1697	 0.437800322181264 
1698	 0.437591848278889 
1699	 0.437349102875642 
1700	 0.437577634133006 
1701	 0.437604551764177 
1702	 0.437116970158868 
1703	 0.436758942084798 
1704	 0.43580010547617 
1705	 0.435377558624844 
1706	 0.435693625351246 
1707	 0.435499389133843 
1708	 0.43522055012505 
1709	 0.434809303847097 
1710	 0.43398500759169 
1711	 0.433416788029256 
1712	 0.432971702963006 
1713	 0.432489131377113 
1714	 0.432072915369543 
1715	 0.431555475238315 
1716	 0.430994375837754 
1717	 0.430479278702403 
1718	 0.429984096427843 
1719	 0.429406691429099 
1720	 0.428746959195269 
1721	 0.428149795006544 
1722	 0.427630935602182 
1723	 0.426910155836007 
1724	 0.426161340612937 
1725	 0.42532614569219 
1726	 0.424048418570559 
1727	 0.423331326904767 
1728	 0.423062251234671 
1729	 0.42245646632063 
1730	 0.422022913389844 
1731	 0.421324634880964 
1732	 0.420262180440041 
1733	 0.419262897503198 
1734	 0.4180831668867 
1735	 0.417313596825371 
1736	 0.416760023052307 
1737	 0.415934777043912 
1738	 0.415541622336012 
1739	 0.414524014186554 
1740	 0.412624240290215 
1741	 0.411618255861053 
1742	 0.410876173788791 
1743	 0.409941621997331 
1744	 0.409425143003843 
1745	 0.408574289220789 
1746	 0.40734962531115 
1747	 0.406422806405771 
1748	 0.40570142597187 
1749	 0.404629026450839 
1750	 0.403340572524179 
1751	 0.402194237404532 
1752	 0.401242684725488 
1753	 0.399932084284748 
1754	 0.398651966514601 
1755	 0.397566247618891 
1756	 0.396222048454729 
1757	 0.3952997724592 
1758	 0.39482961710913 
1759	 0.393755019047706 
1760	 0.392404691334278 
1761	 0.391308903249614 
1762	 0.389891539775562 
1763	 0.388609643716997 
1764	 0.388006571723296 
1765	 0.387235828803765 
1766	 0.386262684863597 
1767	 0.385271459070913 
1768	 0.384003390560191 
1769	 0.382771733967097 
1770	 0.382063200341797 
1771	 0.382046589543603 
1772	 0.381517787874428 
1773	 0.380773327073959 
1774	 0.380179213593593 
1775	 0.379391200903972 
1776	 0.37861181585749 
1777	 0.378129238251749 
1778	 0.37744847958553 
1779	 0.375990616592869 
1780	 0.375460848776015 
1781	 0.375849381777469 
1782	 0.375564328301376 
1783	 0.375761790629012 
1784	 0.375374210912692 
1785	 0.373707195752372 
1786	 0.373038025312655 
1787	 0.372655982595181 
1788	 0.372494499576083 
1789	 0.373234554332871 
1790	 0.373203524911908 
1791	 0.372771770869529 
1792	 0.372757982731989 
1793	 0.372624619984179 
1794	 0.372586135699905 
1795	 0.372965319387893 
1796	 0.373094975500013 
1797	 0.372743978537996 
1798	 0.373025090934259 
1799	 0.3744972715698 
1800	 0.374507666506034 
1801	 0.373377992713373 
1802	 0.373567632733831 
1803	 0.372689749864214 
1804	 0.373607541920004 
1805	 0.378155623723105 
1806	 0.379934562316882 
1807	 0.380805855899824 
1808	 0.382652120813939 
1809	 0.383973365436756 
1810	 0.384334384367803 
1811	 0.384336097249895 
1812	 0.384106063044371 
1813	 0.381094926611188 
1814	 0.38247923363033 
1815	 0.385986818779458 
1816	 0.383408350666605 
1817	 0.384751338481722 
1818	 0.393145721725758 
1819	 0.395855252199306 
1820	 0.398545315554869 
1821	 0.402120725138038 
1822	 0.390658534811428 
1823	 0.387790439506644 
1824	 0.406544005614137 
1825	 0.411721186333823 
1826	 0.412740747754537 
1827	 0.410945426665561 
1828	 0.380238594612371 
1829	 0.366199636743235 
1830	 0.358577059979371 
1831	 0.346503568445149 
1832	 0.369930927126617 
1833	 0.401200577454097 
1834	 0.527251103282138 
1835	 0.753509272032098 
1836	 0.879781691674073 
1837	 0.934830037441418 
1838	 0.654875160643257 
1839	 0.323343778607686 
1840	 1.04571922952518E-02 
1841	-0.51492428584298 
1842	-0.629177283329001 
1843	 0.537819314228967 
1844	 0.87167364933274 
1845	 8.51946978425941 
1846	-38.3631296581501 
1847	 0.568015032631867 
1848	-0.406028448478331 
1849	 1.51200483028525 
1850	 0.653775141579163 
1851	 0.622045525581944 
1852	 1.90177466324033 
1853	 1.81556495586926 
1854	 0.598751884925003 
1855	-1.0106569809979 
1856	-0.422313860132586 
1857	 8.35153984749299E-02 
1858	 1.28153083035471 
1859	 1.26319866099471 
1860	 0.6245876494457 
1861	 4.90807342034924 
1862	 2.108944278683 
1863	 0.209601351658841 
1864	 0.131509608124932 
1865	-9.97475778582339E-02 
1866	-0.179084463796924 
1867	-0.541229397223595 
1868	-0.257994875068463 
1869	 1.23716616632134E-02 
1870	 0.749614995281494 
1871	 1.15433134938822 
1872	 2.63036488390134 
1873	 1.76220854515356 
1874	 0.827011193916395 
1875	 0.585648053878902 
1876	 1.21990314082326E-02 
1877	-4.73734006019908E-02 
1878	 0.242265087423453 
1879	 0.170485109960663 
1880	 0.227525231457746 
1881	 0.521825454576177 
1882	 0.554925445621215 
1883	 0.405885346704537 
1884	 0.278244940122821 
1885	 0.110036477752171 
1886	-7.27659694226467E-02 
1887	-0.115858384913032 
1888	 5.41152650511772E-03 
1889	 0.120141085868061 
1890	 0.141785798584321 
1891	 0.157061634103263 
1892	 0.153374062668224 
1893	 0.092869839022442 
1894	-0.128554098861708 
1895	-0.143639885795317 
1896	-4.05241867577217E-02 
1897	-4.18454418725479E-02 
1898	-0.011281826514018 
1899	 0.249293944611421 
1900	 0.467026882223613 
1901	 0.420013813529138 
1902	 0.391921758930474 
1903	 0.514790790233848 
1904	 0.441725360280411 
1905	 0.162923697780647 
1906	-0.11710472454444 
1907	-0.239960362793421 
1908	-0.218617127886707 
1909	-0.176865326358684 
1910	-0.114294327442854 
1911	-0.002135808128742 
1912	 6.05042610198177E-02 
1913	 9.16036083360252E-02 
1914	 0.121303727818606 
1915	 0.133690139591323 
1916	 0.150147031473287 
1917	 8.47094174338749E-02 
1918	 8.86687727448083E-02 
1919	 0.10697692760437 
1920	 5.70144193436346E-02 
1921	 5.33093033730808E-02 
1922	 5.87212543711142E-02 
1923	 4.48380549911416E-02 
1924	 3.97054890563582E-02 
1925	 5.37771569900457E-02 
1926	 5.38268252752347E-02 
1927	 4.24973267496942E-02 
1928	 3.54963766377379E-02 
1929	 2.75101512370118E-02 
1930	 3.83185800470793E-02 
1931	 4.80436692926071E-02 
1932	 4.52120229060238E-02 
1933	 4.67218295790472E-02 
1934	 4.26136400721465E-02 
1935	 3.98394648085695E-02 
1936	 3.40254934989627E-02 
1937	 3.72546873458855E-02 
1938	 0.042504187758741 
1939	 4.38053564916173E-02 
1940	 4.87780794722131E-02 
1941	 5.41443214258573E-02 
1942	 4.78546309684582E-02 
1943	 4.25123787085584E-02 
1944	 4.63480905710139E-02 
1945	 4.90449604273339E-02 
1946	 5.14574634853382E-02 
1947	 5.72114463630801E-02 
1948	 6.32887929857052E-02 
1949	 5.82405479946347E-02 
1950	 5.06733961362865E-02 
1951	 4.86435943122528E-02 
1952	 4.84158249949106E-02 
1953	 4.97377548305978E-02 
1954	 5.57513209830379E-02 
1955	 5.86279905897025E-02 
1956	 5.82821047782257E-02 
1957	 5.94735683613745E-02 
1958	 5.94727511376796E-02 
1959	 5.77747578107196E-02 
1960	 5.63960117757575E-02 
1961	 5.73797425808204E-02 
1962	 5.86861296435802E-02 
1963	 5.88861742013828E-02 
1964	 5.98764873336103E-02 
1965	 6.14527129058848E-02 
1966	 6.09679787967736E-02 
1967	 6.07970336383062E-02 
1968	 6.18432700483743E-02 
1969	 6.25874801607074E-02 
1970	 0.06280117697129 
1971	 6.29429331082739E-02 
1972	 6.40338332928112E-02 
1973	 6.47698502667038E-02 
1974	 6.38670905320051E-02 
1975	 6.41319710775626E-02 
1976	 6.51994873938924E-02 
1977	 6.56866476990713E-02 
1978	 6.66751595648649E-02 
1979	 6.73599655610908E-02 
1980	 6.80031528206382E-02 
1981	 6.88283129340094E-02 
1982	 6.94659680028606E-02 
1983	 6.98624712662647E-02 
1984	 7.11060578900186E-02 
1985	 7.21178563156899E-02 
1986	 7.24614939144396E-02 
1987	 7.33544762500976E-02 
1988	 7.35901379841819E-02 
1989	 7.37384821432338E-02 
1990	 0.07491009134617 
1991	 7.54724896978767E-02 
1992	 7.58309638940318E-02 
1993	 7.64763736976692E-02 
1994	 7.69823590302675E-02 
1995	 7.75541100378834E-02 
1996	 7.83397084126876E-02 
1997	 7.96284505870632E-02 
1998	 8.04055787164773E-02 
1999	 0.080835625410003 
2000	 8.13145294252166E-02 
2001	 8.21245029125439E-02 
2002	 8.26086254464204E-02 
2003	 8.37282651888545E-02 
2004	 8.55589796266818E-02 
2005	 0.087424336519099 
2006	 8.93905681418061E-02 
2007	 9.22279327600317E-02 
2008	 9.44811136073601E-02 
2009	 9.62006810416418E-02 
2010	 9.70632082788677E-02 
2011	 9.87636924352414E-02 
2012	 0.10132709937047 
2013	 0.102735704119682 
2014	 0.103612345059472 
2015	 0.105164847724513 
2016	 0.105764308541423 
2017	 0.106174422444992 
2018	 0.108246667682645 
2019	 0.108962724010473 
2020	 0.108079589187527 
2021	 0.108638434290072 
2022	 0.109665958295957 
2023	 0.110656155479724 
2024	 0.110737865225741 
2025	 0.111697830117086 
2026	 0.112698309324433 
2027	 0.112526492201108 
2028	 0.113233581110807 
2029	 0.114654529446526 
2030	 0.115427058744232 
2031	 0.116443821465729 
2032	 0.117352598680847 
2033	 0.118727086160547 
2034	 0.119303883387411 
2035	 0.119616485616609 
2036	 0.119334906353471 
2037	 0.119550687135699 
2038	 0.119774295388773 
2039	 0.120378653157427 
2040	 0.121640337320797 
2041	 0.122478987779905 
2042	 0.123031822965563 
2043	 0.123458159670447 
2044	 0.124196957983747 
2045	 0.125171102357257 
2046	 0.126442431630347 
2047	 0.127450412746221 
2048	 0.128867045368907 
2049	 0.129977753723028 
2050	 0.130512583027548 
2051	 0.131555313183837 
2052	 0.133688298178826 
2053	 0.134570921648434 
2054	 0.135453960327519 
2055	 0.137841314969858 
2056	 0.139512981865787 
2057	 0.139488424424733 
2058	 0.139543077011105 
2059	 0.141178650603817 
2060	 0.142444034200465 
2061	 0.143688219463701 
2062	 0.144740758106611 
2063	 0.146054751780524 
2064	 0.146692868755094 
2065	 0.14587521982274 
2066	 0.147201497281867 
2067	 0.149143747558333 
2068	 0.150096412897961 
2069	 0.15108791722788 
2070	 0.152116060690596 
2071	 0.152750145020163 
2072	 0.153601543743686 
2073	 0.154152849546292 
2074	 0.154591156954703 
2075	 0.155622477895131 
2076	 0.156916934114324 
2077	 0.158169554096819 
2078	 0.160205517178115 
2079	 0.161307519855967 
2080	 0.161894071434908 
2081	 0.162603808308465 
2082	 0.163232968492211 
2083	 0.163682379180128 
2084	 0.164474183552339 
2085	 0.165065512721482 
2086	 0.165611570529707 
2087	 0.16683596485113 
2088	 0.168451722559588 
2089	 0.169441483685589 
2090	 0.170175908954378 
2091	 0.170443713751338 
2092	 0.171045552853313 
2093	 0.171351056453007 
2094	 0.172150928229393 
2095	 0.17344727268963 
2096	 0.17448915882082 
2097	 0.175701996671319 
2098	 0.176542782655796 
2099	 0.177423736022275 
2100	 0.178243276401832 
2101	 0.178775961959935 
2102	 0.179518580045614 
2103	 0.180745810046706 
2104	 0.181829252065368 
2105	 0.182728814564846 
2106	 0.183717088088449 
2107	 0.184804786128155 
2108	 0.185760887277006 
2109	 0.186698927003065 
2110	 0.188194041851256 
2111	 0.189163457096365 
2112	 0.189188637036766 
2113	 0.189843813772675 
2114	 0.190968749279452 
2115	 0.191431615310098 
2116	 0.191305392838748 
2117	 0.192770119778802 
2118	 0.194673764298481 
2119	 0.19553774646759 
2120	 0.196287320077794 
2121	 0.197622658238989 
2122	 0.198364554134865 
2123	 0.198490860537294 
2124	 0.199022494884094 
2125	 0.200278327979933 
2126	 0.201162411765748 
2127	 0.201503048789928 
2128	 0.202229809517601 
2129	 0.203335793116397 
2130	 0.204374395058576 
2131	 0.205712899857291 
2132	 0.206506640800746 
2133	 0.207295536933472 
2134	 0.20753996566433 
2135	 0.207937519314828 
2136	 0.208429840546137 
2137	 0.209383405740245 
2138	 0.210236526386152 
2139	 0.210744778025467 
2140	 0.211772591025781 
2141	 0.212244825620508 
2142	 0.212139274803902 
2143	 0.212806880956672 
2144	 0.213631409639395 
2145	 0.213964814470942 
2146	 0.214473900585647 
2147	 0.215454617643754 
2148	 0.216203618342622 
2149	 0.216734331824618 
2150	 0.217925351167606 
2151	 0.218768700978695 
2152	 0.219151733024906 
2153	 0.219012222189856 
2154	 0.219426312792244 
2155	 0.220796441615936 
2156	 0.221832630629336 
2157	 0.222257135551601 
2158	 0.222422561307312 
2159	 0.222572049897841 
2160	 0.223271632205171 
2161	 0.223622227399345 
2162	 0.224326211328498 
2163	 0.225602938861528 
2164	 0.226297141133725 
2165	 0.226450188549413 
2166	 0.226817166873178 
2167	 0.227147625118694 
2168	 0.227505322937744 
2169	 0.227891767548692 
2170	 0.227945441236575 
2171	 0.227658501343615 
2172	 0.227773324544312 
2173	 0.227664258047997 
2174	 0.227744720316856 
2175	 0.228880677505984 
2176	 0.230392926354498 
2177	 0.230524848122776 
2178	 0.230827756805492 
2179	 0.231830421194562 
2180	 0.232523381144095 
2181	 0.233070455651054 
2182	 0.233537674479547 
2183	 0.233686312417664 
2184	 0.233480086808834 
2185	 0.233232445534986 
2186	 0.232895900118952 
2187	 0.233180824278047 
2188	 0.233726936283635 
2189	 0.233705621748453 
2190	 0.233706205315615 
2191	 0.234123234243684 
2192	 0.234581699296802 
2193	 0.234562639477099 
2194	 0.234574338006028 
2195	 0.23507410443003 
2196	 0.23582878480361 
2197	 0.235015760624153 
2198	 0.23510133215284 
2199	 0.236538852148127 
2200	 0.236309470561778 
2201	 0.235443797527585 
2202	 0.235595421780915 
2203	 0.235866500808947 
2204	 0.236427188045373 
2205	 0.237756218904911 
2206	 0.238512554139581 
2207	 0.238359934607083 
2208	 0.237926531159225 
2209	 0.237222319168219 
2210	 0.237053492954179 
2211	 0.237398403161504 
2212	 0.237290765482106 
2213	 0.23734924497809 
2214	 0.237073099302967 
2215	 0.23591633299789 
2216	 0.235850402295033 
2217	 0.236676962932041 
2218	 0.236623470693766 
2219	 0.236779229070908 
2220	 0.236675688746449 
2221	 0.235884849994308 
2222	 0.234793155811301 
2223	 0.234759389561473 
2224	 0.235090486285338 
2225	 0.235235656036892 
2226	 0.236094330509486 
2227	 0.23640324453316 
2228	 0.235775865954076 
2229	 0.235034525975755 
2230	 0.234438624739104 
2231	 0.233902855776846 
2232	 0.232703291293115 
2233	 0.232423227901069 
2234	 0.233149296465563 
2235	 0.233376288936939 
2236	 0.233669909628507 
2237	 0.233132642497353 
2238	 0.230973292724599 
2239	 0.230324447595871 
2240	 0.230151503427633 
2241	 0.229727784540794 
2242	 0.229803280801489 
2243	 0.229909259519712 
2244	 0.230054770190156 
2245	 0.229542627825583 
2246	 0.229005782840158 
2247	 0.228550873024283 
2248	 0.227166180480742 
2249	 0.226292078608416 
2250	 0.226074074573877 
2251	 0.226080060287553 
2252	 0.225167672779107 
2253	 0.224039321714287 
2254	 0.223431541034564 
2255	 0.223401864200078 
2256	 0.222921414265497 
2257	 0.221682277978709 
2258	 0.221060644329989 
2259	 0.220972580539824 
2260	 0.220533453887996 
2261	 0.220809672868103 
2262	 0.221849249568691 
2263	 0.221525428341849 
2264	 0.21983477262212 
2265	 0.219298903461678 
2266	 0.218894078593624 
2267	 0.217340999204456 
2268	 0.215944321671773 
2269	 0.214531490234016 
2270	 0.214054775969075 
2271	 0.212839237001569 
2272	 0.211766911254116 
2273	 0.212245986154797 
2274	 0.212322761021641 
2275	 0.210827328555432 
2276	 0.20988236612974 
2277	 0.21004327892356 
2278	 0.210023064277681 
2279	 0.209670805551921 
2280	 0.208958403307614 
2281	 0.208399489960555 
2282	 0.20784024195405 
2283	 0.206472888643881 
2284	 0.206314400898458 
2285	 0.208211637031908 
2286	 0.207600898088354 
2287	 0.205396414118922 
2288	 0.203272482782101 
2289	 0.202414820734232 
2290	 0.201942369004761 
2291	 0.202076891261625 
2292	 0.203315349214655 
2293	 0.203328872621918 
2294	 0.203084381738833 
2295	 0.203562133688828 
2296	 0.201309526387589 
2297	 0.197101783809241 
2298	 0.194694228436033 
2299	 0.194044019074692 
2300	 0.193542183802083 
2301	 0.19489423518637 
2302	 0.19676243277089 
2303	 0.192997078644646 
2304	 0.189939763430027 
2305	 0.191568847061437 
2306	 0.189441339037796 
2307	 0.185724343785999 
2308	 0.186049344304498 
2309	 0.185317547846409 
2310	 0.182935068967795 
2311	 0.183836556162854 
2312	 0.184342418955417 
2313	 0.182151675890549 
2314	 0.181262963341171 
2315	 0.180968104210163 
2316	 0.180192944635767 
2317	 0.18046374899262 
2318	 0.18024583240231 
2319	 0.179655597422418 
2320	 0.179146805540392 
2321	 0.177841981333554 
2322	 0.175640135366348 
2323	 0.17440574355081 
2324	 0.172627849511768 
2325	 0.171685765988128 
2326	 0.171378440721217 
2327	 0.170220419899854 
2328	 0.170505198642215 
2329	 0.170256784619949 
2330	 0.167988269709699 
2331	 0.167213881459276 
2332	 0.168351451248377 
2333	 0.166107156277402 
2334	 0.160532153229564 
2335	 0.159655422178536 
2336	 0.160307799068137 
2337	 0.160000248519375 
2338	 0.163707837525806 
2339	 0.164877557392336 
2340	 0.164383712296184 
2341	 0.160364158018471 
2342	 0.158677663578162 
2343	 0.157768451601929 
2344	 0.156011880403236 
2345	 0.154070286192431 
2346	 0.15332256635279 
2347	 0.155469219141568 
2348	 0.156981639242289 
2349	 0.153820586276647 
2350	 0.149332855014099 
2351	 0.146970870271238 
2352	 0.149894391122404 
2353	 0.154272207476552 
2354	 0.15142698505766 
2355	 0.146336964399036 
2356	 0.144011247236872 
2357	 0.143961811023508 
2358	 0.146727687366841 
2359	 0.150147083720704 
2360	 0.148816563803364 
2361	 0.138425004343761 
2362	 0.131387701351814 
2363	 0.13542686860595 
2364	 0.136668791621851 
2365	 0.137311317116882 
2366	 0.142531934457106 
2367	 0.138839079663464 
2368	 0.129245072977165 
2369	 0.12887777143885 
2370	 0.133782186362409 
2371	 0.134776476330838 
2372	 0.135067784966455 
2373	 0.133465894598099 
2374	 0.128620203751473 
2375	 0.124320098295195 
2376	 0.122313750435874 
2377	 0.121010982415791 
2378	 0.118609157632874 
2379	 0.120836807129068 
2380	 0.12586843702534 
2381	 0.128506177327928 
2382	 0.127088874761115 
2383	 0.123687409658707 
2384	 0.122133870420672 
2385	 0.122135990197834 
2386	 0.120114637304749 
2387	 0.114331425773959 
2388	 0.117352052954386 
2389	 0.121349227562441 
2390	 0.116348953784945 
2391	 0.117847094622443 
2392	 0.114331998406819 
2393	 0.101647022441342 
2394	 0.107221386923966 
2395	 0.116544054526515 
2396	 0.107713842811274 
2397	 0.104387143836753 
2398	 0.109071902329959 
2399	 0.108708705947481 
2400	 0.111278169105866 
2401	 0.114664137322543 
2402	 0.110704315642627 
2403	 0.104971545542752 
2404	 0.104874697229676 
2405	 0.108878039800222 
2406	 0.112052766101718 
2407	 0.105268402002416 
2408	 0.100266510723194 
2409	 0.109959977766891 
2410	 0.113315838928512 
2411	 0.112435414313782 
2412	 0.117899939511654 
2413	 0.112685536164797 
2414	 0.103974545697798 
2415	 0.107890548090829 
2416	 0.100918062728469 
2417	 8.88628127917084E-02 
2418	 9.71709972327775E-02 
2419	 9.96382633695287E-02 
2420	 8.77934852042423E-02 
2421	 8.29225378709893E-02 
2422	 6.93893142032836E-02 
2423	 5.22810545037743E-02 
2424	 6.89302777428384E-02 
2425	 8.59949414146112E-02 
2426	 7.99176308724977E-02 
2427	 8.22191634516785E-02 
2428	 7.83137599988293E-02 
2429	 6.96713391320306E-02 
2430	 8.75130461406618E-02 
2431	 0.104544309688496 
2432	 9.72654372503236E-02 
2433	 8.87906536894334E-02 
2434	 7.55539248530809E-02 
2435	 5.80200864414185E-02 
2436	 6.49256584378157E-02 
2437	 8.14868089749358E-02 
2438	 0.074441018697609 
2439	 7.02888381387268E-02 
2440	 7.07574741808461E-02 
2441	 7.16021137254429E-02 
2442	 0.092750841503159 
2443	 9.14845978452333E-02 
2444	 0.082658729067096 
2445	 8.87301869639167E-02 
2446	 7.76541948757995E-02 
2447	 7.89254897276018E-02 
2448	 9.48565267349129E-02 
2449	 7.48800447509043E-02 
2450	 5.55602378772984E-02 
2451	 0.066804643676667 
2452	 4.67797339681017E-02 
2453	 0.044836871769845 
2454	 7.39308391896432E-02 
2455	 0.056264475902439 
2456	 4.48561246164359E-02 
2457	 4.89802958750982E-02 
2458	 3.16032317071481E-02 
2459	 3.26959041989241E-02 
2460	 6.19286582645193E-02 
2461	 7.20777629549703E-02 
2462	 5.99181993300827E-02 
2463	 5.38959639106947E-02 
2464	 0.060771128588738 
2465	 7.40791782817335E-02 
2466	 8.17114439866815E-02 
2467	 9.80337220356638E-02 
2468	 5.39259777003135E-02 
2469	 3.11406915590101E-02 
2470	 2.17775336626626E-02 
2471	 1.39274242720336E-02 
2472	 4.11652253576876E-02 
2473	 6.54039318924372E-02 
2474	 5.91032704593716E-02 
2475	 6.54099885377172E-02 
2476	 8.34128460398429E-02 
2477	 7.34665545612337E-02 
2478	 6.81722066690912E-02 
2479	-9.25678063855021E-03 
2480	-4.87415941723329E-02 
2481	 1.38872545466624E-02 
2482	 4.42267356824586E-02 
2483	 0.106068148795787 
2484	 0.127592737303552 
2485	 7.40751034315088E-03 
2486	-4.43478201805861E-02 
2487	 3.95769833387391E-02 
2488	 0.107751987317975 
2489	 0.146303425071354 
2490	 0.0778932845846 
2491	-8.89349370942907E-02 
2492	-0.170619241082233 
2493	-5.89616573704121E-02 
2494	-6.14580268880517E-02 
2495	-4.57439778133969E-02 
2496	-3.32774375912133E-02 
2497	-6.06375773524464E-02 
2498	-0.118554296458701 
2499	-6.74879247419714E-02 
2500	 0.119846801269517 
