Wavelength	09/27/123 at 12:39:59
350	 0.014799822512505 
351	 1.41884589110667E-02 
352	 1.39097248870433E-02 
353	 1.39016745793336E-02 
354	 1.37386033236897E-02 
355	 1.41831297375942E-02 
356	 1.43928498308211E-02 
357	 1.40514150455469E-02 
358	 1.42432522313391E-02 
359	 1.42247261825451E-02 
360	 1.39754530012042E-02 
361	 1.38013173044995E-02 
362	 1.39758894758703E-02 
363	 1.41593916742551E-02 
364	 1.41170915760457E-02 
365	 1.39238404583744E-02 
366	 0.013853963545377 
367	 1.37852375385052E-02 
368	 1.34919161716069E-02 
369	 1.38362912904026E-02 
370	 1.40256734114929E-02 
371	 1.36668916306078E-02 
372	 1.36859406789779E-02 
373	 1.37423130168491E-02 
374	 0.013699622394134 
375	 1.35373033905061E-02 
376	 0.013620137616802 
377	 1.39200016107121E-02 
378	 1.42369122510797E-02 
379	 0.014091777245391 
380	 1.39692657729142E-02 
381	 1.39357578313138E-02 
382	 1.38859944066228E-02 
383	 1.40627861599178E-02 
384	 1.43900959119764E-02 
385	 1.46340018475267E-02 
386	 1.42621747380953E-02 
387	 1.41165219708196E-02 
388	 1.42861649162115E-02 
389	 1.45020031918804E-02 
390	 1.46336181157113E-02 
391	 1.48502219186255E-02 
392	 1.51372056060375E-02 
393	 1.50443757431969E-02 
394	 1.50904554810347E-02 
395	 1.52428170415428E-02 
396	 0.01529256359225 
397	 0.015426232788062 
398	 1.56305199651894E-02 
399	 1.58422128839975E-02 
400	 1.59583349947663E-02 
401	 1.59289907352087E-02 
402	 1.59474610795396E-02 
403	 1.62261270715939E-02 
404	 1.63604836945627E-02 
405	 1.63846517596449E-02 
406	 1.64191117141676E-02 
407	 1.66900804096604E-02 
408	 1.67989170807903E-02 
409	 1.68579333275773E-02 
410	 1.71179384957509E-02 
411	 1.73042679141658E-02 
412	 1.74295698109339E-02 
413	 1.75309912771009E-02 
414	 0.017637598495873 
415	 1.77479849658595E-02 
416	 1.78624454747956E-02 
417	 1.79698944963789E-02 
418	 1.79903854980687E-02 
419	 1.80140155014931E-02 
420	 0.018098766478528 
421	 1.82435397353968E-02 
422	 0.018280288130392 
423	 1.83038514905173E-02 
424	 1.84647648127454E-02 
425	 1.85696150866507E-02 
426	 1.86144279151765E-02 
427	 1.86238814417326E-02 
428	 1.86375252676121E-02 
429	 1.86836272333165E-02 
430	 1.86994618707943E-02 
431	 1.86204672248115E-02 
432	 1.85629940005821E-02 
433	 1.85174288350625E-02 
434	 1.84759725654901E-02 
435	 0.018443573626114 
436	 1.84941711432295E-02 
437	 1.85394726045746E-02 
438	 1.84842462579451E-02 
439	 1.84877690491873E-02 
440	 1.85128770595261E-02 
441	 1.85151796260087E-02 
442	 1.84521026004317E-02 
443	 0.018463188723555 
444	 1.85000394927324E-02 
445	 1.84865005176169E-02 
446	 0.018507895990238 
447	 1.85680572837308E-02 
448	 1.86471149250588E-02 
449	 0.018703079278269 
450	 1.87577331719913E-02 
451	 1.87934046788003E-02 
452	 1.87923583339869E-02 
453	 1.87847770368163E-02 
454	 0.018798465624385 
455	 1.88286701524049E-02 
456	 1.88334307689176E-02 
457	 1.88785879546155E-02 
458	 0.018915827590089 
459	 1.88947233640985E-02 
460	 1.88838572986152E-02 
461	 1.89250310271104E-02 
462	 1.90091846244096E-02 
463	 1.90731330544027E-02 
464	 1.91138658553909E-02 
465	 0.019181239824089 
466	 1.93025191518961E-02 
467	 1.93682180745856E-02 
468	 1.93596776937015E-02 
469	 1.93255008439607E-02 
470	 1.93723207526535E-02 
471	 1.94905104063124E-02 
472	 0.019585519166686 
473	 1.95772360379357E-02 
474	 1.94853680983947E-02 
475	 1.94545018888329E-02 
476	 1.94862663755586E-02 
477	 1.94686101062975E-02 
478	 1.94090755234637E-02 
479	 1.93989620568245E-02 
480	 1.94760862768865E-02 
481	 1.94683526065589E-02 
482	 1.94629537127916E-02 
483	 1.95070537468317E-02 
484	 1.96096465361239E-02 
485	 1.96119655917231E-02 
486	 0.019622161642557 
487	 1.97023395477568E-02 
488	 1.96610707698262E-02 
489	 1.96446879813514E-02 
490	 0.019688148032557 
491	 1.97588210494498E-02 
492	 1.97696328035126E-02 
493	 1.97621000390022E-02 
494	 1.97723625919666E-02 
495	 1.97719942222104E-02 
496	 1.98498712010623E-02 
497	 1.99915934721496E-02 
498	 2.01406180666483E-02 
499	 2.03456955556124E-02 
500	 2.06001187504975E-02 
501	 2.08932144246457E-02 
502	 2.12237647016049E-02 
503	 2.15191575111983E-02 
504	 2.18316849237704E-02 
505	 2.22439178197776E-02 
506	 2.26824887424854E-02 
507	 2.31204201827519E-02 
508	 2.35302876972057E-02 
509	 2.38670568058426E-02 
510	 0.024313958958459 
511	 2.48495114684818E-02 
512	 2.53815024169006E-02 
513	 2.58492722127887E-02 
514	 0.026310977919505 
515	 2.68143716848595E-02 
516	 2.73831135693531E-02 
517	 2.78944076726708E-02 
518	 0.028378326726579 
519	 2.88839673446179E-02 
520	 2.93750167829681E-02 
521	 2.98277647064983E-02 
522	 3.02796135882422E-02 
523	 3.08143500648886E-02 
524	 3.12961718721067E-02 
525	 3.17304128148176E-02 
526	 0.032155212885212 
527	 3.26032743463273E-02 
528	 3.30396385392552E-02 
529	 3.34372004301862E-02 
530	 3.37897956271053E-02 
531	 3.41539999096136E-02 
532	 3.45325527773104E-02 
533	 3.49039736952649E-02 
534	 3.52185773232589E-02 
535	 3.55556608520451E-02 
536	 3.58914496834281E-02 
537	 3.61536999654116E-02 
538	 3.64296949851834E-02 
539	 3.67519642073522E-02 
540	 3.71023155725601E-02 
541	 3.73651883725172E-02 
542	 0.037679012911144 
543	 3.80184698055053E-02 
544	 3.83083298284283E-02 
545	 3.86299511837528E-02 
546	 3.89556076625406E-02 
547	 3.92662684750409E-02 
548	 3.95692386880415E-02 
549	 3.98666143206916E-02 
550	 4.01952484535772E-02 
551	 4.05827291804272E-02 
552	 4.09436946247667E-02 
553	 4.12507892193676E-02 
554	 4.15416812259106E-02 
555	 4.19294464791349E-02 
556	 4.22572427375478E-02 
557	 4.25654533230612E-02 
558	 4.29251801549522E-02 
559	 0.043295417467468 
560	 4.37095599263839E-02 
561	 4.41828556085253E-02 
562	 4.47153258196552E-02 
563	 4.52033826849007E-02 
564	 4.57185891292864E-02 
565	 4.63275522546043E-02 
566	 4.69478590506147E-02 
567	 4.76924427568176E-02 
568	 4.85111186261749E-02 
569	 4.92643382204102E-02 
570	 5.00866692734375E-02 
571	 5.09999831944393E-02 
572	 5.19908578307453E-02 
573	 5.30246788522895E-02 
574	 5.41900241504194E-02 
575	 5.54789786659033E-02 
576	 0.056836378913555 
577	 5.83894994813068E-02 
578	 6.00142450828089E-02 
579	 6.16688267342125E-02 
580	 6.34853981245861E-02 
581	 6.54045031477372E-02 
582	 0.067443002423412 
583	 6.96337337717757E-02 
584	 7.20147357748635E-02 
585	 0.074591877300987 
586	 7.73376804086282E-02 
587	 8.02426435918898E-02 
588	 8.33455008792332E-02 
589	 8.67021000022011E-02 
590	 9.01432913433065E-02 
591	 9.34727873877257E-02 
592	 9.68973481109171E-02 
593	 0.100583947986394 
594	 0.104520747059541 
595	 0.108560613404355 
596	 0.112714914560806 
597	 0.117045734981445 
598	 0.121580193248077 
599	 0.126319677574328 
600	 0.131222630230135 
601	 0.13625651400762 
602	 0.14141949840205 
603	 0.146629005250193 
604	 0.151875532418398 
605	 0.157227074938775 
606	 0.162587769478726 
607	 0.167995448955731 
608	 0.173519031713304 
609	 0.178991296749655 
610	 0.184482074917793 
611	 0.189970904284256 
612	 0.195405466334599 
613	 0.200895656822262 
614	 0.206374217380005 
615	 0.211806559942196 
616	 0.217353866493005 
617	 0.222862584290351 
618	 0.228205510548084 
619	 0.233489605296644 
620	 0.238717512930341 
621	 0.243960885332699 
622	 0.249243770682389 
623	 0.254424296868542 
624	 0.259540692457162 
625	 0.264599611968957 
626	 0.269566879935776 
627	 0.274432497894924 
628	 0.279295465997735 
629	 0.284065553324804 
630	 0.288520602174152 
631	 0.292887076495172 
632	 0.297155029281358 
633	 0.301281483357987 
634	 0.305333764537516 
635	 0.309225696130978 
636	 0.312917676674653 
637	 0.316406633441234 
638	 0.319715705455097 
639	 0.322932720023682 
640	 0.326097980943967 
641	 0.329139436217562 
642	 0.331977246877359 
643	 0.334611853050574 
644	 0.337115080863939 
645	 0.339563790894787 
646	 0.341938898753038 
647	 0.344231639723406 
648	 0.346490396072929 
649	 0.348795710066228 
650	 0.350997263811481 
651	 0.352989722678277 
652	 0.354955601458065 
653	 0.356722093991456 
654	 0.358251768764265 
655	 0.359705109303493 
656	 0.361850045030343 
657	 0.363789601538262 
658	 0.364995772641419 
659	 0.366082590965436 
660	 0.367153009642184 
661	 0.368178168496305 
662	 0.369107189383425 
663	 0.369998764868513 
664	 0.370862884554291 
665	 0.37168326319206 
666	 0.372429803303699 
667	 0.373197159080249 
668	 0.373950894344404 
669	 0.374667298907978 
670	 0.375425082590198 
671	 0.376181261405607 
672	 0.376934602163146 
673	 0.377702805176878 
674	 0.378503144890656 
675	 0.379248647181125 
676	 0.379927657255551 
677	 0.380678768504342 
678	 0.38149138023604 
679	 0.382347560893688 
680	 0.383241916653341 
681	 0.384211426534795 
682	 0.385240622154272 
683	 0.386397552962013 
684	 0.387775924063646 
685	 0.38911153674732 
686	 0.39113490891096 
687	 0.394170307660185 
688	 0.396692522928578 
689	 0.398667825347954 
690	 0.400494692119809 
691	 0.402539716151781 
692	 0.404653925094013 
693	 0.407144519298588 
694	 0.410060908060658 
695	 0.413109216739989 
696	 0.416055958611193 
697	 0.41892445167328 
698	 0.421887669603452 
699	 0.425034564947864 
700	 0.428235883035747 
701	 0.431448253414262 
702	 0.434657287143121 
703	 0.437733081348918 
704	 0.4406489388575 
705	 0.443504299868499 
706	 0.446435880458056 
707	 0.449349556086724 
708	 0.45221285436295 
709	 0.455035768678241 
710	 0.457843751932489 
711	 0.460568720495184 
712	 0.463310598707657 
713	 0.466195192306801 
714	 0.4688880352439 
715	 0.471270391899229 
716	 0.473563678905345 
717	 0.476283314570054 
718	 0.479560415235195 
719	 0.483159384722956 
720	 0.486467507257293 
721	 0.488795717687479 
722	 0.490620964432459 
723	 0.492660388308858 
724	 0.495386029438759 
725	 0.49818586932489 
726	 0.500708995367804 
727	 0.502951986897621 
728	 0.505128217118243 
729	 0.50733401254045 
730	 0.509540229518684 
731	 0.511644779328676 
732	 0.513541393246374 
733	 0.515144494873919 
734	 0.516633851970192 
735	 0.518274270283803 
736	 0.519989625987034 
737	 0.521574695012428 
738	 0.522972167379954 
739	 0.524323299689927 
740	 0.525632572508903 
741	 0.52693231218451 
742	 0.528209268848674 
743	 0.529324432605312 
744	 0.530361957978553 
745	 0.531343260824919 
746	 0.532247098455 
747	 0.533079660843617 
748	 0.533875515646821 
749	 0.534646187672794 
750	 0.535380375365206 
751	 0.536096599937611 
752	 0.536785638087802 
753	 0.537426379171808 
754	 0.53798730911157 
755	 0.53860945541037 
756	 0.539190328208848 
757	 0.539562621157369 
758	 0.539806439749155 
759	 0.541098747862715 
760	 0.545065043086318 
761	 0.550915976438141 
762	 0.552241243244504 
763	 0.551083564403264 
764	 0.549951229520742 
765	 0.548507631351971 
766	 0.54707475540237 
767	 0.545903704103993 
768	 0.545159904652564 
769	 0.544778785883351 
770	 0.544686284903648 
771	 0.544784747158126 
772	 0.544957267466991 
773	 0.545196845135175 
774	 0.545416285922582 
775	 0.545607076123036 
776	 0.545923175732654 
777	 0.546172180340915 
778	 0.546422312314814 
779	 0.546757758153248 
780	 0.547044159609185 
781	 0.547255812922436 
782	 0.547430296315314 
783	 0.547640759863681 
784	 0.547908688243856 
785	 0.548186960555365 
786	 0.548418644931186 
787	 0.548560505728113 
788	 0.548792144239739 
789	 0.549111444397352 
790	 0.549445490680023 
791	 0.549652046271238 
792	 0.549932220170788 
793	 0.550231105680896 
794	 0.550427544983461 
795	 0.550658405128114 
796	 0.550880602474985 
797	 0.551075689128833 
798	 0.551262637117122 
799	 0.55146876477568 
800	 0.551727506690737 
801	 0.552018145699377 
802	 0.552238556047049 
803	 0.552515361141783 
804	 0.552800884169688 
805	 0.553021046966188 
806	 0.553190438306302 
807	 0.553236994485533 
808	 0.553295928727046 
809	 0.553539760340331 
810	 0.553718650498463 
811	 0.55385290167791 
812	 0.553953111762114 
813	 0.554027201391283 
814	 0.554297069044947 
815	 0.554653816512034 
816	 0.555010147202757 
817	 0.555488758940352 
818	 0.55583965839295 
819	 0.556043369579376 
820	 0.55613593142454 
821	 0.556026606116066 
822	 0.555942925261761 
823	 0.556143440777696 
824	 0.556727797690483 
825	 0.556937658947101 
826	 0.556785548446849 
827	 0.556534019758897 
828	 0.556590821401431 
829	 0.556673401183291 
830	 0.556791902174132 
831	 0.5569266347353 
832	 0.556932631757647 
833	 0.557081867438789 
834	 0.557246332772565 
835	 0.557303286704562 
836	 0.557395753418844 
837	 0.557507187011728 
838	 0.557629850097678 
839	 0.557751635205544 
840	 0.557840486813885 
841	 0.55800894701915 
842	 0.558244694393029 
843	 0.55841442624877 
844	 0.558432178481655 
845	 0.558488513701067 
846	 0.558657488456359 
847	 0.558814866405544 
848	 0.558776593190073 
849	 0.558810461106819 
850	 0.559058077933558 
851	 0.559092023918644 
852	 0.559239149821571 
853	 0.559412800431974 
854	 0.559505852251324 
855	 0.5598508593952 
856	 0.560258455801445 
857	 0.560522139545192 
858	 0.560498612000506 
859	 0.560398897259596 
860	 0.560432238591655 
861	 0.560600937536931 
862	 0.560717427863675 
863	 0.560648883870781 
864	 0.560576297618091 
865	 0.560652661780463 
866	 0.560938062186191 
867	 0.56122987205286 
868	 0.561507890220504 
869	 0.561754343514806 
870	 0.561841760910467 
871	 0.561842750985422 
872	 0.561850146465847 
873	 0.561932955809659 
874	 0.56193964798316 
875	 0.562033512537457 
876	 0.562220771256169 
877	 0.562402499523889 
878	 0.562547908997846 
879	 0.562599038947731 
880	 0.562582699769647 
881	 0.562627170778693 
882	 0.562700446733845 
883	 0.562800555420105 
884	 0.562913197145241 
885	 0.56301578521914 
886	 0.563096159712083 
887	 0.563090519889372 
888	 0.563059981319526 
889	 0.563225734423599 
890	 0.563219120777639 
891	 0.56310321921716 
892	 0.563000241539719 
893	 0.562922620793301 
894	 0.562802792843904 
895	 0.562592326136213 
896	 0.562353866067972 
897	 0.562505649862277 
898	 0.562648469608123 
899	 0.562864756755197 
900	 0.563407786276424 
901	 0.564050597702002 
902	 0.564375583942893 
903	 0.564341743656684 
904	 0.564143346211845 
905	 0.563772894404243 
906	 0.563362040089678 
907	 0.563092890024907 
908	 0.563134598928165 
909	 0.563335661516369 
910	 0.563504760306353 
911	 0.563558778135501 
912	 0.563568468940782 
913	 0.563357033555142 
914	 0.563231801556953 
915	 0.563366611934668 
916	 0.563483588194808 
917	 0.563609767470958 
918	 0.563733447284804 
919	 0.563734736199663 
920	 0.563274626824867 
921	 0.562847678439641 
922	 0.562588137574678 
923	 0.562414187858249 
924	 0.561951034653255 
925	 0.561471594417436 
926	 0.560829762135555 
927	 0.559765241096005 
928	 0.558452156567556 
929	 0.557145979696079 
930	 0.555642536437857 
931	 0.55365970163374 
932	 0.553003848722622 
933	 0.552779770084639 
934	 0.5525118249709 
935	 0.552440158097646 
936	 0.553050576063116 
937	 0.553342871328133 
938	 0.553167469743644 
939	 0.553055764732124 
940	 0.552774934938707 
941	 0.551788761725886 
942	 0.55011820166713 
943	 0.548413222198455 
944	 0.547689971091463 
945	 0.546613382707681 
946	 0.545107467700696 
947	 0.544936526880096 
948	 0.544184662983802 
949	 0.543011944068685 
950	 0.541786625695129 
951	 0.540687117479874 
952	 0.540038270138122 
953	 0.538955807746623 
954	 0.537251948557519 
955	 0.536122676088203 
956	 0.535340492542243 
957	 0.53475112722922 
958	 0.534182311489401 
959	 0.53341554181322 
960	 0.533195696753544 
961	 0.532883428885609 
962	 0.532190497392758 
963	 0.532160006966917 
964	 0.53222098447685 
965	 0.532233238318909 
966	 0.53212529043045 
967	 0.531732931985333 
968	 0.531517167366443 
969	 0.531471988442288 
970	 0.531504260131103 
971	 0.531810482630254 
972	 0.531128890159896 
973	 0.530336794926626 
974	 0.530345859743162 
975	 0.529902451161844 
976	 0.53018689209662 
977	 0.530743051750514 
978	 0.530948288378024 
979	 0.531688870326197 
980	 0.531894722178364 
981	 0.531674757611644 
982	 0.53161453547899 
983	 0.532254562109169 
984	 0.53297734492222 
985	 0.533306211784834 
986	 0.533156705317259 
987	 0.533509381515536 
988	 0.533767973757073 
989	 0.533763469844078 
990	 0.533721068978995 
991	 0.534639188077498 
992	 0.535159048561341 
993	 0.535524555158353 
994	 0.536325046590983 
995	 0.536644331307632 
996	 0.536931750985556 
997	 0.537277010655633 
998	 0.537519217030243 
999	 0.537100313596818 
1000	 0.537614105264399 
1001	 0.563118155559205 
1002	 0.563456068888089 
1003	 0.5639210814568 
1004	 0.564529187623711 
1005	 0.565367647142672 
1006	 0.56609577862383 
1007	 0.567021053520394 
1008	 0.567596313857395 
1009	 0.568043268412626 
1010	 0.568436804861201 
1011	 0.568909025328807 
1012	 0.569258156390291 
1013	 0.569697130611212 
1014	 0.570439710391292 
1015	 0.571087103859544 
1016	 0.571976476444631 
1017	 0.572864368818758 
1018	 0.573929991704325 
1019	 0.574668898899483 
1020	 0.575265419890537 
1021	 0.575812494100982 
1022	 0.576262389604228 
1023	 0.576687095614479 
1024	 0.577178802359878 
1025	 0.577599872603372 
1026	 0.578008587132306 
1027	 0.578655377679548 
1028	 0.579304098927066 
1029	 0.579980547214774 
1030	 0.580755378356885 
1031	 0.581457499269258 
1032	 0.58203995764783 
1033	 0.582694458006129 
1034	 0.583419808262165 
1035	 0.584046640074533 
1036	 0.584599713790303 
1037	 0.585080655699919 
1038	 0.585598075958197 
1039	 0.586109843726384 
1040	 0.586456713337499 
1041	 0.587042615702846 
1042	 0.587664034536961 
1043	 0.588059079368435 
1044	 0.588544406168348 
1045	 0.589170898561253 
1046	 0.589542226387748 
1047	 0.58962980812191 
1048	 0.589939422858433 
1049	 0.590202103826003 
1050	 0.590535992260792 
1051	 0.591097414176826 
1052	 0.591749060883843 
1053	 0.592464722969678 
1054	 0.592819209633451 
1055	 0.593111478346817 
1056	 0.593480012039273 
1057	 0.593670173217699 
1058	 0.593495463438612 
1059	 0.593686152588709 
1060	 0.594016301840159 
1061	 0.594241935243845 
1062	 0.594598606905068 
1063	 0.595284733373008 
1064	 0.595671635320157 
1065	 0.595879844134811 
1066	 0.596294144313983 
1067	 0.596391352129896 
1068	 0.596484385821853 
1069	 0.596841675844113 
1070	 0.597107234084405 
1071	 0.597466799555048 
1072	 0.597567459033709 
1073	 0.597531771452793 
1074	 0.597461747360277 
1075	 0.597100494602116 
1076	 0.596986950403967 
1077	 0.597082571090729 
1078	 0.597337621146103 
1079	 0.597639152993273 
1080	 0.597756546126124 
1081	 0.597803628122427 
1082	 0.59786895443636 
1083	 0.597897122148489 
1084	 0.597890384095054 
1085	 0.597844604066505 
1086	 0.59773033791599 
1087	 0.597637994050991 
1088	 0.597457009707081 
1089	 0.5974236664313 
1090	 0.597439988984678 
1091	 0.597439863433854 
1092	 0.597531157798419 
1093	 0.597677196824113 
1094	 0.597589263036723 
1095	 0.597517614716476 
1096	 0.597437738015199 
1097	 0.59728787619261 
1098	 0.597076532023798 
1099	 0.596808981301015 
1100	 0.596707513688471 
1101	 0.596673441442692 
1102	 0.596532158198494 
1103	 0.596537216548389 
1104	 0.596371041231803 
1105	 0.595936935294036 
1106	 0.595612579194907 
1107	 0.59526900724413 
1108	 0.594966861806249 
1109	 0.594894259495711 
1110	 0.594686977022339 
1111	 0.59452063203322 
1112	 0.594419673146221 
1113	 0.594358857020639 
1114	 0.594294562928248 
1115	 0.594161662882131 
1116	 0.594261089529282 
1117	 0.594016649224043 
1118	 0.593220390210467 
1119	 0.592763645946429 
1120	 0.592345393661381 
1121	 0.591891565165854 
1122	 0.591869492521284 
1123	 0.591400644075038 
1124	 0.590669362653559 
1125	 0.589721835735802 
1126	 0.588467755903487 
1127	 0.586896853697501 
1128	 0.585201561389848 
1129	 0.583372240444302 
1130	 0.581435816840005 
1131	 0.57922916512956 
1132	 0.577451526516731 
1133	 0.576201729773051 
1134	 0.574391099725543 
1135	 0.572651454430903 
1136	 0.570757644603214 
1137	 0.568220985751158 
1138	 0.566121939984302 
1139	 0.564332291748114 
1140	 0.562452254999452 
1141	 0.560478422040548 
1142	 0.558750907030716 
1143	 0.556337042182306 
1144	 0.553501033120681 
1145	 0.550905474892367 
1146	 0.547877118252439 
1147	 0.545491564501072 
1148	 0.543654708720368 
1149	 0.541482169774132 
1150	 0.539526071692078 
1151	 0.537367050094634 
1152	 0.534667694234532 
1153	 0.532703388829262 
1154	 0.530984833108642 
1155	 0.529638610298395 
1156	 0.528318811075694 
1157	 0.527214937018722 
1158	 0.526091137687776 
1159	 0.524840734415774 
1160	 0.523889996856036 
1161	 0.523032329314228 
1162	 0.522522264667829 
1163	 0.522247784031632 
1164	 0.521899698655175 
1165	 0.521707420413622 
1166	 0.521485618318552 
1167	 0.521183123098853 
1168	 0.520936158018769 
1169	 0.520858351103374 
1170	 0.520675288047204 
1171	 0.520414412775138 
1172	 0.520103771062298 
1173	 0.519874293857137 
1174	 0.519686955165421 
1175	 0.519487077452187 
1176	 0.519271893172765 
1177	 0.519197123410047 
1178	 0.519204328563121 
1179	 0.519134719283117 
1180	 0.519109259827438 
1181	 0.519065491286101 
1182	 0.519001657925369 
1183	 0.518870334590613 
1184	 0.518694470183419 
1185	 0.518618367420625 
1186	 0.518442823037488 
1187	 0.518378733200066 
1188	 0.518583259591632 
1189	 0.51857930492245 
1190	 0.518595282407995 
1191	 0.518678552324052 
1192	 0.518398911084876 
1193	 0.518368568655468 
1194	 0.518420905817753 
1195	 0.518392064018114 
1196	 0.518562275187268 
1197	 0.519127913524428 
1198	 0.519310651585004 
1199	 0.519369263067976 
1200	 0.519487747840995 
1201	 0.519447103501309 
1202	 0.519544089125195 
1203	 0.519762459228668 
1204	 0.519941772140611 
1205	 0.520145224132547 
1206	 0.520316638521988 
1207	 0.520428625757324 
1208	 0.520683478297474 
1209	 0.521019470113873 
1210	 0.52123053354822 
1211	 0.521557983191776 
1212	 0.52198319561172 
1213	 0.522341526431162 
1214	 0.522671153669814 
1215	 0.522978464921718 
1216	 0.523251476170041 
1217	 0.523526820572422 
1218	 0.523716932113139 
1219	 0.52411570396042 
1220	 0.524665306012847 
1221	 0.525067867833054 
1222	 0.525571502427935 
1223	 0.525910691163527 
1224	 0.52599271529401 
1225	 0.526248033485402 
1226	 0.526645223458429 
1227	 0.527184401382122 
1228	 0.527814143447729 
1229	 0.528379567185063 
1230	 0.528779454177221 
1231	 0.529017968380095 
1232	 0.529378125700772 
1233	 0.529784712345572 
1234	 0.530088278726288 
1235	 0.530502942127542 
1236	 0.530925822886676 
1237	 0.531324900532874 
1238	 0.531662070037314 
1239	 0.532001527838694 
1240	 0.532404012865047 
1241	 0.532750308753309 
1242	 0.533172968396274 
1243	 0.53375153533568 
1244	 0.534297217122663 
1245	 0.534547608009327 
1246	 0.53475361310614 
1247	 0.535146902801248 
1248	 0.535505581205581 
1249	 0.535920963711328 
1250	 0.536418477501147 
1251	 0.53672703431234 
1252	 0.537064417402279 
1253	 0.537451018815226 
1254	 0.537808951796626 
1255	 0.538398986522999 
1256	 0.538720580937898 
1257	 0.539061094359826 
1258	 0.539571286188096 
1259	 0.53993185446826 
1260	 0.54003779505695 
1261	 0.540375546540293 
1262	 0.540830829462557 
1263	 0.541101175770005 
1264	 0.541541629851415 
1265	 0.541850778551429 
1266	 0.542170120171844 
1267	 0.542483477113558 
1268	 0.542509382309616 
1269	 0.5426304334623 
1270	 0.542599705953534 
1271	 0.542411312958797 
1272	 0.542386874009678 
1273	 0.54240983051358 
1274	 0.54245931183381 
1275	 0.542381307321424 
1276	 0.542109492876181 
1277	 0.541798895882415 
1278	 0.54145827090421 
1279	 0.541092714728183 
1280	 0.540733360730863 
1281	 0.540414768467265 
1282	 0.539965392308647 
1283	 0.539414992172724 
1284	 0.538936186147194 
1285	 0.538452417716594 
1286	 0.537995310962504 
1287	 0.537592104790542 
1288	 0.537204657583013 
1289	 0.53674973128652 
1290	 0.53636740727075 
1291	 0.535949447124735 
1292	 0.535301297739767 
1293	 0.534682247232546 
1294	 0.534135083500926 
1295	 0.533494470976011 
1296	 0.53299503655844 
1297	 0.532503823974619 
1298	 0.531680513330705 
1299	 0.530810229406396 
1300	 0.530011328825568 
1301	 0.529158512694761 
1302	 0.528282041749517 
1303	 0.527419819008738 
1304	 0.526634892046221 
1305	 0.52574156466352 
1306	 0.524784140671454 
1307	 0.52386436285519 
1308	 0.522719529588656 
1309	 0.521563505850239 
1310	 0.52036948471531 
1311	 0.519084355848426 
1312	 0.5181284831858 
1313	 0.516857923852324 
1314	 0.515228125952097 
1315	 0.514052031439433 
1316	 0.512617964237971 
1317	 0.511004361861774 
1318	 0.509911577736813 
1319	 0.508304756242852 
1320	 0.50636694799273 
1321	 0.504928032579374 
1322	 0.50329714616797 
1323	 0.501553623784549 
1324	 0.500252620563661 
1325	 0.498797106240767 
1326	 0.497136228802522 
1327	 0.495494051894359 
1328	 0.493516045851429 
1329	 0.491422228059169 
1330	 0.489466402509202 
1331	 0.487583097032334 
1332	 0.485737006127649 
1333	 0.483960238087167 
1334	 0.482171915065035 
1335	 0.480423055155961 
1336	 0.478480869537852 
1337	 0.47649780493164 
1338	 0.474839976532084 
1339	 0.473310932610111 
1340	 0.472126717819023 
1341	 0.4711730993332 
1342	 0.469846367166772 
1343	 0.468421464898046 
1344	 0.467172091303599 
1345	 0.466277281409899 
1346	 0.465448813523067 
1347	 0.464097152260015 
1348	 0.462730397346158 
1349	 0.461616900100569 
1350	 0.460852147156318 
1351	 0.460499899814118 
1352	 0.460683182937533 
1353	 0.459166965302047 
1354	 0.457298715891466 
1355	 0.456987719124371 
1356	 0.456362519665826 
1357	 0.456126777826322 
1358	 0.45641244104249 
1359	 0.456135091029836 
1360	 0.453119624003073 
1361	 0.450553889519261 
1362	 0.458781567477476 
1363	 0.46213646546966 
1364	 0.450862988064866 
1365	 0.450329735642715 
1366	 0.443111210885395 
1367	 0.427329523515326 
1368	 0.460300296053856 
1369	 0.471371657920169 
1370	 0.449793935170696 
1371	 0.442734357418114 
1372	 0.45023046933313 
1373	 0.472340336422723 
1374	 0.495867578756124 
1375	 0.468874473222535 
1376	 0.401539620025749 
1377	 0.39344469623385 
1378	 0.376172552709896 
1379	 0.353988981458245 
1380	 0.390208680020184 
1381	 0.44805420691535 
1382	 0.444933551646102 
1383	 0.405736051829497 
1384	 0.46801379574641 
1385	 0.484275168769066 
1386	 0.405546180110831 
1387	 0.389756862447602 
1388	 0.374486522776083 
1389	 0.343209648724327 
1390	 0.284781805995192 
1391	 0.301806333834414 
1392	 0.326849201710954 
1393	 0.297787669283149 
1394	 0.280558779448514 
1395	 0.259180672477652 
1396	 0.236828810998671 
1397	 0.257601015936953 
1398	 0.26590439710177 
1399	 0.262713175169517 
1400	 0.258375953452781 
1401	 0.246430138063537 
1402	 0.246090909452646 
1403	 0.234192930459947 
1404	 0.219786748672826 
1405	 0.210380004467095 
1406	 0.200537398170938 
1407	 0.204391560775256 
1408	 0.204436597643419 
1409	 0.197327213462347 
1410	 0.196004608075044 
1411	 0.192780538810248 
1412	 0.192242995054728 
1413	 0.19334212276118 
1414	 0.186678422084963 
1415	 0.183013318726934 
1416	 0.182948566527485 
1417	 0.177624190559886 
1418	 0.173176049292476 
1419	 0.172407297525177 
1420	 0.170828830669285 
1421	 0.170295353834974 
1422	 0.171242994351484 
1423	 0.169634927523246 
1424	 0.166622683198224 
1425	 0.166063772183528 
1426	 0.165471764255192 
1427	 0.16506384636791 
1428	 0.164290708527971 
1429	 0.164956837337733 
1430	 0.164133632650417 
1431	 0.161843666924472 
1432	 0.16090437441623 
1433	 0.160321746171455 
1434	 0.160039530066095 
1435	 0.160770854011458 
1436	 0.160917979401123 
1437	 0.159935562563226 
1438	 0.158999207531695 
1439	 0.158656251155 
1440	 0.158363621160871 
1441	 0.1578889076022 
1442	 0.157155317934084 
1443	 0.156388517391432 
1444	 0.155963826794696 
1445	 0.155870023802283 
1446	 0.155986514135002 
1447	 0.156589111736639 
1448	 0.157081981826873 
1449	 0.156711544251889 
1450	 0.156641691919522 
1451	 0.156447553309098 
1452	 0.155799869784195 
1453	 0.156088689672896 
1454	 0.156749939851626 
1455	 0.156882993551822 
1456	 0.157079886294344 
1457	 0.157224280426678 
1458	 0.156994652998864 
1459	 0.156828457382664 
1460	 0.157132092916092 
1461	 0.157829886446942 
1462	 0.158498938491083 
1463	 0.15878640804644 
1464	 0.159038441220451 
1465	 0.159409923389869 
1466	 0.159627488734964 
1467	 0.160488885722347 
1468	 0.161893075242383 
1469	 0.162743312558557 
1470	 0.163770262508508 
1471	 0.164920990305244 
1472	 0.166541824504622 
1473	 0.167855173838892 
1474	 0.169326750360009 
1475	 0.170866836295364 
1476	 0.171819954085054 
1477	 0.172932967299974 
1478	 0.1744989874854 
1479	 0.176006505655575 
1480	 0.177821020914128 
1481	 0.179150665017163 
1482	 0.179776667177646 
1483	 0.181271773405616 
1484	 0.183047065360553 
1485	 0.184312756288834 
1486	 0.186052177441921 
1487	 0.187772259570603 
1488	 0.188749721358475 
1489	 0.190066442848145 
1490	 0.191800870634388 
1491	 0.193197685431201 
1492	 0.194627119638648 
1493	 0.196305126553149 
1494	 0.197730070857789 
1495	 0.199047755437764 
1496	 0.200308074103748 
1497	 0.201596145508239 
1498	 0.203127152898127 
1499	 0.204625564164734 
1500	 0.206157336408832 
1501	 0.20772690239604 
1502	 0.209234807239754 
1503	 0.210800091782516 
1504	 0.212312940117763 
1505	 0.213805635962788 
1506	 0.215394428691184 
1507	 0.217048324015758 
1508	 0.218824551050533 
1509	 0.220727483875108 
1510	 0.222423688768333 
1511	 0.223889189286385 
1512	 0.22552828594184 
1513	 0.227300318688988 
1514	 0.229037675434294 
1515	 0.230799491289026 
1516	 0.232565467922748 
1517	 0.234027897235552 
1518	 0.235340048802078 
1519	 0.236968748403048 
1520	 0.23865621800451 
1521	 0.240403654678395 
1522	 0.242294504457236 
1523	 0.243898481864659 
1524	 0.245387416671755 
1525	 0.247008175252522 
1526	 0.248632423566273 
1527	 0.25033690543887 
1528	 0.251940585361833 
1529	 0.253498600528 
1530	 0.255308741687858 
1531	 0.25694632365216 
1532	 0.258517783315119 
1533	 0.260178252200045 
1534	 0.261772695909989 
1535	 0.263261622722696 
1536	 0.264841548053803 
1537	 0.266431273678845 
1538	 0.267916100625882 
1539	 0.269501817449444 
1540	 0.27113365101138 
1541	 0.272760217206859 
1542	 0.274371466386538 
1543	 0.275903970043276 
1544	 0.277438117184524 
1545	 0.278926401584433 
1546	 0.280469230300986 
1547	 0.281946248674035 
1548	 0.283366980612452 
1549	 0.284899049228088 
1550	 0.286237969066459 
1551	 0.287624274960622 
1552	 0.289152031329441 
1553	 0.290462647459442 
1554	 0.291788148430587 
1555	 0.293126716220227 
1556	 0.294560247260269 
1557	 0.296175605561232 
1558	 0.297575374277793 
1559	 0.298877010842913 
1560	 0.300246377532731 
1561	 0.30148146437493 
1562	 0.302866255128778 
1563	 0.304404159981801 
1564	 0.305593402706266 
1565	 0.306831130285631 
1566	 0.308340774133254 
1567	 0.309661491463802 
1568	 0.310958619674987 
1569	 0.312317851297395 
1570	 0.313506493991294 
1571	 0.31476176688701 
1572	 0.316189972843569 
1573	 0.317452763103328 
1574	 0.318586957455248 
1575	 0.319838943634203 
1576	 0.321039599513142 
1577	 0.322307540266943 
1578	 0.323469375179828 
1579	 0.324345453196164 
1580	 0.325272875861395 
1581	 0.326309920236738 
1582	 0.327504845711871 
1583	 0.328817418994348 
1584	 0.329943548677152 
1585	 0.330840740813483 
1586	 0.331772661036512 
1587	 0.332747302784718 
1588	 0.333897260711809 
1589	 0.335066750521558 
1590	 0.33584553089551 
1591	 0.336614549776788 
1592	 0.337622571925745 
1593	 0.338633776174753 
1594	 0.339790406602658 
1595	 0.340862569571513 
1596	 0.341622092317662 
1597	 0.342435003940426 
1598	 0.343218145744087 
1599	 0.344238810239753 
1600	 0.345528538985163 
1601	 0.346437654169877 
1602	 0.347347143011943 
1603	 0.348354229084242 
1604	 0.349148345896744 
1605	 0.350132922440579 
1606	 0.351169362078397 
1607	 0.351936500457886 
1608	 0.352678247040399 
1609	 0.353415783080254 
1610	 0.354107734142451 
1611	 0.355061730354999 
1612	 0.355869760165577 
1613	 0.356333258094315 
1614	 0.357078057685621 
1615	 0.357786633025221 
1616	 0.358320671025443 
1617	 0.359189332813433 
1618	 0.36012471296068 
1619	 0.360646822391245 
1620	 0.361127960810635 
1621	 0.361784939414405 
1622	 0.362295037944252 
1623	 0.362964734134623 
1624	 0.363764161695913 
1625	 0.364298215061134 
1626	 0.36493523523429 
1627	 0.365600561689274 
1628	 0.366104668080466 
1629	 0.366794903213284 
1630	 0.36740719096391 
1631	 0.367764241266427 
1632	 0.368267372740993 
1633	 0.368920027709075 
1634	 0.3695751769813 
1635	 0.370126468525344 
1636	 0.370661303939431 
1637	 0.371303595184355 
1638	 0.371812964174513 
1639	 0.372210664597357 
1640	 0.372656700260783 
1641	 0.373133537602941 
1642	 0.373675873113322 
1643	 0.374350214481344 
1644	 0.374879225115253 
1645	 0.375092363314865 
1646	 0.375213917716025 
1647	 0.375486855761334 
1648	 0.37613701095876 
1649	 0.376756536217118 
1650	 0.377197899964464 
1651	 0.377649940892437 
1652	 0.377867249211528 
1653	 0.378195690778498 
1654	 0.37863289004632 
1655	 0.378824459273814 
1656	 0.378902096567507 
1657	 0.379002936407094 
1658	 0.37929590347419 
1659	 0.379599885358365 
1660	 0.379938488013706 
1661	 0.380346872457556 
1662	 0.380419335931434 
1663	 0.380524154641626 
1664	 0.380930730204965 
1665	 0.381194681384358 
1666	 0.381334486076395 
1667	 0.381616003307964 
1668	 0.3817922827848 
1669	 0.381933925998617 
1670	 0.382380530871128 
1671	 0.382470671122687 
1672	 0.382062582351204 
1673	 0.381811303835701 
1674	 0.381666640467256 
1675	 0.38190899937595 
1676	 0.382340965748897 
1677	 0.382472342996809 
1678	 0.382663773345303 
1679	 0.382523196520496 
1680	 0.382254164540223 
1681	 0.382335172165485 
1682	 0.3820975290931 
1683	 0.381920789556635 
1684	 0.381967135095792 
1685	 0.381990585138412 
1686	 0.382194457961012 
1687	 0.382153277921001 
1688	 0.381998995820196 
1689	 0.381997973392107 
1690	 0.381614223906058 
1691	 0.38127644156699 
1692	 0.381381056748251 
1693	 0.381175771664218 
1694	 0.380857221784267 
1695	 0.380791545413443 
1696	 0.380502818499071 
1697	 0.380133559063099 
1698	 0.379940280996971 
1699	 0.379844417663533 
1700	 0.38004574105148 
1701	 0.380066826229298 
1702	 0.379997394339748 
1703	 0.379802092520348 
1704	 0.379089347700121 
1705	 0.378681246386501 
1706	 0.378483963045603 
1707	 0.378113204697307 
1708	 0.377748829378121 
1709	 0.377256990677496 
1710	 0.37652840409484 
1711	 0.376148129986792 
1712	 0.37594401741797 
1713	 0.375536294931497 
1714	 0.375352968951131 
1715	 0.374902799252408 
1716	 0.374060665389743 
1717	 0.373485020463208 
1718	 0.372873161743069 
1719	 0.372367275912368 
1720	 0.372052235971594 
1721	 0.371610528918025 
1722	 0.371428262394195 
1723	 0.37082159692029 
1724	 0.369716716941785 
1725	 0.369038815924545 
1726	 0.368315547102785 
1727	 0.367656017584944 
1728	 0.367373885597863 
1729	 0.366771433598289 
1730	 0.36590811291155 
1731	 0.365169044286952 
1732	 0.364343363157108 
1733	 0.363704594915575 
1734	 0.36321614865848 
1735	 0.362672736266776 
1736	 0.362358503033783 
1737	 0.361745705917799 
1738	 0.360942444166768 
1739	 0.36005405793059 
1740	 0.358821430673767 
1741	 0.35801473317328 
1742	 0.357461278100105 
1743	 0.356652621957979 
1744	 0.355961090978615 
1745	 0.355209926483122 
1746	 0.354144768710783 
1747	 0.353340260693303 
1748	 0.352792304699017 
1749	 0.351990804800237 
1750	 0.351212991294607 
1751	 0.349999009451541 
1752	 0.348921859732352 
1753	 0.347717332905263 
1754	 0.34633638080917 
1755	 0.345586045437923 
1756	 0.344635890552346 
1757	 0.343582440120077 
1758	 0.34281581495391 
1759	 0.341603321366831 
1760	 0.340774637246761 
1761	 0.340349221792493 
1762	 0.339314093038465 
1763	 0.338421645335227 
1764	 0.337462756045968 
1765	 0.335977584869438 
1766	 0.335087673536325 
1767	 0.334490510247795 
1768	 0.333631629464701 
1769	 0.332775840598514 
1770	 0.331799202629225 
1771	 0.330954502505793 
1772	 0.330240238016947 
1773	 0.330120088292034 
1774	 0.329786797421761 
1775	 0.329315470953978 
1776	 0.328722435618853 
1777	 0.327953735373621 
1778	 0.327222066786039 
1779	 0.326145293914649 
1780	 0.325538403507421 
1781	 0.325523951979335 
1782	 0.325179261214964 
1783	 0.324999544313189 
1784	 0.324520270087137 
1785	 0.323416065827969 
1786	 0.322666053095766 
1787	 0.321836417813005 
1788	 0.321592428963463 
1789	 0.322011479277318 
1790	 0.322183202642403 
1791	 0.322802919862244 
1792	 0.322922430461839 
1793	 0.322843627932272 
1794	 0.322367076541825 
1795	 0.32105132337897 
1796	 0.320564101917532 
1797	 0.31998308056888 
1798	 0.31954841354415 
1799	 0.319886718064517 
1800	 0.320348572889539 
1801	 0.320488215981877 
1802	 0.321952144780363 
1803	 0.325663872606566 
1804	 0.327420816312212 
1805	 0.329275206248467 
1806	 0.329919816272399 
1807	 0.327686775643563 
1808	 0.328079107363563 
1809	 0.329169051104022 
1810	 0.329949018701111 
1811	 0.331578326519897 
1812	 0.330455270026184 
1813	 0.326498649647004 
1814	 0.325040410490761 
1815	 0.326445934048514 
1816	 0.327011375783657 
1817	 0.331399396898311 
1818	 0.340294087636063 
1819	 0.344368125740476 
1820	 0.346567332158834 
1821	 0.352199958053979 
1822	 0.356133261528681 
1823	 0.355030398923357 
1824	 0.3522216763471 
1825	 0.35232539962179 
1826	 0.336935198245703 
1827	 0.334247743884425 
1828	 0.362660480192158 
1829	 0.3689441019175 
1830	 0.35486258143513 
1831	 0.307466532515053 
1832	 0.45044875330439 
1833	 0.512086474007178 
1834	 0.704354491958115 
1835	 0.948327695151573 
1836	 0.3540014037372 
1837	 0.137146335489014 
1838	-1.59664525336203E-02 
1839	 0.081934916510941 
1840	 9.10768065830964E-02 
1841	 8.86096271474672E-02 
1842	 0.288975350709054 
1843	 0.96862506178363 
1844	 1.08532384342696 
1845	 2.26897330775465 
1846	-8.4213369872923 
1847	 0.907847255180031 
1848	 0.564920272920411 
1849	 1.1265996389717 
1850	 0.3018856351082 
1851	 0.311366714456721 
1852	 0.6062815448024 
1853	 1.80337881420683E-02 
1854	-4.98164805190244 
1855	-3.18478732201922 
1856	 0.129452494471466 
1857	 4.06438344392582E-02 
1858	 1.49247122166524 
1859	 9.7390407446801 
1860	 7.67787759330222 
1861	 17.7911115293363 
1862	 6.19333561094947 
1863	 0.470011387223954 
1864	 0.323426096324269 
1865	 0.534640469440935 
1866	 0.456880509355983 
1867	 0.206439647030637 
1868	 5.28663076552781E-02 
1869	 4.47602163093523E-02 
1870	 0.202406303684004 
1871	 0.352181511580395 
1872	 1.65942593805942 
1873	 1.59475556398812 
1874	 0.810143036749999 
1875	 0.682666273322649 
1876	 0.541344965759803 
1877	 0.402849429904611 
1878	 0.213458624315065 
1879	 0.348918682049015 
1880	 0.375077864129636 
1881	 0.335955940156413 
1882	 0.362353922457515 
1883	 0.505526154324984 
1884	 0.483407296794329 
1885	 0.429200991004628 
1886	 0.411411581983295 
1887	 0.249693984888498 
1888	 0.110265026227087 
1889	 0.103233630166926 
1890	 7.76458562700329E-02 
1891	 4.08751504842429E-02 
1892	 2.51938954033008E-02 
1893	 2.99689041155511E-03 
1894	-0.1027944925797 
1895	-0.138373672776845 
1896	-0.144470951412378 
1897	-1.30938239306122E-02 
1898	-3.20639131483497E-02 
1899	-9.00822132071961E-02 
1900	 0.237462512973727 
1901	 0.426639889111756 
1902	 0.277802024336111 
1903	-0.211317921908228 
1904	-0.248522607137994 
1905	-0.376636836268671 
1906	-0.443827684863021 
1907	-0.495825047000947 
1908	-0.192739141848661 
1909	-1.04612553228167E-02 
1910	-0.244799559591688 
1911	-0.183622392138186 
1912	-5.35526352293644E-03 
1913	-9.62378809165994E-03 
1914	-0.183367777664996 
1915	-0.148729077181179 
1916	-6.14621287173311E-02 
1917	-4.43616454102229E-02 
1918	-8.5666087185046E-03 
1919	 3.98519790373616E-02 
1920	-1.31591968211131E-02 
1921	-1.63155120954327E-02 
1922	 7.27776770878354E-02 
1923	 0.105506384032091 
1924	 0.104322173217822 
1925	 9.63101217402051E-02 
1926	 0.10356458643496 
1927	 8.18940209932184E-02 
1928	 0.049304716890084 
1929	 6.19599053930298E-02 
1930	 6.31028741520391E-02 
1931	 3.51448435878529E-02 
1932	 3.88155032238453E-02 
1933	 4.82965633690683E-02 
1934	 4.83728901290834E-02 
1935	 4.87758530907162E-02 
1936	 5.24220018728996E-02 
1937	 0.048192830582318 
1938	 4.54256484720137E-02 
1939	 4.82062135223465E-02 
1940	 4.75538948116223E-02 
1941	 4.44407621182369E-02 
1942	 4.14944970100226E-02 
1943	 3.97396922448018E-02 
1944	 3.85459280021274E-02 
1945	 4.03785090487717E-02 
1946	 4.16045996562748E-02 
1947	 4.47712740243958E-02 
1948	 4.14637221988677E-02 
1949	 3.91455640262309E-02 
1950	 4.26622203415522E-02 
1951	 4.49790127342628E-02 
1952	 4.44786980644751E-02 
1953	 4.40107201631938E-02 
1954	 4.33215831661662E-02 
1955	 4.32395655712474E-02 
1956	 4.77454568833134E-02 
1957	 5.13041606418206E-02 
1958	 5.17015695053234E-02 
1959	 5.02064951688692E-02 
1960	 4.80812908139374E-02 
1961	 4.68782628537956E-02 
1962	 4.78693487311432E-02 
1963	 4.91386596923606E-02 
1964	 4.97580292186998E-02 
1965	 4.99092985111895E-02 
1966	 4.95599473680608E-02 
1967	 5.00910398918366E-02 
1968	 5.13216884275896E-02 
1969	 5.20362280929001E-02 
1970	 0.052500189749752 
1971	 5.31019594343307E-02 
1972	 0.053932347797462 
1973	 5.42088682590828E-02 
1974	 5.44317509448835E-02 
1975	 5.49657857545811E-02 
1976	 5.57079454018438E-02 
1977	 5.65080663296992E-02 
1978	 5.72052342750871E-02 
1979	 5.77342563880775E-02 
1980	 5.84457233918468E-02 
1981	 5.88029580808044E-02 
1982	 5.91618794814778E-02 
1983	 0.059559542465571 
1984	 6.05226967699278E-02 
1985	 6.08212223429437E-02 
1986	 6.11542452327829E-02 
1987	 6.25324127489415E-02 
1988	 6.38009073516166E-02 
1989	 6.41507811872816E-02 
1990	 6.38228838197682E-02 
1991	 6.36956948528152E-02 
1992	 6.42915060972929E-02 
1993	 6.48816299135656E-02 
1994	 6.67206053568033E-02 
1995	 6.76342051483153E-02 
1996	 6.85676903116263E-02 
1997	 6.77973495410862E-02 
1998	 6.69609238385287E-02 
1999	 6.80961281613755E-02 
2000	 6.93860401457929E-02 
2001	 6.96604348137453E-02 
2002	 7.11076537605396E-02 
2003	 7.23158615215114E-02 
2004	 7.24498460765361E-02 
2005	 7.45553014099628E-02 
2006	 7.59511658718818E-02 
2007	 7.55214405495496E-02 
2008	 7.64545594053068E-02 
2009	 7.77617982221855E-02 
2010	 8.02419673385668E-02 
2011	 8.44417100331244E-02 
2012	 8.79664117221125E-02 
2013	 8.80841838348976E-02 
2014	 8.82782808210874E-02 
2015	 8.94131957154171E-02 
2016	 8.99789361967061E-02 
2017	 8.99956203213149E-02 
2018	 0.09040722850185 
2019	 9.15079989109732E-02 
2020	 9.18334387243939E-02 
2021	 9.21084539923847E-02 
2022	 9.34173532635956E-02 
2023	 9.45873907644184E-02 
2024	 9.42977249016479E-02 
2025	 0.093590450626086 
2026	 9.39943460565635E-02 
2027	 9.50383040063763E-02 
2028	 9.56983976307233E-02 
2029	 0.096004120370669 
2030	 9.64005360127728E-02 
2031	 9.68420026284962E-02 
2032	 0.097362994710006 
2033	 9.79158483088557E-02 
2034	 9.83533265333062E-02 
2035	 9.89130492608858E-02 
2036	 9.93274981430066E-02 
2037	 9.97778707619246E-02 
2038	 0.10067654397162 
2039	 0.101640674542276 
2040	 0.10224507239299 
2041	 0.10287329050512 
2042	 0.10328609848706 
2043	 0.10353041964442 
2044	 0.104442454488323 
2045	 0.105246231818967 
2046	 0.105861934568756 
2047	 0.10663024893494 
2048	 0.107883725655191 
2049	 0.108847875502248 
2050	 0.109555691712717 
2051	 0.110548121538818 
2052	 0.112226812742961 
2053	 0.113028564245539 
2054	 0.11280100891246 
2055	 0.114234672700831 
2056	 0.115925586940352 
2057	 0.11567625166428 
2058	 0.115991370174349 
2059	 0.116948117539605 
2060	 0.118013788206251 
2061	 0.119062858961217 
2062	 0.119995424316118 
2063	 0.120958634008393 
2064	 0.122237161146608 
2065	 0.123633884841028 
2066	 0.12395160744518 
2067	 0.123979336971011 
2068	 0.125511709210548 
2069	 0.125939971189549 
2070	 0.126495224807982 
2071	 0.128117635329046 
2072	 0.128715708413966 
2073	 0.12888362865174 
2074	 0.129627288911039 
2075	 0.130306207341872 
2076	 0.131596557788621 
2077	 0.13228546698066 
2078	 0.132338260256467 
2079	 0.133008912860828 
2080	 0.133798355272831 
2081	 0.134884911291037 
2082	 0.136078090234164 
2083	 0.136778840912289 
2084	 0.136631042405091 
2085	 0.13714098236504 
2086	 0.138555581418115 
2087	 0.139427594692456 
2088	 0.140332567129297 
2089	 0.141369191485026 
2090	 0.142004273011093 
2091	 0.141674631481319 
2092	 0.142219781261281 
2093	 0.143193753628916 
2094	 0.144006180369768 
2095	 0.145093435193113 
2096	 0.146048833761647 
2097	 0.147116297476704 
2098	 0.147617061649955 
2099	 0.148613210494593 
2100	 0.149249439583441 
2101	 0.148788248191974 
2102	 0.148936464773124 
2103	 0.149924427778155 
2104	 0.150673964616959 
2105	 0.15176173396939 
2106	 0.153474049930088 
2107	 0.154626305764534 
2108	 0.155039801979582 
2109	 0.15553974056099 
2110	 0.156129437036924 
2111	 0.156865624634832 
2112	 0.157294633597589 
2113	 0.157808288082097 
2114	 0.158627374938322 
2115	 0.159349957318337 
2116	 0.159852777474538 
2117	 0.160718718092326 
2118	 0.161881387816007 
2119	 0.162892839893917 
2120	 0.164133400427524 
2121	 0.165155156198621 
2122	 0.165350551384185 
2123	 0.165788073156542 
2124	 0.166604289539756 
2125	 0.167284879866536 
2126	 0.167835700559797 
2127	 0.168780137198276 
2128	 0.169926893289128 
2129	 0.171078190522011 
2130	 0.171648745847036 
2131	 0.172376799432597 
2132	 0.172935994876113 
2133	 0.172498467815724 
2134	 0.17277697369221 
2135	 0.173475650733035 
2136	 0.173911650226033 
2137	 0.174975587332099 
2138	 0.175795047405678 
2139	 0.176569579287864 
2140	 0.177881454319853 
2141	 0.17817691776281 
2142	 0.178242402174564 
2143	 0.178629798890703 
2144	 0.179041568736257 
2145	 0.179509688484287 
2146	 0.180441990499681 
2147	 0.180724698273013 
2148	 0.180394907111353 
2149	 0.180601866410832 
2150	 0.180674610387819 
2151	 0.181065097101533 
2152	 0.181856798039895 
2153	 0.182648641793473 
2154	 0.183977430413017 
2155	 0.184869715516176 
2156	 0.184791994664456 
2157	 0.185462721715643 
2158	 0.186213592404644 
2159	 0.18596770625212 
2160	 0.186192280184733 
2161	 0.186250409251275 
2162	 0.186208475486047 
2163	 0.187420944604907 
2164	 0.187676667036048 
2165	 0.187601545668052 
2166	 0.188471363198496 
2167	 0.189490241667928 
2168	 0.189584031876664 
2169	 0.190007274219914 
2170	 0.190797760798134 
2171	 0.190905517194036 
2172	 0.191074318934354 
2173	 0.19218103887501 
2174	 0.19239091117592 
2175	 0.192345766051594 
2176	 0.193248801428159 
2177	 0.193441354669583 
2178	 0.193906916095076 
2179	 0.194087694800392 
2180	 0.19333524955724 
2181	 0.192750970197432 
2182	 0.192627362689058 
2183	 0.193855080491431 
2184	 0.194811920715476 
2185	 0.195219767869418 
2186	 0.196629116960837 
2187	 0.196954008527423 
2188	 0.195280560239887 
2189	 0.19508066832573 
2190	 0.19562528844292 
2191	 0.195764541038798 
2192	 0.195935746183618 
2193	 0.195970255811831 
2194	 0.196171691780403 
2195	 0.196014211537321 
2196	 0.195141834147746 
2197	 0.195488027148237 
2198	 0.196177434164047 
2199	 0.196070861451881 
2200	 0.196652376051914 
2201	 0.197418751717938 
2202	 0.198157126845698 
2203	 0.198639710839902 
2204	 0.198112838779756 
2205	 0.198110993638906 
2206	 0.198354648045992 
2207	 0.197992318365933 
2208	 0.197826127658045 
2209	 0.198007032754565 
2210	 0.19844675878328 
2211	 0.198906582339946 
2212	 0.198515974965028 
2213	 0.198085303865825 
2214	 0.198548320114855 
2215	 0.198296092093068 
2216	 0.198297397011809 
2217	 0.200247620298688 
2218	 0.200531271822337 
2219	 0.199041945718745 
2220	 0.198737282280402 
2221	 0.199646108858087 
2222	 0.197806585966709 
2223	 0.19621847322906 
2224	 0.197263432451818 
2225	 0.197581347854003 
2226	 0.19780169777967 
2227	 0.198758507327008 
2228	 0.19945453941093 
2229	 0.199631250740605 
2230	 0.198882325093963 
2231	 0.198367802282106 
2232	 0.197897436958206 
2233	 0.196992129948547 
2234	 0.196886191870834 
2235	 0.196936674733384 
2236	 0.196531341751318 
2237	 0.196374693394287 
2238	 0.196106040697709 
2239	 0.195609891368255 
2240	 0.195155441627575 
2241	 0.194788868082796 
2242	 0.194427191541965 
2243	 0.193810044404714 
2244	 0.193053080929073 
2245	 0.192715911261583 
2246	 0.192106982328696 
2247	 0.191140477572995 
2248	 0.19083338828836 
2249	 0.190365448306375 
2250	 0.189036544698278 
2251	 0.188174160230278 
2252	 0.187749741260478 
2253	 0.187129198946999 
2254	 0.188086530677706 
2255	 0.188482504025892 
2256	 0.188163850297127 
2257	 0.187951681578017 
2258	 0.18588243096243 
2259	 0.184673913932228 
2260	 0.185702316560628 
2261	 0.185396814680122 
2262	 0.184832869832135 
2263	 0.185747359061675 
2264	 0.184972021159954 
2265	 0.183822649432894 
2266	 0.184354606035878 
2267	 0.184454553105439 
2268	 0.183889710981829 
2269	 0.183014221994592 
2270	 0.181232818826066 
2271	 0.178180107517128 
2272	 0.176541030637053 
2273	 0.175341101548178 
2274	 0.175147966982415 
2275	 0.17700784384657 
2276	 0.176717735308415 
2277	 0.174760676413498 
2278	 0.174645236975898 
2279	 0.175556701796694 
2280	 0.175359611432884 
2281	 0.175625542903388 
2282	 0.175416083559864 
2283	 0.17318318168187 
2284	 0.172489117238236 
2285	 0.174009084279804 
2286	 0.173555869163184 
2287	 0.172749822819111 
2288	 0.170925445133167 
2289	 0.168851090868805 
2290	 0.168577696183048 
2291	 0.169531968629046 
2292	 0.169039625233457 
2293	 0.16725005819523 
2294	 0.165593806189833 
2295	 0.164132050136639 
2296	 0.163612882172284 
2297	 0.164125382932841 
2298	 0.163723771316926 
2299	 0.162142966300379 
2300	 0.160785512920292 
2301	 0.161020695477675 
2302	 0.16137402016145 
2303	 0.160482960125323 
2304	 0.160683619791365 
2305	 0.160413083091166 
2306	 0.159371769250401 
2307	 0.16094459124834 
2308	 0.1604337555352 
2309	 0.157634813928095 
2310	 0.157128400504871 
2311	 0.155888592416915 
2312	 0.15458898872721 
2313	 0.15506360807667 
2314	 0.153541428843429 
2315	 0.151849656935581 
2316	 0.154436800412083 
2317	 0.156660472321353 
2318	 0.154312989988789 
2319	 0.152263727181314 
2320	 0.148444168435307 
2321	 0.147075654693136 
2322	 0.145823883127836 
2323	 0.144932044659816 
2324	 0.14622690429716 
2325	 0.146137742263995 
2326	 0.144805659000127 
2327	 0.143119337175339 
2328	 0.141026745338194 
2329	 0.13986474114607 
2330	 0.13835686014795 
2331	 0.138415824017799 
2332	 0.140791983919813 
2333	 0.140856900977026 
2334	 0.139175347448982 
2335	 0.138132403931256 
2336	 0.137234002649816 
2337	 0.137382348711926 
2338	 0.13944878228635 
2339	 0.139147385099531 
2340	 0.13769497316864 
2341	 0.135584611147503 
2342	 0.136942866809408 
2343	 0.138504497317653 
2344	 0.13789697627647 
2345	 0.13707306637445 
2346	 0.134802409832997 
2347	 0.131246597638075 
2348	 0.13107876741803 
2349	 0.131550431851978 
2350	 0.127869693536442 
2351	 0.12219343858334 
2352	 0.12069712945972 
2353	 0.123354185951433 
2354	 0.122919554146507 
2355	 0.121367261584004 
2356	 0.121746261376465 
2357	 0.11931093036745 
2358	 0.118741196512197 
2359	 0.122835824809635 
2360	 0.125067578715936 
2361	 0.125763029575905 
2362	 0.12140650100536 
2363	 0.11754865016789 
2364	 0.119755156524478 
2365	 0.116675906714477 
2366	 0.117953267871825 
2367	 0.122051101738428 
2368	 0.114145735242224 
2369	 0.109925500597107 
2370	 0.113559886619881 
2371	 0.113364928040197 
2372	 0.109953052432712 
2373	 0.109825117377339 
2374	 0.111232120959408 
2375	 0.10908550802045 
2376	 0.109928106817831 
2377	 0.112648722917379 
2378	 0.109246248208685 
2379	 0.107598703242029 
2380	 0.113694878603147 
2381	 0.114701127727317 
2382	 0.105151981002412 
2383	 0.103300612656773 
2384	 0.109514298334818 
2385	 0.103375352762308 
2386	 9.97197275963747E-02 
2387	 0.105727390942888 
2388	 9.90008467412834E-02 
2389	 9.28034812538282E-02 
2390	 9.46901212566129E-02 
2391	 8.78506396867064E-02 
2392	 8.02917417230512E-02 
2393	 8.30242251316557E-02 
2394	 8.90286753931364E-02 
2395	 9.16647954969605E-02 
2396	 9.50683724913914E-02 
2397	 0.09782368368839 
2398	 9.60684991569962E-02 
2399	 0.096866611244555 
2400	 0.09220245576632 
2401	 8.16979288429662E-02 
2402	 8.02866803249477E-02 
2403	 8.44725411040485E-02 
2404	 8.98042222374463E-02 
2405	 9.49875607640055E-02 
2406	 9.65925204037943E-02 
2407	 8.99328267548554E-02 
2408	 8.42366367774652E-02 
2409	 9.14571041772804E-02 
2410	 9.32151931634869E-02 
2411	 8.45606779759793E-02 
2412	 8.73424240091812E-02 
2413	 8.93069770520149E-02 
2414	 0.08154217876946 
2415	 8.94540470651518E-02 
2416	 8.86843982306632E-02 
2417	 7.38091598492359E-02 
2418	 7.73633082199077E-02 
2419	 7.29255423868995E-02 
2420	 6.82697999905098E-02 
2421	 8.15166743188585E-02 
2422	 8.02850516624835E-02 
2423	 7.83620192642526E-02 
2424	 8.19235701789434E-02 
2425	 7.38988565803573E-02 
2426	 7.03779946926858E-02 
2427	 8.16513848260181E-02 
2428	 8.93237644776544E-02 
2429	 8.35149876561231E-02 
2430	 8.23840179387787E-02 
2431	 7.75663159469949E-02 
2432	 6.87074284641746E-02 
2433	 7.60626914545943E-02 
2434	 7.24041583011845E-02 
2435	 6.67558392157994E-02 
2436	 8.76061832315969E-02 
2437	 8.65961103949745E-02 
2438	 7.00960809921913E-02 
2439	 7.22712601172894E-02 
2440	 5.25943128856994E-02 
2441	 2.48211323931602E-02 
2442	 3.38756267219196E-02 
2443	 5.34446339004983E-02 
2444	 5.96843503260898E-02 
2445	 7.15892651688779E-02 
2446	 7.85280924392411E-02 
2447	 5.73883233993142E-02 
2448	 3.00182858229228E-02 
2449	 2.63407623837042E-02 
2450	 4.31091854787041E-02 
2451	 5.08365676934424E-02 
2452	 6.12119873219368E-02 
2453	 6.63670128792501E-02 
2454	 5.34597320503187E-02 
2455	 5.46704781852175E-02 
2456	 6.29681034829515E-02 
2457	 6.88207788040136E-02 
2458	 6.40336026822743E-02 
2459	 5.19637593368668E-02 
2460	 3.90159104364583E-02 
2461	 4.70558798498344E-02 
2462	 8.02263503201848E-02 
2463	 8.74896279324915E-02 
2464	 0.078893778449471 
2465	 6.98045616884504E-02 
2466	 6.19489487766948E-02 
2467	 9.16922192407147E-02 
2468	 0.128784369873426 
2469	 0.12090410428452 
2470	 6.81077103495557E-02 
2471	 5.11160498323194E-02 
2472	 1.42385200461703E-02 
2473	 6.93368587198009E-03 
2474	 7.33783723307799E-02 
2475	 6.63530577575751E-02 
2476	 2.67937443055745E-02 
2477	 5.86172115863545E-02 
2478	 6.57281301109441E-02 
2479	 8.32113919423409E-02 
2480	 0.120812787546584 
2481	-4.99224249723668E-03 
2482	 3.76168554308841E-02 
2483	 0.271067244001987 
2484	 0.273708607646843 
2485	 0.199636356108391 
2486	 0.213233710089936 
2487	 1.37010189970918E-02 
2488	-0.127969282744418 
2489	 0.102520414780022 
2490	 0.125080886591096 
2491	 1.56091582908717E-02 
2492	 0.218802570218179 
2493	-3.86336662009372E-02 
2494	-0.26146761003213 
2495	 0.157247782976969 
2496	 0.23006115670942 
2497	 0.18637024670423 
2498	 0.426862955964088 
2499	 0.118910116589584 
2500	-0.178853124773035 
