Wavelength	09/27/123 at 12:40:01
350	 0.011691734614284 
351	 1.13699059814996E-02 
352	 1.14057815209097E-02 
353	 0.011646168638391 
354	 1.18436192232085E-02 
355	 1.22600593017756E-02 
356	 1.22858029238518E-02 
357	 1.17619458883595E-02 
358	 1.15411776761744E-02 
359	 1.15766317721216E-02 
360	 1.16109549817579E-02 
361	 1.13479626177221E-02 
362	 1.13989504558034E-02 
363	 1.15344842981508E-02 
364	 0.011561005669855 
365	 1.15492000531013E-02 
366	 1.15076127222656E-02 
367	 1.13910139077652E-02 
368	 1.11797127925581E-02 
369	 1.14136841573206E-02 
370	 1.15058307965285E-02 
371	 1.12153003191959E-02 
372	 1.13971682820617E-02 
373	 1.14637362151464E-02 
374	 1.13670383078515E-02 
375	 1.13181509367056E-02 
376	 1.13290540209789E-02 
377	 1.16021870148979E-02 
378	 1.20370086219739E-02 
379	 1.17974659037402E-02 
380	 1.15194957880743E-02 
381	 1.15023824260342E-02 
382	 1.18330634857107E-02 
383	 0.011939820696551 
384	 1.20820140978133E-02 
385	 1.23397625900563E-02 
386	 1.21036700771357E-02 
387	 0.012225434710395 
388	 1.25752778972547E-02 
389	 1.26524434142628E-02 
390	 1.28358969174152E-02 
391	 1.31150962247592E-02 
392	 1.33812311759047E-02 
393	 1.33917472768522E-02 
394	 1.35187020273608E-02 
395	 1.37898007329131E-02 
396	 1.40810362000327E-02 
397	 1.42533257944859E-02 
398	 1.44021679984545E-02 
399	 1.45755139111873E-02 
400	 1.46968332937781E-02 
401	 0.014902304680499 
402	 1.50764891913084E-02 
403	 1.50691932217808E-02 
404	 1.51986239975176E-02 
405	 1.54530024060225E-02 
406	 1.57255146651092E-02 
407	 1.57823020726857E-02 
408	 1.58986259049892E-02 
409	 1.61161328864355E-02 
410	 1.63652569015385E-02 
411	 1.64594769800369E-02 
412	 1.65421695417321E-02 
413	 1.66808361275231E-02 
414	 1.67550875385023E-02 
415	 1.69579978906749E-02 
416	 1.71353161611075E-02 
417	 1.70672954911324E-02 
418	 1.70384467785915E-02 
419	 1.70627717354097E-02 
420	 1.71299351904579E-02 
421	 1.72438499472888E-02 
422	 1.72996431753798E-02 
423	 1.72966858738522E-02 
424	 1.72820803930496E-02 
425	 1.73227657210749E-02 
426	 1.73189238673106E-02 
427	 1.72492847428952E-02 
428	 1.72354651114388E-02 
429	 1.71949363246641E-02 
430	 1.70984491843736E-02 
431	 1.69569097896806E-02 
432	 0.016902015432493 
433	 1.68144024989743E-02 
434	 1.66624777244931E-02 
435	 1.65469679996498E-02 
436	 1.65178804025437E-02 
437	 1.64924803087063E-02 
438	 1.63794408553301E-02 
439	 1.62975861396165E-02 
440	 0.016237078399471 
441	 1.61687803735098E-02 
442	 1.60436500124335E-02 
443	 1.60327448534914E-02 
444	 1.60530363091385E-02 
445	 1.59923617359965E-02 
446	 1.60060782749309E-02 
447	 1.60141125969087E-02 
448	 1.60024669458232E-02 
449	 1.60552975270654E-02 
450	 1.60423146914783E-02 
451	 1.60251419453333E-02 
452	 1.60839913031756E-02 
453	 1.61109212086904E-02 
454	 1.60970758988674E-02 
455	 1.60470490733887E-02 
456	 1.59757752178522E-02 
457	 0.016005314435445 
458	 1.60581754637394E-02 
459	 1.60413147897507E-02 
460	 1.60524322213762E-02 
461	 1.60869674919377E-02 
462	 1.61271721682425E-02 
463	 0.016143928995886 
464	 1.61962822393548E-02 
465	 0.016312107345999 
466	 1.64752406553597E-02 
467	 1.65470699854245E-02 
468	 0.016577164326839 
469	 1.66071105513244E-02 
470	 1.66651580595409E-02 
471	 1.67115008210437E-02 
472	 1.67210960357396E-02 
473	 1.66888854440668E-02 
474	 1.66601610701062E-02 
475	 0.016628181739128 
476	 1.65774756224031E-02 
477	 0.016490244297239 
478	 1.64402735712348E-02 
479	 1.64427041652213E-02 
480	 1.64809283139359E-02 
481	 1.64825689722268E-02 
482	 1.65029391269738E-02 
483	 1.65607695131693E-02 
484	 1.66436628260228E-02 
485	 1.66838651448966E-02 
486	 1.66930153722721E-02 
487	 1.66887927745546E-02 
488	 1.66585206620578E-02 
489	 1.66419273005554E-02 
490	 1.66320373089488E-02 
491	 1.65962308936424E-02 
492	 1.65310540301517E-02 
493	 1.64347530550769E-02 
494	 0.016325624397195 
495	 1.62547716428394E-02 
496	 1.62376806592167E-02 
497	 1.62699124065251E-02 
498	 1.63455554441035E-02 
499	 1.65608906556328E-02 
500	 1.67995043327204E-02 
501	 1.70079407915894E-02 
502	 1.72943990738175E-02 
503	 1.75808672813781E-02 
504	 0.017866808790128 
505	 1.81855715748151E-02 
506	 1.85894585861258E-02 
507	 1.90002981759271E-02 
508	 1.93574540715681E-02 
509	 1.96331428444517E-02 
510	 1.99384685816909E-02 
511	 2.02897906069361E-02 
512	 2.06606312028521E-02 
513	 2.09875474168101E-02 
514	 2.13111543209843E-02 
515	 2.16395139156253E-02 
516	 2.19302143341864E-02 
517	 2.22619573797137E-02 
518	 2.25635520740469E-02 
519	 2.27584535362081E-02 
520	 2.29269714594205E-02 
521	 2.31026910686291E-02 
522	 2.33126396211723E-02 
523	 2.35762101596685E-02 
524	 2.38236363192209E-02 
525	 2.40417318393918E-02 
526	 2.42356480322723E-02 
527	 2.44168123735799E-02 
528	 2.46084725514311E-02 
529	 2.48102259475109E-02 
530	 2.50091398075351E-02 
531	 2.52139738877916E-02 
532	 2.54296110558432E-02 
533	 2.56516932631834E-02 
534	 2.58584771789042E-02 
535	 2.60733958283948E-02 
536	 2.62875856785557E-02 
537	 2.64771168859925E-02 
538	 2.66568505133425E-02 
539	 2.69228824207794E-02 
540	 2.72786564604099E-02 
541	 2.75031370728674E-02 
542	 0.027769908097738 
543	 2.80807065259009E-02 
544	 2.83743736285692E-02 
545	 2.86514897331312E-02 
546	 2.89501651659067E-02 
547	 0.029278056484318 
548	 2.95826283320804E-02 
549	 0.029950797585834 
550	 0.03035863077792 
551	 3.07573411864446E-02 
552	 3.11731080561494E-02 
553	 0.031599160184589 
554	 3.20288857276648E-02 
555	 3.24603249989301E-02 
556	 3.29448525071875E-02 
557	 3.35198078517059E-02 
558	 3.41863981169807E-02 
559	 3.48470831589447E-02 
560	 3.55150190451017E-02 
561	 3.62445891769721E-02 
562	 3.71268482727186E-02 
563	 3.80278449667132E-02 
564	 3.89820346077006E-02 
565	 4.00353496115813E-02 
566	 4.11461652243436E-02 
567	 4.23768012437429E-02 
568	 0.043699082934919 
569	 4.50411455029576E-02 
570	 4.64988324061568E-02 
571	 4.80331636652609E-02 
572	 4.96161265402423E-02 
573	 0.051313208015737 
574	 5.32105400886611E-02 
575	 5.52641587362852E-02 
576	 5.73552841254466E-02 
577	 5.96124322525038E-02 
578	 6.20021686148726E-02 
579	 6.45089044994925E-02 
580	 6.71777562935214E-02 
581	 6.99819304536758E-02 
582	 7.29689287461894E-02 
583	 7.61823010518654E-02 
584	 7.95855900314063E-02 
585	 8.32597568846105E-02 
586	 8.71716078577402E-02 
587	 9.12323444746517E-02 
588	 9.55794955211353E-02 
589	 0.100262293984192 
590	 0.105030425470083 
591	 0.109739147859154 
592	 0.114591055854859 
593	 0.119740322248042 
594	 0.125111419139116 
595	 0.130703399125391 
596	 0.13647068050994 
597	 0.142430762647155 
598	 0.148644746455363 
599	 0.155068359567075 
600	 0.161676560231142 
601	 0.168486053127175 
602	 0.175485212686139 
603	 0.182493839393522 
604	 0.189465180571139 
605	 0.196509910951743 
606	 0.203588879057863 
607	 0.21071342910242 
608	 0.217919414647411 
609	 0.225061084962718 
610	 0.232211819962681 
611	 0.239335467309145 
612	 0.246366584340799 
613	 0.253473721043869 
614	 0.260573284953858 
615	 0.267610019021057 
616	 0.27475118642617 
617	 0.281891348705446 
618	 0.288834815443411 
619	 0.295622716047248 
620	 0.302306187178737 
621	 0.308927735605324 
622	 0.315526415641613 
623	 0.322060885979878 
624	 0.328543486949252 
625	 0.334958860686153 
626	 0.341235688558979 
627	 0.347325888704626 
628	 0.353335612974736 
629	 0.35923243557671 
630	 0.364923567463982 
631	 0.37048253223653 
632	 0.375825388173887 
633	 0.380913220888953 
634	 0.38599373162814 
635	 0.390903118105884 
636	 0.395618495710516 
637	 0.400192097696789 
638	 0.404406105047831 
639	 0.408463789119099 
640	 0.412512727733223 
641	 0.416456981911103 
642	 0.420234453305937 
643	 0.423782019187076 
644	 0.427102833505776 
645	 0.430311922918654 
646	 0.433461467493779 
647	 0.43653978966103 
648	 0.439513573877451 
649	 0.442517856230579 
650	 0.445371374966523 
651	 0.447946164800275 
652	 0.450471311975645 
653	 0.452782060466748 
654	 0.454768126034872 
655	 0.456522560718577 
656	 0.459372721885823 
657	 0.462030443240812 
658	 0.463682883758907 
659	 0.465145346549813 
660	 0.466752895244892 
661	 0.468336953849025 
662	 0.469650817186998 
663	 0.470960494708339 
664	 0.472258305192142 
665	 0.473496355267353 
666	 0.474620706775263 
667	 0.47582136861573 
668	 0.476945897176728 
669	 0.477901889610326 
670	 0.478931737404254 
671	 0.480072924605054 
672	 0.481218459663111 
673	 0.482209274192373 
674	 0.483209690286069 
675	 0.484167129173972 
676	 0.485076183452279 
677	 0.48606763078342 
678	 0.487068223173622 
679	 0.488066917599575 
680	 0.489091331607232 
681	 0.490222974146325 
682	 0.491322033304275 
683	 0.492482258186138 
684	 0.493912419427382 
685	 0.495067851997475 
686	 0.496921861678147 
687	 0.499985303312272 
688	 0.502570119306659 
689	 0.504283774973632 
690	 0.505640554791512 
691	 0.507246518681822 
692	 0.508904736969984 
693	 0.510867427748276 
694	 0.513199651745922 
695	 0.515689628868944 
696	 0.517946818130206 
697	 0.520075427370376 
698	 0.522328992807466 
699	 0.524830599887654 
700	 0.527336806656947 
701	 0.529853988574878 
702	 0.532456095099404 
703	 0.53482778223433 
704	 0.537061762933704 
705	 0.539307390323052 
706	 0.541667097136735 
707	 0.543993027339701 
708	 0.546263750105259 
709	 0.548505906942508 
710	 0.550710239466196 
711	 0.55291435821073 
712	 0.555136579479065 
713	 0.557371902196483 
714	 0.559516208449306 
715	 0.561325799805646 
716	 0.562964136929297 
717	 0.565078138214075 
718	 0.567880804521096 
719	 0.571157458975904 
720	 0.574196524252167 
721	 0.576035262902351 
722	 0.577213754884899 
723	 0.578617424393664 
724	 0.58099511480996 
725	 0.583379856874455 
726	 0.585447994405036 
727	 0.587259040791245 
728	 0.589106007798092 
729	 0.590870837735117 
730	 0.592676915452111 
731	 0.594553348743657 
732	 0.59617246532358 
733	 0.597454149029483 
734	 0.598586942178261 
735	 0.599853647382549 
736	 0.601194184802555 
737	 0.602470198599168 
738	 0.603636885996598 
739	 0.604772610622546 
740	 0.605853326928701 
741	 0.60693773531516 
742	 0.608034684684547 
743	 0.608961747993573 
744	 0.609857090790217 
745	 0.610688890079969 
746	 0.611351893039669 
747	 0.611991240751365 
748	 0.612592289546147 
749	 0.61318672638013 
750	 0.613892741914825 
751	 0.61451457641522 
752	 0.615081048899029 
753	 0.615642138086358 
754	 0.616154117201745 
755	 0.61671900063332 
756	 0.617253990013688 
757	 0.617568493340985 
758	 0.617127076062285 
759	 0.617520611655678 
760	 0.621321858706249 
761	 0.629132333015551 
762	 0.631115096884949 
763	 0.629732195474817 
764	 0.628475196995071 
765	 0.627094787783747 
766	 0.625538734515471 
767	 0.624083744437922 
768	 0.623023823579671 
769	 0.622478876623664 
770	 0.62227797014697 
771	 0.622314790482412 
772	 0.622525030850216 
773	 0.622695966987685 
774	 0.622868111921236 
775	 0.623091153253073 
776	 0.623351886995794 
777	 0.623607293438731 
778	 0.623845565244935 
779	 0.624073349367284 
780	 0.6243626399916 
781	 0.624592502209544 
782	 0.624770972401534 
783	 0.624985370925816 
784	 0.625243307623386 
785	 0.625524483039735 
786	 0.625771217582752 
787	 0.625901076233872 
788	 0.626152952878079 
789	 0.626448918737865 
790	 0.626696380601621 
791	 0.62698570304252 
792	 0.627222687541834 
793	 0.6274060480316 
794	 0.627582945613496 
795	 0.627797350740525 
796	 0.628011955125364 
797	 0.628219998904966 
798	 0.628439023977414 
799	 0.628487544634458 
800	 0.628638418784352 
801	 0.628998986747799 
802	 0.629294600840851 
803	 0.629476160712861 
804	 0.629628722102177 
805	 0.629834936391386 
806	 0.63002858860092 
807	 0.630030422666099 
808	 0.630012996214458 
809	 0.630240851913918 
810	 0.630363934923226 
811	 0.630417001342625 
812	 0.630431737461046 
813	 0.630437756927039 
814	 0.630653813342878 
815	 0.631013019695675 
816	 0.631452482007442 
817	 0.632071740464345 
818	 0.632496176520905 
819	 0.632684111129837 
820	 0.632687023876982 
821	 0.632416709608285 
822	 0.63213817053624 
823	 0.63232977341968 
824	 0.633251640307977 
825	 0.633454964484882 
826	 0.633043338244071 
827	 0.632493932161209 
828	 0.632476861771573 
829	 0.632638214809935 
830	 0.632784292495181 
831	 0.632818492675196 
832	 0.632770717576182 
833	 0.632898038720078 
834	 0.633104757015062 
835	 0.633241659968753 
836	 0.633225738740596 
837	 0.633241375093322 
838	 0.633242686696597 
839	 0.633154655912002 
840	 0.633340351947546 
841	 0.633467603064158 
842	 0.633468894461308 
843	 0.633506972058146 
844	 0.633645265040016 
845	 0.633833003414377 
846	 0.633972109280056 
847	 0.633949254381449 
848	 0.633754279432342 
849	 0.633696229800925 
850	 0.633933579138966 
851	 0.634108330063491 
852	 0.634168476819099 
853	 0.634139613763507 
854	 0.634180285625942 
855	 0.634712065870253 
856	 0.635333458187023 
857	 0.63561334791167 
858	 0.635309367084891 
859	 0.635155623562001 
860	 0.635239424566123 
861	 0.63543102172203 
862	 0.635465628851957 
863	 0.635379952275014 
864	 0.635198642525919 
865	 0.635068191354913 
866	 0.635329314662376 
867	 0.635671201982273 
868	 0.636089618110601 
869	 0.636491146040595 
870	 0.636419851392032 
871	 0.63625782271427 
872	 0.636187847332203 
873	 0.636277467095441 
874	 0.63631254613053 
875	 0.636373755137692 
876	 0.636498046091375 
877	 0.636655198189738 
878	 0.636730350509439 
879	 0.63676041587472 
880	 0.636804914311835 
881	 0.636955013359257 
882	 0.637043697608649 
883	 0.637058234137526 
884	 0.63702716886242 
885	 0.637005017902437 
886	 0.636906294093461 
887	 0.636871800716536 
888	 0.636975523291244 
889	 0.63704036794594 
890	 0.637061721218194 
891	 0.636894892176096 
892	 0.636512815423935 
893	 0.636373645505685 
894	 0.636038012152235 
895	 0.635647286385492 
896	 0.635538712407275 
897	 0.635776886174985 
898	 0.636195918033286 
899	 0.636617640742559 
900	 0.636929490225647 
901	 0.637379662503715 
902	 0.637763389019676 
903	 0.637954360822749 
904	 0.637887982624661 
905	 0.637672640380567 
906	 0.637208669761155 
907	 0.636608347263002 
908	 0.636202550703103 
909	 0.636335795356729 
910	 0.636734168420399 
911	 0.637056594303969 
912	 0.637062413576955 
913	 0.636515303856777 
914	 0.636198093137252 
915	 0.636505618725092 
916	 0.636737735975753 
917	 0.636989228371123 
918	 0.637257388853479 
919	 0.63740029937956 
920	 0.637015568902823 
921	 0.636472311979063 
922	 0.635889630094118 
923	 0.635308436038421 
924	 0.634769910358369 
925	 0.634479448849633 
926	 0.633780646594356 
927	 0.631950038338969 
928	 0.630121322942491 
929	 0.628598966560296 
930	 0.626950356899894 
931	 0.62451409858948 
932	 0.623405015315066 
933	 0.622905223508074 
934	 0.62280790825428 
935	 0.623512959064108 
936	 0.624849398513995 
937	 0.626307723899226 
938	 0.627009257335995 
939	 0.626228524795173 
940	 0.626065925874978 
941	 0.624704349607846 
942	 0.622102514928497 
943	 0.620226054334663 
944	 0.619271577925659 
945	 0.618467085123609 
946	 0.617436156122892 
947	 0.6165182639377 
948	 0.615446797393361 
949	 0.614559094689634 
950	 0.613895535692403 
951	 0.613041158557895 
952	 0.611829592882536 
953	 0.610471552897044 
954	 0.609234989783435 
955	 0.608242763090466 
956	 0.607137948476915 
957	 0.605931526020311 
958	 0.604949782582837 
959	 0.604837740778788 
960	 0.604204911086794 
961	 0.603425557868158 
962	 0.603196552250052 
963	 0.603935062325162 
964	 0.604356001579006 
965	 0.604135169237894 
966	 0.603462890347086 
967	 0.602950552208847 
968	 0.603103379126159 
969	 0.603432088556686 
970	 0.603369034872848 
971	 0.603056683451153 
972	 0.602406311506163 
973	 0.601702222168804 
974	 0.601204347929024 
975	 0.600769757435423 
976	 0.601123294666962 
977	 0.601792514202399 
978	 0.602192476409076 
979	 0.602931139442091 
980	 0.603288863141202 
981	 0.603176585319982 
982	 0.602991200465458 
983	 0.603870723937471 
984	 0.604245190800183 
985	 0.604117199391598 
986	 0.604095866645878 
987	 0.604528694888022 
988	 0.604776091644311 
989	 0.60490304821059 
990	 0.605271392577474 
991	 0.606281754547038 
992	 0.606413316273209 
993	 0.606256124914267 
994	 0.60682941438729 
995	 0.607021536968304 
996	 0.607552081623409 
997	 0.608147849970233 
998	 0.608270487272139 
999	 0.608009988810813 
1000	 0.608171866046649 
1001	 0.648048215019754 
1002	 0.648525222972114 
1003	 0.649077081803412 
1004	 0.64948922566981 
1005	 0.649680132122196 
1006	 0.650045894581484 
1007	 0.650399614484329 
1008	 0.650861464904201 
1009	 0.651415635348417 
1010	 0.652083620388154 
1011	 0.652637856814453 
1012	 0.653014215200296 
1013	 0.653391436393051 
1014	 0.653676003734626 
1015	 0.653999439914139 
1016	 0.65453780605903 
1017	 0.655059919346099 
1018	 0.655640251767786 
1019	 0.656200895783261 
1020	 0.656707817782649 
1021	 0.657089982139323 
1022	 0.657370134231155 
1023	 0.657698058843886 
1024	 0.658105601282821 
1025	 0.658594304966763 
1026	 0.659082656152514 
1027	 0.659464464648478 
1028	 0.659803624295302 
1029	 0.66024179475978 
1030	 0.660729394166452 
1031	 0.661070945923588 
1032	 0.661378246528189 
1033	 0.661765737888679 
1034	 0.662101532449677 
1035	 0.662316144192867 
1036	 0.662753015688104 
1037	 0.663193802147714 
1038	 0.663497167742457 
1039	 0.663840145614803 
1040	 0.664175123067435 
1041	 0.664623982203738 
1042	 0.664912373495831 
1043	 0.665198945884225 
1044	 0.665632002051582 
1045	 0.666224767951418 
1046	 0.666533141096676 
1047	 0.666849415392364 
1048	 0.667247011849368 
1049	 0.667587297833659 
1050	 0.66801757677659 
1051	 0.668373709764006 
1052	 0.668747586844243 
1053	 0.668772846865531 
1054	 0.668607186991177 
1055	 0.668843863710545 
1056	 0.668980428889152 
1057	 0.669150050452786 
1058	 0.669518466619485 
1059	 0.669685527157646 
1060	 0.669684754193177 
1061	 0.669806879814274 
1062	 0.66982062905568 
1063	 0.669939543896156 
1064	 0.670288656573096 
1065	 0.670444447661463 
1066	 0.670715112144906 
1067	 0.670886312028091 
1068	 0.670857383295013 
1069	 0.671091517497177 
1070	 0.671150330742762 
1071	 0.671193071679 
1072	 0.671130993925043 
1073	 0.670824168137472 
1074	 0.670666000200061 
1075	 0.670521808702772 
1076	 0.670484368330812 
1077	 0.670422563964776 
1078	 0.67056121403444 
1079	 0.670503151140709 
1080	 0.670256472272363 
1081	 0.670076885304934 
1082	 0.669867890772322 
1083	 0.669648638983934 
1084	 0.669413587241404 
1085	 0.669163248238895 
1086	 0.668829228039334 
1087	 0.668577739885401 
1088	 0.66830712243337 
1089	 0.668111601950827 
1090	 0.668000314277143 
1091	 0.667794944197815 
1092	 0.667616629455774 
1093	 0.667598966467555 
1094	 0.667395681249942 
1095	 0.667354756252285 
1096	 0.667125186045933 
1097	 0.666813476833558 
1098	 0.666385421269403 
1099	 0.665690333149226 
1100	 0.665322625357175 
1101	 0.66500273704837 
1102	 0.664773825172576 
1103	 0.664957179112557 
1104	 0.664816135949932 
1105	 0.664500205186 
1106	 0.664212687703465 
1107	 0.663889212179892 
1108	 0.66335522923256 
1109	 0.662887027063368 
1110	 0.662550703941166 
1111	 0.662291742184207 
1112	 0.662019438581176 
1113	 0.661942780625568 
1114	 0.662191611896718 
1115	 0.662245066942524 
1116	 0.66262512358693 
1117	 0.662475581108769 
1118	 0.661833443795932 
1119	 0.66128406813571 
1120	 0.660373628249462 
1121	 0.659390125437754 
1122	 0.658180747486866 
1123	 0.657188770255912 
1124	 0.656217134206787 
1125	 0.655260715837186 
1126	 0.654097699290108 
1127	 0.65349091299468 
1128	 0.651864211281224 
1129	 0.649661317198223 
1130	 0.647495794205055 
1131	 0.645072898658673 
1132	 0.642761313306184 
1133	 0.64033922995343 
1134	 0.638286753861453 
1135	 0.63670835491655 
1136	 0.634699735925661 
1137	 0.632714855815756 
1138	 0.630670994478573 
1139	 0.628393747234418 
1140	 0.62592409147927 
1141	 0.62365345242155 
1142	 0.621614162331014 
1143	 0.619225725296557 
1144	 0.616692540339843 
1145	 0.614191203643698 
1146	 0.611727853867478 
1147	 0.609035139934437 
1148	 0.605937041146223 
1149	 0.603519577895473 
1150	 0.601468625858972 
1151	 0.599165146838078 
1152	 0.597292858016283 
1153	 0.595266199928078 
1154	 0.592972712107508 
1155	 0.590655485581194 
1156	 0.589050064571083 
1157	 0.587430485800892 
1158	 0.586211131894003 
1159	 0.58533382969178 
1160	 0.584453850440216 
1161	 0.583727930367688 
1162	 0.583100733638971 
1163	 0.582600743341677 
1164	 0.58204796311366 
1165	 0.581433745280844 
1166	 0.580985748779017 
1167	 0.580494675204737 
1168	 0.58016606940443 
1169	 0.580217878818248 
1170	 0.57996109021369 
1171	 0.57955166651208 
1172	 0.579181109984824 
1173	 0.578766396883713 
1174	 0.57836205985244 
1175	 0.57819771287805 
1176	 0.578319459174584 
1177	 0.578194472097996 
1178	 0.578075036190799 
1179	 0.577970428136957 
1180	 0.57780294873925 
1181	 0.577603121033559 
1182	 0.577415221403315 
1183	 0.577202734151061 
1184	 0.576845007806139 
1185	 0.576651153246104 
1186	 0.576620340523918 
1187	 0.576491310200268 
1188	 0.576485238515741 
1189	 0.576229047598061 
1190	 0.576030813913384 
1191	 0.575895302570958 
1192	 0.575830877997525 
1193	 0.575984988240926 
1194	 0.575959070647881 
1195	 0.575826138721382 
1196	 0.575865749422969 
1197	 0.575957964617188 
1198	 0.576009165706155 
1199	 0.576226682880411 
1200	 0.576329905868031 
1201	 0.576237653654519 
1202	 0.576251761764383 
1203	 0.576375333909388 
1204	 0.576445238581051 
1205	 0.57646092921595 
1206	 0.576534349161526 
1207	 0.576747524766182 
1208	 0.576920810198383 
1209	 0.577130483942051 
1210	 0.577495196105681 
1211	 0.577841054599455 
1212	 0.577986557130911 
1213	 0.578260988601125 
1214	 0.578567551823963 
1215	 0.578788639599037 
1216	 0.578919337733465 
1217	 0.57921686734347 
1218	 0.579543784229161 
1219	 0.579857048291778 
1220	 0.580302417090755 
1221	 0.580636577030975 
1222	 0.580851124480693 
1223	 0.58116619720331 
1224	 0.581488844075023 
1225	 0.581821772281386 
1226	 0.582289650833159 
1227	 0.582695202372593 
1228	 0.582972648835309 
1229	 0.583284955985439 
1230	 0.583547725278103 
1231	 0.583766696557009 
1232	 0.584149162957574 
1233	 0.584559120387036 
1234	 0.584871116133782 
1235	 0.585229486412894 
1236	 0.585603203585216 
1237	 0.585950078177223 
1238	 0.586310008312685 
1239	 0.586745578159124 
1240	 0.587109608827562 
1241	 0.587465672965554 
1242	 0.587778772947796 
1243	 0.588042846305395 
1244	 0.588285534055991 
1245	 0.588531778346781 
1246	 0.588857496261683 
1247	 0.589340899580127 
1248	 0.589778117669458 
1249	 0.59017435711281 
1250	 0.590598211231639 
1251	 0.590928147313145 
1252	 0.591305518857388 
1253	 0.591775322961677 
1254	 0.592054697473025 
1255	 0.59232763390294 
1256	 0.592706356481644 
1257	 0.593072443565986 
1258	 0.593518797919754 
1259	 0.593923419838309 
1260	 0.594305753465523 
1261	 0.594657595266765 
1262	 0.595016841630188 
1263	 0.595334410063687 
1264	 0.595473333407505 
1265	 0.595730584967362 
1266	 0.595862009637783 
1267	 0.595793390520483 
1268	 0.59598621305361 
1269	 0.596121560778669 
1270	 0.595968618728264 
1271	 0.595873954130473 
1272	 0.595833868464291 
1273	 0.595536240617479 
1274	 0.595275931723965 
1275	 0.595227706009966 
1276	 0.595004245460197 
1277	 0.594736089616637 
1278	 0.594537029033141 
1279	 0.594110846641522 
1280	 0.593625166528703 
1281	 0.592959364844248 
1282	 0.592464054171905 
1283	 0.591933711169905 
1284	 0.591433882674952 
1285	 0.591153564184776 
1286	 0.590544042653745 
1287	 0.58992081745315 
1288	 0.589584696883568 
1289	 0.588878692431774 
1290	 0.588142781988603 
1291	 0.587566338260644 
1292	 0.586724405696083 
1293	 0.586166115847593 
1294	 0.585928376128703 
1295	 0.585392508761337 
1296	 0.58476355911435 
1297	 0.584153301495835 
1298	 0.583198456761501 
1299	 0.582361325223682 
1300	 0.581765793095426 
1301	 0.580885399803654 
1302	 0.579946782548976 
1303	 0.578912269636915 
1304	 0.577464447559943 
1305	 0.576383410769662 
1306	 0.575451157742046 
1307	 0.574668407934614 
1308	 0.573519057460783 
1309	 0.572231491299819 
1310	 0.570828133900996 
1311	 0.569110151469218 
1312	 0.567728162582602 
1313	 0.566717213341125 
1314	 0.565296041861446 
1315	 0.563623968288315 
1316	 0.562037044338138 
1317	 0.560517117993241 
1318	 0.559142844016619 
1319	 0.557588017073038 
1320	 0.555952685456299 
1321	 0.554516533923972 
1322	 0.55267438780459 
1323	 0.551003641581728 
1324	 0.549465883653391 
1325	 0.547362382999173 
1326	 0.545623462464227 
1327	 0.543957654527652 
1328	 0.542109776113291 
1329	 0.540510028711535 
1330	 0.538671821353614 
1331	 0.536648762122902 
1332	 0.5345832951534 
1333	 0.532664784881246 
1334	 0.530671631271501 
1335	 0.528810089335309 
1336	 0.526956401967236 
1337	 0.524980423111236 
1338	 0.52333635995197 
1339	 0.521882914943995 
1340	 0.520704395622043 
1341	 0.519578639432767 
1342	 0.518042745650369 
1343	 0.516712135319627 
1344	 0.51554851015465 
1345	 0.514577553211576 
1346	 0.51390014302889 
1347	 0.51281285269573 
1348	 0.511331638386731 
1349	 0.510338798685086 
1350	 0.509464845086767 
1351	 0.508974400138683 
1352	 0.508093317155765 
1353	 0.506445275221928 
1354	 0.504770431228893 
1355	 0.503688959280139 
1356	 0.501578355885462 
1357	 0.502452442974329 
1358	 0.506563599781091 
1359	 0.507590804793185 
1360	 0.504268382617775 
1361	 0.506477795435348 
1362	 0.506025252906862 
1363	 0.48515914033438 
1364	 0.483455378059718 
1365	 0.520270946215634 
1366	 0.514361242756158 
1367	 0.486189204521196 
1368	 0.514822880490011 
1369	 0.500817468646178 
1370	 0.415705567588219 
1371	 0.425208763658794 
1372	 0.40257069831251 
1373	 0.327381636540293 
1374	 0.352389199655753 
1375	 0.430268230810797 
1376	 0.48963248948569 
1377	 0.516680416259658 
1378	 0.487059047413555 
1379	 0.386124512309404 
1380	 0.325640055875048 
1381	 0.28719225535903 
1382	 0.294582763306833 
1383	 0.373358498250169 
1384	 0.391346734443858 
1385	 0.374033700423302 
1386	 0.363320915866182 
1387	 0.316080976580152 
1388	 0.324187214637848 
1389	 0.327460645049222 
1390	 0.34642385215045 
1391	 0.317689645605204 
1392	 0.313470619322069 
1393	 0.293693804436592 
1394	 0.267530308668664 
1395	 0.285689491481294 
1396	 0.288651135127395 
1397	 0.280372974270472 
1398	 0.286565478544195 
1399	 0.282231992548284 
1400	 0.266012687582486 
1401	 0.253824336283537 
1402	 0.254212322122842 
1403	 0.245790882138521 
1404	 0.249165944745005 
1405	 0.260409655239726 
1406	 0.243465529065516 
1407	 0.229465841229089 
1408	 0.227569787770464 
1409	 0.219240334853314 
1410	 0.21197517230226 
1411	 0.21340494059248 
1412	 0.212904330156526 
1413	 0.208197794862496 
1414	 0.208478492084049 
1415	 0.207680929353333 
1416	 0.202068256941759 
1417	 0.20084456184203 
1418	 0.202319431565534 
1419	 0.199328097450984 
1420	 0.196373801598969 
1421	 0.195790584075921 
1422	 0.194289356926259 
1423	 0.193163398865366 
1424	 0.193293469973553 
1425	 0.192099325977154 
1426	 0.190844885986861 
1427	 0.188798832060382 
1428	 0.188023566271699 
1429	 0.187990070841815 
1430	 0.187676292622072 
1431	 0.187270494837341 
1432	 0.186537244398894 
1433	 0.184748981139195 
1434	 0.18416938049043 
1435	 0.184031636973482 
1436	 0.183050018765008 
1437	 0.183323744012146 
1438	 0.183539456183059 
1439	 0.182730214169513 
1440	 0.182439819457215 
1441	 0.181955452464228 
1442	 0.180629033649517 
1443	 0.180143967240152 
1444	 0.180945738170407 
1445	 0.181014317500045 
1446	 0.18060974375893 
1447	 0.17991158188794 
1448	 0.178762393271855 
1449	 0.178465931280253 
1450	 0.178808109475666 
1451	 0.179050943220587 
1452	 0.179265571695424 
1453	 0.179446662018373 
1454	 0.179287188585353 
1455	 0.179377206375621 
1456	 0.17969350836845 
1457	 0.179641332706231 
1458	 0.179676152589009 
1459	 0.180305663540453 
1460	 0.180807211565158 
1461	 0.181093029563934 
1462	 0.18155288534999 
1463	 0.182061284834764 
1464	 0.182657258272355 
1465	 0.183339659248263 
1466	 0.184260349230287 
1467	 0.185311703250758 
1468	 0.18622592702141 
1469	 0.187160772321299 
1470	 0.188380224622069 
1471	 0.189910720711364 
1472	 0.191028429967412 
1473	 0.192276639298767 
1474	 0.194267491337283 
1475	 0.195891939838156 
1476	 0.196945589229048 
1477	 0.198562104620664 
1478	 0.200420630879334 
1479	 0.202006940985035 
1480	 0.203812389948033 
1481	 0.205611354384323 
1482	 0.20696763253962 
1483	 0.208306878144821 
1484	 0.210005756017585 
1485	 0.211609119336518 
1486	 0.213220495404174 
1487	 0.21506564505737 
1488	 0.216713476693803 
1489	 0.218475167942153 
1490	 0.220171643119603 
1491	 0.221462706982833 
1492	 0.223236847303752 
1493	 0.225174519214169 
1494	 0.22679090896033 
1495	 0.228334479103827 
1496	 0.22958268432403 
1497	 0.230862445196139 
1498	 0.232626875464926 
1499	 0.234277962512657 
1500	 0.235875721566387 
1501	 0.237664104482553 
1502	 0.239328003682962 
1503	 0.241117865528935 
1504	 0.243089356938377 
1505	 0.244907564696157 
1506	 0.246543260848999 
1507	 0.248299930457825 
1508	 0.250351021752764 
1509	 0.252317700948214 
1510	 0.254149825964154 
1511	 0.25602260376028 
1512	 0.257695898204659 
1513	 0.259383044802681 
1514	 0.261299340075075 
1515	 0.263084541869623 
1516	 0.264859313075276 
1517	 0.266699348325216 
1518	 0.268516381921899 
1519	 0.270397445210146 
1520	 0.272025660958874 
1521	 0.27363796044229 
1522	 0.275474654183157 
1523	 0.277253535607584 
1524	 0.279205272684508 
1525	 0.281177164584276 
1526	 0.282888156829304 
1527	 0.284590318348799 
1528	 0.286328496193217 
1529	 0.288024904671363 
1530	 0.289817259617357 
1531	 0.291615854196221 
1532	 0.293462500039967 
1533	 0.295192581455789 
1534	 0.29690065109116 
1535	 0.298565009244292 
1536	 0.299986591804203 
1537	 0.301659955352206 
1538	 0.303450822929652 
1539	 0.305450521528766 
1540	 0.307082104229547 
1541	 0.308794095369281 
1542	 0.310462873851095 
1543	 0.311790542643562 
1544	 0.31352997317415 
1545	 0.315418999489028 
1546	 0.316914394051472 
1547	 0.318453308888714 
1548	 0.319993613083933 
1549	 0.32153894960625 
1550	 0.323127820648336 
1551	 0.324632547529164 
1552	 0.326141396886758 
1553	 0.327473001000528 
1554	 0.328938626415985 
1555	 0.330563671892545 
1556	 0.331925904197255 
1557	 0.333410953595399 
1558	 0.334971115149429 
1559	 0.336336993168464 
1560	 0.33780878066808 
1561	 0.339250177899733 
1562	 0.340498979381567 
1563	 0.341848072768593 
1564	 0.343280678457837 
1565	 0.344662556504482 
1566	 0.345924095305671 
1567	 0.347220732560801 
1568	 0.348628283803242 
1569	 0.349859100856262 
1570	 0.351327299332991 
1571	 0.352885766242121 
1572	 0.354030208251333 
1573	 0.355303554793242 
1574	 0.356685417357452 
1575	 0.357758085273251 
1576	 0.3590009569572 
1577	 0.360331664682899 
1578	 0.361266739139472 
1579	 0.362341625253243 
1580	 0.363678900237714 
1581	 0.364775205438878 
1582	 0.36574408960683 
1583	 0.366734839475473 
1584	 0.367663426791986 
1585	 0.368575383320003 
1586	 0.36970597987414 
1587	 0.370916731041202 
1588	 0.371917309825003 
1589	 0.372926080068734 
1590	 0.373887692521821 
1591	 0.374766434744992 
1592	 0.375688677538911 
1593	 0.376660567745398 
1594	 0.377761505456893 
1595	 0.378812757973117 
1596	 0.379540819893532 
1597	 0.38043931993488 
1598	 0.381504194463171 
1599	 0.382361847292795 
1600	 0.383482174027926 
1601	 0.384470508089461 
1602	 0.385096750433088 
1603	 0.38596908352475 
1604	 0.386975103277432 
1605	 0.387879072401467 
1606	 0.38877976906105 
1607	 0.389556770554332 
1608	 0.390228330488967 
1609	 0.391010476942919 
1610	 0.391793208240804 
1611	 0.392531579202299 
1612	 0.39326024056282 
1613	 0.393787556753526 
1614	 0.394576891475635 
1615	 0.395414450237254 
1616	 0.395936549585604 
1617	 0.396804026330897 
1618	 0.397454921913917 
1619	 0.397806159285413 
1620	 0.39849503892588 
1621	 0.399222264540871 
1622	 0.399843988442928 
1623	 0.400374712194537 
1624	 0.40087660643052 
1625	 0.401292268393071 
1626	 0.401716394269948 
1627	 0.402480816405126 
1628	 0.403100142607596 
1629	 0.403541033237787 
1630	 0.404026252198741 
1631	 0.404383082367461 
1632	 0.404869740083705 
1633	 0.405529587687741 
1634	 0.406278100702094 
1635	 0.406864216777292 
1636	 0.407198360101266 
1637	 0.407540060739529 
1638	 0.407869191264881 
1639	 0.408341192824919 
1640	 0.409014379576807 
1641	 0.409530466861926 
1642	 0.409788207438071 
1643	 0.409989622768324 
1644	 0.410520828651327 
1645	 0.411010386768412 
1646	 0.411323792389728 
1647	 0.411790787570618 
1648	 0.41205766918404 
1649	 0.412289663584384 
1650	 0.412856542501719 
1651	 0.413230040325753 
1652	 0.413242775477518 
1653	 0.413359934314288 
1654	 0.413531920430788 
1655	 0.413813210690464 
1656	 0.414219581269474 
1657	 0.414528500810763 
1658	 0.414481318346132 
1659	 0.414383358984112 
1660	 0.414676888879587 
1661	 0.414865336659365 
1662	 0.415027267864601 
1663	 0.415417575316434 
1664	 0.415465056741046 
1665	 0.415397111197405 
1666	 0.415661354470119 
1667	 0.415866641357045 
1668	 0.416009698637121 
1669	 0.41626512454388 
1670	 0.416356287327808 
1671	 0.416222107798921 
1672	 0.416214192089313 
1673	 0.416239785432796 
1674	 0.416195170741506 
1675	 0.416425077396798 
1676	 0.416521997930107 
1677	 0.416411557553775 
1678	 0.416473498927891 
1679	 0.416311856000505 
1680	 0.415983036089796 
1681	 0.416029075320163 
1682	 0.416161732970381 
1683	 0.416233570886829 
1684	 0.416429021352932 
1685	 0.416280555640714 
1686	 0.415688707430805 
1687	 0.415271722227881 
1688	 0.41501010302466 
1689	 0.414828500324797 
1690	 0.41487627569907 
1691	 0.415044466216006 
1692	 0.415050363846705 
1693	 0.414742560428957 
1694	 0.414424359099026 
1695	 0.41402059748611 
1696	 0.413681480263422 
1697	 0.413573370204951 
1698	 0.413382863791046 
1699	 0.413555748738312 
1700	 0.413764863211191 
1701	 0.413454693894865 
1702	 0.412955108581698 
1703	 0.412531510445257 
1704	 0.411791478761393 
1705	 0.41143739823941 
1706	 0.411698543164794 
1707	 0.411354771428034 
1708	 0.410537077457516 
1709	 0.409989146912444 
1710	 0.409254657960227 
1711	 0.408705400762613 
1712	 0.408575479893102 
1713	 0.4082918588829 
1714	 0.407977537956271 
1715	 0.407511992136942 
1716	 0.407010372600535 
1717	 0.406342581100546 
1718	 0.405269914759849 
1719	 0.404607438610522 
1720	 0.40418404702724 
1721	 0.403617333850217 
1722	 0.403285162874613 
1723	 0.402684788342776 
1724	 0.401717972635549 
1725	 0.401018003835464 
1726	 0.400406754352697 
1727	 0.399670942874101 
1728	 0.398875883744167 
1729	 0.398319645914969 
1730	 0.397951364438385 
1731	 0.397324097310246 
1732	 0.396741467000375 
1733	 0.396031887453193 
1734	 0.394982093175695 
1735	 0.394134191830809 
1736	 0.393481846562871 
1737	 0.392735355223261 
1738	 0.391866810739635 
1739	 0.391095412357325 
1740	 0.390450496441415 
1741	 0.389621864322855 
1742	 0.388725004918712 
1743	 0.387825506458369 
1744	 0.386806009575443 
1745	 0.385974259871456 
1746	 0.385281999577365 
1747	 0.384432174694138 
1748	 0.383646802052827 
1749	 0.382673134206536 
1750	 0.381439707697695 
1751	 0.380457283043184 
1752	 0.379441514814119 
1753	 0.378166136582099 
1754	 0.377168723750927 
1755	 0.376163960750633 
1756	 0.374872980126258 
1757	 0.373910163114724 
1758	 0.373236622182553 
1759	 0.372245280775542 
1760	 0.371381195617424 
1761	 0.370690251878404 
1762	 0.369516178678544 
1763	 0.368470758718986 
1764	 0.367507584445211 
1765	 0.366008905577033 
1766	 0.364828448604435 
1767	 0.363941518472255 
1768	 0.363247280030667 
1769	 0.363011435728028 
1770	 0.362554745148268 
1771	 0.361902413507127 
1772	 0.36123245137486 
1773	 0.360388624333805 
1774	 0.359717244877632 
1775	 0.359225296263671 
1776	 0.358593920241954 
1777	 0.357828897499919 
1778	 0.357175512436843 
1779	 0.356368041153215 
1780	 0.355789872357148 
1781	 0.355853967878694 
1782	 0.355380058846381 
1783	 0.354333024734176 
1784	 0.353880890583619 
1785	 0.353491677184116 
1786	 0.352986293548074 
1787	 0.352905909611461 
1788	 0.35290247335629 
1789	 0.352771563342448 
1790	 0.352526541748814 
1791	 0.352621323667241 
1792	 0.352543481069265 
1793	 0.351783685571688 
1794	 0.351620609630298 
1795	 0.352056447318979 
1796	 0.352376124372636 
1797	 0.352917347982817 
1798	 0.353110377111126 
1799	 0.35328417327619 
1800	 0.353177369539857 
1801	 0.352449079769697 
1802	 0.352467119367583 
1803	 0.352699992916167 
1804	 0.353170661585421 
1805	 0.354268187165635 
1806	 0.355346532967961 
1807	 0.356921942963915 
1808	 0.358385566130742 
1809	 0.360235233243154 
1810	 0.360013185390769 
1811	 0.360221166704474 
1812	 0.357222564976371 
1813	 0.356491129559412 
1814	 0.35323984818755 
1815	 0.348794659069994 
1816	 0.353926623635737 
1817	 0.353722981363027 
1818	 0.35993184633062 
1819	 0.366798694220732 
1820	 0.369495197456346 
1821	 0.377627385551144 
1822	 0.400288489267848 
1823	 0.412968965994042 
1824	 0.42042868188009 
1825	 0.422287147822779 
1826	 0.399967525354703 
1827	 0.384382741873559 
1828	 0.352634585386805 
1829	 0.339975507028881 
1830	 0.357282462645854 
1831	 0.299258242172295 
1832	 0.301255074057157 
1833	 0.343524859671739 
1834	 0.943449280875223 
1835	 1.48494456889962 
1836	 0.796506735470826 
1837	 0.593352228209316 
1838	-3.08231971981774E-02 
1839	-0.775977849215636 
1840	-1.07787372775047 
1841	-0.747684155748571 
1842	-0.563328181732621 
1843	 0.840088116784685 
1844	 1.22098193314702 
1845	 4.85414148114874 
1846	-10.0502324225697 
1847	-2.24502514155576 
1848	-4.77111753050816 
1849	-0.306186174757535 
1850	-0.08337829999278 
1851	-0.20829722660735 
1852	-1.29143489199057 
1853	-1.22577989716197 
1854	-4.97981924141982 
1855	-3.69661729896071 
1856	-0.113318073692131 
1857	 0.228260942556225 
1858	 1.09456860597072 
1859	 4.11507269472529 
1860	 2.88945118314063 
1861	 8.02164126911379 
1862	 3.7600019043329 
1863	 0.579516411510556 
1864	 0.306686306583976 
1865	-0.125611767875228 
1866	-0.296566539252572 
1867	-0.449769692436479 
1868	-1.21734520453614 
1869	-1.14363762905808 
1870	-0.753913127836446 
1871	-0.607720584051907 
1872	-1.20850046140196 
1873	-0.695791246400543 
1874	 1.33969745073922E-02 
1875	 8.70162496195994E-02 
1876	-0.241778161831074 
1877	-4.89113951587746E-04 
1878	 4.62547610660776E-02 
1879	-7.83764495577748E-02 
1880	 5.05137895031197E-02 
1881	 0.217647188823385 
1882	 0.182219190334097 
1883	 0.231748884633835 
1884	 0.262364356281229 
1885	 0.206047542300796 
1886	 2.40289203449205E-02 
1887	 0.204672970228609 
1888	 0.145813373404537 
1889	 6.55915071296061E-02 
1890	 0.206480606950666 
1891	 0.210058441474516 
1892	 0.165658659515932 
1893	 0.127795628271231 
1894	-7.45128554050975E-02 
1895	-9.29747588115739E-02 
1896	-1.88618265905738E-02 
1897	 0.239593447222141 
1898	 0.355116582185932 
1899	 0.495083989848143 
1900	 0.900853979882421 
1901	 0.740425763919981 
1902	 0.623455977148164 
1903	 0.809875695358465 
1904	 0.688926804994871 
1905	 0.178052528258467 
1906	-0.191708555464428 
1907	-3.51974332160287E-02 
1908	-3.54224472865537E-02 
1909	-0.195000994639653 
1910	-0.134279336807558 
1911	-3.74827498729586E-02 
1912	-9.12546750323851E-02 
1913	-7.52536324750665E-02 
1914	 8.91140809070678E-02 
1915	 8.72428057198393E-02 
1916	-1.56827657480518E-02 
1917	-0.027718477595642 
1918	-1.25800735207733E-02 
1919	-1.50005365979208E-02 
1920	 0.033820714932328 
1921	 6.44988909020327E-02 
1922	 5.78321976753321E-02 
1923	 0.049894327490308 
1924	 4.90827259024744E-02 
1925	 4.68000030627443E-02 
1926	 4.35435150330268E-02 
1927	 2.38687970177783E-02 
1928	 1.54366053089486E-02 
1929	 1.85449206848061E-02 
1930	 1.10240060877898E-02 
1931	 2.73312679334828E-02 
1932	 5.34803732111253E-02 
1933	 5.28710297761737E-02 
1934	 0.043409468253305 
1935	 4.31156838652572E-02 
1936	 4.12406017187563E-02 
1937	 4.34462070413415E-02 
1938	 0.043972702583912 
1939	 4.08440393051764E-02 
1940	 4.13088215024567E-02 
1941	 3.83910694325413E-02 
1942	 3.96852143649788E-02 
1943	 5.19780776923444E-02 
1944	 5.63255099733001E-02 
1945	 4.80254864070556E-02 
1946	 4.80052416644564E-02 
1947	 4.83972641834848E-02 
1948	 5.10037046026673E-02 
1949	 4.58614494198487E-02 
1950	 4.67914270440667E-02 
1951	 5.25237963670279E-02 
1952	 0.046101276079608 
1953	 4.12152088165021E-02 
1954	 4.63697834915644E-02 
1955	 4.61764188083154E-02 
1956	 4.39599788820039E-02 
1957	 4.77772265676367E-02 
1958	 5.01055123465632E-02 
1959	 5.18625413253491E-02 
1960	 5.07576667507777E-02 
1961	 5.23169181595927E-02 
1962	 5.40797572721159E-02 
1963	 0.05408665045351 
1964	 5.40767202319389E-02 
1965	 5.46600201304754E-02 
1966	 5.49155212379821E-02 
1967	 5.51992235318133E-02 
1968	 5.54532696602525E-02 
1969	 5.57943203849687E-02 
1970	 5.55750184448429E-02 
1971	 5.66167927900926E-02 
1972	 5.86421590328253E-02 
1973	 5.97225196511281E-02 
1974	 5.99388587210289E-02 
1975	 6.04031759499914E-02 
1976	 6.06675934253333E-02 
1977	 6.11583877544878E-02 
1978	 6.28736097384765E-02 
1979	 6.44277895918689E-02 
1980	 6.52193806903522E-02 
1981	 6.54436202980754E-02 
1982	 6.57522752962747E-02 
1983	 6.57710870699466E-02 
1984	 6.61790223399127E-02 
1985	 6.73790702197518E-02 
1986	 6.83151167392159E-02 
1987	 6.83135858374469E-02 
1988	 6.81604296052275E-02 
1989	 0.068289086566901 
1990	 0.068983390764577 
1991	 7.00625500846503E-02 
1992	 7.15216051612682E-02 
1993	 7.26594843628418E-02 
1994	 7.24617172793889E-02 
1995	 7.29143370740363E-02 
1996	 7.40059308368494E-02 
1997	 7.56018965013995E-02 
1998	 0.07596377931086 
1999	 7.60484821419024E-02 
2000	 7.71523391588638E-02 
2001	 7.81180474513171E-02 
2002	 7.82843069736843E-02 
2003	 7.99624224054219E-02 
2004	 8.31293381683728E-02 
2005	 8.53366809220505E-02 
2006	 8.67972757254532E-02 
2007	 8.80833407144605E-02 
2008	 8.96157067604674E-02 
2009	 8.93066219643255E-02 
2010	 8.99721712789794E-02 
2011	 9.27638120365311E-02 
2012	 9.56387962937104E-02 
2013	 9.67627655095326E-02 
2014	 0.096600004032342 
2015	 9.71484001995663E-02 
2016	 9.75519851613876E-02 
2017	 9.86233625081305E-02 
2018	 0.100894371875753 
2019	 0.102209315859683 
2020	 0.102630950695054 
2021	 0.103709120129171 
2022	 0.105042318893202 
2023	 0.106119871399851 
2024	 0.106884462566367 
2025	 0.108317866031905 
2026	 0.108772643947223 
2027	 0.109038764507468 
2028	 0.110359377201206 
2029	 0.11109282642913 
2030	 0.11135471329657 
2031	 0.111803339284967 
2032	 0.112556251516178 
2033	 0.113326653261111 
2034	 0.113849361128464 
2035	 0.114689007206724 
2036	 0.115453782075518 
2037	 0.115577543662134 
2038	 0.115700783654554 
2039	 0.116502279842822 
2040	 0.117013675542024 
2041	 0.11790848607852 
2042	 0.11897343330899 
2043	 0.119503664806068 
2044	 0.120860687093472 
2045	 0.122016076224491 
2046	 0.122847752023267 
2047	 0.123768622074452 
2048	 0.125250054342314 
2049	 0.126206752998144 
2050	 0.126536657142206 
2051	 0.127464964896468 
2052	 0.129071798069318 
2053	 0.13006582086592 
2054	 0.131428094415892 
2055	 0.133197428852188 
2056	 0.13371778599413 
2057	 0.134111770913919 
2058	 0.135044547712263 
2059	 0.136302664479468 
2060	 0.137566513196584 
2061	 0.139545797709241 
2062	 0.140574887361478 
2063	 0.140570673335413 
2064	 0.141725967565781 
2065	 0.143503873949103 
2066	 0.144276854423555 
2067	 0.144458832965278 
2068	 0.145734440764648 
2069	 0.146267903036955 
2070	 0.146675339262989 
2071	 0.148534717819526 
2072	 0.149738060249553 
2073	 0.150112186076009 
2074	 0.151160565710371 
2075	 0.151947771497773 
2076	 0.152521998018247 
2077	 0.153712400485474 
2078	 0.155611181354287 
2079	 0.156496980798564 
2080	 0.157459940943026 
2081	 0.157979007781419 
2082	 0.158159928374722 
2083	 0.158765052729282 
2084	 0.15993265506387 
2085	 0.160933550700968 
2086	 0.161772557166862 
2087	 0.162302448555573 
2088	 0.162380090443862 
2089	 0.163236841062341 
2090	 0.164240715544413 
2091	 0.165366683447659 
2092	 0.166246843447666 
2093	 0.167511463343375 
2094	 0.168629822742179 
2095	 0.169432420841841 
2096	 0.17033434846707 
2097	 0.171540742269682 
2098	 0.172198167898802 
2099	 0.172889499779622 
2100	 0.173974540996103 
2101	 0.174652613150811 
2102	 0.175308206363694 
2103	 0.176201249521274 
2104	 0.177053610292354 
2105	 0.178260773430739 
2106	 0.179590395432805 
2107	 0.180580679228851 
2108	 0.181300801589906 
2109	 0.182168320826216 
2110	 0.183259354248814 
2111	 0.183999045998105 
2112	 0.184281585790565 
2113	 0.184936395889966 
2114	 0.185673762901938 
2115	 0.185718116889537 
2116	 0.186584558687631 
2117	 0.188605352097818 
2118	 0.189940712381954 
2119	 0.190939641324649 
2120	 0.192036230789307 
2121	 0.192860262853186 
2122	 0.193307876745004 
2123	 0.193866005548148 
2124	 0.194693519070668 
2125	 0.195768528846488 
2126	 0.196341964465515 
2127	 0.196759278256241 
2128	 0.197477751702692 
2129	 0.197832684480548 
2130	 0.198513519865414 
2131	 0.200093823671008 
2132	 0.20102916973865 
2133	 0.201703720100382 
2134	 0.201987197203684 
2135	 0.202464413898277 
2136	 0.203230905958327 
2137	 0.204054534416223 
2138	 0.204571182429472 
2139	 0.20521106850906 
2140	 0.205752879542901 
2141	 0.206176706415951 
2142	 0.207480354594118 
2143	 0.208167545083905 
2144	 0.20845281819328 
2145	 0.208766957983998 
2146	 0.208941980833604 
2147	 0.209216037523554 
2148	 0.209496952527723 
2149	 0.210116835144689 
2150	 0.210765667126539 
2151	 0.211446078454492 
2152	 0.21259708495223 
2153	 0.213234877100052 
2154	 0.213266301282076 
2155	 0.214095620807534 
2156	 0.214738372559987 
2157	 0.21542197146072 
2158	 0.216248415007433 
2159	 0.216290072887373 
2160	 0.216569673527655 
2161	 0.216625635257712 
2162	 0.216492124790036 
2163	 0.21730557643985 
2164	 0.217730634265801 
2165	 0.2174374144865 
2166	 0.218096829138211 
2167	 0.219775060522594 
2168	 0.220413786083806 
2169	 0.220935316823041 
2170	 0.221452071233826 
2171	 0.221494050927133 
2172	 0.221472976847816 
2173	 0.221338753379628 
2174	 0.221469550217996 
2175	 0.221600882376521 
2176	 0.221505393458463 
2177	 0.222569497321554 
2178	 0.223787537710453 
2179	 0.223538830186187 
2180	 0.222855611246112 
2181	 0.22218284123738 
2182	 0.222234347580039 
2183	 0.223502254398296 
2184	 0.224716901367908 
2185	 0.22532632581676 
2186	 0.225814133715126 
2187	 0.225883835402639 
2188	 0.224547029870837 
2189	 0.224893720409007 
2190	 0.226424665340016 
2191	 0.226731179579719 
2192	 0.227303486273237 
2193	 0.227828499927796 
2194	 0.227269347812632 
2195	 0.227311773303231 
2196	 0.228099689797388 
2197	 0.228609409252882 
2198	 0.22767960522966 
2199	 0.226902238605026 
2200	 0.227226850696063 
2201	 0.227198375248509 
2202	 0.227969738284334 
2203	 0.229301433410601 
2204	 0.228953751733588 
2205	 0.22816259174742 
2206	 0.22822854966021 
2207	 0.228350115580162 
2208	 0.227713097367137 
2209	 0.227315954163454 
2210	 0.227426865021938 
2211	 0.228062960250595 
2212	 0.227970467956928 
2213	 0.227410215216761 
2214	 0.228073574883972 
2215	 0.229726233136832 
2216	 0.2295666981731 
2217	 0.228951470931843 
2218	 0.229210525631041 
2219	 0.228528246849303 
2220	 0.227863787058542 
2221	 0.227675859811299 
2222	 0.229076576008092 
2223	 0.228489451925178 
2224	 0.227222586582609 
2225	 0.227600734234092 
2226	 0.227491526751071 
2227	 0.226771442731996 
2228	 0.226198517283995 
2229	 0.22565311352337 
2230	 0.225495869335951 
2231	 0.224370076834663 
2232	 0.222555600288803 
2233	 0.222246693787949 
2234	 0.222584101326736 
2235	 0.22251973173191 
2236	 0.222997822818205 
2237	 0.223388841723431 
2238	 0.223211316299584 
2239	 0.222392816405424 
2240	 0.221266672433606 
2241	 0.221974440958545 
2242	 0.22344241104734 
2243	 0.222835390609893 
2244	 0.222360220584371 
2245	 0.222190553501553 
2246	 0.22002648078281 
2247	 0.218888431622057 
2248	 0.219784481725294 
2249	 0.21998261051223 
2250	 0.219509536607538 
2251	 0.218666953438507 
2252	 0.21784153356837 
2253	 0.217083979829066 
2254	 0.216561292310166 
2255	 0.216295740745064 
2256	 0.216887016014603 
2257	 0.216319625052753 
2258	 0.212938265432807 
2259	 0.210500576625731 
2260	 0.210889891654446 
2261	 0.211743612979274 
2262	 0.212660161770929 
2263	 0.212489909794579 
2264	 0.210166232838967 
2265	 0.207763244933728 
2266	 0.206857082349832 
2267	 0.207779393922408 
2268	 0.208559462613704 
2269	 0.207012698370211 
2270	 0.204863543345024 
2271	 0.203372501309603 
2272	 0.202838625940927 
2273	 0.20346633477685 
2274	 0.203810913867764 
2275	 0.204659433238552 
2276	 0.20436774257905 
2277	 0.203705336614319 
2278	 0.202765304019777 
2279	 0.200844862447829 
2280	 0.200202172627465 
2281	 0.200294653638801 
2282	 0.199459263813332 
2283	 0.198358919588068 
2284	 0.198365982742366 
2285	 0.198823853366616 
2286	 0.197610839599537 
2287	 0.195204287587459 
2288	 0.196205063803256 
2289	 0.196003458711986 
2290	 0.193403884756386 
2291	 0.19281442677028 
2292	 0.193088102021357 
2293	 0.191799226666824 
2294	 0.190539067892085 
2295	 0.190307638711113 
2296	 0.189271633557242 
2297	 0.187593276801844 
2298	 0.187789293802396 
2299	 0.187598424282311 
2300	 0.186106023511796 
2301	 0.18610687152409 
2302	 0.185711216837826 
2303	 0.185195339667864 
2304	 0.185370972757594 
2305	 0.183776297954101 
2306	 0.181511916285668 
2307	 0.180956019233771 
2308	 0.181554023927751 
2309	 0.182486193560439 
2310	 0.183037338464281 
2311	 0.18070039143282 
2312	 0.177569655175329 
2313	 0.175988026576962 
2314	 0.176362013618609 
2315	 0.1782014447775 
2316	 0.177148824473559 
2317	 0.174949309370519 
2318	 0.173425027916086 
2319	 0.171086135435361 
2320	 0.167192877556453 
2321	 0.166392551434614 
2322	 0.16634333049623 
2323	 0.166235194531857 
2324	 0.17005423777101 
2325	 0.170685373560427 
2326	 0.167669693039917 
2327	 0.167254167158078 
2328	 0.169915305533588 
2329	 0.167758131968797 
2330	 0.161403966466752 
2331	 0.159883011105559 
2332	 0.15691400056123 
2333	 0.155035371172364 
2334	 0.159954232795965 
2335	 0.161027458796326 
2336	 0.157316002914257 
2337	 0.156311940459367 
2338	 0.15864941369418 
2339	 0.15747601239425 
2340	 0.154519913112699 
2341	 0.151991256332647 
2342	 0.154277230471896 
2343	 0.153369168216554 
2344	 0.152403473353705 
2345	 0.154268758803626 
2346	 0.152794941279339 
2347	 0.149438179829988 
2348	 0.149786622142197 
2349	 0.151871701430512 
2350	 0.147547886213387 
2351	 0.143471803190702 
2352	 0.147920527896417 
2353	 0.149036251017213 
2354	 0.145908823308927 
2355	 0.143858319028118 
2356	 0.13787850832045 
2357	 0.133749912986504 
2358	 0.134142088886034 
2359	 0.133974085578015 
2360	 0.131796974845068 
2361	 0.131979149372449 
2362	 0.134555399583878 
2363	 0.133309094809818 
2364	 0.134779366660509 
2365	 0.135596948166782 
2366	 0.133033862361234 
2367	 0.133654527066457 
2368	 0.134126309527191 
2369	 0.13489156261637 
2370	 0.133538259299327 
2371	 0.130907517114154 
2372	 0.12696574225257 
2373	 0.121602915594494 
2374	 0.125612311519092 
2375	 0.130993814212263 
2376	 0.127463618652229 
2377	 0.123892816540816 
2378	 0.121041197496128 
2379	 0.118774327641973 
2380	 0.125123347237268 
2381	 0.130231471080546 
2382	 0.1251329632538 
2383	 0.118458575071398 
2384	 0.108395148902578 
2385	 0.103550524987693 
2386	 0.11005091695276 
2387	 0.107213280146904 
2388	 0.106720860007888 
2389	 0.112616099012763 
2390	 0.106833611453821 
2391	 0.10368887445581 
2392	 0.107627544895698 
2393	 0.10966468900855 
2394	 0.113287527245386 
2395	 0.116658992561343 
2396	 0.111100066577663 
2397	 0.106289073775515 
2398	 0.111167977460888 
2399	 0.115569757264121 
2400	 0.120661995351778 
2401	 0.126616374948628 
2402	 0.1182829931161 
2403	 0.104856830925753 
2404	 0.108862074768742 
2405	 0.110382768692884 
2406	 0.107402066250778 
2407	 0.111847773574137 
2408	 0.104247299137712 
2409	 9.59490947313978E-02 
2410	 9.72198701089994E-02 
2411	 9.11969796880677E-02 
2412	 8.38178171815384E-02 
2413	 9.37534736385149E-02 
2414	 0.102427297705798 
2415	 9.86437643314861E-02 
2416	 0.103537832054302 
2417	 0.102840170990496 
2418	 8.51510279504758E-02 
2419	 7.56953552031872E-02 
2420	 0.079012155533926 
2421	 8.14807283699374E-02 
2422	 8.57330940923809E-02 
2423	 8.91942196969072E-02 
2424	 7.71659456023104E-02 
2425	 0.067914689962943 
2426	 7.40088303116362E-02 
2427	 8.03172456704247E-02 
2428	 8.55213387131897E-02 
2429	 8.44389984756783E-02 
2430	 7.65688010911146E-02 
2431	 7.49617234810203E-02 
2432	 8.42809100181399E-02 
2433	 8.25377054265219E-02 
2434	 7.16529828699597E-02 
2435	 6.85607867072815E-02 
2436	 6.87098514016979E-02 
2437	 7.73531474479359E-02 
2438	 8.62056617959705E-02 
2439	 8.70979182921739E-02 
2440	 8.24981631529787E-02 
2441	 8.17025585822274E-02 
2442	 9.54468099001127E-02 
2443	 9.79070570666908E-02 
2444	 8.86938402615106E-02 
2445	 0.08725811122804 
2446	 7.81952437867942E-02 
2447	 6.10769280652278E-02 
2448	 5.62093051112613E-02 
2449	 5.89349726835436E-02 
2450	 0.045704815560063 
2451	 4.93253865673583E-02 
2452	 7.17350511685659E-02 
2453	 6.38838355294414E-02 
2454	 7.39017161551556E-02 
2455	 9.72211816201488E-02 
2456	 8.54279866169723E-02 
2457	 8.26366388402646E-02 
2458	 8.41961952956792E-02 
2459	 5.29759663937004E-02 
2460	 4.73457611361271E-02 
2461	 7.31627174269261E-02 
2462	 6.36189112173069E-02 
2463	 5.65902346015561E-02 
2464	 8.35489401065204E-02 
2465	 8.17454155191323E-02 
2466	 6.22603259161263E-02 
2467	 5.20047977570291E-02 
2468	 1.8001301088373E-03 
2469	-8.17066342663714E-03 
2470	 0.023207396526322 
2471	 3.57007347360583E-02 
2472	 6.10426507574584E-02 
2473	 6.60596222717969E-02 
2474	 6.41518564256895E-02 
2475	 4.71437298683921E-02 
2476	-2.59455253710639E-02 
2477	-2.78359304836087E-02 
2478	 1.69205495985388E-02 
2479	 5.00679854641836E-02 
2480	 8.58098771145782E-02 
2481	 4.74582034579108E-02 
2482	 1.85348171709824E-02 
2483	 5.27964461580979E-02 
2484	 0.116515568270536 
2485	 0.179485186521486 
2486	 0.166037782032874 
2487	 8.82646792478091E-02 
2488	 0.067444998201662 
2489	 0.042503310469411 
2490	 0.146684108448676 
2491	 0.255180723954757 
2492	 0.167645486681448 
2493	 0.232332174381487 
2494	 0.32999755747569 
2495	 0.556917515593646 
2496	 0.745617113270998 
2497	 0.506636460076107 
2498	 0.200387942018265 
2499	-0.123112867008343 
2500	-0.227682925691665 
