Wavelength	09/27/123 at 12:39:56
350	 1.87050823348512E-02 
351	 1.78995798014417E-02 
352	 0.017805922117207 
353	 1.81058061969734E-02 
354	 1.79098062082769E-02 
355	 1.83801757316619E-02 
356	 1.87174781172254E-02 
357	 1.84728812421272E-02 
358	 1.82493215346338E-02 
359	 1.82017245235666E-02 
360	 1.82824665166416E-02 
361	 1.83317843277108E-02 
362	 1.83313619465395E-02 
363	 1.82705391156632E-02 
364	 0.018224235103845 
365	 0.018497253734911 
366	 1.84015200119692E-02 
367	 1.80724839289964E-02 
368	 1.80139854668009E-02 
369	 1.82025219587891E-02 
370	 1.82685275676429E-02 
371	 1.80932400401032E-02 
372	 0.018220582172197 
373	 1.83027739166603E-02 
374	 1.82878348273265E-02 
375	 1.82706041787372E-02 
376	 1.83380811131924E-02 
377	 1.85428032456528E-02 
378	 1.87997909869292E-02 
379	 1.87415315293113E-02 
380	 1.84726773829642E-02 
381	 1.82807067666991E-02 
382	 0.018508493782835 
383	 1.88062845923787E-02 
384	 1.91408639824919E-02 
385	 0.019399566368292 
386	 1.91700427999679E-02 
387	 0.019101631141278 
388	 1.91478447574728E-02 
389	 1.90219464537003E-02 
390	 1.92733000195178E-02 
391	 1.95466793405771E-02 
392	 1.96103677889344E-02 
393	 1.95881120246316E-02 
394	 1.97958929081494E-02 
395	 2.00334820717891E-02 
396	 1.99790977340315E-02 
397	 2.01159918976122E-02 
398	 0.020356399974711 
399	 2.05782204142478E-02 
400	 2.06966245225337E-02 
401	 0.020780541903865 
402	 2.08143789729748E-02 
403	 2.07778957587338E-02 
404	 2.08265132927449E-02 
405	 2.09539572372184E-02 
406	 2.11264626371061E-02 
407	 2.12891461928898E-02 
408	 2.15054647325218E-02 
409	 2.17636023303966E-02 
410	 2.20152860474595E-02 
411	 2.21785081071957E-02 
412	 2.22817628231244E-02 
413	 2.23772957355364E-02 
414	 0.022536965211088 
415	 2.27481074364546E-02 
416	 2.29455758871148E-02 
417	 2.30532406326628E-02 
418	 2.30886899246944E-02 
419	 0.023139713135419 
420	 2.32725213707578E-02 
421	 2.35312723942884E-02 
422	 2.37158166667466E-02 
423	 0.023784337861351 
424	 2.37912966834557E-02 
425	 2.39806453623518E-02 
426	 2.41269251875828E-02 
427	 2.41541811248577E-02 
428	 2.42759578797556E-02 
429	 2.43883068987303E-02 
430	 2.44892097762859E-02 
431	 2.46018525301991E-02 
432	 2.47177939995258E-02 
433	 2.47662071901699E-02 
434	 2.47610471218854E-02 
435	 2.48303476988554E-02 
436	 2.49340304067306E-02 
437	 2.50241495961714E-02 
438	 2.50716612549667E-02 
439	 2.51855380190056E-02 
440	 2.52871519979376E-02 
441	 2.53382526609032E-02 
442	 2.53630013882188E-02 
443	 2.54385403388664E-02 
444	 2.55217737694268E-02 
445	 2.55662068847296E-02 
446	 2.57064987601306E-02 
447	 2.58782433719823E-02 
448	 2.60218830357013E-02 
449	 2.60975942455826E-02 
450	 2.62005955431709E-02 
451	 2.62786502251286E-02 
452	 2.62791628627056E-02 
453	 2.63644421840032E-02 
454	 2.64805183789601E-02 
455	 2.65772037681517E-02 
456	 0.02662125568143 
457	 2.66982905251213E-02 
458	 2.68124728026533E-02 
459	 2.69292807809174E-02 
460	 2.69488150876056E-02 
461	 2.69950355608863E-02 
462	 2.71079985435578E-02 
463	 2.72288486940651E-02 
464	 2.73106249886701E-02 
465	 2.74034533713976E-02 
466	 2.75458035938577E-02 
467	 2.76283152216175E-02 
468	 2.76576375180156E-02 
469	 2.76936055416274E-02 
470	 0.027836333188202 
471	 2.79433461384631E-02 
472	 2.80187490949255E-02 
473	 2.80857118354038E-02 
474	 2.81083895528291E-02 
475	 0.028185212431517 
476	 2.82796097568899E-02 
477	 2.82592951516568E-02 
478	 2.83245833319795E-02 
479	 2.84099287379198E-02 
480	 2.84555754042992E-02 
481	 2.85830449844503E-02 
482	 2.86496970046919E-02 
483	 2.86671368369445E-02 
484	 2.87523403516953E-02 
485	 0.028840204072422 
486	 2.89636514366707E-02 
487	 0.029127307976164 
488	 2.92283342435137E-02 
489	 2.93064139212015E-02 
490	 2.93933769995424E-02 
491	 0.029507681024371 
492	 2.95483412608048E-02 
493	 2.95957007237608E-02 
494	 2.97073619593339E-02 
495	 2.98363756135249E-02 
496	 3.00023392438626E-02 
497	 3.01855586614184E-02 
498	 3.03623547518409E-02 
499	 3.06413567178634E-02 
500	 3.09311008100068E-02 
501	 3.12055875034137E-02 
502	 3.16096771837133E-02 
503	 3.19623031575623E-02 
504	 3.22958774908483E-02 
505	 3.27207186346892E-02 
506	 3.32837238389128E-02 
507	 3.38010086757682E-02 
508	 3.42246986906045E-02 
509	 3.47270435506282E-02 
510	 3.52889996930757E-02 
511	 3.58898297017214E-02 
512	 0.036505982257548 
513	 3.71415171947076E-02 
514	 3.77361949147397E-02 
515	 3.82982183539108E-02 
516	 3.89236487152222E-02 
517	 3.95926090204694E-02 
518	 4.02884688025472E-02 
519	 4.09732450565572E-02 
520	 4.15792894096812E-02 
521	 4.21412459730061E-02 
522	 4.27132483194926E-02 
523	 4.33557948224369E-02 
524	 4.39870591969763E-02 
525	 4.45611133899873E-02 
526	 4.50804419942651E-02 
527	 4.56787128929195E-02 
528	 4.62269853249889E-02 
529	 4.66939329567625E-02 
530	 4.71371844509896E-02 
531	 4.76225758696446E-02 
532	 0.048105243293624 
533	 4.85352206572724E-02 
534	 4.89156747151635E-02 
535	 4.93142147825442E-02 
536	 4.97158899028347E-02 
537	 5.00648638471223E-02 
538	 5.04311215695191E-02 
539	 5.08139793609396E-02 
540	 5.11982591783505E-02 
541	 5.15573342728521E-02 
542	 5.19328248277124E-02 
543	 5.23253099288271E-02 
544	 5.27133662515882E-02 
545	 5.30309498060059E-02 
546	 5.33492603151138E-02 
547	 5.37098959063107E-02 
548	 5.40861637386306E-02 
549	 5.44534124775714E-02 
550	 5.48082029562947E-02 
551	 5.51615301266238E-02 
552	 0.055537980375464 
553	 5.59164481185986E-02 
554	 5.62698207490515E-02 
555	 5.65692707784627E-02 
556	 5.69052471586235E-02 
557	 5.72627196128724E-02 
558	 5.76090906988674E-02 
559	 5.79801904734556E-02 
560	 5.83838621702702E-02 
561	 5.88159980558448E-02 
562	 5.92688756572628E-02 
563	 5.97318403573623E-02 
564	 6.01897656493014E-02 
565	 6.06591278982435E-02 
566	 6.12497528580708E-02 
567	 6.18775216854147E-02 
568	 6.25039322827363E-02 
569	 6.31303030043129E-02 
570	 6.38199748812741E-02 
571	 0.064582517000332 
572	 0.065398856130689 
573	 6.62189924852964E-02 
574	 6.71735074658562E-02 
575	 6.82554803714631E-02 
576	 6.93928122393053E-02 
577	 7.06951409059639E-02 
578	 7.20409375132052E-02 
579	 7.33995982352648E-02 
580	 7.49225389123671E-02 
581	 7.65304494759358E-02 
582	 7.82268626042651E-02 
583	 8.00337915416473E-02 
584	 8.19721746988642E-02 
585	 8.40829650269836E-02 
586	 8.63487313960512E-02 
587	 8.87308501229071E-02 
588	 9.12576503462038E-02 
589	 0.093983547486045 
590	 9.67804889460746E-02 
591	 9.94887611404493E-02 
592	 0.102246642637666 
593	 0.105194501684038 
594	 0.108355685935401 
595	 0.111657758836542 
596	 0.115026947258022 
597	 0.118465076338185 
598	 0.122072284121285 
599	 0.125800815475253 
600	 0.129624154671922 
601	 0.133546738724864 
602	 0.137572036852341 
603	 0.141598861731736 
604	 0.145607326763331 
605	 0.149676016333256 
606	 0.153746580920389 
607	 0.157834258722611 
608	 0.161988517304805 
609	 0.166189546010064 
610	 0.170339197491232 
611	 0.174385591240113 
612	 0.178374358070361 
613	 0.182402322953013 
614	 0.186474348664272 
615	 0.190571310861452 
616	 0.194667362135335 
617	 0.19871776641079 
618	 0.202661003722687 
619	 0.206582858888868 
620	 0.210476842066125 
621	 0.214289787414885 
622	 0.218029196570989 
623	 0.221786167449298 
624	 0.22554907054013 
625	 0.229267533393999 
626	 0.232863204846804 
627	 0.236372253612048 
628	 0.239852020712403 
629	 0.243252186572906 
630	 0.246462318385128 
631	 0.249607152467478 
632	 0.252640300704117 
633	 0.255529243969846 
634	 0.258448956422439 
635	 0.261212346552858 
636	 0.263783252928705 
637	 0.26622948641693 
638	 0.268528096028971 
639	 0.27069525499922 
640	 0.272782187154705 
641	 0.274909840262693 
642	 0.276942964329159 
643	 0.278766513152764 
644	 0.28035306003931 
645	 0.281997637882699 
646	 0.283609674686108 
647	 0.285131064024282 
648	 0.2866006325563 
649	 0.288137828231883 
650	 0.289626303003511 
651	 0.29097181370979 
652	 0.292322490035599 
653	 0.293534666004983 
654	 0.294570180820356 
655	 0.295528394866014 
656	 0.296902014895423 
657	 0.298082391447204 
658	 0.298766550069035 
659	 0.299481662854244 
660	 0.300205284397832 
661	 0.300865538119118 
662	 0.301409363190634 
663	 0.301962922018171 
664	 0.302564778976984 
665	 0.303141241540844 
666	 0.303526878753168 
667	 0.303985380326707 
668	 0.304451246621019 
669	 0.30486357859405 
670	 0.305359504012204 
671	 0.305969585388664 
672	 0.306546851733788 
673	 0.306914831977112 
674	 0.307495166577112 
675	 0.30802145605168 
676	 0.308413444261178 
677	 0.308979268554065 
678	 0.309545930947557 
679	 0.310141449948704 
680	 0.31082267522365 
681	 0.311531992310452 
682	 0.312237872132056 
683	 0.313024894597624 
684	 0.314043836369839 
685	 0.3152605389899 
686	 0.316879252726826 
687	 0.318950206548168 
688	 0.320766415239387 
689	 0.32219330750924 
690	 0.323507134136145 
691	 0.325005119246138 
692	 0.326691839792312 
693	 0.328658814766179 
694	 0.330895140235853 
695	 0.333232178673824 
696	 0.335567273651014 
697	 0.337854967977847 
698	 0.340188658380275 
699	 0.342702193533398 
700	 0.345379795305082 
701	 0.348043161493436 
702	 0.350505213164395 
703	 0.35299897119929 
704	 0.355513518906458 
705	 0.357993273562037 
706	 0.36029016058611 
707	 0.362726544148545 
708	 0.365186232286605 
709	 0.367544418959745 
710	 0.369892357961607 
711	 0.37223006602997 
712	 0.374598058526546 
713	 0.377031320995412 
714	 0.37942538737138 
715	 0.381639439849989 
716	 0.38381269661825 
717	 0.386336724547812 
718	 0.389073420750783 
719	 0.391902237338662 
720	 0.394538048242716 
721	 0.396567301572585 
722	 0.398438605085335 
723	 0.400515554627086 
724	 0.402796167327616 
725	 0.405067519364352 
726	 0.407210851102466 
727	 0.409240931873174 
728	 0.411165466046343 
729	 0.413111006600257 
730	 0.414960483737175 
731	 0.416600670659804 
732	 0.418171144462569 
733	 0.41963052246975 
734	 0.421063010250728 
735	 0.422572473811025 
736	 0.424032947651321 
737	 0.425355538544724 
738	 0.426548445220937 
739	 0.427722205397127 
740	 0.429002074002392 
741	 0.430195457904324 
742	 0.431151616190359 
743	 0.43212021343479 
744	 0.433092966499951 
745	 0.433975245309696 
746	 0.434664213560025 
747	 0.435466517983655 
748	 0.436227166739153 
749	 0.436866484247327 
750	 0.437468840106405 
751	 0.438063098290431 
752	 0.438667341528191 
753	 0.439267551547463 
754	 0.439784938285192 
755	 0.440324959483333 
756	 0.44084289629119 
757	 0.441364792773768 
758	 0.442930566863004 
759	 0.445796776416919 
760	 0.449693457108715 
761	 0.451477167020108 
762	 0.451642697478644 
763	 0.450890461942984 
764	 0.449684021361472 
765	 0.448175615286625 
766	 0.446962345978816 
767	 0.446209753765233 
768	 0.445915012916796 
769	 0.445841301912762 
770	 0.445814118835958 
771	 0.445847487204883 
772	 0.446093898780229 
773	 0.44641148787006 
774	 0.446646954614083 
775	 0.446782249730515 
776	 0.447041852488668 
777	 0.447305359732626 
778	 0.447568912690275 
779	 0.447856183781508 
780	 0.448214683131656 
781	 0.448416100199135 
782	 0.448513388425639 
783	 0.448723771190653 
784	 0.448997471160166 
785	 0.449260408351599 
786	 0.449519577652555 
787	 0.44989583045086 
788	 0.450183606569678 
789	 0.450390553198508 
790	 0.450582707353513 
791	 0.450824052975157 
792	 0.451120181993596 
793	 0.451424494676565 
794	 0.451673752033832 
795	 0.451847117819566 
796	 0.452023492321244 
797	 0.452226416766993 
798	 0.452437560780697 
799	 0.452755570357574 
800	 0.453062835824771 
801	 0.453265371175619 
802	 0.453372764734855 
803	 0.453505415200724 
804	 0.453718648053676 
805	 0.453999229415605 
806	 0.454195297560071 
807	 0.454442396098265 
808	 0.454761249653531 
809	 0.455071959992878 
810	 0.455149677100888 
811	 0.455286762832572 
812	 0.455574002307555 
813	 0.45585533774991 
814	 0.456198700731788 
815	 0.456541300710927 
816	 0.456827705708433 
817	 0.457091683018425 
818	 0.457037158739211 
819	 0.456970679868476 
820	 0.457235473454643 
821	 0.457748140199353 
822	 0.457969901109981 
823	 0.457886821430006 
824	 0.457804983412315 
825	 0.457938550311983 
826	 0.458215931490036 
827	 0.458480010641113 
828	 0.458530801842876 
829	 0.45841657798813 
830	 0.458391326587743 
831	 0.458567906942608 
832	 0.458765387002851 
833	 0.458760895231019 
834	 0.458662354173498 
835	 0.45867636781152 
836	 0.458938822846213 
837	 0.459223762281215 
838	 0.459415478623723 
839	 0.459495402202167 
840	 0.459642797413529 
841	 0.459896610973414 
842	 0.460157624448794 
843	 0.460247003517348 
844	 0.460376856173165 
845	 0.460495949053177 
846	 0.460590451172507 
847	 0.460749877143295 
848	 0.460958061210657 
849	 0.461113683103185 
850	 0.461168645696478 
851	 0.461223096416864 
852	 0.461528960723205 
853	 0.461851685866266 
854	 0.461902529554895 
855	 0.461854836751857 
856	 0.461978792466341 
857	 0.462191372863537 
858	 0.462256594948111 
859	 0.462367028580404 
860	 0.462439279543364 
861	 0.462533928862473 
862	 0.462838169809413 
863	 0.463206782718207 
864	 0.463367724528456 
865	 0.463286370632794 
866	 0.463330222376154 
867	 0.463272058783369 
868	 0.463321693354679 
869	 0.463628605006111 
870	 0.464020866089611 
871	 0.464099354834046 
872	 0.464025013560558 
873	 0.464096296170575 
874	 0.464250684288722 
875	 0.464424320090039 
876	 0.46462141177457 
877	 0.464834928042011 
878	 0.464882668859634 
879	 0.46490903823035 
880	 0.465007439326281 
881	 0.465211650566962 
882	 0.465244116014257 
883	 0.465326434637335 
884	 0.465493740829529 
885	 0.465518078969766 
886	 0.465625186738924 
887	 0.465693651320641 
888	 0.465699930714038 
889	 0.465843757187906 
890	 0.465895109957526 
891	 0.46600457038396 
892	 0.466259319766931 
893	 0.466355292248167 
894	 0.466245810207672 
895	 0.466183874118529 
896	 0.466483874201077 
897	 0.467144761372233 
898	 0.467236768703973 
899	 0.466912393178608 
900	 0.466817886131521 
901	 0.466600384808334 
902	 0.466491401681719 
903	 0.466477283660939 
904	 0.466403840770483 
905	 0.46673612064315 
906	 0.467204691060431 
907	 0.467512642528111 
908	 0.467433874070124 
909	 0.467319634735201 
910	 0.467220596232853 
911	 0.46713838279977 
912	 0.467064318059097 
913	 0.467056676787018 
914	 0.46709368242465 
915	 0.467118855598422 
916	 0.467014086625474 
917	 0.466812570305143 
918	 0.466666525922616 
919	 0.466616265899688 
920	 0.466393465286998 
921	 0.466448994619986 
922	 0.466391247479112 
923	 0.465880805440403 
924	 0.465634069156641 
925	 0.465719274618073 
926	 0.465658701076774 
927	 0.464998496384932 
928	 0.464883437699193 
929	 0.465220959296262 
930	 0.465318060542601 
931	 0.464301938311288 
932	 0.46378455035547 
933	 0.462671375726899 
934	 0.461047743262647 
935	 0.460066473496471 
936	 0.459092805095219 
937	 0.45880458790766 
938	 0.458804272615217 
939	 0.458101420741328 
940	 0.458387978937685 
941	 0.458270988185313 
942	 0.457386370797098 
943	 0.456676753738382 
944	 0.456698346634083 
945	 0.456335450587514 
946	 0.455252352954866 
947	 0.454376730446588 
948	 0.452539707365494 
949	 0.451306317468012 
950	 0.451172394665788 
951	 0.450654156773407 
952	 0.450073219992687 
953	 0.448944735419963 
954	 0.447361935944378 
955	 0.446421653173096 
956	 0.44590127042612 
957	 0.445620773331165 
958	 0.445431587823228 
959	 0.445260518980247 
960	 0.444366405209807 
961	 0.443354213278482 
962	 0.442741250753042 
963	 0.442159137425387 
964	 0.442198860494693 
965	 0.442341593543034 
966	 0.442089101785324 
967	 0.441621337311184 
968	 0.441620026473362 
969	 0.441914191205465 
970	 0.442234283128184 
971	 0.442930477972561 
972	 0.4424457200945 
973	 0.442063218575508 
974	 0.44294415896865 
975	 0.442995127031405 
976	 0.442590148245327 
977	 0.44221294476818 
978	 0.442233116901026 
979	 0.442297240690236 
980	 0.442867294939186 
981	 0.443393890298295 
982	 0.44333933445137 
983	 0.443485045013207 
984	 0.443435678258996 
985	 0.443370812289267 
986	 0.443639125140802 
987	 0.444467700387417 
988	 0.44467213386123 
989	 0.444654445666303 
990	 0.445182719532571 
991	 0.445763510518242 
992	 0.44638695137258 
993	 0.446800701299994 
994	 0.4468198249962 
995	 0.44675001725814 
996	 0.44709855456518 
997	 0.447346079748691 
998	 0.446942254339039 
999	 0.446882779383259 
1000	 0.44749714558282 
1001	 0.471952344365748 
1002	 0.472336810219298 
1003	 0.472829944770817 
1004	 0.473346570554775 
1005	 0.473743915462292 
1006	 0.47415317709445 
1007	 0.47466333129703 
1008	 0.475138930313145 
1009	 0.475541501565372 
1010	 0.476181033355342 
1011	 0.476780579973715 
1012	 0.477306533226473 
1013	 0.477908567262684 
1014	 0.478262021671042 
1015	 0.478617549829391 
1016	 0.479041599797421 
1017	 0.479490907349925 
1018	 0.479829698821323 
1019	 0.480393708197537 
1020	 0.480955087498345 
1021	 0.48143952892395 
1022	 0.481971006743291 
1023	 0.482478868997769 
1024	 0.482893228408063 
1025	 0.483424186274272 
1026	 0.483879309766998 
1027	 0.484123699338167 
1028	 0.484582083114121 
1029	 0.485057578815781 
1030	 0.485491654856849 
1031	 0.485890221807756 
1032	 0.486292687924688 
1033	 0.486658012531951 
1034	 0.487009017053192 
1035	 0.487281564858464 
1036	 0.487643139058292 
1037	 0.487965912288367 
1038	 0.488340547774844 
1039	 0.4888328202898 
1040	 0.489287631086988 
1041	 0.489795374010389 
1042	 0.49018762903421 
1043	 0.490468027890839 
1044	 0.490802639605371 
1045	 0.491107978670176 
1046	 0.491431812511104 
1047	 0.491858424477374 
1048	 0.492315041664766 
1049	 0.492721503399285 
1050	 0.493034376748066 
1051	 0.493296990137523 
1052	 0.493567022444165 
1053	 0.493802380523069 
1054	 0.494119325049852 
1055	 0.494448204954368 
1056	 0.494608696637354 
1057	 0.494816780527155 
1058	 0.494992980223271 
1059	 0.495238841034916 
1060	 0.495489874019651 
1061	 0.49574022657979 
1062	 0.496225681648449 
1063	 0.496763993213431 
1064	 0.49700716070744 
1065	 0.497476644150588 
1066	 0.497793558071841 
1067	 0.497634014879604 
1068	 0.497651834973883 
1069	 0.497697386076902 
1070	 0.497753090947119 
1071	 0.497810061286645 
1072	 0.497950295283147 
1073	 0.498198822584032 
1074	 0.498307955155947 
1075	 0.498444952384537 
1076	 0.498484392367315 
1077	 0.498335390695665 
1078	 0.49818296526914 
1079	 0.498147252557761 
1080	 0.498063584257697 
1081	 0.498072280177577 
1082	 0.498162415639796 
1083	 0.498137437944042 
1084	 0.498005245171198 
1085	 0.497934711508737 
1086	 0.497843559124598 
1087	 0.497750361917735 
1088	 0.497657339488641 
1089	 0.497568519486727 
1090	 0.497432492833383 
1091	 0.497334346584358 
1092	 0.49728112341032 
1093	 0.497102745966401 
1094	 0.496975361621127 
1095	 0.496947345625659 
1096	 0.496843818677649 
1097	 0.496761078899495 
1098	 0.496633782155355 
1099	 0.496419935943297 
1100	 0.496265185967071 
1101	 0.496090167309804 
1102	 0.496000220955173 
1103	 0.496095882490782 
1104	 0.49603192625993 
1105	 0.495982048471706 
1106	 0.495822023343675 
1107	 0.495542781243439 
1108	 0.495043480619738 
1109	 0.494839630144855 
1110	 0.494691912285853 
1111	 0.494558821192042 
1112	 0.494623593162389 
1113	 0.494518739165002 
1114	 0.494283959232284 
1115	 0.494133259320006 
1116	 0.494000271483694 
1117	 0.493837414734708 
1118	 0.493599221777851 
1119	 0.493475204723056 
1120	 0.493770559251183 
1121	 0.493488247324359 
1122	 0.49272850235891 
1123	 0.492130489335542 
1124	 0.491370710865379 
1125	 0.489969341092924 
1126	 0.489218220432064 
1127	 0.489217851793804 
1128	 0.488458457402476 
1129	 0.487728077769072 
1130	 0.48653924158189 
1131	 0.485045026479137 
1132	 0.483458682670056 
1133	 0.481529644148984 
1134	 0.479906489275112 
1135	 0.47829165246955 
1136	 0.476782693434261 
1137	 0.475567230285944 
1138	 0.474167682076469 
1139	 0.472906543480454 
1140	 0.471264643329567 
1141	 0.469507993161413 
1142	 0.467527980358027 
1143	 0.465615916060572 
1144	 0.463524759246299 
1145	 0.461618998722849 
1146	 0.459765097140459 
1147	 0.458064905811159 
1148	 0.456554719694815 
1149	 0.454871254799489 
1150	 0.453278259932192 
1151	 0.451651802973911 
1152	 0.449929676507114 
1153	 0.448319593231146 
1154	 0.446704287247655 
1155	 0.445323171753808 
1156	 0.444112746391791 
1157	 0.443038636792259 
1158	 0.442090670315412 
1159	 0.441348971863322 
1160	 0.440689458934871 
1161	 0.440018845094986 
1162	 0.439589914301622 
1163	 0.439444574934372 
1164	 0.439098366292188 
1165	 0.43868807914941 
1166	 0.438405097676985 
1167	 0.43807806517362 
1168	 0.43781138696548 
1169	 0.437652586222781 
1170	 0.437512268843077 
1171	 0.437412901745332 
1172	 0.437287551569995 
1173	 0.436965273544648 
1174	 0.436797272898002 
1175	 0.436613548691525 
1176	 0.436236151223913 
1177	 0.436157963322205 
1178	 0.436348028721211 
1179	 0.4363554496563 
1180	 0.436438881441869 
1181	 0.436389509027834 
1182	 0.436182389845808 
1183	 0.436063564372164 
1184	 0.435899191450651 
1185	 0.435787244148819 
1186	 0.435758659761949 
1187	 0.435699513543639 
1188	 0.435677639537443 
1189	 0.435599180263412 
1190	 0.435555832137212 
1191	 0.435459358025648 
1192	 0.435380137846606 
1193	 0.435438283001404 
1194	 0.435472110088551 
1195	 0.435510786073749 
1196	 0.43559917267524 
1197	 0.435795039439365 
1198	 0.435839249183602 
1199	 0.435841441296406 
1200	 0.435898256408859 
1201	 0.435844673551582 
1202	 0.435875606871438 
1203	 0.435983536693479 
1204	 0.436116693230218 
1205	 0.436230065190071 
1206	 0.436515681360612 
1207	 0.43669651041309 
1208	 0.436925136728223 
1209	 0.437214397109226 
1210	 0.437170116771816 
1211	 0.437238427759719 
1212	 0.437479942374426 
1213	 0.437582677876972 
1214	 0.437975129274494 
1215	 0.43827590045722 
1216	 0.438599497643394 
1217	 0.438849860352058 
1218	 0.439106662956697 
1219	 0.43930986537855 
1220	 0.439459902811181 
1221	 0.439696672908548 
1222	 0.439924407280341 
1223	 0.440128528548166 
1224	 0.440265471801251 
1225	 0.440579878520622 
1226	 0.441078565287579 
1227	 0.441512772330009 
1228	 0.441945438405153 
1229	 0.442397067587195 
1230	 0.442437821135206 
1231	 0.442459886234116 
1232	 0.442901829359121 
1233	 0.443208696165757 
1234	 0.443423054582036 
1235	 0.443853048571674 
1236	 0.444150652845719 
1237	 0.444204276868092 
1238	 0.4444467035719 
1239	 0.444781213187165 
1240	 0.445112943659862 
1241	 0.445526855738201 
1242	 0.445839772020712 
1243	 0.446086463907189 
1244	 0.446536666419253 
1245	 0.446774620248146 
1246	 0.446934945550492 
1247	 0.447408927817129 
1248	 0.447726202423039 
1249	 0.447900698458379 
1250	 0.448300459867287 
1251	 0.44854801335558 
1252	 0.448720501170659 
1253	 0.449095293534208 
1254	 0.449341176880967 
1255	 0.449602258244514 
1256	 0.449936297350562 
1257	 0.450196723747471 
1258	 0.450412389514242 
1259	 0.450731670645222 
1260	 0.451073801974621 
1261	 0.451371032852442 
1262	 0.451737274238236 
1263	 0.452034242620808 
1264	 0.452146357009214 
1265	 0.452375487849467 
1266	 0.452571175358663 
1267	 0.452619612028632 
1268	 0.452754730459531 
1269	 0.452769970483558 
1270	 0.452651483777025 
1271	 0.452752939330437 
1272	 0.452855316186808 
1273	 0.45275807498024 
1274	 0.452683485781871 
1275	 0.452552926929397 
1276	 0.452288246508466 
1277	 0.45206250738219 
1278	 0.451836019941764 
1279	 0.451481266110276 
1280	 0.451191144874268 
1281	 0.450993407874755 
1282	 0.450660366503029 
1283	 0.450221701476251 
1284	 0.449927266488206 
1285	 0.449536589728862 
1286	 0.448990073312706 
1287	 0.448660978101055 
1288	 0.448318081791782 
1289	 0.447969397904567 
1290	 0.44779456317023 
1291	 0.447422993962412 
1292	 0.446876576359881 
1293	 0.44650060559212 
1294	 0.446068429760108 
1295	 0.445593321674169 
1296	 0.445201847688028 
1297	 0.444612752479629 
1298	 0.443892165953835 
1299	 0.443353461425034 
1300	 0.442936886351304 
1301	 0.442338757531403 
1302	 0.441558776328188 
1303	 0.440823559753534 
1304	 0.439872844577001 
1305	 0.439146668487857 
1306	 0.438596489663854 
1307	 0.437986638709097 
1308	 0.437009338975691 
1309	 0.436016338055308 
1310	 0.434919833810443 
1311	 0.433671662408998 
1312	 0.432712565252978 
1313	 0.431837536087354 
1314	 0.430782700937865 
1315	 0.429805645186723 
1316	 0.42874719514088 
1317	 0.427413009130305 
1318	 0.42603674723535 
1319	 0.424609752198985 
1320	 0.423391841924934 
1321	 0.422320090789321 
1322	 0.42082110602519 
1323	 0.419504486849328 
1324	 0.418454448070293 
1325	 0.417001775272453 
1326	 0.415662667176337 
1327	 0.414323545130562 
1328	 0.412727717213443 
1329	 0.411412904382387 
1330	 0.409879928094878 
1331	 0.408351785525019 
1332	 0.406679457204924 
1333	 0.40515762213187 
1334	 0.403381554319913 
1335	 0.401840230213277 
1336	 0.400494626285436 
1337	 0.398892049294796 
1338	 0.397562530364951 
1339	 0.396365873651294 
1340	 0.395184638897097 
1341	 0.393889418372387 
1342	 0.392485352560833 
1343	 0.39164607142702 
1344	 0.390838280020606 
1345	 0.389990879771869 
1346	 0.389663739521263 
1347	 0.389022667816657 
1348	 0.388006745361311 
1349	 0.387345984636231 
1350	 0.386253200774708 
1351	 0.385121791199769 
1352	 0.38427520753933 
1353	 0.382804663326605 
1354	 0.382126587970024 
1355	 0.382141869971836 
1356	 0.37987332638114 
1357	 0.378224613724919 
1358	 0.378624818876592 
1359	 0.37787767617198 
1360	 0.373287554884038 
1361	 0.373709134142795 
1362	 0.383446414727818 
1363	 0.374648975100863 
1364	 0.353821767068185 
1365	 0.359642402465711 
1366	 0.336500135377769 
1367	 0.327963389558182 
1368	 0.383291217992629 
1369	 0.349473052064898 
1370	 0.292580242497194 
1371	 0.282491548145886 
1372	 0.234332645962241 
1373	 0.219480898753548 
1374	 0.289475933970123 
1375	 0.327335456709573 
1376	 0.303851284064955 
1377	 0.351750280826577 
1378	 0.389659127739869 
1379	 0.339067812980235 
1380	 0.323835697675702 
1381	 0.310502483804304 
1382	 0.26639067450732 
1383	 0.332156903691642 
1384	 0.387589882788426 
1385	 0.314672314877315 
1386	 0.296512881379762 
1387	 0.279323150060715 
1388	 0.240302921785603 
1389	 0.230046157713799 
1390	 0.279444823742344 
1391	 0.260483618975859 
1392	 0.211330787540072 
1393	 0.234829404993491 
1394	 0.264178983008007 
1395	 0.262907249083548 
1396	 0.25787193911222 
1397	 0.238480723891786 
1398	 0.211049897757932 
1399	 0.212036510170636 
1400	 0.229833869773892 
1401	 0.224716932726566 
1402	 0.204692163155197 
1403	 0.184010897130108 
1404	 0.168019290066997 
1405	 0.171789860532758 
1406	 0.183618585597331 
1407	 0.184918618279949 
1408	 0.183567484411254 
1409	 0.186188395226442 
1410	 0.185677801441669 
1411	 0.183823386877271 
1412	 0.184379188861121 
1413	 0.180275625775484 
1414	 0.1738448451902 
1415	 0.172299729819801 
1416	 0.171849189878225 
1417	 0.168962520396648 
1418	 0.16789580561415 
1419	 0.168830265947392 
1420	 0.167879267814246 
1421	 0.166000391774143 
1422	 0.164220953505108 
1423	 0.162072937951907 
1424	 0.160296008763304 
1425	 0.160134970248806 
1426	 0.159750842705489 
1427	 0.159672145009926 
1428	 0.158399591219088 
1429	 0.158365547115292 
1430	 0.157999943249748 
1431	 0.15704362176492 
1432	 0.157623693245958 
1433	 0.156856777101667 
1434	 0.155521086058854 
1435	 0.156417562293956 
1436	 0.156308282669087 
1437	 0.155513152754678 
1438	 0.156261250440449 
1439	 0.1562640526624 
1440	 0.155407541499545 
1441	 0.155594112494715 
1442	 0.155538214543303 
1443	 0.154501160518322 
1444	 0.154175022313575 
1445	 0.154162350158044 
1446	 0.154193069071253 
1447	 0.15415423319561 
1448	 0.153634893343084 
1449	 0.153500836144121 
1450	 0.153668727202596 
1451	 0.153806236758425 
1452	 0.153895672981778 
1453	 0.153619348488416 
1454	 0.153440704866369 
1455	 0.15381181111494 
1456	 0.154300681070838 
1457	 0.15443982904692 
1458	 0.154031456566345 
1459	 0.153640094286913 
1460	 0.153716792052116 
1461	 0.1542178920152 
1462	 0.154802974762477 
1463	 0.154942848484789 
1464	 0.154922069262128 
1465	 0.155171004127942 
1466	 0.155842643266106 
1467	 0.15667530338954 
1468	 0.157358224785708 
1469	 0.158037867394472 
1470	 0.158811506147413 
1471	 0.159491661406108 
1472	 0.160280405440714 
1473	 0.161152328488322 
1474	 0.16204547616576 
1475	 0.162892371589462 
1476	 0.164029197784379 
1477	 0.165294779360203 
1478	 0.166001719567698 
1479	 0.166835086415782 
1480	 0.167920008548868 
1481	 0.168896770360334 
1482	 0.17010610978006 
1483	 0.171259761757892 
1484	 0.172038819276924 
1485	 0.172890020849997 
1486	 0.174024272352704 
1487	 0.175196547934097 
1488	 0.176263756356565 
1489	 0.177168429157398 
1490	 0.178060774848468 
1491	 0.178889917481318 
1492	 0.1797932125442 
1493	 0.180891526145672 
1494	 0.182013981991483 
1495	 0.183238473730737 
1496	 0.184166779479336 
1497	 0.184884349118661 
1498	 0.185971719701334 
1499	 0.187060504262694 
1500	 0.188173886053469 
1501	 0.189554191916609 
1502	 0.19064016099353 
1503	 0.191615874982883 
1504	 0.192860791883823 
1505	 0.193885464833327 
1506	 0.194828334332034 
1507	 0.195942142806276 
1508	 0.196995172867298 
1509	 0.198205772973392 
1510	 0.199697488786698 
1511	 0.20101700568886 
1512	 0.202062647838837 
1513	 0.203233932382469 
1514	 0.20438775763672 
1515	 0.205358423403493 
1516	 0.206578929753032 
1517	 0.208014324023596 
1518	 0.209292530807953 
1519	 0.210446261810988 
1520	 0.211545745905737 
1521	 0.212572338009627 
1522	 0.213582945694183 
1523	 0.214823209221559 
1524	 0.216220553523099 
1525	 0.217379314310659 
1526	 0.218544792839349 
1527	 0.219864095674282 
1528	 0.220963784713477 
1529	 0.222002501289931 
1530	 0.223216488519854 
1531	 0.224377345667772 
1532	 0.225422510144569 
1533	 0.226612051167716 
1534	 0.227936407454258 
1535	 0.229062324082982 
1536	 0.230094863083074 
1537	 0.231241394856136 
1538	 0.232378450615259 
1539	 0.23356741490875 
1540	 0.2347035084186 
1541	 0.235895509787085 
1542	 0.236954544536182 
1543	 0.237913411921632 
1544	 0.239099154214283 
1545	 0.240181153754262 
1546	 0.241141444627727 
1547	 0.242325373275926 
1548	 0.243492065581205 
1549	 0.244531485560114 
1550	 0.24556752818674 
1551	 0.246533795077359 
1552	 0.247469937193953 
1553	 0.248445006155614 
1554	 0.249452206288605 
1555	 0.250514663625467 
1556	 0.251604210853277 
1557	 0.252603010177404 
1558	 0.253562868031958 
1559	 0.254628793297194 
1560	 0.255589536866659 
1561	 0.256483655227724 
1562	 0.257604221387457 
1563	 0.258567032857352 
1564	 0.259250703918573 
1565	 0.260217031236459 
1566	 0.261273655172489 
1567	 0.262115908382201 
1568	 0.263145701560871 
1569	 0.264190099841003 
1570	 0.264952222593487 
1571	 0.265845414667018 
1572	 0.266797070498856 
1573	 0.26759946139415 
1574	 0.268576209144046 
1575	 0.269582414261302 
1576	 0.270522565449959 
1577	 0.271394967166265 
1578	 0.272175290462981 
1579	 0.272996769117872 
1580	 0.273774542699641 
1581	 0.274744347104418 
1582	 0.275552138186908 
1583	 0.276155124436444 
1584	 0.277001074745992 
1585	 0.277667457987629 
1586	 0.278322806437514 
1587	 0.279106840609522 
1588	 0.279854415413765 
1589	 0.280727004253606 
1590	 0.281511250674986 
1591	 0.282277235227144 
1592	 0.283068791147205 
1593	 0.283643104322356 
1594	 0.284360965745511 
1595	 0.285286561600204 
1596	 0.286027744041227 
1597	 0.286595539056344 
1598	 0.287077395994521 
1599	 0.287707491948594 
1600	 0.288562395744836 
1601	 0.289357319501054 
1602	 0.290230517632595 
1603	 0.290906569643983 
1604	 0.291284247517307 
1605	 0.292158119430223 
1606	 0.293153891706057 
1607	 0.293873186687613 
1608	 0.294593184142005 
1609	 0.295032212985862 
1610	 0.295406734901985 
1611	 0.296007677925632 
1612	 0.296716274116185 
1613	 0.297452125325493 
1614	 0.29805998672144 
1615	 0.298484824251347 
1616	 0.298922223772759 
1617	 0.299576002018526 
1618	 0.300193183296169 
1619	 0.3007259510476 
1620	 0.301197520539912 
1621	 0.301379396988222 
1622	 0.301668343706023 
1623	 0.302187883622919 
1624	 0.302614247286737 
1625	 0.303137103086695 
1626	 0.303767036054146 
1627	 0.304171464339525 
1628	 0.304547117045023 
1629	 0.305132438855777 
1630	 0.305557619030089 
1631	 0.305995669634105 
1632	 0.306652158445072 
1633	 0.30706766622034 
1634	 0.307489035549877 
1635	 0.307987178726984 
1636	 0.308158441149362 
1637	 0.308412304606681 
1638	 0.308940576091741 
1639	 0.309292623195972 
1640	 0.309662402862763 
1641	 0.310330876604452 
1642	 0.310772422579921 
1643	 0.310959892235042 
1644	 0.311458577606349 
1645	 0.31184574513295 
1646	 0.311812504858276 
1647	 0.312042289146581 
1648	 0.312534605223029 
1649	 0.31277699215773 
1650	 0.313202431097314 
1651	 0.313710526136285 
1652	 0.313581392603444 
1653	 0.313536217197499 
1654	 0.313898165184704 
1655	 0.314221930588602 
1656	 0.314719306041049 
1657	 0.315020941628691 
1658	 0.314968341606283 
1659	 0.31509513085586 
1660	 0.315236081917623 
1661	 0.315518135762164 
1662	 0.31590946995157 
1663	 0.315881477173032 
1664	 0.315946910932479 
1665	 0.31625042587947 
1666	 0.316340651620927 
1667	 0.316511846786634 
1668	 0.316552249320344 
1669	 0.31636484925108 
1670	 0.316399782881617 
1671	 0.316527563443357 
1672	 0.316573013386352 
1673	 0.316622982818954 
1674	 0.316583208581649 
1675	 0.316408096053468 
1676	 0.316541478116826 
1677	 0.316728153230267 
1678	 0.316742099486281 
1679	 0.316866849296526 
1680	 0.316730900051646 
1681	 0.316441898475009 
1682	 0.316170813519555 
1683	 0.315824319876454 
1684	 0.31568694532617 
1685	 0.315760529199885 
1686	 0.315807765170307 
1687	 0.315905178583639 
1688	 0.315776163580815 
1689	 0.315470723196832 
1690	 0.315282045146415 
1691	 0.314905208380889 
1692	 0.314756654283655 
1693	 0.314736305069185 
1694	 0.314421943984109 
1695	 0.314489016298739 
1696	 0.314441659823688 
1697	 0.313857510023921 
1698	 0.313623989454508 
1699	 0.31337330257939 
1700	 0.312920363988991 
1701	 0.312912301127131 
1702	 0.312976082755989 
1703	 0.312747882924999 
1704	 0.312209030527727 
1705	 0.311963902398575 
1706	 0.311804650853926 
1707	 0.311558903587143 
1708	 0.311759297561624 
1709	 0.311454099544871 
1710	 0.310433852775118 
1711	 0.309914561555984 
1712	 0.309350377015822 
1713	 0.308981347833992 
1714	 0.309201033231792 
1715	 0.30898321749369 
1716	 0.308600008822865 
1717	 0.308242988718175 
1718	 0.307651017345323 
1719	 0.307194915097978 
1720	 0.30696385955956 
1721	 0.306422609042842 
1722	 0.305674245125788 
1723	 0.305096665668258 
1724	 0.304212186452335 
1725	 0.303720560467779 
1726	 0.303785170137854 
1727	 0.303383513460853 
1728	 0.302908341801575 
1729	 0.302498893545972 
1730	 0.301864039189913 
1731	 0.30135352556696 
1732	 0.301090811224878 
1733	 0.300500358315614 
1734	 0.299431383432152 
1735	 0.298899195261984 
1736	 0.298601434733063 
1737	 0.298325872694939 
1738	 0.298725519172926 
1739	 0.29816232268322 
1740	 0.296825411460355 
1741	 0.296014185301099 
1742	 0.294879352173144 
1743	 0.294357104982391 
1744	 0.294607676300441 
1745	 0.294135044848066 
1746	 0.293475785263491 
1747	 0.292749186712645 
1748	 0.291744159815506 
1749	 0.290940320200765 
1750	 0.290233651105214 
1751	 0.289460549605586 
1752	 0.288597337618178 
1753	 0.288023326315779 
1754	 0.287435881611816 
1755	 0.287019819600694 
1756	 0.286607009646059 
1757	 0.28565325680852 
1758	 0.284856622214494 
1759	 0.284198706304651 
1760	 0.283390531887795 
1761	 0.282911475645456 
1762	 0.28200134269667 
1763	 0.280513158414932 
1764	 0.279491313241311 
1765	 0.27863003514996 
1766	 0.278312362180508 
1767	 0.278422126885506 
1768	 0.277851043356611 
1769	 0.277352306505434 
1770	 0.276718641855805 
1771	 0.275719322510846 
1772	 0.275211011103584 
1773	 0.274947329505571 
1774	 0.274495154626073 
1775	 0.274362465625152 
1776	 0.274056109733812 
1777	 0.273341844851179 
1778	 0.272967017958195 
1779	 0.272981726047604 
1780	 0.272672497455884 
1781	 0.272230922995745 
1782	 0.271625870414389 
1783	 0.270497817073439 
1784	 0.269898641428932 
1785	 0.269412120727409 
1786	 0.269499174561185 
1787	 0.2706851693576 
1788	 0.270891263570549 
1789	 0.271074734630625 
1790	 0.270799866746463 
1791	 0.269225236115497 
1792	 0.268700166071357 
1793	 0.268556300978094 
1794	 0.268393568563174 
1795	 0.268869263285537 
1796	 0.268856172785448 
1797	 0.268666126615684 
1798	 0.268527617590522 
1799	 0.267950953825488 
1800	 0.267872689549154 
1801	 0.268030877038446 
1802	 0.268341171843672 
1803	 0.269795488018051 
1804	 0.26978775469 
1805	 0.268995092745717 
1806	 0.268154547358365 
1807	 0.265120350909626 
1808	 0.265128249370423 
1809	 0.266945946349208 
1810	 0.269055024836992 
1811	 0.273680015088774 
1812	 0.272380227295333 
1813	 0.273874074915018 
1814	 0.277067579531693 
1815	 0.27738880133078 
1816	 0.28604022589632 
1817	 0.293458938543742 
1818	 0.294249685270665 
1819	 0.294529099870777 
1820	 0.282335986678545 
1821	 0.276162570270575 
1822	 0.277245560981378 
1823	 0.272297728131518 
1824	 0.262880784277838 
1825	 0.263860853990754 
1826	 0.266096799009167 
1827	 0.274926971110772 
1828	 0.322733743666748 
1829	 0.345323327173881 
1830	 0.343626244077232 
1831	 0.309642171301021 
1832	 0.309561357103841 
1833	 0.302395633845969 
1834	 0.401598578649065 
1835	 0.418634620195939 
1836	-2.40253642854776E-02 
1837	-0.116533908863495 
1838	 0.201920049196718 
1839	 0.349579878622963 
1840	 0.412192848954679 
1841	 0.532292663472738 
1842	 0.812729593658254 
1843	 0.534681290808801 
1844	 0.597812241991707 
1845	 7.1583330026667 
1846	-34.9542435097293 
1847	 0.837652856621721 
1848	 2.05428468457773 
1849	 2.30708493500243 
1850	 0.595700987347614 
1851	 0.53770133259546 
1852	 1.24235663964056 
1853	 0.997319105275789 
1854	-1.29141768212635 
1855	-0.830956233824471 
1856	 0.71082784455196 
1857	 0.449341883987556 
1858	 1.48812258008841 
1859	 5.75222952116297 
1860	 2.771701742117 
1861	-6.10918427402562 
1862	-3.45394783925172 
1863	-0.615304435385418 
1864	-0.371250317097708 
1865	 0.670819434968831 
1866	 1.02958785147028 
1867	 1.29272736567178 
1868	 1.54659159040418 
1869	 1.24794533335105E-02 
1870	-0.494124760642979 
1871	-0.515488784564743 
1872	-2.46927775829673E-02 
1873	 7.97927233680796E-02 
1874	 0.741498339087309 
1875	 0.685719651765604 
1876	 0.117501948126091 
1877	-0.148894250553986 
1878	-0.343125358093351 
1879	-0.414210934358082 
1880	-0.178741044264373 
1881	 0.300934709725781 
1882	 0.416311561643954 
1883	 0.644945911837797 
1884	 0.552470044940344 
1885	 0.203547846893477 
1886	-3.31253471058535E-02 
1887	-3.59243267692262E-02 
1888	-5.33842226691869E-02 
1889	-9.51020089862726E-02 
1890	 0.026151523969587 
1891	 6.59677571612002E-02 
1892	-3.61842276525039E-03 
1893	 9.26702334360944E-03 
1894	 0.138994386184383 
1895	 0.154328673388334 
1896	 0.062885657156543 
1897	 0.113944968352851 
1898	 0.121616510222357 
1899	 0.224042988582569 
1900	 0.587826709811251 
1901	 0.701535192790353 
1902	 0.786135773878598 
1903	 0.713011012784205 
1904	 0.612930653341952 
1905	 0.314867830562134 
1906	 0.330864765490474 
1907	 0.138695602596837 
1908	 2.59709682756237E-02 
1909	 0.309465395868526 
1910	 0.308049320886525 
1911	 0.204013266261216 
1912	 0.288381052854948 
1913	 0.270669940991326 
1914	 8.83708606864439E-02 
1915	 8.81736120722072E-02 
1916	 0.205512780839587 
1917	 0.186160403214195 
1918	 0.126790014147782 
1919	 0.132099861749653 
1920	 0.150408119757861 
1921	 0.10038664053175 
1922	 6.99295179109565E-02 
1923	 9.20810662614838E-02 
1924	 8.90752558233307E-02 
1925	 5.91891396801498E-02 
1926	 5.67845349182725E-02 
1927	 8.66351402021321E-02 
1928	 9.33674727103607E-02 
1929	 8.27745145446361E-02 
1930	 8.20901410038757E-02 
1931	 0.094144515320564 
1932	 8.69519169705522E-02 
1933	 7.33528113327814E-02 
1934	 8.25516783776379E-02 
1935	 8.68869723724696E-02 
1936	 9.11930713712092E-02 
1937	 8.31178060401436E-02 
1938	 8.66797724558037E-02 
1939	 9.52778716350588E-02 
1940	 8.86422970318358E-02 
1941	 8.55478637611023E-02 
1942	 8.80427468334975E-02 
1943	 8.14559700844069E-02 
1944	 0.078880562649644 
1945	 8.23794557732566E-02 
1946	 8.14458294993701E-02 
1947	 7.81946175071511E-02 
1948	 7.53788093998177E-02 
1949	 8.16845538248772E-02 
1950	 0.086598528952594 
1951	 0.087602763813578 
1952	 8.81074591623213E-02 
1953	 8.13073139366162E-02 
1954	 0.076367343636695 
1955	 7.88855361098428E-02 
1956	 7.95160674343552E-02 
1957	 7.85553066872014E-02 
1958	 7.94677792699053E-02 
1959	 8.00794770111703E-02 
1960	 0.079210374860367 
1961	 7.90094643771354E-02 
1962	 8.08854874081662E-02 
1963	 8.19738363789999E-02 
1964	 8.12336103220654E-02 
1965	 8.10361910829182E-02 
1966	 8.13615087714945E-02 
1967	 8.05018528753777E-02 
1968	 7.98918427264677E-02 
1969	 8.08667608462491E-02 
1970	 8.32032486810039E-02 
1971	 8.54732917822907E-02 
1972	 0.085340192031017 
1973	 8.52743980795277E-02 
1974	 8.63167413106826E-02 
1975	 8.59892375204123E-02 
1976	 8.59311426216647E-02 
1977	 0.086817857895805 
1978	 8.66023651177779E-02 
1979	 8.61358007734211E-02 
1980	 8.60047515403027E-02 
1981	 8.64484896279531E-02 
1982	 8.70505268493859E-02 
1983	 8.76798548993963E-02 
1984	 8.79914834287939E-02 
1985	 8.87196822616881E-02 
1986	 8.89770049224641E-02 
1987	 8.90768650407961E-02 
1988	 8.96410849048418E-02 
1989	 0.090471122747045 
1990	 9.17910985415009E-02 
1991	 9.18385047861419E-02 
1992	 9.12674435050706E-02 
1993	 9.15534853555059E-02 
1994	 9.19922176658933E-02 
1995	 9.21407552204026E-02 
1996	 9.26332459961206E-02 
1997	 9.40169191367347E-02 
1998	 9.41976105308946E-02 
1999	 9.44141210469777E-02 
2000	 9.55106365788465E-02 
2001	 9.56180404558708E-02 
2002	 9.60480306171381E-02 
2003	 9.73244551110821E-02 
2004	 9.81314660708583E-02 
2005	 9.90959630979446E-02 
2006	 0.100257567398839 
2007	 0.100935103372054 
2008	 0.102613149165655 
2009	 0.105527696821395 
2010	 0.106722203161392 
2011	 0.107731285853589 
2012	 0.108479436234438 
2013	 0.108658923713839 
2014	 0.108819080167206 
2015	 0.1106213817238 
2016	 0.112910789789914 
2017	 0.112489749904557 
2018	 0.11169814042925 
2019	 0.111884748817174 
2020	 0.112058569389291 
2021	 0.111957660740657 
2022	 0.112155596269896 
2023	 0.112287560507138 
2024	 0.112695998276461 
2025	 0.112719521041391 
2026	 0.112185103285278 
2027	 0.112521569656595 
2028	 0.113204944431568 
2029	 0.112812197562617 
2030	 0.112314257704341 
2031	 0.112996592549214 
2032	 0.113645267354955 
2033	 0.114389729512308 
2034	 0.114725017708103 
2035	 0.115265663288434 
2036	 0.115851428149729 
2037	 0.115898891445137 
2038	 0.115222938729626 
2039	 0.115372344626919 
2040	 0.116358743006062 
2041	 0.116473258327761 
2042	 0.116605044104406 
2043	 0.117069095487779 
2044	 0.116863844336494 
2045	 0.117296569990832 
2046	 0.118729957539972 
2047	 0.119357164021549 
2048	 0.119474128801059 
2049	 0.119913020334888 
2050	 0.119997072045738 
2051	 0.120499356503938 
2052	 0.121458902772137 
2053	 0.122738470023249 
2054	 0.122724115925793 
2055	 0.122039001577976 
2056	 0.122532053908459 
2057	 0.122749702096023 
2058	 0.122989398188697 
2059	 0.124116983342168 
2060	 0.124802170977088 
2061	 0.124648365748053 
2062	 0.125072210106563 
2063	 0.126481926715711 
2064	 0.126697129515053 
2065	 0.126077184310607 
2066	 0.125719873475668 
2067	 0.125722100625269 
2068	 0.125746944851072 
2069	 0.127060139121785 
2070	 0.128542985395868 
2071	 0.128925932538532 
2072	 0.129289638636083 
2073	 0.129470306340039 
2074	 0.129403334778993 
2075	 0.129303666126571 
2076	 0.129055493200417 
2077	 0.129630695668834 
2078	 0.130673756202322 
2079	 0.130930252656182 
2080	 0.131325723421295 
2081	 0.131817340572334 
2082	 0.132372549734332 
2083	 0.132436310885256 
2084	 0.133087591255255 
2085	 0.134321772860605 
2086	 0.134569218615666 
2087	 0.13536750100946 
2088	 0.136354273789235 
2089	 0.136552719787098 
2090	 0.136881877962072 
2091	 0.136522967850391 
2092	 0.13686517120969 
2093	 0.137821044703498 
2094	 0.138361143544273 
2095	 0.138795703099121 
2096	 0.139397688944798 
2097	 0.139870214739128 
2098	 0.140480838336202 
2099	 0.141460596825025 
2100	 0.142339490088004 
2101	 0.142417701633309 
2102	 0.141698479481922 
2103	 0.142242985719586 
2104	 0.143281951288205 
2105	 0.142873797713605 
2106	 0.143182087190547 
2107	 0.144047441496334 
2108	 0.144640065477104 
2109	 0.144941169922496 
2110	 0.146232999471008 
2111	 0.147380608576065 
2112	 0.147471106352001 
2113	 0.147607160823556 
2114	 0.147973875185105 
2115	 0.149491268082882 
2116	 0.149415766860879 
2117	 0.150252319962122 
2118	 0.152167775743716 
2119	 0.15197976581441 
2120	 0.150943801442717 
2121	 0.150997003904646 
2122	 0.151365246188552 
2123	 0.151649646345804 
2124	 0.152141985372143 
2125	 0.153535015961555 
2126	 0.153829943161267 
2127	 0.153434508750123 
2128	 0.153686247770481 
2129	 0.153600764176227 
2130	 0.154061361073657 
2131	 0.155265541678037 
2132	 0.156016728464075 
2133	 0.157146316320403 
2134	 0.157367127727856 
2135	 0.157165992438993 
2136	 0.157829245683578 
2137	 0.158171246997151 
2138	 0.158791191110789 
2139	 0.159680682692865 
2140	 0.159873023173262 
2141	 0.160230327726403 
2142	 0.160742089720156 
2143	 0.161160543197498 
2144	 0.161847944274391 
2145	 0.162211434458142 
2146	 0.162113975549174 
2147	 0.162470625443657 
2148	 0.163055718866711 
2149	 0.163659408515808 
2150	 0.164428974250629 
2151	 0.164960677035084 
2152	 0.165801338311045 
2153	 0.165895627606334 
2154	 0.164987191088062 
2155	 0.165142799580261 
2156	 0.165520436353947 
2157	 0.165753946852846 
2158	 0.166360927964469 
2159	 0.166401260408093 
2160	 0.166724312855225 
2161	 0.167337180798902 
2162	 0.167757785903483 
2163	 0.16868414800157 
2164	 0.169070082505633 
2165	 0.168584542923735 
2166	 0.168662307881594 
2167	 0.168845896763304 
2168	 0.16911126407374 
2169	 0.169888362553837 
2170	 0.17007202839105 
2171	 0.169708625376974 
2172	 0.169901987503638 
2173	 0.170464933178978 
2174	 0.170037397149733 
2175	 0.1696557780585 
2176	 0.170383712372751 
2177	 0.170966340540179 
2178	 0.17119205657353 
2179	 0.171825358798927 
2180	 0.172388546575599 
2181	 0.172036351959344 
2182	 0.172407821473663 
2183	 0.173341198716604 
2184	 0.173177324635877 
2185	 0.173666794874189 
2186	 0.174642674284989 
2187	 0.174975574983003 
2188	 0.175127810678191 
2189	 0.175735854272629 
2190	 0.176430857515798 
2191	 0.176243496328998 
2192	 0.175649262155581 
2193	 0.175673268264243 
2194	 0.175447395723536 
2195	 0.175009884941953 
2196	 0.174825085806961 
2197	 0.174993858165764 
2198	 0.174913632221077 
2199	 0.174911342727358 
2200	 0.176047866971643 
2201	 0.176893160691556 
2202	 0.17681638036544 
2203	 0.176948371487765 
2204	 0.177487004885035 
2205	 0.17757618512043 
2206	 0.176852252591084 
2207	 0.176950538315603 
2208	 0.177841500787328 
2209	 0.178508464772584 
2210	 0.17842672868016 
2211	 0.178339095510828 
2212	 0.178068176172554 
2213	 0.176503507688602 
2214	 0.176255965944441 
2215	 0.177303375539381 
2216	 0.177509853990075 
2217	 0.177523779782576 
2218	 0.177448494925156 
2219	 0.176958486220393 
2220	 0.176694808332801 
2221	 0.176237045651125 
2222	 0.176742264298378 
2223	 0.176395483341875 
2224	 0.176185027270055 
2225	 0.177986396885502 
2226	 0.178366075591402 
2227	 0.177792634593733 
2228	 0.178843417093745 
2229	 0.177638349717682 
2230	 0.175446523380635 
2231	 0.175658720712672 
2232	 0.175375321115182 
2233	 0.174708377648775 
2234	 0.174386425816829 
2235	 0.173669626684433 
2236	 0.173613768110254 
2237	 0.173643591922319 
2238	 0.175044695075701 
2239	 0.174767830891391 
2240	 0.17322780579519 
2241	 0.172279998738405 
2242	 0.171082417004553 
2243	 0.170357856430827 
2244	 0.169964093429081 
2245	 0.169595023083104 
2246	 0.169510885487682 
2247	 0.16878231195763 
2248	 0.167316638311921 
2249	 0.166944900051137 
2250	 0.166770544154086 
2251	 0.16725864289815 
2252	 0.167088049565631 
2253	 0.16673248556978 
2254	 0.166562345745068 
2255	 0.165951324960485 
2256	 0.165846745666921 
2257	 0.166373281720059 
2258	 0.166572471920753 
2259	 0.16571782055596 
2260	 0.16419121093303 
2261	 0.163708465419201 
2262	 0.163010307940382 
2263	 0.161057066253835 
2264	 0.159634984181578 
2265	 0.158640839059321 
2266	 0.158738001188089 
2267	 0.159536856706252 
2268	 0.160019367262345 
2269	 0.160991840746799 
2270	 0.16050665176711 
2271	 0.160046017810101 
2272	 0.159809358615231 
2273	 0.159342123778509 
2274	 0.1590418346992 
2275	 0.159366401963107 
2276	 0.158963984870131 
2277	 0.15859717160509 
2278	 0.158612797645137 
2279	 0.158416310425112 
2280	 0.157380174021382 
2281	 0.155749329776459 
2282	 0.154644468719465 
2283	 0.153108082989797 
2284	 0.152400998353231 
2285	 0.15261029243389 
2286	 0.152494373970178 
2287	 0.15243664201742 
2288	 0.152806559078804 
2289	 0.151466923388144 
2290	 0.149386683721587 
2291	 0.149718488526382 
2292	 0.14925178828291 
2293	 0.147526343341367 
2294	 0.148956961192773 
2295	 0.149515175226651 
2296	 0.148130690012328 
2297	 0.149732744959506 
2298	 0.15135460366778 
2299	 0.150283996882199 
2300	 0.148685729895347 
2301	 0.147163990604655 
2302	 0.145238494309857 
2303	 0.144619111305601 
2304	 0.145096638238585 
2305	 0.14502979363042 
2306	 0.144606880391897 
2307	 0.143272664164324 
2308	 0.142961174704684 
2309	 0.142778232574673 
2310	 0.140993609926788 
2311	 0.141476539373989 
2312	 0.141164651049654 
2313	 0.137348693588481 
2314	 0.136744267044467 
2315	 0.138069267442109 
2316	 0.136860701977183 
2317	 0.137502385567254 
2318	 0.138848223239197 
2319	 0.138390456951391 
2320	 0.135148534588503 
2321	 0.134638794241637 
2322	 0.134698942977165 
2323	 0.133812230040588 
2324	 0.13437328768709 
2325	 0.133810911034176 
2326	 0.130388034012029 
2327	 0.129603095630719 
2328	 0.131508008363008 
2329	 0.131446845335652 
2330	 0.130929253625018 
2331	 0.131216277202594 
2332	 0.130683936699705 
2333	 0.128782621382244 
2334	 0.126649970501064 
2335	 0.127482239820835 
2336	 0.129970544367891 
2337	 0.129034781118523 
2338	 0.126663084867654 
2339	 0.126830498214678 
2340	 0.12599888523245 
2341	 0.125549899209185 
2342	 0.126949188061114 
2343	 0.13018343918878 
2344	 0.128150538907968 
2345	 0.126702479928441 
2346	 0.12888641551279 
2347	 0.127431418803524 
2348	 0.125634012439959 
2349	 0.124014107540802 
2350	 0.12367977533383 
2351	 0.124259879267676 
2352	 0.123321229026543 
2353	 0.122263299824086 
2354	 0.121380601607031 
2355	 0.121299204901827 
2356	 0.123169091103831 
2357	 0.124728570618758 
2358	 0.122870956583226 
2359	 0.121384325036955 
2360	 0.118719097716796 
2361	 0.115573378411491 
2362	 0.117835561458696 
2363	 0.12104209241214 
2364	 0.11914505331684 
2365	 0.116266760106354 
2366	 0.112774643569235 
2367	 0.107196930877668 
2368	 0.110019658941667 
2369	 0.116842152355196 
2370	 0.117433714574546 
2371	 0.116125467740223 
2372	 0.111573275107459 
2373	 0.102814925715051 
2374	 0.104358367001949 
2375	 0.111037472834124 
2376	 0.108543087218764 
2377	 0.105813659206998 
2378	 0.106382626212148 
2379	 0.105306019350367 
2380	 0.103144564688689 
2381	 0.108577507384373 
2382	 0.110889085296942 
2383	 0.102847349454529 
2384	 0.105796299305079 
2385	 0.111240145268326 
2386	 0.109819740234632 
2387	 0.109921928180758 
2388	 0.110175027763427 
2389	 0.110717343801675 
2390	 0.111445307901535 
2391	 0.113999580862005 
2392	 0.112526590876618 
2393	 0.109540126185765 
2394	 0.11143276053386 
2395	 0.111375261251413 
2396	 0.107961634014145 
2397	 0.103315315638041 
2398	 0.101140750256647 
2399	 0.106516082334996 
2400	 0.112304808514196 
2401	 0.110801804090401 
2402	 0.108664474480512 
2403	 0.102372304842856 
2404	 9.43051653302566E-02 
2405	 0.100187928489558 
2406	 0.100123040596382 
2407	 9.08298308011504E-02 
2408	 9.37199401131504E-02 
2409	 9.53510109832048E-02 
2410	 9.32110820460176E-02 
2411	 9.68322697533316E-02 
2412	 9.97425700461151E-02 
2413	 0.093821348743844 
2414	 8.66616988246548E-02 
2415	 8.33994159824389E-02 
2416	 7.36103078679368E-02 
2417	 7.61631914319932E-02 
2418	 9.51196173253941E-02 
2419	 0.096473974483785 
2420	 8.66599593919764E-02 
2421	 8.55936898722622E-02 
2422	 8.10624638820939E-02 
2423	 8.51101620300023E-02 
2424	 9.86024215277611E-02 
2425	 9.54222759815231E-02 
2426	 9.42263058501975E-02 
2427	 8.85219576840644E-02 
2428	 7.16709961437127E-02 
2429	 7.99564216091344E-02 
2430	 8.66835618763066E-02 
2431	 7.89411912783248E-02 
2432	 0.083507008118062 
2433	 7.11000659849441E-02 
2434	 4.71629389310427E-02 
2435	 5.91212040069256E-02 
2436	 7.61375252290619E-02 
2437	 0.078811756986337 
2438	 9.35961135152904E-02 
2439	 9.59680263726968E-02 
2440	 8.49773257801576E-02 
2441	 9.09332503368783E-02 
2442	 9.63548401738532E-02 
2443	 8.35252972358879E-02 
2444	 7.95444700702855E-02 
2445	 8.08548292908112E-02 
2446	 6.47289911759917E-02 
2447	 6.46547041793926E-02 
2448	 6.58994159560837E-02 
2449	 7.31587699190114E-02 
2450	 9.63615957297855E-02 
2451	 8.94171325538105E-02 
2452	 9.76626813435637E-02 
2453	 0.112703106227533 
2454	 0.092730110575882 
2455	 7.33508501486239E-02 
2456	 4.92506466794053E-02 
2457	 4.02328274824549E-02 
2458	 6.74103707520521E-02 
2459	 0.10120076320165 
2460	 0.109439650906432 
2461	 7.28416528914097E-02 
2462	 4.06758936961994E-02 
2463	 4.33654440873734E-02 
2464	 5.22456356563687E-02 
2465	 8.67759590231912E-02 
2466	 9.91952769894093E-02 
2467	 6.89755633319086E-02 
2468	 7.66421666518772E-02 
2469	 6.71775160269431E-02 
2470	 5.29610624882083E-02 
2471	 0.047260620655164 
2472	 4.82933893853343E-03 
2473	-4.84850213523721E-03 
2474	 5.22891036411004E-02 
2475	 5.53310244593934E-02 
2476	 2.67037234390606E-02 
2477	 5.15387352155278E-02 
2478	 9.16887359805887E-02 
2479	 0.140014123910622 
2480	 0.132551387187424 
2481	 7.13522311484152E-02 
2482	 0.031712578721311 
2483	 1.40588116631264E-02 
2484	 4.62971659198309E-02 
2485	 0.120049299298929 
2486	 0.166615249991876 
2487	 0.119459719149901 
2488	 0.134521894807471 
2489	 0.137960735931835 
2490	 7.40248599370234E-02 
2491	 0.112074423348211 
2492	 4.21827949136702E-02 
2493	 0.117771656044396 
2494	 0.217211638116766 
2495	 0.276123955087757 
2496	 0.508049769213201 
2497	 0.440077178799538 
2498	 0.217354645533522 
2499	 0.186637108290439 
2500	 0.123399057670939 
