Wavelength	09/27/123 at 12:39:47
350	 1.81636584791911E-02 
351	 1.82111252429467E-02 
352	 1.82813597163159E-02 
353	 1.81278082661338E-02 
354	 1.76861249261408E-02 
355	 1.80734718633091E-02 
356	 1.82962831954047E-02 
357	 1.79052864868035E-02 
358	 1.79836436363684E-02 
359	 1.81642987165818E-02 
360	 1.81064617325976E-02 
361	 1.76039640146731E-02 
362	 1.78650501143091E-02 
363	 1.82649806177213E-02 
364	 1.83078165448494E-02 
365	 0.018141666041098 
366	 0.018022981545139 
367	 1.79472180228061E-02 
368	 1.78101837080242E-02 
369	 0.017938288092332 
370	 1.79795686977621E-02 
371	 1.77550035686286E-02 
372	 1.75951310656538E-02 
373	 1.78247748090091E-02 
374	 1.81354445662791E-02 
375	 0.017965186994512 
376	 1.81476838557439E-02 
377	 1.82829305355664E-02 
378	 1.81240333365899E-02 
379	 1.80899041216049E-02 
380	 1.81741661718808E-02 
381	 1.82343864392104E-02 
382	 1.81054019875043E-02 
383	 1.83556608426791E-02 
384	 1.86160700900169E-02 
385	 1.86186829073832E-02 
386	 1.85608135549801E-02 
387	 1.86518194830805E-02 
388	 1.87849457439406E-02 
389	 0.018757394097424 
390	 1.89670859859902E-02 
391	 1.91372762495155E-02 
392	 1.91524532425944E-02 
393	 1.93080633887666E-02 
394	 1.95956970558217E-02 
395	 1.98368481114363E-02 
396	 1.98451153386202E-02 
397	 1.99800182480545E-02 
398	 2.01977689560407E-02 
399	 2.04196353457385E-02 
400	 2.05793236472299E-02 
401	 2.07416107622523E-02 
402	 0.020879621370306 
403	 0.020937730043398 
404	 0.020855284835555 
405	 2.09959791188138E-02 
406	 2.14113335615742E-02 
407	 2.15326542427805E-02 
408	 2.16699657484941E-02 
409	 2.18744050844941E-02 
410	 2.21046204837453E-02 
411	 2.23110494467472E-02 
412	 2.24788564835256E-02 
413	 2.26317862815526E-02 
414	 2.28520052002246E-02 
415	 2.30876062941331E-02 
416	 2.32502466244893E-02 
417	 2.32734186622657E-02 
418	 2.33428895827517E-02 
419	 2.34876762213597E-02 
420	 2.36893357426186E-02 
421	 2.38964243022571E-02 
422	 2.39418641399365E-02 
423	 2.39472479164289E-02 
424	 2.41097694647396E-02 
425	 2.43223643799375E-02 
426	 2.44515951587165E-02 
427	 2.44873142567993E-02 
428	 2.46121594501023E-02 
429	 2.46885172376598E-02 
430	 2.47381357354026E-02 
431	 2.48203836890645E-02 
432	 2.48870447037112E-02 
433	 2.49751230293718E-02 
434	 2.50608692714297E-02 
435	 2.50241244847289E-02 
436	 2.51104104641101E-02 
437	 2.52399716631686E-02 
438	 2.52698646758134E-02 
439	 2.52984166046029E-02 
440	 2.53823725402887E-02 
441	 2.54995693734771E-02 
442	 2.55288544477067E-02 
443	 2.55684255316373E-02 
444	 2.56125483875597E-02 
445	 2.56495429598184E-02 
446	 2.57907368616533E-02 
447	 0.025954676234866 
448	 2.60728482612223E-02 
449	 2.61046290239064E-02 
450	 2.61915799864064E-02 
451	 2.62934760198121E-02 
452	 2.63388145032041E-02 
453	 2.63868066467535E-02 
454	 2.64467796580026E-02 
455	 0.026516132055054 
456	 2.65811805606079E-02 
457	 2.66859632263844E-02 
458	 2.67788541443823E-02 
459	 2.68178364025882E-02 
460	 2.69206938720796E-02 
461	 2.69895544142004E-02 
462	 2.70085173462381E-02 
463	 2.70521662164055E-02 
464	 2.71429928821682E-02 
465	 2.72716000418652E-02 
466	 2.74101096028272E-02 
467	 2.75125252741936E-02 
468	 0.027600647878353 
469	 2.76781617595418E-02 
470	 2.77316065794401E-02 
471	 0.027766172817364 
472	 2.78234347347516E-02 
473	 2.79196008102163E-02 
474	 2.79659197923415E-02 
475	 2.80121356424345E-02 
476	 2.80440344483153E-02 
477	 2.80063512663087E-02 
478	 2.80691537342512E-02 
479	 2.81730693033404E-02 
480	 2.82465191353481E-02 
481	 2.83222054526565E-02 
482	 2.83701155990149E-02 
483	 2.84026688560548E-02 
484	 2.84604811487691E-02 
485	 2.85120520007233E-02 
486	 2.86093498553537E-02 
487	 0.028758272721159 
488	 2.88151096231691E-02 
489	 2.88497041327961E-02 
490	 2.89037120209944E-02 
491	 2.89986663521257E-02 
492	 2.90869120101696E-02 
493	 2.91620570421138E-02 
494	 2.92368715387771E-02 
495	 2.93479837327184E-02 
496	 2.94846922501787E-02 
497	 2.96258696914305E-02 
498	 2.97655973003693E-02 
499	 3.00946484266775E-02 
500	 3.04133446902438E-02 
501	 3.06275605615602E-02 
502	 0.030912147230452 
503	 3.12453226834831E-02 
504	 3.16240748932085E-02 
505	 3.20457245881619E-02 
506	 3.25045047169829E-02 
507	 3.29549207498193E-02 
508	 3.33881203286341E-02 
509	 3.38512130925587E-02 
510	 3.43088202433993E-02 
511	 0.034819933652812 
512	 3.54294375707478E-02 
513	 3.59374081715462E-02 
514	 3.64576588759891E-02 
515	 3.70289159397822E-02 
516	 3.75688449940457E-02 
517	 3.81986114015032E-02 
518	 0.03889690069463 
519	 3.95748107826184E-02 
520	 0.040096184288495 
521	 4.05877420200842E-02 
522	 4.11351981173107E-02 
523	 4.17718153620618E-02 
524	 4.23600448052483E-02 
525	 4.28818895967665E-02 
526	 4.33637982221005E-02 
527	 0.043869562676235 
528	 4.43922738634484E-02 
529	 4.48863556176509E-02 
530	 4.52998017477342E-02 
531	 4.57482037037278E-02 
532	 4.62051605855688E-02 
533	 4.66231583130803E-02 
534	 4.69754334544978E-02 
535	 4.73553650750725E-02 
536	 4.77398423022577E-02 
537	 0.048049415730181 
538	 4.83825613253013E-02 
539	 0.048746300967333 
540	 4.91217779557607E-02 
541	 4.94619651381255E-02 
542	 4.98201164557246E-02 
543	 5.01660483906566E-02 
544	 5.04518567253258E-02 
545	 0.05074557982575 
546	 5.10739563883442E-02 
547	 5.14260503236286E-02 
548	 0.051733204588174 
549	 0.052061505585222 
550	 5.24173074481313E-02 
551	 5.27884234215095E-02 
552	 5.31752537733351E-02 
553	 5.35143183438973E-02 
554	 5.37987901582583E-02 
555	 0.05409474181973 
556	 5.44335237200952E-02 
557	 5.47888923438624E-02 
558	 0.055128046296469 
559	 5.54828408074075E-02 
560	 5.58612890824579E-02 
561	 5.62711834893632E-02 
562	 5.67258926691242E-02 
563	 0.057208824978513 
564	 5.77115280642036E-02 
565	 0.058229063597683 
566	 5.87434146983294E-02 
567	 5.93808447220806E-02 
568	 6.00954095305189E-02 
569	 6.07452399403104E-02 
570	 6.14932971022006E-02 
571	 6.23228050020431E-02 
572	 6.31921160942709E-02 
573	 6.40768793807164E-02 
574	 0.065112310392929 
575	 6.62638767492207E-02 
576	 0.067429721567801 
577	 6.88114083302006E-02 
578	 7.02808605487652E-02 
579	 7.17818563262616E-02 
580	 7.34273174350391E-02 
581	 7.51611936049397E-02 
582	 7.70271093735329E-02 
583	 0.079065930941825 
584	 8.11853914421084E-02 
585	 8.35071340306624E-02 
586	 8.60230363011034E-02 
587	 8.86190669549975E-02 
588	 9.13117890464811E-02 
589	 9.42044605405069E-02 
590	 9.72125877871239E-02 
591	 0.100178225983371 
592	 0.103179123369326 
593	 0.106345683248857 
594	 0.109718045839517 
595	 0.113224757886513 
596	 0.116833729233872 
597	 0.120572432241889 
598	 0.124523443675333 
599	 0.128569439876041 
600	 0.132700320768336 
601	 0.136970736294945 
602	 0.141324524576305 
603	 0.145701291700485 
604	 0.150091604783968 
605	 0.15452476251554 
606	 0.158976825611367 
607	 0.163434668939078 
608	 0.167913353011378 
609	 0.172405067699517 
610	 0.176842131448958 
611	 0.181230782216323 
612	 0.185693093132248 
613	 0.190086206515607 
614	 0.194443926444203 
615	 0.198813933936441 
616	 0.203146836485755 
617	 0.207466675725413 
618	 0.211684390241571 
619	 0.215817673193914 
620	 0.219894329653831 
621	 0.223918882139441 
622	 0.227911663198901 
623	 0.231885853789895 
624	 0.235821012316374 
625	 0.239686226917564 
626	 0.243434341662476 
627	 0.247112020483432 
628	 0.250749632862322 
629	 0.254282807278806 
630	 0.257608830756913 
631	 0.260872704169319 
632	 0.264013264822393 
633	 0.266977472870587 
634	 0.269923090035074 
635	 0.272758075427693 
636	 0.275434965503504 
637	 0.277940895316192 
638	 0.280293228483323 
639	 0.282505111730789 
640	 0.284629105157418 
641	 0.286808022545543 
642	 0.288900265691491 
643	 0.290772223802552 
644	 0.292383037863238 
645	 0.294067932864173 
646	 0.295756835638034 
647	 0.297369654442104 
648	 0.29887645071222 
649	 0.300379590992598 
650	 0.301827123650084 
651	 0.303162431754156 
652	 0.304411984833565 
653	 0.305511074170434 
654	 0.30650081301819 
655	 0.307541397613261 
656	 0.308906896903645 
657	 0.310085016904303 
658	 0.310809467163184 
659	 0.311453000279676 
660	 0.312133299285106 
661	 0.312794589156676 
662	 0.313355491355533 
663	 0.31391571129843 
664	 0.314517506074918 
665	 0.315092211076273 
666	 0.315477244905334 
667	 0.315898777832026 
668	 0.316371434011841 
669	 0.316874993389099 
670	 0.317428756248651 
671	 0.318006234979572 
672	 0.318529113151186 
673	 0.318931221567476 
674	 0.319467668657938 
675	 0.319960280524462 
676	 0.320358319316782 
677	 0.320878606600657 
678	 0.321443561884645 
679	 0.322025495466795 
680	 0.322625201444301 
681	 0.323291198990358 
682	 0.323963917864464 
683	 0.324682001646923 
684	 0.325556932845728 
685	 0.326755215192038 
686	 0.328355260259826 
687	 0.330278835288779 
688	 0.331830156032911 
689	 0.333203373108911 
690	 0.334509335360992 
691	 0.335826824205737 
692	 0.337485007527865 
693	 0.339363639817254 
694	 0.341391223489941 
695	 0.343510368859535 
696	 0.345632418541638 
697	 0.347782758427387 
698	 0.350063801912444 
699	 0.352468368217748 
700	 0.355003516688609 
701	 0.357515560894555 
702	 0.359848541030097 
703	 0.362274208328386 
704	 0.364647370082245 
705	 0.366910338007688 
706	 0.369072880938457 
707	 0.371313797097789 
708	 0.373619605566268 
709	 0.37593279216047 
710	 0.378147680187222 
711	 0.380425850226797 
712	 0.382802965070388 
713	 0.385222088338794 
714	 0.38752098644405 
715	 0.389765715638897 
716	 0.392142069523289 
717	 0.39480752804718 
718	 0.397622681258556 
719	 0.400396363708238 
720	 0.402858324939012 
721	 0.404789109074014 
722	 0.40668555851995 
723	 0.408863734164346 
724	 0.411224262681647 
725	 0.413598762027474 
726	 0.415793620877233 
727	 0.417832334095768 
728	 0.419853142891775 
729	 0.421757436621877 
730	 0.423522211066085 
731	 0.4251549379129 
732	 0.426728129901368 
733	 0.428168617841694 
734	 0.429571966237044 
735	 0.431078719255405 
736	 0.432594098788583 
737	 0.433963746556816 
738	 0.435171494512603 
739	 0.436373944328742 
740	 0.437620055834759 
741	 0.438799184397983 
742	 0.439817250131483 
743	 0.440780982582374 
744	 0.441720455919286 
745	 0.442573802970886 
746	 0.443269528599626 
747	 0.444152009576668 
748	 0.44494432290971 
749	 0.445559719842696 
750	 0.446238067789442 
751	 0.446864352576165 
752	 0.44742938743989 
753	 0.447967147258428 
754	 0.448592376012283 
755	 0.44910823518961 
756	 0.449506299637923 
757	 0.449994193320533 
758	 0.451548232911148 
759	 0.454498073212417 
760	 0.458561381961908 
761	 0.460263978517407 
762	 0.460523598861901 
763	 0.459835875772243 
764	 0.458534538495663 
765	 0.456935985646703 
766	 0.455692946030885 
767	 0.454916326096879 
768	 0.454556913059637 
769	 0.454482377708896 
770	 0.454457829728757 
771	 0.45446297240629 
772	 0.454648125832828 
773	 0.454934794270275 
774	 0.455188556534402 
775	 0.455377691009796 
776	 0.455675361497875 
777	 0.455905335327634 
778	 0.456115078555901 
779	 0.456384326825173 
780	 0.456678325297522 
781	 0.456892910237185 
782	 0.457021454229844 
783	 0.457140923096158 
784	 0.457440697565581 
785	 0.457759899551499 
786	 0.458021782791252 
787	 0.458320135514243 
788	 0.458590090613973 
789	 0.458850746046306 
790	 0.45910764512633 
791	 0.459262259699316 
792	 0.459479096286874 
793	 0.459772893429578 
794	 0.460084191516832 
795	 0.460350774367254 
796	 0.460530240884677 
797	 0.460674327123108 
798	 0.460904868681334 
799	 0.46114135111011 
800	 0.461391560829075 
801	 0.461622139861925 
802	 0.461718269945398 
803	 0.461824909464189 
804	 0.462010227404711 
805	 0.462255872923918 
806	 0.462332981855606 
807	 0.462577536514261 
808	 0.462964740873763 
809	 0.46327397944085 
810	 0.463452124506669 
811	 0.463693590205622 
812	 0.464060444076943 
813	 0.464460872295741 
814	 0.464939284089936 
815	 0.465331759008485 
816	 0.465573413018132 
817	 0.465903017545839 
818	 0.465752745253271 
819	 0.465568542430386 
820	 0.465856333976343 
821	 0.466380618078313 
822	 0.466636381394514 
823	 0.466528929284878 
824	 0.466279725996541 
825	 0.466338764508894 
826	 0.466575483751052 
827	 0.466816309666722 
828	 0.466900625671281 
829	 0.466809654665247 
830	 0.46676426672735 
831	 0.466869458318376 
832	 0.466961626804484 
833	 0.466995027579557 
834	 0.466912904078733 
835	 0.46679058959955 
836	 0.467008148355644 
837	 0.467229549200927 
838	 0.467365826361031 
839	 0.467455587483556 
840	 0.467586341935779 
841	 0.46776143112194 
842	 0.467947319680206 
843	 0.468075591065902 
844	 0.46810788048241 
845	 0.46817397138828 
846	 0.468326265950587 
847	 0.468491522719622 
848	 0.468587882831053 
849	 0.468743024162075 
850	 0.468988323057391 
851	 0.468983300541267 
852	 0.469200587544608 
853	 0.469500459978436 
854	 0.469610926462058 
855	 0.469597847043062 
856	 0.469685070324105 
857	 0.469855105614496 
858	 0.469959438756253 
859	 0.470020919869746 
860	 0.470132332222704 
861	 0.470298296259401 
862	 0.470452097262208 
863	 0.470701321068932 
864	 0.470860183450191 
865	 0.470843563324513 
866	 0.470816881912621 
867	 0.470741733553665 
868	 0.470776918220935 
869	 0.471039940386287 
870	 0.471492994441643 
871	 0.471676318340442 
872	 0.47158079549778 
873	 0.471437947419879 
874	 0.471611295241013 
875	 0.471821931209405 
876	 0.471993341729501 
877	 0.472140692184939 
878	 0.47223906469009 
879	 0.472298395446662 
880	 0.472392151105729 
881	 0.472629880293988 
882	 0.472685545454861 
883	 0.472677095331864 
884	 0.472717913499645 
885	 0.472843840555853 
886	 0.472971464401145 
887	 0.47299100771609 
888	 0.472958506441641 
889	 0.473159551343832 
890	 0.473212642333522 
891	 0.473224261724281 
892	 0.47336267455273 
893	 0.473643376322806 
894	 0.474032846465181 
895	 0.474351352686936 
896	 0.474503350354882 
897	 0.474976232627118 
898	 0.475335036141285 
899	 0.475342569392208 
900	 0.475002853724724 
901	 0.474763876893665 
902	 0.474577068682373 
903	 0.474495395192303 
904	 0.474609147690484 
905	 0.474861296461436 
906	 0.475270085149579 
907	 0.475691624025316 
908	 0.4758044476287 
909	 0.475566866037963 
910	 0.475298024559041 
911	 0.475245589648667 
912	 0.475413805522193 
913	 0.47543942905857 
914	 0.475257700845734 
915	 0.475015167986388 
916	 0.475035783543357 
917	 0.475053194927745 
918	 0.475011792016421 
919	 0.474857831094908 
920	 0.474427721954218 
921	 0.474138040673179 
922	 0.474056818952016 
923	 0.474049967387722 
924	 0.473693220928048 
925	 0.473709728802989 
926	 0.473756016083626 
927	 0.47328913536166 
928	 0.473467169361307 
929	 0.474238194321348 
930	 0.474983009942607 
931	 0.474814148438707 
932	 0.474659077322072 
933	 0.473898794794094 
934	 0.472708274239188 
935	 0.471854511553338 
936	 0.470246404437322 
937	 0.46941342994148 
938	 0.469192500364711 
939	 0.468212793827843 
940	 0.467841186146928 
941	 0.467863522903263 
942	 0.468113028047586 
943	 0.468551089729319 
944	 0.468088064649806 
945	 0.466829863922283 
946	 0.465126283192257 
947	 0.463377974829204 
948	 0.462186002167209 
949	 0.461833541431074 
950	 0.461677840751669 
951	 0.460185724796591 
952	 0.458938532844232 
953	 0.457907947886475 
954	 0.457045114780889 
955	 0.456705296982276 
956	 0.455983057596861 
957	 0.454927789309484 
958	 0.45394877210293 
959	 0.453581841107283 
960	 0.453651855426838 
961	 0.453384196473201 
962	 0.452564817227759 
963	 0.452307188094306 
964	 0.452005839519855 
965	 0.451588852356787 
966	 0.451072291640154 
967	 0.450332836558663 
968	 0.450286039563428 
969	 0.450773640264815 
970	 0.451212087511167 
971	 0.450821444007103 
972	 0.450803023129892 
973	 0.451163839365235 
974	 0.451434401901696 
975	 0.451098381767758 
976	 0.450871158558268 
977	 0.450905243137053 
978	 0.451103001773982 
979	 0.451327767973981 
980	 0.451214644043335 
981	 0.450846738075163 
982	 0.450590875692614 
983	 0.451061488254546 
984	 0.451984971050636 
985	 0.452258076617969 
986	 0.451394128713679 
987	 0.452092482992026 
988	 0.452442821360552 
989	 0.45255614401438 
990	 0.453046598065774 
991	 0.453151519661486 
992	 0.453263628952561 
993	 0.453754455199481 
994	 0.454587500570561 
995	 0.45431124926906 
996	 0.454466412895124 
997	 0.454768191656601 
998	 0.454564513496747 
999	 0.454975934815657 
1000	 0.455395227300177 
1001	 0.450902490716562 
1002	 0.451482570530137 
1003	 0.45201170191025 
1004	 0.452387038464081 
1005	 0.452513517120696 
1006	 0.452873501958043 
1007	 0.453202184325232 
1008	 0.453626887382 
1009	 0.454187549682005 
1010	 0.454625467829131 
1011	 0.455183108193599 
1012	 0.455655820550917 
1013	 0.45602861805774 
1014	 0.456594714758216 
1015	 0.456898057841241 
1016	 0.457189184754814 
1017	 0.457675580830736 
1018	 0.458350984196146 
1019	 0.458795965074262 
1020	 0.459155573126889 
1021	 0.459599334083278 
1022	 0.459849648141985 
1023	 0.460163472778038 
1024	 0.460663712149149 
1025	 0.46100192930468 
1026	 0.461232089311083 
1027	 0.461525303235963 
1028	 0.461862772318804 
1029	 0.462339208540983 
1030	 0.462923375374066 
1031	 0.463378180535746 
1032	 0.463792261962331 
1033	 0.464126146972485 
1034	 0.464338939227089 
1035	 0.464541520405058 
1036	 0.464861532849625 
1037	 0.465242855627581 
1038	 0.4657652136964 
1039	 0.466213125599368 
1040	 0.466497300670051 
1041	 0.466765669547974 
1042	 0.466974113624763 
1043	 0.467208450602849 
1044	 0.467477215300266 
1045	 0.467776791499724 
1046	 0.468088793580738 
1047	 0.468478871423575 
1048	 0.468884881323751 
1049	 0.469294737693016 
1050	 0.469581563813876 
1051	 0.469857090737852 
1052	 0.47017282949327 
1053	 0.470337896594017 
1054	 0.470671981545863 
1055	 0.471126253514615 
1056	 0.471328792670169 
1057	 0.471555993057673 
1058	 0.471771285783207 
1059	 0.472069044633596 
1060	 0.472320988623923 
1061	 0.472639743271244 
1062	 0.473004491227326 
1063	 0.473336111690682 
1064	 0.473596964562402 
1065	 0.473827705668544 
1066	 0.474182244286945 
1067	 0.474363974577894 
1068	 0.47430556722426 
1069	 0.474439298915577 
1070	 0.474641251322416 
1071	 0.474928929259045 
1072	 0.475167031215806 
1073	 0.475558566115544 
1074	 0.475717760832746 
1075	 0.475687076091795 
1076	 0.475767062339271 
1077	 0.475811580345066 
1078	 0.475989883430558 
1079	 0.476124983929953 
1080	 0.476046469966447 
1081	 0.476030955116597 
1082	 0.47593912743079 
1083	 0.475953512019769 
1084	 0.476096959030022 
1085	 0.476141668170519 
1086	 0.476158378205182 
1087	 0.476163326823052 
1088	 0.476046594328503 
1089	 0.476074353882271 
1090	 0.476190427206922 
1091	 0.476238987745763 
1092	 0.476317376187974 
1093	 0.476271512181468 
1094	 0.476133068039799 
1095	 0.476298543982062 
1096	 0.476426835519974 
1097	 0.476763991461626 
1098	 0.476844711706609 
1099	 0.47687492098178 
1100	 0.47682823298328 
1101	 0.476590645742251 
1102	 0.476450606719405 
1103	 0.476347559549856 
1104	 0.476227183605328 
1105	 0.476024488048096 
1106	 0.475954109912307 
1107	 0.476164726543012 
1108	 0.475972963365875 
1109	 0.475847304760313 
1110	 0.47581143418657 
1111	 0.475607941933206 
1112	 0.47498532601531 
1113	 0.474903090737011 
1114	 0.475022550971931 
1115	 0.475232895684109 
1116	 0.476119771784832 
1117	 0.476380516125667 
1118	 0.476390112928504 
1119	 0.476317188788641 
1120	 0.47545494196347 
1121	 0.475203639298568 
1122	 0.475379581675532 
1123	 0.475382666403604 
1124	 0.475459502689959 
1125	 0.476100992501382 
1126	 0.475873445449088 
1127	 0.475233183794872 
1128	 0.47441625885711 
1129	 0.473160077800262 
1130	 0.472056421534733 
1131	 0.471015981563221 
1132	 0.469676870070844 
1133	 0.468127383202635 
1134	 0.466833430745628 
1135	 0.465666977105126 
1136	 0.464229475069855 
1137	 0.463007897027704 
1138	 0.461472055739472 
1139	 0.459724497614508 
1140	 0.457311011877336 
1141	 0.455764924928774 
1142	 0.454476254706809 
1143	 0.452991527152314 
1144	 0.451971807677006 
1145	 0.450310582790472 
1146	 0.448181081588049 
1147	 0.446291531555541 
1148	 0.444141954778476 
1149	 0.44243139862236 
1150	 0.441100218993206 
1151	 0.439583034005544 
1152	 0.43822521153395 
1153	 0.436864816856784 
1154	 0.435491604329021 
1155	 0.434030500761226 
1156	 0.432858459225712 
1157	 0.431707153727727 
1158	 0.430844012267198 
1159	 0.430252936446578 
1160	 0.429447253126465 
1161	 0.428583825544328 
1162	 0.428048814366781 
1163	 0.427508085699366 
1164	 0.427053405673745 
1165	 0.426883131568314 
1166	 0.426604194502089 
1167	 0.426187579126895 
1168	 0.425885216087177 
1169	 0.425688945159947 
1170	 0.425456847394537 
1171	 0.425145210033168 
1172	 0.42496375637721 
1173	 0.424878982040823 
1174	 0.424795065746192 
1175	 0.424604467626094 
1176	 0.424328742229543 
1177	 0.424260165297981 
1178	 0.42421080309489 
1179	 0.424204349363418 
1180	 0.424477847601042 
1181	 0.42443561359662 
1182	 0.42408369002283 
1183	 0.423948869796061 
1184	 0.423831854952155 
1185	 0.423755345296159 
1186	 0.423833997551312 
1187	 0.423831571078684 
1188	 0.423854549533333 
1189	 0.423725791214183 
1190	 0.423645328924204 
1191	 0.423621533288515 
1192	 0.423608555745538 
1193	 0.423698154439891 
1194	 0.423745662497169 
1195	 0.423792048111605 
1196	 0.423869506883793 
1197	 0.423991584554145 
1198	 0.424034259304381 
1199	 0.424103076988543 
1200	 0.424147753921936 
1201	 0.424042075230916 
1202	 0.424077747261581 
1203	 0.424237404667346 
1204	 0.424314302068305 
1205	 0.424307392581275 
1206	 0.424524111362111 
1207	 0.424721475414649 
1208	 0.424930131923807 
1209	 0.425357648822095 
1210	 0.425630635827599 
1211	 0.425897566520629 
1212	 0.426091299944016 
1213	 0.426143702060398 
1214	 0.426374173588215 
1215	 0.426574748454932 
1216	 0.42672942053872 
1217	 0.426982528591834 
1218	 0.427361336141089 
1219	 0.427649656700446 
1220	 0.427979550988093 
1221	 0.428211671666249 
1222	 0.428252608976986 
1223	 0.428457038971738 
1224	 0.428654062379154 
1225	 0.429003259668694 
1226	 0.429373404978554 
1227	 0.429742319632094 
1228	 0.42994516323663 
1229	 0.430103194129099 
1230	 0.430382481348419 
1231	 0.430708005340126 
1232	 0.431039131077143 
1233	 0.431350009120081 
1234	 0.431502570151315 
1235	 0.431679144451772 
1236	 0.43196169262908 
1237	 0.432331118898381 
1238	 0.43261956222873 
1239	 0.432955989812409 
1240	 0.433252447757941 
1241	 0.433526618155894 
1242	 0.433794310133866 
1243	 0.434052598676616 
1244	 0.434312037825648 
1245	 0.434607666939869 
1246	 0.434759138110195 
1247	 0.434989634781057 
1248	 0.435417155679642 
1249	 0.435782390861637 
1250	 0.436067839355872 
1251	 0.436372933880312 
1252	 0.436641667926764 
1253	 0.436911060349765 
1254	 0.437233544716819 
1255	 0.437536883807404 
1256	 0.437784923242479 
1257	 0.438079535860323 
1258	 0.438395435834071 
1259	 0.438676310881605 
1260	 0.439022786097714 
1261	 0.439302057101865 
1262	 0.439488220593928 
1263	 0.439757294230838 
1264	 0.440002698566566 
1265	 0.440143528977376 
1266	 0.440446260434976 
1267	 0.44070834959336 
1268	 0.440858512150062 
1269	 0.441040651442489 
1270	 0.441036647743831 
1271	 0.4408738219166 
1272	 0.440810892840948 
1273	 0.440786573125896 
1274	 0.44075878976918 
1275	 0.440758508401155 
1276	 0.440554673127985 
1277	 0.440258553488874 
1278	 0.440084305657852 
1279	 0.439873387411007 
1280	 0.439609731102965 
1281	 0.439392113153296 
1282	 0.439108877439416 
1283	 0.438728431095243 
1284	 0.438309599714393 
1285	 0.437969931758138 
1286	 0.437666277265124 
1287	 0.437362268646552 
1288	 0.43722080073374 
1289	 0.437016157589524 
1290	 0.436745547006864 
1291	 0.436590775421459 
1292	 0.436123447942849 
1293	 0.435718209746511 
1294	 0.435582294841662 
1295	 0.435045690973068 
1296	 0.434621819168484 
1297	 0.434349168054837 
1298	 0.43365220240143 
1299	 0.433239152718491 
1300	 0.433046661669729 
1301	 0.432423976763352 
1302	 0.431899182929384 
1303	 0.431395190573956 
1304	 0.43067450157931 
1305	 0.43006060498257 
1306	 0.429537059659656 
1307	 0.429342133637081 
1308	 0.4286617747458 
1309	 0.427979638881575 
1310	 0.427403500688162 
1311	 0.426132406509648 
1312	 0.425086940224077 
1313	 0.42448382354588 
1314	 0.42348502910477 
1315	 0.422654351003215 
1316	 0.421809261925967 
1317	 0.420561434851841 
1318	 0.419373138601597 
1319	 0.418194939038682 
1320	 0.417174799304835 
1321	 0.416294066172072 
1322	 0.415289901302404 
1323	 0.414186884044604 
1324	 0.412991321406934 
1325	 0.411842362926504 
1326	 0.410634663784976 
1327	 0.409293229153264 
1328	 0.408105199975635 
1329	 0.406786666300771 
1330	 0.405353649794458 
1331	 0.403828436921368 
1332	 0.402678326272658 
1333	 0.401384000366901 
1334	 0.399942925782711 
1335	 0.398810673418794 
1336	 0.397310294776031 
1337	 0.39575688947128 
1338	 0.394687387724219 
1339	 0.393652454715111 
1340	 0.3927394547743 
1341	 0.391772457715809 
1342	 0.390433242926299 
1343	 0.388968844177561 
1344	 0.38788738756228 
1345	 0.387400332773442 
1346	 0.386926396997637 
1347	 0.38638574594596 
1348	 0.386104093368727 
1349	 0.385321957358157 
1350	 0.384313492964929 
1351	 0.383839031221234 
1352	 0.383395930159304 
1353	 0.382358040555672 
1354	 0.381262815074233 
1355	 0.380529467910287 
1356	 0.379159355783112 
1357	 0.378028413298721 
1358	 0.378189949179631 
1359	 0.377841343743207 
1360	 0.376552057196738 
1361	 0.373347150431019 
1362	 0.369112536692552 
1363	 0.360030396915204 
1364	 0.349627160152468 
1365	 0.347921017754552 
1366	 0.340130972837046 
1367	 0.324525637892027 
1368	 0.315316346446411 
1369	 0.279817699980736 
1370	 0.227996432613261 
1371	 0.206084484534284 
1372	 0.234647945155644 
1373	 0.299172288480379 
1374	 0.367659410963857 
1375	 0.43456603529379 
1376	 0.407312539682385 
1377	 0.286815095903719 
1378	 0.278006193307146 
1379	 0.352264812612732 
1380	 0.364097450335089 
1381	 0.416383863854574 
1382	 0.390066173507918 
1383	 0.272328117818351 
1384	 0.229976487755663 
1385	 0.237562592083569 
1386	 0.273073294110357 
1387	 0.302125682553646 
1388	 0.299936788740496 
1389	 0.304559063423442 
1390	 0.292337033071106 
1391	 0.2581181152184 
1392	 0.244636428086349 
1393	 0.244123134570451 
1394	 0.232371878226024 
1395	 0.230284659919221 
1396	 0.236916349463501 
1397	 0.264698151344223 
1398	 0.259641185185043 
1399	 0.232924524088411 
1400	 0.237833556034589 
1401	 0.220865911164627 
1402	 0.203693741544282 
1403	 0.215883037498928 
1404	 0.217288232350943 
1405	 0.206559256757123 
1406	 0.20508744394012 
1407	 0.201208562760779 
1408	 0.190316367851387 
1409	 0.186644296980375 
1410	 0.188646406441752 
1411	 0.187943068372811 
1412	 0.186288472749475 
1413	 0.185765421300255 
1414	 0.181828788647195 
1415	 0.177107318039947 
1416	 0.176404968417939 
1417	 0.175732181365856 
1418	 0.172466905827235 
1419	 0.171279307414019 
1420	 0.170504374567764 
1421	 0.166326963668477 
1422	 0.164976071318795 
1423	 0.16656175928194 
1424	 0.165105092654668 
1425	 0.163529244970785 
1426	 0.162925136456627 
1427	 0.162925769767962 
1428	 0.160478230574113 
1429	 0.159864937786382 
1430	 0.162261708004986 
1431	 0.162950097321424 
1432	 0.161848086406355 
1433	 0.160491016087692 
1434	 0.158916117733179 
1435	 0.157867526162714 
1436	 0.158124548382073 
1437	 0.15875771367661 
1438	 0.158207274464474 
1439	 0.157376618054223 
1440	 0.157321807558859 
1441	 0.157575941559887 
1442	 0.157273714043104 
1443	 0.156449630561464 
1444	 0.156087585521482 
1445	 0.15560941482488 
1446	 0.155132274907205 
1447	 0.155342594160447 
1448	 0.155304633499258 
1449	 0.15514984049183 
1450	 0.155484382069865 
1451	 0.155326582159887 
1452	 0.154769972545714 
1453	 0.154456160153926 
1454	 0.153983581427334 
1455	 0.15390499242891 
1456	 0.154564571867181 
1457	 0.155231498123157 
1458	 0.155381845251281 
1459	 0.155351625409393 
1460	 0.155598521548632 
1461	 0.15588707473884 
1462	 0.156198031552928 
1463	 0.156600998741455 
1464	 0.15688147044733 
1465	 0.157049933400316 
1466	 0.157518177952089 
1467	 0.158578593454568 
1468	 0.159556784984574 
1469	 0.159894789305994 
1470	 0.160584141919281 
1471	 0.161370229619556 
1472	 0.162430786479843 
1473	 0.163238743215841 
1474	 0.164426789114746 
1475	 0.165553327820182 
1476	 0.166080602149142 
1477	 0.16698485887127 
1478	 0.168158972722156 
1479	 0.169038747845629 
1480	 0.169968113885613 
1481	 0.171066957018024 
1482	 0.172026112127709 
1483	 0.172979177090708 
1484	 0.174178535887713 
1485	 0.175336915774553 
1486	 0.176323991898886 
1487	 0.177347809934941 
1488	 0.178351890859302 
1489	 0.179084187567731 
1490	 0.179919579991851 
1491	 0.181094199369098 
1492	 0.182218636570806 
1493	 0.183239659462962 
1494	 0.184129822668292 
1495	 0.184928330146941 
1496	 0.185812062953654 
1497	 0.186892963656665 
1498	 0.188169304303006 
1499	 0.189225724554387 
1500	 0.190125627067768 
1501	 0.191022524675043 
1502	 0.191912070679196 
1503	 0.19313339172397 
1504	 0.194466511527016 
1505	 0.195857322015248 
1506	 0.197212534919798 
1507	 0.198056664322636 
1508	 0.198979236781753 
1509	 0.200336149553162 
1510	 0.201664187267806 
1511	 0.20300097732609 
1512	 0.204244838843801 
1513	 0.20518519705412 
1514	 0.206241480770007 
1515	 0.207630809134592 
1516	 0.209039880267452 
1517	 0.210299145150847 
1518	 0.211363912723583 
1519	 0.212338213950588 
1520	 0.213554831618066 
1521	 0.214872078015663 
1522	 0.216052715438638 
1523	 0.217143555219012 
1524	 0.218159094090026 
1525	 0.219284999169285 
1526	 0.220594554894505 
1527	 0.221905465638451 
1528	 0.223096295387473 
1529	 0.224249261777095 
1530	 0.225436744194146 
1531	 0.226599003991216 
1532	 0.227841966355883 
1533	 0.229016727054309 
1534	 0.230060372782663 
1535	 0.231186367409121 
1536	 0.232379804689338 
1537	 0.233539721956137 
1538	 0.234727889091485 
1539	 0.23585746144087 
1540	 0.237028221464204 
1541	 0.238240173806414 
1542	 0.239205110793815 
1543	 0.240221278007286 
1544	 0.241331140760137 
1545	 0.242281175489793 
1546	 0.243450387397273 
1547	 0.244762254970479 
1548	 0.245915190613679 
1549	 0.246870966270155 
1550	 0.247606285522556 
1551	 0.248543877932674 
1552	 0.249637801320964 
1553	 0.25054071384672 
1554	 0.251637933048269 
1555	 0.252868325874458 
1556	 0.253827898126981 
1557	 0.254979281128528 
1558	 0.256338716669056 
1559	 0.257188311248734 
1560	 0.25797698817075 
1561	 0.259038789072263 
1562	 0.259881789898125 
1563	 0.260876239721102 
1564	 0.261987268923121 
1565	 0.262782191355241 
1566	 0.263680646290641 
1567	 0.264751293286723 
1568	 0.265730842147106 
1569	 0.26666562034558 
1570	 0.267464170067539 
1571	 0.268228874618706 
1572	 0.26921228131713 
1573	 0.270214582427532 
1574	 0.271102173202981 
1575	 0.272060947104293 
1576	 0.272878240337278 
1577	 0.27355022551735 
1578	 0.2744692452239 
1579	 0.275383159904119 
1580	 0.276127851637713 
1581	 0.276859248876198 
1582	 0.27756511872135 
1583	 0.278348282590261 
1584	 0.279127499368814 
1585	 0.279942989657945 
1586	 0.280746235925849 
1587	 0.281391413968514 
1588	 0.282292711162624 
1589	 0.283030261509163 
1590	 0.283462590214634 
1591	 0.28433930477992 
1592	 0.285157887334994 
1593	 0.285786183874267 
1594	 0.2866941323175 
1595	 0.28742846199538 
1596	 0.287990970701508 
1597	 0.288762785368837 
1598	 0.289583206877419 
1599	 0.290382497894174 
1600	 0.291159635148965 
1601	 0.291778229152526 
1602	 0.292461567173804 
1603	 0.293249823643965 
1604	 0.293952246550656 
1605	 0.29477633125702 
1606	 0.29566210301398 
1607	 0.296264140308765 
1608	 0.296592706174344 
1609	 0.297199184788207 
1610	 0.297981490479421 
1611	 0.298507674489204 
1612	 0.299187804688784 
1613	 0.299787350600606 
1614	 0.300212609979879 
1615	 0.300878130170696 
1616	 0.301512912280069 
1617	 0.302033259635753 
1618	 0.302453419232712 
1619	 0.302684140299829 
1620	 0.303168554856596 
1621	 0.303883846681776 
1622	 0.304357809313783 
1623	 0.305010159264186 
1624	 0.305719915580504 
1625	 0.305927430731456 
1626	 0.306231313151671 
1627	 0.3066403476361 
1628	 0.306938844157286 
1629	 0.307641640328058 
1630	 0.30834527952996 
1631	 0.308643671298232 
1632	 0.308948805135984 
1633	 0.309355227973725 
1634	 0.309900830715921 
1635	 0.310543293560621 
1636	 0.310891511674669 
1637	 0.311007292098814 
1638	 0.311324383488682 
1639	 0.311878209477028 
1640	 0.312721618615522 
1641	 0.313541775194059 
1642	 0.313560436249604 
1643	 0.31347189744695 
1644	 0.313719715366166 
1645	 0.313831087523918 
1646	 0.314289933046336 
1647	 0.314858575738796 
1648	 0.315161630389455 
1649	 0.315482733319526 
1650	 0.315870788978453 
1651	 0.316205116098365 
1652	 0.316373157693611 
1653	 0.316502957416916 
1654	 0.316593466650171 
1655	 0.316803138540659 
1656	 0.317020516058126 
1657	 0.31707569801813 
1658	 0.317295603226638 
1659	 0.317668883427723 
1660	 0.317841467457081 
1661	 0.318035790294158 
1662	 0.318371096562608 
1663	 0.318394662489606 
1664	 0.318484259195224 
1665	 0.318751214138987 
1666	 0.318661212255743 
1667	 0.318690165440107 
1668	 0.318967603327895 
1669	 0.319106231269574 
1670	 0.319433388122082 
1671	 0.319540347371435 
1672	 0.319111516486848 
1673	 0.318852718704968 
1674	 0.318783543219925 
1675	 0.318979549746526 
1676	 0.319349371359766 
1677	 0.319380058426087 
1678	 0.319306070946824 
1679	 0.319155298046592 
1680	 0.319029516725224 
1681	 0.319329147133308 
1682	 0.319322462111629 
1683	 0.319001569711436 
1684	 0.319033781776022 
1685	 0.31894502239632 
1686	 0.318856051618034 
1687	 0.318759557447072 
1688	 0.318103688509083 
1689	 0.317789366269157 
1690	 0.317844242905282 
1691	 0.317655475162243 
1692	 0.317804118853697 
1693	 0.317747623834667 
1694	 0.317256769217714 
1695	 0.317260982054693 
1696	 0.317396853322039 
1697	 0.317017477851596 
1698	 0.316508628902682 
1699	 0.31619518727558 
1700	 0.315887928853302 
1701	 0.315746814535761 
1702	 0.316194224074061 
1703	 0.316018092958643 
1704	 0.315292107911934 
1705	 0.314926641083628 
1706	 0.314335792797968 
1707	 0.314059052262739 
1708	 0.314385519137797 
1709	 0.314169623982326 
1710	 0.313759149397693 
1711	 0.313358972849763 
1712	 0.312504750898701 
1713	 0.312156548897035 
1714	 0.312410594405681 
1715	 0.311999798880743 
1716	 0.311335719924852 
1717	 0.310860318034628 
1718	 0.309981031322001 
1719	 0.309471325260727 
1720	 0.309517520566494 
1721	 0.309152222517879 
1722	 0.30851579345616 
1723	 0.308064063544146 
1724	 0.307673963117491 
1725	 0.307232863127789 
1726	 0.306860317331728 
1727	 0.306444087335931 
1728	 0.305895337013409 
1729	 0.30534383222204 
1730	 0.304704012404873 
1731	 0.304342882715993 
1732	 0.30419112040307 
1733	 0.303920486367733 
1734	 0.303826727122128 
1735	 0.30345731188662 
1736	 0.302909088749554 
1737	 0.30227231370467 
1738	 0.301532704249516 
1739	 0.300860163703469 
1740	 0.299802748520712 
1741	 0.299293171078582 
1742	 0.299268677410897 
1743	 0.29878341581415 
1744	 0.298499893336064 
1745	 0.298003687315221 
1746	 0.297087373684382 
1747	 0.296358089547101 
1748	 0.295671964252477 
1749	 0.294900678061486 
1750	 0.294006519275823 
1751	 0.293143578891027 
1752	 0.292652786127329 
1753	 0.291872487885857 
1754	 0.291064529672335 
1755	 0.290556160884725 
1756	 0.289934904843434 
1757	 0.289437813932503 
1758	 0.288941044808245 
1759	 0.28807789951268 
1760	 0.287382683140169 
1761	 0.287143855640676 
1762	 0.286624568748109 
1763	 0.286003127574584 
1764	 0.285452159441331 
1765	 0.284336337767128 
1766	 0.283344821146802 
1767	 0.282730313820147 
1768	 0.281857803989146 
1769	 0.281150869724509 
1770	 0.280729584913682 
1771	 0.280253755551941 
1772	 0.279936257309891 
1773	 0.279838241367824 
1774	 0.279641212838906 
1775	 0.279595368296046 
1776	 0.279319015859806 
1777	 0.279041288078511 
1778	 0.278488632123216 
1779	 0.277289805027135 
1780	 0.276695733060285 
1781	 0.276139639924434 
1782	 0.275829603639966 
1783	 0.276155480524477 
1784	 0.276343902665809 
1785	 0.276724781689308 
1786	 0.276662651796828 
1787	 0.276687459021298 
1788	 0.276294476292097 
1789	 0.274921853644158 
1790	 0.274424271223746 
1791	 0.273828972677073 
1792	 0.273732139920206 
1793	 0.274623843789626 
1794	 0.275105272376878 
1795	 0.276461496113215 
1796	 0.276540266408042 
1797	 0.275133227587612 
1798	 0.274911088573134 
1799	 0.273997681996862 
1800	 0.273854825452635 
1801	 0.275626577964769 
1802	 0.2768053047377 
1803	 0.277999057977837 
1804	 0.27864138035477 
1805	 0.279392608877538 
1806	 0.279535626783683 
1807	 0.278122298974307 
1808	 0.277741821064624 
1809	 0.27742345489455 
1810	 0.276657830595616 
1811	 0.276768599224343 
1812	 0.28042975165655 
1813	 0.285779925729559 
1814	 0.292522897934707 
1815	 0.300968022751994 
1816	 0.300905759497783 
1817	 0.300471061382168 
1818	 0.300953957878117 
1819	 0.296441840187236 
1820	 0.282159226192115 
1821	 0.275845303828501 
1822	 0.268668884732357 
1823	 0.260240640215993 
1824	 0.264842084073932 
1825	 0.269107116395231 
1826	 0.276919706684739 
1827	 0.279470931059119 
1828	 0.294359164531335 
1829	 0.294433419666932 
1830	 0.237377735692792 
1831	 0.230444524013985 
1832	 0.28151015576405 
1833	 0.336379231713907 
1834	 0.682257147024487 
1835	 0.96751326393031 
1836	 0.453973413771389 
1837	 0.364149529492399 
1838	-0.10531758079717 
1839	-0.188094892244131 
1840	 0.180714776302996 
1841	 0.890333092097521 
1842	 1.07368606689438 
1843	 0.383797434951618 
1844	 0.31736773911905 
1845	-3.78287657719146 
1846	 22.2318762081275 
1847	-3.57145627620215E-02 
1848	 4.46392299362241 
1849	 2.28821489127908 
1850	 0.29498274871965 
1851	 0.131993671468376 
1852	-1.2458257395575 
1853	-1.74362902438311 
1854	-4.1544159513523 
1855	-2.88456896159949 
1856	-0.197731547889125 
1857	-0.171146441077945 
1858	-0.411775263627339 
1859	-2.20323698486553 
1860	-1.33835391618765 
1861	-3.21473865255087 
1862	-0.810872090634946 
1863	 0.275498023400372 
1864	 0.156294177617967 
1865	-0.819215349843707 
1866	-1.03278405925747 
1867	-0.932843424854763 
1868	-0.672508783939609 
1869	-0.221410288492606 
1870	 0.265271246600664 
1871	 0.3170979114283 
1872	-1.15948203560675 
1873	-1.04963517540709 
1874	-0.475306865695267 
1875	-0.390922670024099 
1876	-0.081484781381989 
1877	-4.13942040560246E-02 
1878	-0.275711177583133 
1879	-0.404462463628319 
1880	-0.306306899878375 
1881	-0.156246060971651 
1882	-0.129537163863328 
1883	 5.98407270816472E-02 
1884	 0.107587035240264 
1885	 5.46067609975971E-02 
1886	-2.59555411739187E-02 
1887	-8.40959312765576E-03 
1888	-0.124440527819139 
1889	-0.241630903713661 
1890	-0.209339258870278 
1891	-0.163588077782777 
1892	-1.83559641474388E-02 
1893	 2.12905690709993E-02 
1894	 8.48473835857613E-02 
1895	 7.31919326078837E-02 
1896	-9.97456602445143E-02 
1897	-0.212090014497556 
1898	-0.289183944191902 
1899	-0.113887479995302 
1900	 0.104564749288853 
1901	 9.67152416299763E-02 
1902	 6.97125565467425E-02 
1903	-0.319639031777731 
1904	-0.4462177300314 
1905	-0.603221775677862 
1906	-0.256952601145092 
1907	-4.88846800107636E-02 
1908	 6.46578658355152E-03 
1909	 2.50852992326395E-02 
1910	-7.48766201477012E-02 
1911	-5.18943995485349E-02 
1912	 0.172818159718863 
1913	 0.209159349735172 
1914	 0.224679388393793 
1915	 0.193095343456336 
1916	 0.113486588407704 
1917	 4.99604481642924E-02 
1918	 1.11803675088434E-02 
1919	 2.57087756918106E-02 
1920	 5.07769434311198E-02 
1921	 2.10354370430799E-02 
1922	 1.52565822463026E-02 
1923	 4.41743654062029E-02 
1924	 5.56453858231998E-02 
1925	 6.11230295534056E-02 
1926	 7.95221210880252E-02 
1927	 8.08197532472236E-02 
1928	 5.58191950931261E-02 
1929	 4.58593870128544E-02 
1930	 5.16028246876859E-02 
1931	 5.12157551174467E-02 
1932	 4.93204381204577E-02 
1933	 5.51488905003978E-02 
1934	 6.25266765063197E-02 
1935	 6.52738173320684E-02 
1936	 6.99167325361705E-02 
1937	 7.23045574417598E-02 
1938	 7.21762789688362E-02 
1939	 6.83219877062669E-02 
1940	 0.065885019446875 
1941	 7.18235640303253E-02 
1942	 7.57307420091869E-02 
1943	 7.47423392299595E-02 
1944	 7.06815976461224E-02 
1945	 6.91350774012399E-02 
1946	 6.92718497966476E-02 
1947	 7.09463333246184E-02 
1948	 6.88345577482804E-02 
1949	 6.96039581153162E-02 
1950	 6.85738226758932E-02 
1951	 6.47622054906138E-02 
1952	 6.85707355292177E-02 
1953	 0.071861509005295 
1954	 0.071995285320355 
1955	 7.21063222790636E-02 
1956	 7.32464449297527E-02 
1957	 7.49906844213723E-02 
1958	 7.56771359631354E-02 
1959	 0.077298134771235 
1960	 7.92533218404468E-02 
1961	 7.78499883405616E-02 
1962	 7.68883649771224E-02 
1963	 8.02117093362879E-02 
1964	 8.29789716474875E-02 
1965	 8.30852969474389E-02 
1966	 8.25370381388203E-02 
1967	 8.15046000862385E-02 
1968	 8.01910917899474E-02 
1969	 8.01310532021007E-02 
1970	 8.15131361071636E-02 
1971	 8.28536495083368E-02 
1972	 8.22627525194956E-02 
1973	 0.082667134010421 
1974	 0.083689737857702 
1975	 8.37092322127087E-02 
1976	 0.084382328160245 
1977	 8.55123771386832E-02 
1978	 8.55087589236363E-02 
1979	 8.50630755643038E-02 
1980	 8.57796331697094E-02 
1981	 8.66330491455012E-02 
1982	 8.70456143080039E-02 
1983	 8.70354767122265E-02 
1984	 8.83587196397039E-02 
1985	 8.94851190161665E-02 
1986	 8.90417980804553E-02 
1987	 8.85773404343446E-02 
1988	 8.84395319516574E-02 
1989	 8.87736573190955E-02 
1990	 8.95427287506079E-02 
1991	 9.05227294687149E-02 
1992	 9.15960748908363E-02 
1993	 9.23531688370204E-02 
1994	 9.19993535416577E-02 
1995	 0.092507341266313 
1996	 9.35773308187731E-02 
1997	 9.48957127470354E-02 
1998	 9.56880779329561E-02 
1999	 9.58210628490346E-02 
2000	 9.56192365547765E-02 
2001	 9.52622151702927E-02 
2002	 9.54084988099523E-02 
2003	 9.66154508630391E-02 
2004	 9.96657001027035E-02 
2005	 0.10261646473912 
2006	 0.103942864448405 
2007	 0.103701859439141 
2008	 0.104697712264334 
2009	 0.104659263613815 
2010	 0.103979887023667 
2011	 0.105607780481798 
2012	 0.106641514190777 
2013	 0.105900237145395 
2014	 0.105366564775794 
2015	 0.107407614160175 
2016	 0.109423539250742 
2017	 0.109466255655908 
2018	 0.110312340058854 
2019	 0.111014611025977 
2020	 0.110536071163369 
2021	 0.110372597373366 
2022	 0.110719311910982 
2023	 0.111273550378888 
2024	 0.111295278204729 
2025	 0.111183463556312 
2026	 0.112168263003354 
2027	 0.11325218159632 
2028	 0.112841928733325 
2029	 0.112775169832356 
2030	 0.113174267347434 
2031	 0.112843443925329 
2032	 0.112957440072913 
2033	 0.113966887432709 
2034	 0.114255571612948 
2035	 0.114174435846757 
2036	 0.113986735724359 
2037	 0.114228766112925 
2038	 0.114147149794212 
2039	 0.114113165763595 
2040	 0.115038079808603 
2041	 0.115935913216966 
2042	 0.116250275982864 
2043	 0.116214215084426 
2044	 0.116025773615156 
2045	 0.116205575298447 
2046	 0.116281734009165 
2047	 0.116640597928995 
2048	 0.117487874505089 
2049	 0.118145278163873 
2050	 0.118875766699276 
2051	 0.119227047640726 
2052	 0.11947400784812 
2053	 0.120407781933463 
2054	 0.120743497556258 
2055	 0.121080703762568 
2056	 0.121964326315072 
2057	 0.12254840124205 
2058	 0.123062456271968 
2059	 0.123954925838945 
2060	 0.124628124789446 
2061	 0.125301485920245 
2062	 0.125649084882441 
2063	 0.125315034411975 
2064	 0.125767146914755 
2065	 0.126337996386743 
2066	 0.127428715760455 
2067	 0.127868019168142 
2068	 0.128069209439249 
2069	 0.128186177956467 
2070	 0.127648631535033 
2071	 0.127641667600411 
2072	 0.128228672807324 
2073	 0.128493769986244 
2074	 0.129100307604704 
2075	 0.129579081787374 
2076	 0.130275134971603 
2077	 0.130612624176829 
2078	 0.130689858696402 
2079	 0.130911573056178 
2080	 0.130741838197198 
2081	 0.131757404887446 
2082	 0.132635955268901 
2083	 0.132529515551867 
2084	 0.132912528938154 
2085	 0.133080983735467 
2086	 0.133444293410145 
2087	 0.134229068471408 
2088	 0.134904096179531 
2089	 0.135975939590212 
2090	 0.136510055507334 
2091	 0.13647762466662 
2092	 0.136976603150625 
2093	 0.137752922738819 
2094	 0.1379223496984 
2095	 0.137669063161036 
2096	 0.138315082555466 
2097	 0.139219290101313 
2098	 0.139745738954977 
2099	 0.140662463083177 
2100	 0.141245341883339 
2101	 0.141211396000344 
2102	 0.141322380112036 
2103	 0.141911033571678 
2104	 0.142997412130442 
2105	 0.143446974820996 
2106	 0.143091385485033 
2107	 0.143602619040256 
2108	 0.144574351521927 
2109	 0.145157051610276 
2110	 0.146005381010016 
2111	 0.146932910083675 
2112	 0.147717247806608 
2113	 0.147752624085177 
2114	 0.147256008885819 
2115	 0.147792912488736 
2116	 0.148039399189095 
2117	 0.14834424853671 
2118	 0.149056591374977 
2119	 0.149589100376775 
2120	 0.15003822911515 
2121	 0.149864091982768 
2122	 0.150125476308021 
2123	 0.151826746201829 
2124	 0.152443959233824 
2125	 0.152048804939661 
2126	 0.152409542025362 
2127	 0.152936655365039 
2128	 0.1535479193401 
2129	 0.155021567149313 
2130	 0.155453189162013 
2131	 0.154821595421604 
2132	 0.155115180810627 
2133	 0.155295270982117 
2134	 0.155570532580859 
2135	 0.156242940319903 
2136	 0.157134731450032 
2137	 0.157000949051971 
2138	 0.157048736256651 
2139	 0.157801587314182 
2140	 0.157928314204641 
2141	 0.158181060335558 
2142	 0.159249679897417 
2143	 0.15977539753452 
2144	 0.160217595531354 
2145	 0.160949845002071 
2146	 0.161836406320112 
2147	 0.162145486917903 
2148	 0.162304692809457 
2149	 0.162919303474824 
2150	 0.163103477352595 
2151	 0.163466239394171 
2152	 0.164330047904809 
2153	 0.16540968248658 
2154	 0.165611324479327 
2155	 0.166026659163625 
2156	 0.166983027716288 
2157	 0.167700398637672 
2158	 0.167839771423015 
2159	 0.167799240068179 
2160	 0.168465245941296 
2161	 0.169306726017689 
2162	 0.16942920727593 
2163	 0.169108370695842 
2164	 0.169335772164328 
2165	 0.168718997909073 
2166	 0.16862387563351 
2167	 0.169945199244764 
2168	 0.170444998401506 
2169	 0.169730197100427 
2170	 0.169532156343299 
2171	 0.169707316057614 
2172	 0.170043688081242 
2173	 0.170548415292666 
2174	 0.170965082428686 
2175	 0.170984025271513 
2176	 0.171171883803133 
2177	 0.172401608530291 
2178	 0.172839812148059 
2179	 0.172634631271846 
2180	 0.172963155306266 
2181	 0.172532081376345 
2182	 0.172237507802375 
2183	 0.173130284896574 
2184	 0.173561682675646 
2185	 0.173714984750767 
2186	 0.173070225234776 
2187	 0.172982483771767 
2188	 0.173012115984196 
2189	 0.173178677507972 
2190	 0.173096835882533 
2191	 0.173130697355979 
2192	 0.174053020994219 
2193	 0.174343886318235 
2194	 0.173862848503285 
2195	 0.174315452300636 
2196	 0.175452211909643 
2197	 0.175544070623497 
2198	 0.175457727726661 
2199	 0.175375503770747 
2200	 0.174798233214604 
2201	 0.173943165356669 
2202	 0.175229295087815 
2203	 0.177520631417323 
2204	 0.178123326898779 
2205	 0.177930593479074 
2206	 0.178404046711508 
2207	 0.178604558536491 
2208	 0.17803886689 
2209	 0.178371309120165 
2210	 0.178623862418668 
2211	 0.177957014114185 
2212	 0.177686461806345 
2213	 0.178672111820822 
2214	 0.178245265716135 
2215	 0.176056650115631 
2216	 0.175616527541362 
2217	 0.175800033687641 
2218	 0.175909174371792 
2219	 0.177430308162468 
2220	 0.177416757292428 
2221	 0.17579045247528 
2222	 0.175530148702557 
2223	 0.176616951698336 
2224	 0.176339915177708 
2225	 0.175764388637107 
2226	 0.176198793324052 
2227	 0.176254002422659 
2228	 0.17640794527946 
2229	 0.176712846912509 
2230	 0.176717041185636 
2231	 0.176313151617669 
2232	 0.17569287825531 
2233	 0.176074152380817 
2234	 0.175967586408805 
2235	 0.174386270465597 
2236	 0.173069986945842 
2237	 0.172585611700847 
2238	 0.172971334627229 
2239	 0.17256238564131 
2240	 0.172439336904768 
2241	 0.172380161480823 
2242	 0.17184602246879 
2243	 0.171215726828239 
2244	 0.171288837853091 
2245	 0.170118341880982 
2246	 0.167030205168229 
2247	 0.16647275708836 
2248	 0.166919367467671 
2249	 0.166402521188945 
2250	 0.166175039266181 
2251	 0.16752372080681 
2252	 0.167625816173393 
2253	 0.166858319134242 
2254	 0.166752168987858 
2255	 0.166664820189728 
2256	 0.16531785575581 
2257	 0.164295638804142 
2258	 0.164296026189352 
2259	 0.16393314345534 
2260	 0.162735834552754 
2261	 0.161542777288771 
2262	 0.161527565471626 
2263	 0.160297120790767 
2264	 0.158051657598474 
2265	 0.159786931271751 
2266	 0.162055844898727 
2267	 0.160498895181678 
2268	 0.15895906064504 
2269	 0.158654814972209 
2270	 0.157536099513731 
2271	 0.156465994555598 
2272	 0.155882985090575 
2273	 0.155774611057447 
2274	 0.155998974064088 
2275	 0.157099563693785 
2276	 0.156500673349437 
2277	 0.155821280332262 
2278	 0.155022604051438 
2279	 0.152046890400173 
2280	 0.151336033942786 
2281	 0.152307984217495 
2282	 0.152090955206023 
2283	 0.152517125668907 
2284	 0.152139657322868 
2285	 0.150791765507156 
2286	 0.150482153709814 
2287	 0.150418677903387 
2288	 0.149328382595513 
2289	 0.148922250087175 
2290	 0.148588051571729 
2291	 0.149043859263889 
2292	 0.148746444938383 
2293	 0.148086562150855 
2294	 0.148465443671507 
2295	 0.147474158199712 
2296	 0.146590018232449 
2297	 0.146163470307465 
2298	 0.144178895367437 
2299	 0.142714506594531 
2300	 0.141796788378983 
2301	 0.139710265989872 
2302	 0.139937669964356 
2303	 0.141778347515053 
2304	 0.140674003098122 
2305	 0.139748585818172 
2306	 0.140444155058034 
2307	 0.139707515533483 
2308	 0.138781103124834 
2309	 0.138907691593095 
2310	 0.139174468107942 
2311	 0.138239205092103 
2312	 0.136917491609997 
2313	 0.136199620523392 
2314	 0.135229325325975 
2315	 0.134386862638406 
2316	 0.134708447712778 
2317	 0.13576898419739 
2318	 0.134734650619977 
2319	 0.134378055568518 
2320	 0.134191037342561 
2321	 0.133937264252724 
2322	 0.134522559534998 
2323	 0.133329891141505 
2324	 0.129256723090331 
2325	 0.128167388538759 
2326	 0.128428166954447 
2327	 0.127367384218767 
2328	 0.127800682311767 
2329	 0.127837324335931 
2330	 0.125128477499645 
2331	 0.123911848859328 
2332	 0.124686761531979 
2333	 0.125518348445697 
2334	 0.126673473618592 
2335	 0.127292825265474 
2336	 0.128945504421991 
2337	 0.128920150404893 
2338	 0.126163098890542 
2339	 0.125591271980999 
2340	 0.126331707710416 
2341	 0.125742966816572 
2342	 0.123939469737919 
2343	 0.123639454221228 
2344	 0.121917009424194 
2345	 0.119514235299268 
2346	 0.11955281070861 
2347	 0.118915903386879 
2348	 0.116776631028931 
2349	 0.117186988141829 
2350	 0.118236090479312 
2351	 0.119721699918121 
2352	 0.121961623185851 
2353	 0.120309459462732 
2354	 0.118535008868251 
2355	 0.117723817790058 
2356	 0.11551497759201 
2357	 0.11608117999354 
2358	 0.117615761804438 
2359	 0.116226596302977 
2360	 0.115213340252944 
2361	 0.114612435483515 
2362	 0.113439300916519 
2363	 0.116955256148805 
2364	 0.119646043124245 
2365	 0.11684486959831 
2366	 0.116882955945285 
2367	 0.115588155569838 
2368	 0.111526517900761 
2369	 0.111517890787524 
2370	 0.11320498908033 
2371	 0.111683275188225 
2372	 0.107340587491444 
2373	 0.109672834734588 
2374	 0.115469080151715 
2375	 0.113713079552071 
2376	 0.109866803098615 
2377	 0.106731411713483 
2378	 0.098844529695278 
2379	 9.53379893536943E-02 
2380	 0.10183351441876 
2381	 0.105028671781158 
2382	 0.104635876864541 
2383	 0.106617916425033 
2384	 0.105284885824938 
2385	 0.100695381842298 
2386	 9.70198145988683E-02 
2387	 9.26918710938145E-02 
2388	 9.26701995541532E-02 
2389	 9.73879580378285E-02 
2390	 0.100678571197319 
2391	 9.99680357120685E-02 
2392	 9.29127981964367E-02 
2393	 9.11532407907976E-02 
2394	 9.39024570269297E-02 
2395	 9.74542006878718E-02 
2396	 0.102187801862048 
2397	 9.62013020839844E-02 
2398	 9.35196197344839E-02 
2399	 9.58863031817557E-02 
2400	 9.03132673067623E-02 
2401	 9.33242555938537E-02 
2402	 0.101579111944459 
2403	 9.49267538548238E-02 
2404	 9.08212401984455E-02 
2405	 0.098082376677706 
2406	 9.83349793716093E-02 
2407	 0.096445839222096 
2408	 0.105813073934654 
2409	 0.108042700613686 
2410	 9.14012649997287E-02 
2411	 8.60866878706274E-02 
2412	 8.13198193699261E-02 
2413	 6.71863682204236E-02 
2414	 7.92586396408379E-02 
2415	 9.65776061882226E-02 
2416	 8.94762071943469E-02 
2417	 8.10333450334802E-02 
2418	 7.16017777270199E-02 
2419	 5.72569944787717E-02 
2420	 5.40712522358704E-02 
2421	 0.063482639243669 
2422	 8.23004591374351E-02 
2423	 8.85526230993136E-02 
2424	 8.39904382557122E-02 
2425	 0.086549768428199 
2426	 7.76541019418799E-02 
2427	 6.03902800174504E-02 
2428	 5.99643094331367E-02 
2429	 0.066259337564793 
2430	 6.51179221498563E-02 
2431	 6.97140868015365E-02 
2432	 8.48254780823141E-02 
2433	 0.090667540389695 
2434	 8.91207865978164E-02 
2435	 8.81284937560638E-02 
2436	 6.23687586512923E-02 
2437	 4.25446348728732E-02 
2438	 6.08116900344215E-02 
2439	 0.06833591602886 
2440	 7.63032971605092E-02 
2441	 9.23295586715569E-02 
2442	 6.55854032677155E-02 
2443	 4.16567364331885E-02 
2444	 6.23158623565964E-02 
2445	 7.54194960117848E-02 
2446	 7.41527008205647E-02 
2447	 8.07664543178734E-02 
2448	 5.33854783457357E-02 
2449	 0.028444434242259 
2450	 4.87231563263119E-02 
2451	 5.89450924900728E-02 
2452	 7.59221832404037E-02 
2453	 9.20560599883264E-02 
2454	 6.31680739168124E-02 
2455	 4.00503753620413E-02 
2456	 3.47117094643371E-02 
2457	 1.46807634802521E-02 
2458	 0.023971283140152 
2459	 6.76223051568809E-02 
2460	 7.87190354772784E-02 
2461	 8.15123641136869E-02 
2462	 0.084481727530105 
2463	 2.95840737219258E-02 
2464	-1.29216151772102E-02 
2465	 4.36582762623179E-03 
2466	-4.30506152833679E-03 
2467	-1.70676719168401E-02 
2468	 2.12566145615657E-02 
2469	 2.70196714798688E-02 
2470	 3.88809032798967E-02 
2471	 0.064714838520584 
2472	 6.89619071088785E-02 
2473	 6.46507755073285E-02 
2474	 9.08993683542095E-02 
2475	 7.66694365409008E-02 
2476	 7.38302709667793E-03 
2477	-2.59370471068295E-03 
2478	-1.45770311687144E-02 
2479	 1.93622581171383E-02 
2480	 8.81393890883406E-02 
2481	 3.01465058695137E-02 
2482	-1.26431747786639E-02 
2483	-0.013110001073827 
2484	-2.97459510697756E-02 
2485	-2.50472964275235E-03 
2486	 3.14525693705289E-02 
2487	 0.122379695657249 
2488	 0.135439540105044 
2489	 0.110029875235511 
2490	 0.275906672541957 
2491	 8.85286822656382E-02 
2492	-0.22823007171137 
2493	-0.149479313436838 
2494	-0.279683195903624 
2495	-3.74483698583431E-02 
2496	 0.152736714714259 
2497	 0.112229277146619 
2498	 7.46274518091407E-02 
2499	-0.352178637265698 
2500	-0.432329854914274 
