Wavelength	09/27/123 at 12:39:51
350	 1.79103756660678E-02 
351	 1.70907382342565E-02 
352	 0.016997428502676 
353	 1.72004990932631E-02 
354	 1.66878815215102E-02 
355	 1.69338249583099E-02 
356	 1.72761703309729E-02 
357	 1.72725016013944E-02 
358	 1.73882764103036E-02 
359	 0.017455048028102 
360	 1.74066555164365E-02 
361	 1.72364344978016E-02 
362	 1.70893099432612E-02 
363	 1.71530158390404E-02 
364	 1.74077905300479E-02 
365	 0.017428124762426 
366	 1.74372237398724E-02 
367	 1.72783171303383E-02 
368	 1.67422134259141E-02 
369	 1.68453702464905E-02 
370	 1.70499771266147E-02 
371	 1.69987450557785E-02 
372	 1.71782433802359E-02 
373	 1.73162004327423E-02 
374	 0.017333245481052 
375	 1.72479017979109E-02 
376	 1.71259882279367E-02 
377	 1.71375718643198E-02 
378	 1.72917196608845E-02 
379	 1.72131383461263E-02 
380	 1.71433086983727E-02 
381	 1.71955337261367E-02 
382	 1.74197792715889E-02 
383	 1.78070806503106E-02 
384	 1.79332005608202E-02 
385	 1.76841545008579E-02 
386	 1.76984149381576E-02 
387	 1.78349719195746E-02 
388	 1.79563077867848E-02 
389	 1.79474779299427E-02 
390	 1.80529172183241E-02 
391	 1.82315343997435E-02 
392	 1.84252453778465E-02 
393	 1.86072274408437E-02 
394	 1.87977979241553E-02 
395	 1.89449138779853E-02 
396	 1.89992079558989E-02 
397	 0.019147786808454 
398	 1.92894273616955E-02 
399	 1.93806183254748E-02 
400	 1.95117371567861E-02 
401	 1.97139053766025E-02 
402	 1.98772081062288E-02 
403	 1.98941009088531E-02 
404	 2.01386896059549E-02 
405	 2.03178020085463E-02 
406	 2.03311407677524E-02 
407	 2.05385728158439E-02 
408	 0.020715324780941 
409	 2.08481822319947E-02 
410	 2.10022997238603E-02 
411	 2.12453840260464E-02 
412	 2.14406643787274E-02 
413	 2.15441475775749E-02 
414	 2.16867667228091E-02 
415	 2.18670526334433E-02 
416	 0.022052213094469 
417	 0.022193835265581 
418	 2.22720673935535E-02 
419	 2.23235222745101E-02 
420	 2.23968615119386E-02 
421	 2.25632696269677E-02 
422	 0.022690733342999 
423	 2.27907000545604E-02 
424	 2.29159584311369E-02 
425	 2.30217022217488E-02 
426	 2.30859904037714E-02 
427	 2.31249775296209E-02 
428	 2.32113060924546E-02 
429	 2.32865422843911E-02 
430	 2.33379082954459E-02 
431	 2.33747763121459E-02 
432	 2.34468794064516E-02 
433	 2.34612108515203E-02 
434	 2.34064306578887E-02 
435	 0.023382991195556 
436	 2.34669585482225E-02 
437	 2.35640782549213E-02 
438	 0.023561648063624 
439	 2.35714792526546E-02 
440	 2.36403312490721E-02 
441	 2.37309293605669E-02 
442	 2.37004286980147E-02 
443	 2.37136513982567E-02 
444	 2.37440737397099E-02 
445	 2.37401605491569E-02 
446	 2.38172459416421E-02 
447	 2.39341952806543E-02 
448	 2.40510714083351E-02 
449	 2.41425011547097E-02 
450	 2.41815069036916E-02 
451	 2.42066345992213E-02 
452	 2.42619565651942E-02 
453	 2.43143642609477E-02 
454	 2.43624325504172E-02 
455	 0.024397367302672 
456	 2.44007067013823E-02 
457	 2.44882643216031E-02 
458	 2.46135948228778E-02 
459	 2.46994690924833E-02 
460	 2.47437830996103E-02 
461	 2.48012880748101E-02 
462	 0.024887691063825 
463	 2.49724565231328E-02 
464	 2.49993221078593E-02 
465	 2.50489974882001E-02 
466	 2.51816265280409E-02 
467	 2.52347898018472E-02 
468	 2.52624159199668E-02 
469	 2.53156574414404E-02 
470	 2.54355082502528E-02 
471	 2.55538759900669E-02 
472	 2.56180713690374E-02 
473	 2.56136946196664E-02 
474	 0.025629620319986 
475	 0.025656273596232 
476	 2.56824221801748E-02 
477	 2.56961783157243E-02 
478	 2.57109454333975E-02 
479	 2.57541048239465E-02 
480	 2.58305462883578E-02 
481	 2.58756260338489E-02 
482	 2.58796659879427E-02 
483	 2.58903820258501E-02 
484	 2.59885369754221E-02 
485	 2.60490454138518E-02 
486	 0.026132373969236 
487	 2.62666217422343E-02 
488	 2.63163382320698E-02 
489	 2.63209418789193E-02 
490	 2.63403432326967E-02 
491	 2.64297862125493E-02 
492	 2.64340891680535E-02 
493	 2.64483238782934E-02 
494	 2.65272482105663E-02 
495	 2.65556442601343E-02 
496	 2.66342389118017E-02 
497	 2.67767112245149E-02 
498	 2.69628169096126E-02 
499	 0.027249074293245 
500	 2.75080535748099E-02 
501	 2.77031375671579E-02 
502	 2.79995524251931E-02 
503	 2.83145418207461E-02 
504	 2.86286356824922E-02 
505	 2.89602024313234E-02 
506	 2.94299796410843E-02 
507	 2.98775836087041E-02 
508	 3.02495532002374E-02 
509	 3.06795994743437E-02 
510	 3.10975006123618E-02 
511	 3.15476621869189E-02 
512	 3.20770658493206E-02 
513	 0.032551141704203 
514	 0.033019771771133 
515	 3.35098574096209E-02 
516	 3.40037033449309E-02 
517	 3.45206958733724E-02 
518	 3.50627297738769E-02 
519	 3.56012934904286E-02 
520	 3.60451461864015E-02 
521	 3.64668637506217E-02 
522	 3.69087675490628E-02 
523	 3.73762587791754E-02 
524	 3.78214973925628E-02 
525	 3.82436369424548E-02 
526	 3.86577214152563E-02 
527	 3.90910190559476E-02 
528	 3.95119560481519E-02 
529	 3.99069763863994E-02 
530	 4.02856254603093E-02 
531	 4.06368656340398E-02 
532	 4.09928617778848E-02 
533	 4.13571487217634E-02 
534	 4.16427331937487E-02 
535	 4.19554377017004E-02 
536	 4.22864680622089E-02 
537	 4.25678893009288E-02 
538	 4.28471766692148E-02 
539	 4.31719893121176E-02 
540	 4.35377639192566E-02 
541	 4.38275314068909E-02 
542	 4.41260709388968E-02 
543	 4.44391753887571E-02 
544	 4.47468941826093E-02 
545	 4.50697630861635E-02 
546	 4.53853974639593E-02 
547	 4.56822662027414E-02 
548	 4.59663686106098E-02 
549	 4.62734688573036E-02 
550	 4.66173955737595E-02 
551	 4.69924384741759E-02 
552	 4.73344839223643E-02 
553	 4.76737824700117E-02 
554	 0.048011077232258 
555	 4.83062272182137E-02 
556	 4.86579024558415E-02 
557	 4.90482204408986E-02 
558	 4.94373109553345E-02 
559	 4.98537182657726E-02 
560	 5.02888769860437E-02 
561	 5.07666737948399E-02 
562	 0.051343887875574 
563	 5.19507855469729E-02 
564	 5.25565073429633E-02 
565	 0.053164712565084 
566	 0.05384207052515 
567	 5.46210649362524E-02 
568	 0.055479832609864 
569	 5.63672212388956E-02 
570	 5.73265634393413E-02 
571	 5.83366121777285E-02 
572	 5.93817292275312E-02 
573	 6.04997280330933E-02 
574	 0.06171126600374 
575	 6.30451918017313E-02 
576	 6.45106257672197E-02 
577	 6.61221109308844E-02 
578	 6.78182542486242E-02 
579	 6.95721824573565E-02 
580	 7.14255720111244E-02 
581	 7.33994187573371E-02 
582	 7.55313350440736E-02 
583	 7.78447020771424E-02 
584	 8.03244475573221E-02 
585	 8.30106008344837E-02 
586	 8.58710832646065E-02 
587	 0.088848080526043 
588	 9.20407196001406E-02 
589	 9.54938764382674E-02 
590	 9.90285108866563E-02 
591	 0.102524937089134 
592	 0.106143273853282 
593	 0.110003602649539 
594	 0.114052813444973 
595	 0.118286379468215 
596	 0.122672432910145 
597	 0.127222577035191 
598	 0.131971394088652 
599	 0.136867006699586 
600	 0.141894468331746 
601	 0.147081329566735 
602	 0.152407466529981 
603	 0.157761568930874 
604	 0.163115850323357 
605	 0.168533391835365 
606	 0.173957915849559 
607	 0.179387692852608 
608	 0.184867446864841 
609	 0.190398561055786 
610	 0.195916459428704 
611	 0.201372270574676 
612	 0.206797636095165 
613	 0.212214575156543 
614	 0.217639806114526 
615	 0.223091401551122 
616	 0.228580441762043 
617	 0.234037258369697 
618	 0.239349373979091 
619	 0.244595223007532 
620	 0.249780204177716 
621	 0.254898095432771 
622	 0.259957562698625 
623	 0.264934395583008 
624	 0.269916880614696 
625	 0.274838829289489 
626	 0.279577962434436 
627	 0.284274955729347 
628	 0.288924484248969 
629	 0.293423601443366 
630	 0.297657903616917 
631	 0.301880816664871 
632	 0.305969257555709 
633	 0.309801220671904 
634	 0.313591494996826 
635	 0.317248428014102 
636	 0.320746887886506 
637	 0.324099108326367 
638	 0.327230123681118 
639	 0.330196342949848 
640	 0.333071153530489 
641	 0.335925738336082 
642	 0.338647653802382 
643	 0.341184714642726 
644	 0.343554131924766 
645	 0.3458503039046 
646	 0.348121982279825 
647	 0.350309869879044 
648	 0.352270637172394 
649	 0.354322363428356 
650	 0.356340173165455 
651	 0.358181204212844 
652	 0.359981068882473 
653	 0.361607815273391 
654	 0.362983924861222 
655	 0.364170893954715 
656	 0.365953226457204 
657	 0.367656777417031 
658	 0.368819587697878 
659	 0.369830204720716 
660	 0.370904811849828 
661	 0.371926440213529 
662	 0.372742088704292 
663	 0.373567320225497 
664	 0.374459656765442 
665	 0.375329170071351 
666	 0.37596929029155 
667	 0.376687849511235 
668	 0.377404086945206 
669	 0.378047821946249 
670	 0.378801535254722 
671	 0.379600038327727 
672	 0.380341429798011 
673	 0.38094597128213 
674	 0.381704633755529 
675	 0.38238880495858 
676	 0.382930909470035 
677	 0.383597154488582 
678	 0.384280103916482 
679	 0.384988301101083 
680	 0.385745829980217 
681	 0.38649913401634 
682	 0.387278507475748 
683	 0.388155329081164 
684	 0.389207119922714 
685	 0.390351932513844 
686	 0.391903420133514 
687	 0.394002719835055 
688	 0.395910327904662 
689	 0.397313115999986 
690	 0.398514076736798 
691	 0.399897704040811 
692	 0.40146755760161 
693	 0.403270464546965 
694	 0.405315227490529 
695	 0.407510799692852 
696	 0.409663224917695 
697	 0.411716887348234 
698	 0.413793976394791 
699	 0.416134842304386 
700	 0.418567453758392 
701	 0.420969636946847 
702	 0.423279098244757 
703	 0.425630633591627 
704	 0.427922069726419 
705	 0.430114303140083 
706	 0.432195449598478 
707	 0.434334781890211 
708	 0.436543191688423 
709	 0.438778405611161 
710	 0.440895530280884 
711	 0.443060141073617 
712	 0.445296016723805 
713	 0.447541792580201 
714	 0.449721772535309 
715	 0.45173035067755 
716	 0.453703334220305 
717	 0.455980709302311 
718	 0.458560923046514 
719	 0.461362565592455 
720	 0.464042993055445 
721	 0.466069086791279 
722	 0.467639535690083 
723	 0.469319077191641 
724	 0.471555661266551 
725	 0.473905718669505 
726	 0.476000712782126 
727	 0.477819969617512 
728	 0.479625585315861 
729	 0.481454178424236 
730	 0.483262700171094 
731	 0.484974248473476 
732	 0.486571738741551 
733	 0.487939581720314 
734	 0.489184748035992 
735	 0.490502840294482 
736	 0.491946223935015 
737	 0.493276545519712 
738	 0.494414956231052 
739	 0.49552357129879 
740	 0.496678083356319 
741	 0.497816852552395 
742	 0.498861514026154 
743	 0.499833707475948 
744	 0.50072959852315 
745	 0.501546678854426 
746	 0.502291636256612 
747	 0.503100772126651 
748	 0.503823822553384 
749	 0.504413110561272 
750	 0.504997751120466 
751	 0.505607772722551 
752	 0.506241249882786 
753	 0.506870201546912 
754	 0.507447403275471 
755	 0.507981880760025 
756	 0.508560378726278 
757	 0.509287047742512 
758	 0.509965597665515 
759	 0.511036775857677 
760	 0.513766048758028 
761	 0.519096648294136 
762	 0.520332026713154 
763	 0.519179613988327 
764	 0.518031227211846 
765	 0.516767629043271 
766	 0.515571177108212 
767	 0.514609341666315 
768	 0.513997433074482 
769	 0.51368206506348 
770	 0.513512627521834 
771	 0.513504074556479 
772	 0.513780203558803 
773	 0.514034410868567 
774	 0.514269302519363 
775	 0.514517480986474 
776	 0.514775186427829 
777	 0.514947936945763 
778	 0.515131941078589 
779	 0.515431157882739 
780	 0.515784221218809 
781	 0.516017737556646 
782	 0.516150242454992 
783	 0.516329231583429 
784	 0.516647126787979 
785	 0.516973891933583 
786	 0.517243120744692 
787	 0.517515951568103 
788	 0.517753928363609 
789	 0.517995561053911 
790	 0.518261480624766 
791	 0.518464230221486 
792	 0.518736066287216 
793	 0.519049905757106 
794	 0.519319813330603 
795	 0.519527894820417 
796	 0.519796019579892 
797	 0.520068980103954 
798	 0.52016729231791 
799	 0.52031229217352 
800	 0.520555426081968 
801	 0.520841455529117 
802	 0.520992984681422 
803	 0.521162352515517 
804	 0.521434590311236 
805	 0.521785349305762 
806	 0.521909847053313 
807	 0.522048578130906 
808	 0.522264744406561 
809	 0.522509468393199 
810	 0.522750633770924 
811	 0.522987990423657 
812	 0.523189224488019 
813	 0.52331659327923 
814	 0.523653652459022 
815	 0.524061288290298 
816	 0.52443226772189 
817	 0.524931265426328 
818	 0.525157840111377 
819	 0.525344331184205 
820	 0.525657980042718 
821	 0.525367847780527 
822	 0.52507091288247 
823	 0.525304988441869 
824	 0.526255044938137 
825	 0.526491750207392 
826	 0.526332991901458 
827	 0.526126243116357 
828	 0.52611072388141 
829	 0.526243914029285 
830	 0.526357000350902 
831	 0.526353074129472 
832	 0.526292453900232 
833	 0.526467852680204 
834	 0.52662171212249 
835	 0.526567939808324 
836	 0.526706132872941 
837	 0.526926638246109 
838	 0.527150139335219 
839	 0.527307806475583 
840	 0.52735821254248 
841	 0.527458610832921 
842	 0.527628336604503 
843	 0.527763391856966 
844	 0.527930126391255 
845	 0.528144124137705 
846	 0.528317845151537 
847	 0.528260162303975 
848	 0.528208155882672 
849	 0.528293423905444 
850	 0.528512115572067 
851	 0.528610261929796 
852	 0.528628898096254 
853	 0.528649939753658 
854	 0.528822501951641 
855	 0.529437657010988 
856	 0.52998124802226 
857	 0.530148543421322 
858	 0.529895443414046 
859	 0.529745831822807 
860	 0.529868741441363 
861	 0.530179000307068 
862	 0.530396356662855 
863	 0.530523804171743 
864	 0.530372949438091 
865	 0.53004979765475 
866	 0.530136317068532 
867	 0.530635468947514 
868	 0.531093634627745 
869	 0.531232520715261 
870	 0.531421566821623 
871	 0.531543768123224 
872	 0.531570564487495 
873	 0.531551683956377 
874	 0.531629669629567 
875	 0.531797699077727 
876	 0.53199939972877 
877	 0.532137799006004 
878	 0.53217765732254 
879	 0.53214604857757 
880	 0.53218814380928 
881	 0.532514409263069 
882	 0.532779524773267 
883	 0.532915306550677 
884	 0.532912341187347 
885	 0.532806847127812 
886	 0.532746603111419 
887	 0.532836483163929 
888	 0.533113651908661 
889	 0.533472959985612 
890	 0.533530524427551 
891	 0.533424094735215 
892	 0.533358514167087 
893	 0.533363440107359 
894	 0.533118486041609 
895	 0.532873429292779 
896	 0.53298764327732 
897	 0.53318577068461 
898	 0.533438481281632 
899	 0.533702632295904 
900	 0.533970140158613 
901	 0.534466278233892 
902	 0.534957364316581 
903	 0.535173943943361 
904	 0.534914861429392 
905	 0.534645855277101 
906	 0.534407241321009 
907	 0.534255256011954 
908	 0.534275707180801 
909	 0.534534110387623 
910	 0.534790563743784 
911	 0.534898797109857 
912	 0.534913179174327 
913	 0.534628470510374 
914	 0.53427723068712 
915	 0.534135722953225 
916	 0.534326933892607 
917	 0.534704571825105 
918	 0.534998570597598 
919	 0.535006297007875 
920	 0.53475530199427 
921	 0.534548713402345 
922	 0.534380789822978 
923	 0.534179759338592 
924	 0.534016574271309 
925	 0.534065096704386 
926	 0.533726831243721 
927	 0.532421530604315 
928	 0.531653854602271 
929	 0.530789244052827 
930	 0.529280229524914 
931	 0.527056542063885 
932	 0.52668271111323 
933	 0.525949461820038 
934	 0.52478072032201 
935	 0.525130494629524 
936	 0.526147364473786 
937	 0.527479396457038 
938	 0.528568481631139 
939	 0.528787060081549 
940	 0.528036739220424 
941	 0.526630922693434 
942	 0.524996277767928 
943	 0.523625426963893 
944	 0.522990996152767 
945	 0.522393472167221 
946	 0.521499384194445 
947	 0.520679455659289 
948	 0.519928980305903 
949	 0.519281595659301 
950	 0.518716179195845 
951	 0.518183461430725 
952	 0.517005807923367 
953	 0.515782743115591 
954	 0.514908733585477 
955	 0.513967004316142 
956	 0.513302745708256 
957	 0.512722170379592 
958	 0.511997108893075 
959	 0.511026003116624 
960	 0.51031342283792 
961	 0.510050768041596 
962	 0.51021069397159 
963	 0.510575445388719 
964	 0.510464003816248 
965	 0.509965788214403 
966	 0.509528132923558 
967	 0.509905051586312 
968	 0.509952993218381 
969	 0.509954442798022 
970	 0.510193565776872 
971	 0.509816109941263 
972	 0.509322465234994 
973	 0.509078992430071 
974	 0.509073760701766 
975	 0.508337134103921 
976	 0.50821970718632 
977	 0.508628442302079 
978	 0.509028471099197 
979	 0.509357409447459 
980	 0.509393485377084 
981	 0.509502515471734 
982	 0.50998146830167 
983	 0.510133021987565 
984	 0.510488774546212 
985	 0.51082260117573 
986	 0.510802656492501 
987	 0.510822264348772 
988	 0.510787594522056 
989	 0.510992158506318 
990	 0.511637887021121 
991	 0.512198188286202 
992	 0.51200179892527 
993	 0.511893329340513 
994	 0.512733439876124 
995	 0.512881284463794 
996	 0.513130512360596 
997	 0.513379699473113 
998	 0.513240795524242 
999	 0.512587750655869 
1000	 0.513439125619917 
1001	 0.531279275905938 
1002	 0.531564017489754 
1003	 0.531911801663478 
1004	 0.532239083733312 
1005	 0.532317149073117 
1006	 0.532697880469421 
1007	 0.533299247652179 
1008	 0.533756355541915 
1009	 0.534226861420474 
1010	 0.534955935697094 
1011	 0.535698922761376 
1012	 0.536277941427554 
1013	 0.536842615660688 
1014	 0.537255325475953 
1015	 0.537425459197766 
1016	 0.537797446160663 
1017	 0.538341508797464 
1018	 0.539097266754057 
1019	 0.539738727493383 
1020	 0.540373824955954 
1021	 0.54096338286324 
1022	 0.541338739819759 
1023	 0.541707822600032 
1024	 0.542081931095661 
1025	 0.5425364659969 
1026	 0.543056334375666 
1027	 0.54368290582641 
1028	 0.544261528373359 
1029	 0.54466705198353 
1030	 0.545028679240525 
1031	 0.545340257535376 
1032	 0.545447941482597 
1033	 0.545825961976686 
1034	 0.546271693399082 
1035	 0.546711010489003 
1036	 0.547392946301267 
1037	 0.54782186507858 
1038	 0.548343162097084 
1039	 0.548783292273907 
1040	 0.548923061515697 
1041	 0.549331985725248 
1042	 0.549586325578459 
1043	 0.549748105155634 
1044	 0.550058890531588 
1045	 0.5504804931572 
1046	 0.550842111644508 
1047	 0.551243939804226 
1048	 0.551719781181978 
1049	 0.552201689830768 
1050	 0.552427016902917 
1051	 0.5527183418327 
1052	 0.553129813931273 
1053	 0.553423407166245 
1054	 0.553763328231611 
1055	 0.554149005703736 
1056	 0.554298311177008 
1057	 0.554384504447037 
1058	 0.554297894508352 
1059	 0.554408059761168 
1060	 0.554428452015291 
1061	 0.554604036624062 
1062	 0.555113342860898 
1063	 0.555493302151572 
1064	 0.555767731162056 
1065	 0.55596210879631 
1066	 0.556026203107046 
1067	 0.55592489480184 
1068	 0.555875552779205 
1069	 0.556046858476447 
1070	 0.556145183536708 
1071	 0.556316854717811 
1072	 0.556440596950944 
1073	 0.556539011706314 
1074	 0.556526431926336 
1075	 0.556473754771707 
1076	 0.556443212729765 
1077	 0.556246303786134 
1078	 0.556232985476312 
1079	 0.556109746622735 
1080	 0.555976476663036 
1081	 0.555936585847517 
1082	 0.555853316732866 
1083	 0.555773196391002 
1084	 0.55569021666268 
1085	 0.555599603105259 
1086	 0.555489662758648 
1087	 0.55538028347141 
1088	 0.555269705813496 
1089	 0.555208637048836 
1090	 0.555143031733715 
1091	 0.555038113786997 
1092	 0.554940419864404 
1093	 0.554712818214532 
1094	 0.554552397558224 
1095	 0.554475450325697 
1096	 0.554383570260938 
1097	 0.554423112797627 
1098	 0.554322009991415 
1099	 0.554084930355956 
1100	 0.553978707037708 
1101	 0.553971316128691 
1102	 0.553842299185821 
1103	 0.553772927807135 
1104	 0.553618106716878 
1105	 0.553214488977101 
1106	 0.552966457066465 
1107	 0.552829738285173 
1108	 0.552579399231908 
1109	 0.55250403172835 
1110	 0.55250951510659 
1111	 0.55239032408865 
1112	 0.552207769259818 
1113	 0.552108739245786 
1114	 0.551860618179454 
1115	 0.551863127321807 
1116	 0.552231842666248 
1117	 0.552325647627933 
1118	 0.55239646170938 
1119	 0.552481285084203 
1120	 0.552561286737903 
1121	 0.552402699575944 
1122	 0.552203550501688 
1123	 0.551790661709029 
1124	 0.551119848856716 
1125	 0.549871362139317 
1126	 0.549210718723694 
1127	 0.548970100279691 
1128	 0.547957620598006 
1129	 0.546934051947902 
1130	 0.545711514671319 
1131	 0.543882854717479 
1132	 0.542459360104584 
1133	 0.541762226246586 
1134	 0.540216083883875 
1135	 0.538167611265908 
1136	 0.53637773322289 
1137	 0.534185149326931 
1138	 0.532297603511875 
1139	 0.530885130130679 
1140	 0.529093713075299 
1141	 0.527488837390503 
1142	 0.526011232797852 
1143	 0.524211484805365 
1144	 0.522400290298788 
1145	 0.520438995330509 
1146	 0.518162925882853 
1147	 0.516147215179626 
1148	 0.514181317899254 
1149	 0.512261178251243 
1150	 0.510551609531403 
1151	 0.508716463240758 
1152	 0.506883976599773 
1153	 0.505132625422608 
1154	 0.503399140285871 
1155	 0.501637792857185 
1156	 0.500235606279705 
1157	 0.499112261295787 
1158	 0.498143093896174 
1159	 0.497509725431032 
1160	 0.496702684550657 
1161	 0.495799904820469 
1162	 0.495251223991851 
1163	 0.494816737926707 
1164	 0.494449990106467 
1165	 0.494365095296001 
1166	 0.494056368344628 
1167	 0.493544338141683 
1168	 0.493210357501265 
1169	 0.49289035995225 
1170	 0.492642509491727 
1171	 0.492462973418457 
1172	 0.492400941174634 
1173	 0.492201908334608 
1174	 0.492072391915672 
1175	 0.49190299840789 
1176	 0.491625038645976 
1177	 0.491518129085372 
1178	 0.491536139481228 
1179	 0.491459475650251 
1180	 0.491456428558186 
1181	 0.491420792912362 
1182	 0.491208216586342 
1183	 0.491155784285948 
1184	 0.491312370525824 
1185	 0.491247285766132 
1186	 0.491103749934251 
1187	 0.491021742514137 
1188	 0.490926188311853 
1189	 0.490678805668998 
1190	 0.49066034444157 
1191	 0.490757138160895 
1192	 0.490691025954065 
1193	 0.490735879561647 
1194	 0.490748835624988 
1195	 0.490647513036871 
1196	 0.490692163293276 
1197	 0.490904939044587 
1198	 0.490988851503841 
1199	 0.491154497626738 
1200	 0.491177823569941 
1201	 0.490918044992886 
1202	 0.490939514884566 
1203	 0.491056947138106 
1204	 0.491185862629655 
1205	 0.491502415707526 
1206	 0.491746975782871 
1207	 0.491887985098478 
1208	 0.491989086818888 
1209	 0.492115945190383 
1210	 0.492306172668299 
1211	 0.492535420386672 
1212	 0.492743612670409 
1213	 0.493014368389156 
1214	 0.49333100452993 
1215	 0.493558283426281 
1216	 0.493706724604581 
1217	 0.493988077154219 
1218	 0.494260224244633 
1219	 0.494582390612253 
1220	 0.495064325372639 
1221	 0.49541527766476 
1222	 0.495687983996515 
1223	 0.495965616011389 
1224	 0.496140390068919 
1225	 0.496535663141598 
1226	 0.496822120818452 
1227	 0.497026237988417 
1228	 0.497404172800134 
1229	 0.497688369933956 
1230	 0.497903072759593 
1231	 0.498381294406566 
1232	 0.498749057745021 
1233	 0.498921152746748 
1234	 0.49923379769978 
1235	 0.499546908232035 
1236	 0.499845959523761 
1237	 0.500162323150133 
1238	 0.500435569183619 
1239	 0.500694262518234 
1240	 0.500987024713405 
1241	 0.501221802591107 
1242	 0.501530651732589 
1243	 0.501933069163594 
1244	 0.502270407988047 
1245	 0.502473335833933 
1246	 0.502788734748812 
1247	 0.503153831356417 
1248	 0.503448104532869 
1249	 0.503802786266409 
1250	 0.504254626808406 
1251	 0.504618103607324 
1252	 0.504863698789337 
1253	 0.505109039236122 
1254	 0.505335750872339 
1255	 0.505664720470545 
1256	 0.505933764318383 
1257	 0.506238231795691 
1258	 0.50671084693308 
1259	 0.50704156474356 
1260	 0.507188630980678 
1261	 0.507537357046497 
1262	 0.507998473097967 
1263	 0.508302098233175 
1264	 0.508605541741081 
1265	 0.508909816587354 
1266	 0.508957142182046 
1267	 0.508915824194791 
1268	 0.509030908889862 
1269	 0.509273739416136 
1270	 0.509336162259358 
1271	 0.509224950993495 
1272	 0.509192348928387 
1273	 0.509107059426997 
1274	 0.509103748962398 
1275	 0.509201305900419 
1276	 0.508936402520961 
1277	 0.508553896251146 
1278	 0.508397652636324 
1279	 0.508216347247167 
1280	 0.507898486155326 
1281	 0.507575516640742 
1282	 0.507287538685525 
1283	 0.506884395753043 
1284	 0.506439959306419 
1285	 0.506041486208862 
1286	 0.505708036136696 
1287	 0.505215942745086 
1288	 0.504743082694199 
1289	 0.504538226775984 
1290	 0.504158421982772 
1291	 0.503535036351718 
1292	 0.503075075004886 
1293	 0.502618604821713 
1294	 0.502120040163932 
1295	 0.501732370706128 
1296	 0.501170688105623 
1297	 0.50027685197906 
1298	 0.499518538421762 
1299	 0.499062239444619 
1300	 0.498521568528387 
1301	 0.497860327391023 
1302	 0.497053933744228 
1303	 0.496271088943228 
1304	 0.495277346378369 
1305	 0.494441291787306 
1306	 0.493726830092148 
1307	 0.493020206431804 
1308	 0.492046580541118 
1309	 0.490828175757332 
1310	 0.4895357042519 
1311	 0.488328065466527 
1312	 0.487354268450512 
1313	 0.486373466590461 
1314	 0.485170919116702 
1315	 0.483843646218137 
1316	 0.482464559107443 
1317	 0.481046935214422 
1318	 0.479752411533588 
1319	 0.478402956818056 
1320	 0.476837712217593 
1321	 0.475419735772761 
1322	 0.473870200921728 
1323	 0.472294545158369 
1324	 0.471072136951891 
1325	 0.469608564700061 
1326	 0.468223331985102 
1327	 0.467046190242228 
1328	 0.465557359357042 
1329	 0.463961274390016 
1330	 0.46235868667145 
1331	 0.460646384324045 
1332	 0.459019965856575 
1333	 0.45751907535617 
1334	 0.455947628457507 
1335	 0.454512653979352 
1336	 0.452766501550325 
1337	 0.450994528044783 
1338	 0.449639560876839 
1339	 0.448280556136142 
1340	 0.447324113426333 
1341	 0.446291096218412 
1342	 0.44491978165929 
1343	 0.443821778853357 
1344	 0.442602217750114 
1345	 0.441490047049338 
1346	 0.440916015554851 
1347	 0.440418217106407 
1348	 0.439582275578902 
1349	 0.438793121487457 
1350	 0.438341856488916 
1351	 0.437239887060067 
1352	 0.435990418899513 
1353	 0.435619556311915 
1354	 0.43485521285623 
1355	 0.434037946117625 
1356	 0.43407156846366 
1357	 0.434192005579316 
1358	 0.43125212077444 
1359	 0.427994633945789 
1360	 0.421265257712906 
1361	 0.422838882411849 
1362	 0.427749149091117 
1363	 0.427109956068697 
1364	 0.431960889043046 
1365	 0.417832188130582 
1366	 0.370406205564778 
1367	 0.393250469467826 
1368	 0.474130597298865 
1369	 0.434988600394621 
1370	 0.348905192802827 
1371	 0.343625165224609 
1372	 0.393805023076445 
1373	 0.424505018137658 
1374	 0.443276739219714 
1375	 0.443964735489526 
1376	 0.335833198940855 
1377	 0.321709807649696 
1378	 0.434571262584045 
1379	 0.445395747115368 
1380	 0.401900807630362 
1381	 0.380032520685522 
1382	 0.378262871734871 
1383	 0.408587659971035 
1384	 0.411014860093162 
1385	 0.370790569489043 
1386	 0.329991016241525 
1387	 0.281917460014073 
1388	 0.26823901500358 
1389	 0.264597321365256 
1390	 0.300270222177883 
1391	 0.268972037647534 
1392	 0.245490215752379 
1393	 0.27195951017095 
1394	 0.279013157873691 
1395	 0.297874631085971 
1396	 0.293864199846607 
1397	 0.256352587476278 
1398	 0.24007620266627 
1399	 0.237465112299084 
1400	 0.246839955965086 
1401	 0.255422203887824 
1402	 0.245788228495413 
1403	 0.23491333785285 
1404	 0.230838877075884 
1405	 0.224995475341431 
1406	 0.216116550224587 
1407	 0.208694623427095 
1408	 0.203769800681309 
1409	 0.202162979267102 
1410	 0.201262245253052 
1411	 0.196982483506575 
1412	 0.194963262782581 
1413	 0.194855027967405 
1414	 0.192349269093397 
1415	 0.190138032917178 
1416	 0.187929642020921 
1417	 0.185850333553687 
1418	 0.183992290987089 
1419	 0.181989510767041 
1420	 0.180897319911576 
1421	 0.178956774429582 
1422	 0.177670338856622 
1423	 0.179457873334843 
1424	 0.179434223864415 
1425	 0.177307492737953 
1426	 0.176105282426135 
1427	 0.174796825935006 
1428	 0.172456097213887 
1429	 0.171839918511891 
1430	 0.173081124038994 
1431	 0.173017445506604 
1432	 0.172903787627221 
1433	 0.172661657395967 
1434	 0.170701113887142 
1435	 0.169566108557129 
1436	 0.169634132550578 
1437	 0.169146426837314 
1438	 0.168946038948359 
1439	 0.169215934833442 
1440	 0.168738820703263 
1441	 0.167443872269938 
1442	 0.166846054753163 
1443	 0.166381200155295 
1444	 0.165581972907951 
1445	 0.166036676901719 
1446	 0.167445170397729 
1447	 0.168091955784839 
1448	 0.167550467823563 
1449	 0.166931658676776 
1450	 0.166600402678429 
1451	 0.166354586718614 
1452	 0.166532846326436 
1453	 0.166480508099032 
1454	 0.165838933128108 
1455	 0.165706134710146 
1456	 0.166043897577973 
1457	 0.166268314262136 
1458	 0.166620302461679 
1459	 0.166697716622465 
1460	 0.166643690088807 
1461	 0.167090806062628 
1462	 0.167724459687555 
1463	 0.168314108034457 
1464	 0.16888222304405 
1465	 0.169285438155569 
1466	 0.169955622706529 
1467	 0.170739859679104 
1468	 0.171136350256728 
1469	 0.172218833334366 
1470	 0.173305652569077 
1471	 0.174379454401506 
1472	 0.174928828141936 
1473	 0.176164483990782 
1474	 0.177309431391497 
1475	 0.177904886813342 
1476	 0.179112702052404 
1477	 0.180841473038102 
1478	 0.182147158605804 
1479	 0.183575058237879 
1480	 0.185202455385306 
1481	 0.1862874635022 
1482	 0.187333492229441 
1483	 0.188528768468426 
1484	 0.189629465813104 
1485	 0.190676074446206 
1486	 0.19177419274791 
1487	 0.193000655669616 
1488	 0.194191377497269 
1489	 0.19556295252063 
1490	 0.1971174475282 
1491	 0.198475998537126 
1492	 0.19967574557939 
1493	 0.200918914898693 
1494	 0.202078934439897 
1495	 0.203190937168805 
1496	 0.204424354724952 
1497	 0.205693768639986 
1498	 0.206864862525063 
1499	 0.208038238718629 
1500	 0.209441394764508 
1501	 0.210770907140755 
1502	 0.211984488857412 
1503	 0.213410245173995 
1504	 0.214819470887583 
1505	 0.216029360804591 
1506	 0.217489667256268 
1507	 0.219221667842516 
1508	 0.220648930671086 
1509	 0.222062010080972 
1510	 0.223604012175072 
1511	 0.224840176053653 
1512	 0.226146800012604 
1513	 0.227861297336614 
1514	 0.229528031123602 
1515	 0.230925367511912 
1516	 0.232234602755429 
1517	 0.233415427762206 
1518	 0.234686754875013 
1519	 0.23631094705067 
1520	 0.237942270303635 
1521	 0.239303419271389 
1522	 0.240531718142264 
1523	 0.24177465822078 
1524	 0.243338456767763 
1525	 0.245133514759014 
1526	 0.246642692455242 
1527	 0.248045259572741 
1528	 0.249409526030612 
1529	 0.250724454520841 
1530	 0.252303529502814 
1531	 0.253761310688904 
1532	 0.255194206791476 
1533	 0.256614211440726 
1534	 0.257915898288081 
1535	 0.259268420057288 
1536	 0.260776775278358 
1537	 0.262167675271161 
1538	 0.263412940490347 
1539	 0.264928822622123 
1540	 0.266415829158583 
1541	 0.267607187238912 
1542	 0.268942050530883 
1543	 0.270211580686752 
1544	 0.271361982187713 
1545	 0.272820642123657 
1546	 0.274290445765241 
1547	 0.275541314972102 
1548	 0.276854805674525 
1549	 0.278113734226941 
1550	 0.279173757911556 
1551	 0.280426081704486 
1552	 0.28182262289447 
1553	 0.282930234291393 
1554	 0.284053745608674 
1555	 0.285380656895393 
1556	 0.286571416041456 
1557	 0.287845455207818 
1558	 0.289323523662883 
1559	 0.290483181290029 
1560	 0.291502038471016 
1561	 0.292711289828488 
1562	 0.293837895880344 
1563	 0.294969374058635 
1564	 0.296180303827255 
1565	 0.29740442492499 
1566	 0.298745568868363 
1567	 0.300005446608498 
1568	 0.301030053220879 
1569	 0.302074030204953 
1570	 0.303257709170447 
1571	 0.30453005476732 
1572	 0.305767644763412 
1573	 0.306790826971502 
1574	 0.307600265505867 
1575	 0.308367703560091 
1576	 0.30936342324687 
1577	 0.310431893791794 
1578	 0.311473114039398 
1579	 0.312634681738232 
1580	 0.313631648160733 
1581	 0.314674511326214 
1582	 0.315834663398578 
1583	 0.316713326057924 
1584	 0.31752108961607 
1585	 0.318421588284392 
1586	 0.319255933183591 
1587	 0.31995976708622 
1588	 0.321008163358303 
1589	 0.322193353019472 
1590	 0.322818219715499 
1591	 0.323498930283672 
1592	 0.324365923107042 
1593	 0.3249289101999 
1594	 0.325869426174275 
1595	 0.327252224544846 
1596	 0.328152059856123 
1597	 0.328847695922593 
1598	 0.329781293369716 
1599	 0.330586493077815 
1600	 0.331383397681935 
1601	 0.332358959642369 
1602	 0.333085254737414 
1603	 0.333699637613247 
1604	 0.334563620559452 
1605	 0.335273566272165 
1606	 0.33600028550944 
1607	 0.336983531045033 
1608	 0.337632099541007 
1609	 0.338190270207207 
1610	 0.339158378567274 
1611	 0.339936600221466 
1612	 0.340624620286886 
1613	 0.341657902241578 
1614	 0.342243236638571 
1615	 0.34243881549832 
1616	 0.342997342294315 
1617	 0.343574492350927 
1618	 0.344188778140649 
1619	 0.345065813336432 
1620	 0.34567706656622 
1621	 0.346059043299002 
1622	 0.346550500377402 
1623	 0.347087760088274 
1624	 0.347623787195625 
1625	 0.348200338758674 
1626	 0.349002507431779 
1627	 0.349661429602807 
1628	 0.350011185786542 
1629	 0.350645068189199 
1630	 0.351150530212886 
1631	 0.351315901743452 
1632	 0.35196623825307 
1633	 0.352641492077076 
1634	 0.353015702853503 
1635	 0.353729690266224 
1636	 0.354334264381754 
1637	 0.3546592869806 
1638	 0.35508512418609 
1639	 0.355477285432865 
1640	 0.355891843018648 
1641	 0.356486103212923 
1642	 0.357140645279172 
1643	 0.357523955504227 
1644	 0.357849982282465 
1645	 0.358200063326316 
1646	 0.358413480111576 
1647	 0.358956270889052 
1648	 0.359439778223215 
1649	 0.359567167248446 
1650	 0.35990103904254 
1651	 0.360198838454037 
1652	 0.360392090589495 
1653	 0.360764174544182 
1654	 0.361107973616875 
1655	 0.361278284329668 
1656	 0.361365434124259 
1657	 0.361526282676711 
1658	 0.361688257190568 
1659	 0.361848718412654 
1660	 0.362225717287258 
1661	 0.362532542910627 
1662	 0.36262976324215 
1663	 0.362941949778819 
1664	 0.363274516416856 
1665	 0.363508780961069 
1666	 0.36377892925177 
1667	 0.36391879469828 
1668	 0.363768504231856 
1669	 0.363657714638173 
1670	 0.363937380355491 
1671	 0.363913698732575 
1672	 0.363803552309787 
1673	 0.364121676298486 
1674	 0.364108136778107 
1675	 0.363984068296305 
1676	 0.364179254968543 
1677	 0.364200812519867 
1678	 0.364260211497563 
1679	 0.364465226147085 
1680	 0.364488561439777 
1681	 0.364512544823678 
1682	 0.364212249244429 
1683	 0.363890335671275 
1684	 0.363999901390087 
1685	 0.363901652125075 
1686	 0.36374956043334 
1687	 0.363823513265981 
1688	 0.363483238034673 
1689	 0.363099246306037 
1690	 0.363221162847609 
1691	 0.3631932139621 
1692	 0.362925335576883 
1693	 0.362810406778061 
1694	 0.362583301843642 
1695	 0.362314809376983 
1696	 0.362405529935348 
1697	 0.362346136868869 
1698	 0.362067085566109 
1699	 0.361892349719831 
1700	 0.36150179150407 
1701	 0.361086074434677 
1702	 0.360776694594249 
1703	 0.360513447980847 
1704	 0.360472167895157 
1705	 0.360317827055329 
1706	 0.360188538345182 
1707	 0.359925859706957 
1708	 0.359508337995959 
1709	 0.359060518088443 
1710	 0.358336222165082 
1711	 0.357934942209315 
1712	 0.357866567774713 
1713	 0.357430399021789 
1714	 0.356980570691815 
1715	 0.356562480042708 
1716	 0.355861727230486 
1717	 0.355320247178536 
1718	 0.355022605959964 
1719	 0.354623867983283 
1720	 0.354173268879756 
1721	 0.353606621480501 
1722	 0.352912942912 
1723	 0.352363459537302 
1724	 0.351789504327235 
1725	 0.351276641804531 
1726	 0.351055665988246 
1727	 0.350528644785858 
1728	 0.349707499713595 
1729	 0.348984906754514 
1730	 0.348049349969566 
1731	 0.347594315818405 
1732	 0.347622819066274 
1733	 0.347222914183656 
1734	 0.346842959277974 
1735	 0.346305412515484 
1736	 0.345371526864924 
1737	 0.344658422134558 
1738	 0.344269033376954 
1739	 0.343618036483443 
1740	 0.342645255584105 
1741	 0.341876740790058 
1742	 0.341099496921297 
1743	 0.340393657534019 
1744	 0.33996184170869 
1745	 0.339286222075513 
1746	 0.338452142588409 
1747	 0.337658788296893 
1748	 0.336901473856601 
1749	 0.335847551634811 
1750	 0.334544666419165 
1751	 0.333639535753354 
1752	 0.332557563584592 
1753	 0.33187777043082 
1754	 0.331569346601468 
1755	 0.330449646501525 
1756	 0.32940718580759 
1757	 0.328665434274223 
1758	 0.327882926652726 
1759	 0.327415972798264 
1760	 0.326878452392132 
1761	 0.326008768072884 
1762	 0.324943523931504 
1763	 0.323985057050882 
1764	 0.323167822065215 
1765	 0.322740917457073 
1766	 0.322496848540285 
1767	 0.321733346538367 
1768	 0.320820429599906 
1769	 0.319651772317399 
1770	 0.318352425908371 
1771	 0.317889076857695 
1772	 0.3172731052999 
1773	 0.316758172909781 
1774	 0.316170133196153 
1775	 0.315301932459733 
1776	 0.3148167110124 
1777	 0.314562308251819 
1778	 0.314265454148072 
1779	 0.314610611162897 
1780	 0.314267580553238 
1781	 0.313200286985107 
1782	 0.312672588218175 
1783	 0.311839578986105 
1784	 0.311383935452115 
1785	 0.311625215917113 
1786	 0.311612214216261 
1787	 0.31154290756409 
1788	 0.311680333175745 
1789	 0.312329845939739 
1790	 0.312205187350957 
1791	 0.311322603101448 
1792	 0.311352023544086 
1793	 0.31156451168966 
1794	 0.311474425625563 
1795	 0.312278454576468 
1796	 0.312084329144646 
1797	 0.310232798249133 
1798	 0.30940843888371 
1799	 0.308585236385748 
1800	 0.309078511912352 
1801	 0.311161092090272 
1802	 0.312136361503035 
1803	 0.314146972076491 
1804	 0.31509990598912 
1805	 0.314249742699903 
1806	 0.314151292390942 
1807	 0.314428243036596 
1808	 0.31409344263348 
1809	 0.311898006803428 
1810	 0.314461456669258 
1811	 0.319073887661022 
1812	 0.325025188954146 
1813	 0.32676734586737 
1814	 0.324297944278965 
1815	 0.320759143563711 
1816	 0.312789860283758 
1817	 0.308752908528532 
1818	 0.310378605398728 
1819	 0.311075357710786 
1820	 0.322821602855574 
1821	 0.332533854961422 
1822	 0.342155560944321 
1823	 0.345457528033864 
1824	 0.338622940452904 
1825	 0.332379600103107 
1826	 0.307553946985505 
1827	 0.299614351303606 
1828	 0.308661134606525 
1829	 0.321358926513595 
1830	 0.3528234970926 
1831	 0.310028556291797 
1832	 0.272088142153037 
1833	 0.302821373070799 
1834	 0.659032776514048 
1835	 0.956717579275303 
1836	 0.576614662528656 
1837	 0.564554747138587 
1838	 0.474175915589688 
1839	-6.28922168409439E-02 
1840	-0.369881949761843 
1841	-0.104549277377069 
1842	-0.132802706786877 
1843	-4.52517251250319E-02 
1844	-7.51241240137644E-02 
1845	-2.51518758426752 
1846	 10.2251873860521 
1847	-1.01411152407845 
1848	 1.39429656707653 
1849	 3.33095478193827 
1850	 1.16401188140938 
1851	 1.44217051983817 
1852	 5.05408266596717 
1853	 4.42628527906448 
1854	 5.89992281110071 
1855	 2.43687584378647 
1856	 7.13718723789216E-02 
1857	-0.498626839816855 
1858	-1.02040378738333 
1859	-3.04694964774947 
1860	-3.07877564931489 
1861	-16.6627095041551 
1862	-4.68392678284147 
1863	-0.145472246197731 
1864	-2.21328635387263E-02 
1865	 0.648263314654364 
1866	 0.857550817792955 
1867	 2.21802611446936E-02 
1868	-0.298407397720746 
1869	-0.300325740730258 
1870	-0.296492008195145 
1871	-0.082655068953719 
1872	 1.58611720948741 
1873	 1.41955250733684 
1874	 0.755425496256988 
1875	 0.588712608513167 
1876	 0.104608807702718 
1877	-0.131001049679497 
1878	-0.150741441168953 
1879	-0.111060817709086 
1880	 2.56271078769803E-02 
1881	 0.270241606203682 
1882	 0.349510772474969 
1883	 0.480525773160809 
1884	 0.427620598128639 
1885	 0.237908251859905 
1886	 0.148201301083822 
1887	 0.187700707432092 
1888	 0.205973852860218 
1889	 0.23390955332107 
1890	 0.31818062485133 
1891	 0.33510823092139 
1892	 0.200402211234974 
1893	 0.159934005445537 
1894	 0.186755258015572 
1895	 0.222630833883706 
1896	 0.244855619147534 
1897	 0.367731859867258 
1898	 0.607254079728182 
1899	 0.60915308665366 
1900	 0.551425051360453 
1901	 0.723334729109862 
1902	 0.660826577422328 
1903	 0.382330647048485 
1904	 0.247544795894888 
1905	 8.53500802747063E-02 
1906	 3.04956873206898E-02 
1907	 0.106864849966179 
1908	 0.247516527467627 
1909	 0.374155045420821 
1910	 0.193850470466415 
1911	 0.109876348886163 
1912	 0.244174934410772 
1913	 0.193677532870797 
1914	 8.59973142980923E-02 
1915	 7.98025083561842E-02 
1916	 7.34617609150272E-02 
1917	 1.56496722803031E-02 
1918	 0.045574917617819 
1919	 0.129732923171328 
1920	 0.113540503850313 
1921	 6.13674428638538E-02 
1922	 5.29888585021442E-02 
1923	 4.23098982283155E-02 
1924	 4.32908741704076E-02 
1925	 6.44913229317623E-02 
1926	 8.74869055052405E-02 
1927	 0.064373474349241 
1928	 3.93885812699692E-02 
1929	 4.38161818872321E-02 
1930	 6.62556574501309E-02 
1931	 8.06219791212138E-02 
1932	 8.82331462158525E-02 
1933	 9.08185372774342E-02 
1934	 7.46934916521165E-02 
1935	 6.78631541790368E-02 
1936	 6.25031006113354E-02 
1937	 6.69233480592279E-02 
1938	 5.86003751793571E-02 
1939	 0.056593543742101 
1940	 0.061859952437247 
1941	 6.24521924396069E-02 
1942	 6.76553745375901E-02 
1943	 6.85259524441974E-02 
1944	 6.08147704158633E-02 
1945	 0.05875249287494 
1946	 5.90902815169724E-02 
1947	 6.11345565155983E-02 
1948	 6.30567336091863E-02 
1949	 6.67218233883217E-02 
1950	 6.89070296950398E-02 
1951	 6.95238935631377E-02 
1952	 6.86951229068866E-02 
1953	 6.75744066668399E-02 
1954	 7.08211377441263E-02 
1955	 7.31878800631897E-02 
1956	 7.17344018602505E-02 
1957	 7.20314810520556E-02 
1958	 7.28391940440594E-02 
1959	 7.22043998969293E-02 
1960	 7.10181137654475E-02 
1961	 7.20863574420339E-02 
1962	 7.31305547485749E-02 
1963	 7.34688270519046E-02 
1964	 7.39788305007171E-02 
1965	 7.47289713512823E-02 
1966	 0.076132193764083 
1967	 7.72021314721068E-02 
1968	 7.68178582519984E-02 
1969	 7.71620545298433E-02 
1970	 7.77730924681259E-02 
1971	 7.88199782330837E-02 
1972	 7.91421953500502E-02 
1973	 7.95929561611674E-02 
1974	 7.98028275365868E-02 
1975	 8.02952515048039E-02 
1976	 8.08415370033105E-02 
1977	 8.03482665348065E-02 
1978	 8.01416037966995E-02 
1979	 8.06764755970933E-02 
1980	 8.13103919768653E-02 
1981	 8.18435278477699E-02 
1982	 8.25278252580083E-02 
1983	 8.37470546179246E-02 
1984	 8.43845226401212E-02 
1985	 8.45206365453016E-02 
1986	 8.54895552094175E-02 
1987	 8.62734644673899E-02 
1988	 8.62830731127948E-02 
1989	 8.67125222161487E-02 
1990	 8.73482509932395E-02 
1991	 8.79772107645306E-02 
1992	 8.84865154345736E-02 
1993	 8.88990741251204E-02 
1994	 8.86286242037351E-02 
1995	 0.089093475928838 
1996	 8.99965039423352E-02 
1997	 9.12424978239584E-02 
1998	 9.19955976743132E-02 
1999	 9.11867518997961E-02 
2000	 9.04033219490807E-02 
2001	 9.10921618104574E-02 
2002	 9.25163679430348E-02 
2003	 9.55494476292795E-02 
2004	 9.85612537164588E-02 
2005	 9.88689389610354E-02 
2006	 9.98946002126126E-02 
2007	 0.10024943412222 
2008	 0.101149812579083 
2009	 0.101860421411207 
2010	 0.102975001951355 
2011	 0.105094523831423 
2012	 0.106923491871679 
2013	 0.109091885950075 
2014	 0.110522600550585 
2015	 0.111117965630997 
2016	 0.111644442310461 
2017	 0.110285129191806 
2018	 0.109254882905116 
2019	 0.10991135046695 
2020	 0.111732210335561 
2021	 0.11197055736691 
2022	 0.112211100838008 
2023	 0.113435641593175 
2024	 0.113591511159034 
2025	 0.1129584446317 
2026	 0.113711153923335 
2027	 0.114311374147896 
2028	 0.113946061000882 
2029	 0.114132577265949 
2030	 0.115146578078882 
2031	 0.115719181997421 
2032	 0.115952807366221 
2033	 0.116324461079193 
2034	 0.116634253913253 
2035	 0.116343749628492 
2036	 0.116251065583785 
2037	 0.11751538481679 
2038	 0.11854508775461 
2039	 0.119038115702149 
2040	 0.119682280117611 
2041	 0.119515246916562 
2042	 0.119538586770134 
2043	 0.120128647238299 
2044	 0.120524654361115 
2045	 0.120927868533535 
2046	 0.12131770408039 
2047	 0.121911464727817 
2048	 0.122778866117264 
2049	 0.123446894751661 
2050	 0.124438678939201 
2051	 0.125009226985459 
2052	 0.125173272894849 
2053	 0.125837435243137 
2054	 0.126674810497205 
2055	 0.127444177442896 
2056	 0.127568233875927 
2057	 0.127113274099924 
2058	 0.127616471414669 
2059	 0.129099572338155 
2060	 0.130287813251133 
2061	 0.132650758170593 
2062	 0.133877968488658 
2063	 0.134018776152244 
2064	 0.134633237167665 
2065	 0.135428495247775 
2066	 0.135692945000176 
2067	 0.135941271167418 
2068	 0.136581470014314 
2069	 0.136498744854807 
2070	 0.136669175963137 
2071	 0.137701652982961 
2072	 0.138047931945084 
2073	 0.138183401459295 
2074	 0.139043160094531 
2075	 0.139732079181691 
2076	 0.140231789225844 
2077	 0.140755764078029 
2078	 0.14162042019638 
2079	 0.142088821405039 
2080	 0.142143140877338 
2081	 0.142312119727046 
2082	 0.143180635540772 
2083	 0.143653374242442 
2084	 0.143983603132104 
2085	 0.14495606019018 
2086	 0.145584426058479 
2087	 0.146040231595047 
2088	 0.1471743468317 
2089	 0.148295967347062 
2090	 0.149060896838839 
2091	 0.149702543322948 
2092	 0.150428866742327 
2093	 0.150816747416846 
2094	 0.151196920362476 
2095	 0.151767927872897 
2096	 0.152213826034425 
2097	 0.152327165716716 
2098	 0.152999579137023 
2099	 0.153545101125575 
2100	 0.153340941059252 
2101	 0.153722180368054 
2102	 0.154707649822567 
2103	 0.155824330446953 
2104	 0.156786387152035 
2105	 0.157121608125104 
2106	 0.157728570888364 
2107	 0.158349198707425 
2108	 0.158709769604558 
2109	 0.159399770864195 
2110	 0.160344812126017 
2111	 0.161191939101618 
2112	 0.162516849578243 
2113	 0.163258427141699 
2114	 0.163863602172691 
2115	 0.164101123858473 
2116	 0.164104230901451 
2117	 0.164353794515017 
2118	 0.165072676037926 
2119	 0.165765434403104 
2120	 0.166965405231889 
2121	 0.168060839630169 
2122	 0.168669557764292 
2123	 0.169864737830983 
2124	 0.17068194074395 
2125	 0.170965521592835 
2126	 0.171223218149026 
2127	 0.171613530498416 
2128	 0.1721717734675 
2129	 0.172390655653746 
2130	 0.172679616370067 
2131	 0.173197956399103 
2132	 0.17377225764934 
2133	 0.174045143453046 
2134	 0.174991252402137 
2135	 0.176275564800054 
2136	 0.176372559399686 
2137	 0.176439614639411 
2138	 0.177424234753924 
2139	 0.177910732273214 
2140	 0.178468967806293 
2141	 0.179178794091192 
2142	 0.179744640742496 
2143	 0.179965299076517 
2144	 0.179844824705496 
2145	 0.180274457034404 
2146	 0.180675396594104 
2147	 0.181041378860761 
2148	 0.181904841490573 
2149	 0.18267595626495 
2150	 0.183297160534394 
2151	 0.183680049092559 
2152	 0.184018942105613 
2153	 0.184547295188996 
2154	 0.184728544018365 
2155	 0.1847353771424 
2156	 0.185542481071616 
2157	 0.186559356207941 
2158	 0.187126397193445 
2159	 0.187488171162568 
2160	 0.187773405856265 
2161	 0.187819233557277 
2162	 0.188180374854737 
2163	 0.18886370134514 
2164	 0.189383262156302 
2165	 0.189931659272595 
2166	 0.19022822254714 
2167	 0.190306818336495 
2168	 0.190437298662253 
2169	 0.190205939301857 
2170	 0.190370284508889 
2171	 0.190898649523612 
2172	 0.191388424947775 
2173	 0.192224400637855 
2174	 0.192324044882943 
2175	 0.192477646996089 
2176	 0.192636624564045 
2177	 0.192504255815946 
2178	 0.192902133819506 
2179	 0.193524697328331 
2180	 0.194420999559097 
2181	 0.194895973167377 
2182	 0.19461373538212 
2183	 0.194658736382516 
2184	 0.194806449497062 
2185	 0.194961375795647 
2186	 0.195631780347439 
2187	 0.196119742818312 
2188	 0.196139650460494 
2189	 0.196233775713135 
2190	 0.196567108299957 
2191	 0.196700642196646 
2192	 0.196744915137172 
2193	 0.196935984490786 
2194	 0.196945959868947 
2195	 0.197297189895566 
2196	 0.197631374726871 
2197	 0.198385913935525 
2198	 0.200027668673134 
2199	 0.200667943353525 
2200	 0.201182487650999 
2201	 0.201239948455964 
2202	 0.199848941308884 
2203	 0.199177207477883 
2204	 0.199017068762565 
2205	 0.199056025600178 
2206	 0.198971631405997 
2207	 0.1985864490798 
2208	 0.198566903019641 
2209	 0.197685611628787 
2210	 0.197688640788144 
2211	 0.199324182412627 
2212	 0.199361932496122 
2213	 0.198262634785719 
2214	 0.198126232521298 
2215	 0.198330250643244 
2216	 0.197936879346812 
2217	 0.197250669077669 
2218	 0.197537544528396 
2219	 0.197926458069716 
2220	 0.197598168804335 
2221	 0.197648216101324 
2222	 0.197854521522532 
2223	 0.196983053238244 
2224	 0.196322713002212 
2225	 0.197298625721302 
2226	 0.197959991262633 
2227	 0.197490053860438 
2228	 0.197765459134533 
2229	 0.196792008145948 
2230	 0.196583054348091 
2231	 0.198674557501611 
2232	 0.198080093704063 
2233	 0.196992777641183 
2234	 0.197431496066062 
2235	 0.195996649187738 
2236	 0.195086314258935 
2237	 0.194315071897236 
2238	 0.193375495595049 
2239	 0.192875095767784 
2240	 0.192959621353553 
2241	 0.192893137926261 
2242	 0.193353044024015 
2243	 0.193398913857659 
2244	 0.193162539525849 
2245	 0.192312171168998 
2246	 0.191170649016944 
2247	 0.190276415244205 
2248	 0.188435816234604 
2249	 0.187570899371388 
2250	 0.187364409355958 
2251	 0.18759388623444 
2252	 0.187525621792831 
2253	 0.187025810416471 
2254	 0.186064916259336 
2255	 0.184933836277049 
2256	 0.183763304108359 
2257	 0.183368603142586 
2258	 0.183454506997625 
2259	 0.18228882667948 
2260	 0.181633327617754 
2261	 0.18362667553213 
2262	 0.185400963153297 
2263	 0.185016271361476 
2264	 0.182992844219467 
2265	 0.180735256256215 
2266	 0.179884379384559 
2267	 0.179469571445855 
2268	 0.179498754114105 
2269	 0.179119595530956 
2270	 0.177080642394213 
2271	 0.176355014404596 
2272	 0.175950139570393 
2273	 0.176338168877204 
2274	 0.17623432322092 
2275	 0.176761153261643 
2276	 0.176324477933561 
2277	 0.175446024027232 
2278	 0.175505504981771 
2279	 0.174795002722963 
2280	 0.174004375234803 
2281	 0.174123699176649 
2282	 0.17404120046755 
2283	 0.173971995463384 
2284	 0.173739834845031 
2285	 0.172977891183181 
2286	 0.173139030490445 
2287	 0.173929163125253 
2288	 0.173372900881574 
2289	 0.17157775781509 
2290	 0.171348295049422 
2291	 0.171443863504164 
2292	 0.170459682403197 
2293	 0.169037937915007 
2294	 0.167052980391294 
2295	 0.165401122459458 
2296	 0.164963068336808 
2297	 0.164654150281032 
2298	 0.165093126304722 
2299	 0.165594473257245 
2300	 0.163534078999203 
2301	 0.161846928900209 
2302	 0.161960716522152 
2303	 0.160281192502501 
2304	 0.157128190250081 
2305	 0.157274757427292 
2306	 0.159029443910759 
2307	 0.158127269314487 
2308	 0.15740292752289 
2309	 0.158011284432602 
2310	 0.157591697840879 
2311	 0.157168631543702 
2312	 0.156646978366314 
2313	 0.15428689952778 
2314	 0.152320370700863 
2315	 0.150943340594336 
2316	 0.151338924466 
2317	 0.154085546931725 
2318	 0.1547860729708 
2319	 0.154362073030869 
2320	 0.152771531833144 
2321	 0.151443951285811 
2322	 0.14738733291564 
2323	 0.147285579386889 
2324	 0.151013050959488 
2325	 0.150157240879297 
2326	 0.148312549998013 
2327	 0.148064501299866 
2328	 0.145758123789935 
2329	 0.144355516072879 
2330	 0.145240966711424 
2331	 0.145397996455206 
2332	 0.143646989473413 
2333	 0.142967459819834 
2334	 0.145087258123048 
2335	 0.144322527072681 
2336	 0.141637411231913 
2337	 0.140738356337838 
2338	 0.138259379743395 
2339	 0.137860093248312 
2340	 0.140247299052294 
2341	 0.139911488297843 
2342	 0.13834417597453 
2343	 0.139519522152522 
2344	 0.138306813008104 
2345	 0.136953914535147 
2346	 0.139658173769759 
2347	 0.139899171442549 
2348	 0.137308917878777 
2349	 0.135789820822255 
2350	 0.13455818018721 
2351	 0.134093934065212 
2352	 0.132890587151637 
2353	 0.132113922034621 
2354	 0.131143526121095 
2355	 0.126784135192771 
2356	 0.127209144873407 
2357	 0.131031453427268 
2358	 0.129930980386494 
2359	 0.130075488359013 
2360	 0.133750236580944 
2361	 0.134047510544987 
2362	 0.131027769249723 
2363	 0.13118311537083 
2364	 0.128887052434074 
2365	 0.123777893367341 
2366	 0.126733125990539 
2367	 0.126889423558849 
2368	 0.120022305637837 
2369	 0.117524304203915 
2370	 0.11904086828485 
2371	 0.123217701171087 
2372	 0.127200229573219 
2373	 0.126501472579863 
2374	 0.120891701766261 
2375	 0.115689981670325 
2376	 0.119188114993712 
2377	 0.122742442595586 
2378	 0.119327719066667 
2379	 0.115915045828752 
2380	 0.110885233080125 
2381	 0.106205559819982 
2382	 0.108721168635694 
2383	 0.114819006713654 
2384	 0.117015236651059 
2385	 0.116303943565294 
2386	 0.113805562302123 
2387	 0.108528160987988 
2388	 0.10838940401218 
2389	 0.111016915736881 
2390	 0.108216684084474 
2391	 0.107493003114505 
2392	 0.109713456611185 
2393	 0.106763300836933 
2394	 0.103257504750575 
2395	 0.104286799025972 
2396	 0.10201246174244 
2397	 9.57606784133918E-02 
2398	 0.100897492983046 
2399	 0.11325966035485 
2400	 0.112777109591452 
2401	 0.108685254500888 
2402	 0.111311087512916 
2403	 0.104576269140904 
2404	 9.40763003249742E-02 
2405	 9.77027634393043E-02 
2406	 0.104037748755795 
2407	 0.101157233438838 
2408	 0.104049195749663 
2409	 0.109983426102826 
2410	 0.101055879331297 
2411	 8.92172419954706E-02 
2412	 8.95080247104774E-02 
2413	 9.94664206294408E-02 
2414	 9.65976362481881E-02 
2415	 0.087066495137661 
2416	 9.12156601053352E-02 
2417	 8.28286546972161E-02 
2418	 6.99353181783599E-02 
2419	 8.28764414356059E-02 
2420	 9.13437127806292E-02 
2421	 8.54765269476388E-02 
2422	 9.10154995211371E-02 
2423	 0.08992716951833 
2424	 7.90149985568885E-02 
2425	 7.66476643919129E-02 
2426	 7.58810293684149E-02 
2427	 7.90622947399227E-02 
2428	 8.60867542600623E-02 
2429	 8.45138127003489E-02 
2430	 7.92227256468081E-02 
2431	 7.96956444563557E-02 
2432	 7.96253142924971E-02 
2433	 7.36001469887532E-02 
2434	 8.08389069341386E-02 
2435	 8.83958423038463E-02 
2436	 7.88133926635892E-02 
2437	 8.80811867371592E-02 
2438	 9.55147220042249E-02 
2439	 8.60100006415322E-02 
2440	 9.44021089708419E-02 
2441	 0.100791019908004 
2442	 9.29584143224017E-02 
2443	 0.086523154699806 
2444	 9.06306767320434E-02 
2445	 9.08403249814768E-02 
2446	 8.11936885503425E-02 
2447	 7.92394615759522E-02 
2448	 8.20794770528059E-02 
2449	 8.09106521324231E-02 
2450	 7.71628181839913E-02 
2451	 8.04376810792895E-02 
2452	 6.81616578158665E-02 
2453	 0.053610532736987 
2454	 6.35303319812601E-02 
2455	 0.066663820786281 
2456	 7.47848928213907E-02 
2457	 7.99322887969256E-02 
2458	 6.53684396128824E-02 
2459	 6.91250533269606E-02 
2460	 6.74421304626455E-02 
2461	 5.56834216243325E-02 
2462	 6.54203513198843E-02 
2463	 6.37428112202621E-02 
2464	 5.91830439411036E-02 
2465	 7.51820363622452E-02 
2466	 8.42478524785886E-02 
2467	 9.45324378739562E-02 
2468	 0.118102366340608 
2469	 0.123715478414223 
2470	 0.11978828255094 
2471	 0.115983912185412 
2472	 0.103340822831933 
2473	 6.75954921480657E-02 
2474	-7.11892464942708E-04 
2475	-0.026412907629854 
2476	-5.55748735465841E-02 
2477	-5.18195552030427E-02 
2478	 3.62281121442697E-02 
2479	 6.57372208791724E-02 
2480	 5.64993322748293E-02 
2481	 1.16922076024786E-02 
2482	-0.026346231611572 
2483	-0.156244508407593 
2484	-0.196557870566873 
2485	-0.183770568150466 
2486	-0.305623983590502 
2487	-0.15577982737741 
2488	 0.018468511604512 
2489	 4.37141724977922E-02 
2490	 0.15202383212331 
2491	 6.93150452447395E-02 
2492	-0.220093277035512 
2493	-0.264528569792189 
2494	-0.108560660399002 
2495	 4.77677316747397E-02 
2496	 0.240948574079954 
2497	 0.274731095498053 
2498	 0.133703022134416 
2499	 0.124505932589512 
2500	 1.41391813729942E-02 
