Wavelength	09/27/123 at 12:40:02
350	 1.36230505847625E-02 
351	 1.31544544165135E-02 
352	 1.33590194084563E-02 
353	 1.36670887086071E-02 
354	 1.31986206566371E-02 
355	 1.36069725218986E-02 
356	 1.38282149932609E-02 
357	 1.33835001890348E-02 
358	 1.35613860389168E-02 
359	 1.37002928068299E-02 
360	 0.013633844617547 
361	 0.01343283782292 
362	 1.34337008869364E-02 
363	 1.34652608829154E-02 
364	 1.33874437802394E-02 
365	 1.32247278142042E-02 
366	 1.31258246291414E-02 
367	 1.30386155024075E-02 
368	 1.28792607367024E-02 
369	 1.33439760708243E-02 
370	 1.35836918344513E-02 
371	 1.31718214080561E-02 
372	 1.29836964842647E-02 
373	 1.29249395561204E-02 
374	 1.29497744599776E-02 
375	 1.30015075863685E-02 
376	 1.30930297923555E-02 
377	 1.31788270306845E-02 
378	 1.32467464061662E-02 
379	 1.33856658192358E-02 
380	 0.013358351874201 
381	 1.33111862181587E-02 
382	 1.35325841735807E-02 
383	 1.36303309577303E-02 
384	 1.36161853800391E-02 
385	 1.35456319944812E-02 
386	 0.013421145276294 
387	 1.34550257358056E-02 
388	 1.36835349525732E-02 
389	 1.40113258196484E-02 
390	 1.40612260828915E-02 
391	 1.42134473470035E-02 
392	 1.45712826619489E-02 
393	 1.45664971193966E-02 
394	 0.014665179496017 
395	 1.47252518396618E-02 
396	 1.44821040950006E-02 
397	 1.45810601622795E-02 
398	 1.46841485708761E-02 
399	 1.46581475084245E-02 
400	 1.48687368345168E-02 
401	 1.50546653615809E-02 
402	 1.52026971015808E-02 
403	 1.53741559251908E-02 
404	 1.55199333486417E-02 
405	 1.56365940460037E-02 
406	 1.57353469850318E-02 
407	 1.58467880742723E-02 
408	 1.59534471052131E-02 
409	 1.60562908360243E-02 
410	 1.61749841619987E-02 
411	 1.64361278089833E-02 
412	 1.65641298298731E-02 
413	 1.65228736161638E-02 
414	 1.67412527132769E-02 
415	 1.68652652123462E-02 
416	 1.69182853755571E-02 
417	 1.70189948855066E-02 
418	 1.69514194526818E-02 
419	 1.69381256869323E-02 
420	 1.70636645593032E-02 
421	 1.71407352843801E-02 
422	 1.71918686114858E-02 
423	 1.72437602661884E-02 
424	 1.73231518166191E-02 
425	 1.74056061642943E-02 
426	 1.74353958975525E-02 
427	 1.74225737667717E-02 
428	 1.74879723417824E-02 
429	 1.74663100586054E-02 
430	 1.73476588570575E-02 
431	 1.71926764175327E-02 
432	 1.71028001293386E-02 
433	 1.71060076575029E-02 
434	 1.71368829940036E-02 
435	 0.017012025854101 
436	 0.016949394704414 
437	 1.69355970554526E-02 
438	 1.68993140525504E-02 
439	 1.68697240764377E-02 
440	 0.016811749153865 
441	 0.016717912953334 
442	 1.66148293803117E-02 
443	 1.66261566550006E-02 
444	 1.66571698544871E-02 
445	 1.65983717422851E-02 
446	 1.66330030667048E-02 
447	 1.66386958740673E-02 
448	 1.65980567495179E-02 
449	 1.66421436497583E-02 
450	 0.016702500272848 
451	 1.67306276963978E-02 
452	 0.016704013259246 
453	 1.67047078105385E-02 
454	 0.016711830362927 
455	 1.67030850954621E-02 
456	 1.66603090548448E-02 
457	 1.66712846489385E-02 
458	 0.016725015269248 
459	 1.67752742111843E-02 
460	 1.67565615675587E-02 
461	 1.67306422875229E-02 
462	 1.67373918338949E-02 
463	 1.67867745501786E-02 
464	 1.68618174883932E-02 
465	 1.69471490671088E-02 
466	 1.70253126424724E-02 
467	 1.70758823716149E-02 
468	 1.70883408714581E-02 
469	 1.70772776210362E-02 
470	 1.70805461814103E-02 
471	 1.71321472709405E-02 
472	 1.71710075833479E-02 
473	 1.71461301544465E-02 
474	 1.71074627496151E-02 
475	 1.71046632990606E-02 
476	 1.71155017139643E-02 
477	 1.70653709012713E-02 
478	 1.70413953950304E-02 
479	 1.70042701055725E-02 
480	 1.69340084585165E-02 
481	 1.69359497006752E-02 
482	 1.69686480092982E-02 
483	 0.017043676484252 
484	 1.71932931472475E-02 
485	 1.72145181862123E-02 
486	 1.72128801323413E-02 
487	 1.72523103410678E-02 
488	 1.71197306058092E-02 
489	 0.017084040592051 
490	 1.71389314775091E-02 
491	 1.71320505400529E-02 
492	 1.70553222191733E-02 
493	 1.69665588514964E-02 
494	 1.69109780841796E-02 
495	 0.016874704765639 
496	 1.69163450319977E-02 
497	 1.69963753684254E-02 
498	 1.70444267844617E-02 
499	 1.71687068389036E-02 
500	 1.73517654307413E-02 
501	 1.75567359766744E-02 
502	 0.017742414542786 
503	 1.78658643243364E-02 
504	 1.80092218378816E-02 
505	 1.82824637412684E-02 
506	 1.86332988002651E-02 
507	 1.89128066740634E-02 
508	 0.01908368418107 
509	 1.92743342909853E-02 
510	 1.95210334200182E-02 
511	 0.019823864110337 
512	 2.01475405595105E-02 
513	 2.03757415664106E-02 
514	 2.06063569759617E-02 
515	 2.08770204556366E-02 
516	 2.11320949933157E-02 
517	 2.14072152382304E-02 
518	 2.16490425491711E-02 
519	 2.18079529677994E-02 
520	 2.19528058719735E-02 
521	 2.20674254450554E-02 
522	 2.21963094442663E-02 
523	 2.24363940876565E-02 
524	 2.26553003228296E-02 
525	 2.28419939083759E-02 
526	 2.30057830100801E-02 
527	 2.31197464091327E-02 
528	 2.32522501034909E-02 
529	 2.33970703912321E-02 
530	 2.35007900560329E-02 
531	 2.36325009523515E-02 
532	 2.38017153893624E-02 
533	 0.023980116472285 
534	 2.40607382294623E-02 
535	 0.024222090129157 
536	 2.44286039177995E-02 
537	 2.45366936119618E-02 
538	 2.46508543762199E-02 
539	 0.024843551268598 
540	 0.025104383388203 
541	 0.025253841974617 
542	 2.54197828686087E-02 
543	 2.56132443888526E-02 
544	 2.58023962757465E-02 
545	 2.59909063882616E-02 
546	 2.61910085119756E-02 
547	 2.64026682032181E-02 
548	 2.66011291560318E-02 
549	 2.68249828978811E-02 
550	 2.70893510489142E-02 
551	 2.73908807574053E-02 
552	 2.76787378137565E-02 
553	 2.79179798512409E-02 
554	 0.028138009255959 
555	 0.02844411022141 
556	 2.88132643282546E-02 
557	 2.92094934185862E-02 
558	 2.96048558079869E-02 
559	 3.00434880891433E-02 
560	 3.05248119692717E-02 
561	 3.10771122706681E-02 
562	 3.17567904624997E-02 
563	 3.24393640485984E-02 
564	 3.31612002224124E-02 
565	 3.39669663112303E-02 
566	 3.48019031019944E-02 
567	 3.57812113527699E-02 
568	 3.68601575570055E-02 
569	 3.79100590684984E-02 
570	 3.91089225605816E-02 
571	 4.03735016301997E-02 
572	 4.16342449848109E-02 
573	 4.29564869714062E-02 
574	 4.44153713345609E-02 
575	 4.60371519196922E-02 
576	 4.77930264991013E-02 
577	 4.96723800949059E-02 
578	 5.16464326371761E-02 
579	 5.36976950618917E-02 
580	 5.58317211173722E-02 
581	 5.81008844366156E-02 
582	 6.05544426991442E-02 
583	 0.063228192663745 
584	 6.61541979689302E-02 
585	 6.93665514699686E-02 
586	 7.28208586776355E-02 
587	 7.64530542835632E-02 
588	 8.03938952884137E-02 
589	 8.46736474647965E-02 
590	 8.90475464804298E-02 
591	 9.33764374624314E-02 
592	 9.79062441257584E-02 
593	 0.102772225575382 
594	 0.107861194879795 
595	 0.113316091656365 
596	 0.118990866733183 
597	 0.124840835162023 
598	 0.131052870906384 
599	 0.137500771382204 
600	 0.144132178356727 
601	 0.15097395720296 
602	 0.158113151612579 
603	 0.165347951590499 
604	 0.172629302910801 
605	 0.180120582541649 
606	 0.187648056058371 
607	 0.195236018954427 
608	 0.202988052919117 
609	 0.210825589008443 
610	 0.218669211299552 
611	 0.226494619408255 
612	 0.234417941390683 
613	 0.242390909137091 
614	 0.250380031168177 
615	 0.258388856815278 
616	 0.266476102909843 
617	 0.274641383913673 
618	 0.282689588241291 
619	 0.290632825693467 
620	 0.29845535858427 
621	 0.30619240342539 
622	 0.313907330009378 
623	 0.321607408807968 
624	 0.329282360973368 
625	 0.336930071676949 
626	 0.344482113093142 
627	 0.35183775793421 
628	 0.359064389349624 
629	 0.366094622098124 
630	 0.372831224755957 
631	 0.379570207063935 
632	 0.386166274020659 
633	 0.392470680469449 
634	 0.398733504702286 
635	 0.404768716840279 
636	 0.410572645567369 
637	 0.416241207941972 
638	 0.42155887915248 
639	 0.426664142099041 
640	 0.431701355590556 
641	 0.43672049143927 
642	 0.441549771398653 
643	 0.44606466382126 
644	 0.450257551807541 
645	 0.454370179430908 
646	 0.458363945707819 
647	 0.462183264810331 
648	 0.465840482081087 
649	 0.469560014407338 
650	 0.473167795675092 
651	 0.476519334602822 
652	 0.479843614470833 
653	 0.482869046584877 
654	 0.485373246115939 
655	 0.487392505888175 
656	 0.490715730732574 
657	 0.494028762309647 
658	 0.496350608633255 
659	 0.498356155821025 
660	 0.500462576958357 
661	 0.50250135267837 
662	 0.504226161381571 
663	 0.505945313897626 
664	 0.507675811191009 
665	 0.509322234974279 
666	 0.510730099644774 
667	 0.51219466557579 
668	 0.513654430486354 
669	 0.515019864880845 
670	 0.516307344682295 
671	 0.517705872849722 
672	 0.519105581750623 
673	 0.520281865724793 
674	 0.521485649578245 
675	 0.522644075853039 
676	 0.523733082282599 
677	 0.524888239040014 
678	 0.526038689391309 
679	 0.527195712494852 
680	 0.528397578650124 
681	 0.529672916262285 
682	 0.530893040924024 
683	 0.532164914597564 
684	 0.533703216712355 
685	 0.534914886082857 
686	 0.536611787740723 
687	 0.5393310159597 
688	 0.541979152913515 
689	 0.543689219441939 
690	 0.544929423793349 
691	 0.54637598530533 
692	 0.547714022804748 
693	 0.549299460821693 
694	 0.551287424690947 
695	 0.553531861455196 
696	 0.555633689727467 
697	 0.55750433663766 
698	 0.559299497067183 
699	 0.561353210206363 
700	 0.563427404723843 
701	 0.565537974391018 
702	 0.567766739250451 
703	 0.569845883042675 
704	 0.571818963067511 
705	 0.573739984442491 
706	 0.575589661634983 
707	 0.57749197096814 
708	 0.579407442386387 
709	 0.581293747435387 
710	 0.583138184066429 
711	 0.584938771948696 
712	 0.586781899331411 
713	 0.588756009822439 
714	 0.590547723331864 
715	 0.591914241660957 
716	 0.59304068756292 
717	 0.594629302331554 
718	 0.596893722601874 
719	 0.599773406570972 
720	 0.602646770171857 
721	 0.604411093425611 
722	 0.60521766094995 
723	 0.606059413150147 
724	 0.608091558556392 
725	 0.610214368174499 
726	 0.611951510829257 
727	 0.613313303264861 
728	 0.614708276336747 
729	 0.61630512574043 
730	 0.618006383883037 
731	 0.619635502717631 
732	 0.621167905403216 
733	 0.622302739526284 
734	 0.623198488058461 
735	 0.624225271489078 
736	 0.625480864820354 
737	 0.626579134658069 
738	 0.627452743675171 
739	 0.628519705569481 
740	 0.629484114302463 
741	 0.630437869089606 
742	 0.631459281575896 
743	 0.632318393468907 
744	 0.633047826073295 
745	 0.633707325070337 
746	 0.634361617455907 
747	 0.635018045710496 
748	 0.635599878857239 
749	 0.636118707589807 
750	 0.636719688551066 
751	 0.637332708401678 
752	 0.63793367500911 
753	 0.638496456817284 
754	 0.638964140753064 
755	 0.639525903133291 
756	 0.640246483411668 
757	 0.640967388851037 
758	 0.640154655564384 
759	 0.638955482534605 
760	 0.64091138114147 
761	 0.65132861315878 
762	 0.653955771527471 
763	 0.652125719475706 
764	 0.650979431749852 
765	 0.650036378080051 
766	 0.648645631438169 
767	 0.647121755952131 
768	 0.645933583917065 
769	 0.645299540773841 
770	 0.645007149528416 
771	 0.644979951066699 
772	 0.645233286878118 
773	 0.645443863764467 
774	 0.64562297051296 
775	 0.645836966886468 
776	 0.646152599165023 
777	 0.646312597211571 
778	 0.646490632402888 
779	 0.646862417460969 
780	 0.647112444024467 
781	 0.647324722304438 
782	 0.647476342738801 
783	 0.647525828723044 
784	 0.647886000373032 
785	 0.648289293226948 
786	 0.648558036693991 
787	 0.648749623962892 
788	 0.648892806871004 
789	 0.649072344725607 
790	 0.649336115448991 
791	 0.649605678851069 
792	 0.649864097798087 
793	 0.650125621378443 
794	 0.650413945594089 
795	 0.650693481745406 
796	 0.650951812150851 
797	 0.651161368901536 
798	 0.651288225279789 
799	 0.651256403434474 
800	 0.651409343983285 
801	 0.651843267709911 
802	 0.652149904948082 
803	 0.652374487404088 
804	 0.652605896998013 
805	 0.652879196323214 
806	 0.652981977538586 
807	 0.653027393469196 
808	 0.653115693348253 
809	 0.653285228223766 
810	 0.653322478073566 
811	 0.653393746834854 
812	 0.653462554457925 
813	 0.653294996685659 
814	 0.653352962298246 
815	 0.653642224802863 
816	 0.654136193159778 
817	 0.654953890878507 
818	 0.655660217023557 
819	 0.656206334090564 
820	 0.656457952811743 
821	 0.65539582299577 
822	 0.654596655076972 
823	 0.655111831898047 
824	 0.6570414635276 
825	 0.657416645411521 
826	 0.656634663854189 
827	 0.655672054385397 
828	 0.655714395793543 
829	 0.656147233592921 
830	 0.65640419290723 
831	 0.656282459675887 
832	 0.656177707434816 
833	 0.656396858129904 
834	 0.65669276838137 
835	 0.656805927723985 
836	 0.656848350063442 
837	 0.6569220467229 
838	 0.657014267189397 
839	 0.657069281428268 
840	 0.657142450188114 
841	 0.657175256386491 
842	 0.65717978927278 
843	 0.657230586120395 
844	 0.657562450423897 
845	 0.65788949878408 
846	 0.657985352466673 
847	 0.657828437704395 
848	 0.657506386056248 
849	 0.657424471723286 
850	 0.657741259533773 
851	 0.657915790464953 
852	 0.6576266172829 
853	 0.657235363812851 
854	 0.657376327643597 
855	 0.658603698468431 
856	 0.659743984560594 
857	 0.660050681400187 
858	 0.659382728312473 
859	 0.659078536214035 
860	 0.659075310606422 
861	 0.659234672141991 
862	 0.659423818750761 
863	 0.659362016174702 
864	 0.658857621832014 
865	 0.65822489078996 
866	 0.658473541130754 
867	 0.659366704509835 
868	 0.660284733774681 
869	 0.660742152568592 
870	 0.660796699579508 
871	 0.660517229312369 
872	 0.660228595848468 
873	 0.660229396100907 
874	 0.660295246814841 
875	 0.660476675345677 
876	 0.660717128319152 
877	 0.660876490861673 
878	 0.660817282118463 
879	 0.660739915170719 
880	 0.660797844150144 
881	 0.661082629811936 
882	 0.66126416716986 
883	 0.66131255921376 
884	 0.661230152092638 
885	 0.661038636489656 
886	 0.661073840063837 
887	 0.661245521026816 
888	 0.661438499472236 
889	 0.66158630194731 
890	 0.661503053189145 
891	 0.66130739592923 
892	 0.661100505911389 
893	 0.660778659189683 
894	 0.660081178763058 
895	 0.659460032373296 
896	 0.659423185373189 
897	 0.659355519008486 
898	 0.659222477223936 
899	 0.659401217083236 
900	 0.66035320889254 
901	 0.661978045775538 
902	 0.66326859233699 
903	 0.663723699343511 
904	 0.663294228083442 
905	 0.662211043152149 
906	 0.660858605721834 
907	 0.659808272763959 
908	 0.659696767075735 
909	 0.660134621459799 
910	 0.66084151124178 
911	 0.661374634063683 
912	 0.661150943943063 
913	 0.660530519810126 
914	 0.660166187612407 
915	 0.660380645422634 
916	 0.660762264110602 
917	 0.661326206672661 
918	 0.662048313717892 
919	 0.662627479850154 
920	 0.66216798284178 
921	 0.661477001244463 
922	 0.660816254186304 
923	 0.660264211822206 
924	 0.659902165893486 
925	 0.659604322011722 
926	 0.658877732442437 
927	 0.657165085392536 
928	 0.654549898361863 
929	 0.651421492527241 
930	 0.648234428027806 
931	 0.645451279358406 
932	 0.643145558590659 
933	 0.641839895561095 
934	 0.642315397723039 
935	 0.645007395123666 
936	 0.648195810117338 
937	 0.650960643467034 
938	 0.652772283509422 
939	 0.653392344851967 
940	 0.652693231806249 
941	 0.650004821391042 
942	 0.646126723993805 
943	 0.643200451887169 
944	 0.641618997107912 
945	 0.640776273957249 
946	 0.640384844005162 
947	 0.640686299307276 
948	 0.640434678304051 
949	 0.639140735052151 
950	 0.637262076232956 
951	 0.636232756776619 
952	 0.635158266743433 
953	 0.633433238867395 
954	 0.631525709301463 
955	 0.631314342007485 
956	 0.631520219194144 
957	 0.630300290426756 
958	 0.627866889294049 
959	 0.628036118465392 
960	 0.627535766185483 
961	 0.627360031308581 
962	 0.628014412942314 
963	 0.627020629658838 
964	 0.627102419171176 
965	 0.627457005389055 
966	 0.627246024856195 
967	 0.627694237082169 
968	 0.627994923761973 
969	 0.628102364203296 
970	 0.628041075247554 
971	 0.62749599074848 
972	 0.62601318986137 
973	 0.624850417200242 
974	 0.624877275230571 
975	 0.624040689532642 
976	 0.624234184750898 
977	 0.625195856254949 
978	 0.626004445705002 
979	 0.626329949113604 
980	 0.626696061933946 
981	 0.627428085954725 
982	 0.62838165973796 
983	 0.628194400595228 
984	 0.628311760461551 
985	 0.628369409050934 
986	 0.627835783626536 
987	 0.628264393593759 
988	 0.628302970920209 
989	 0.62843222206413 
990	 0.629315384209033 
991	 0.629425718873211 
992	 0.630057750004037 
993	 0.630739562726775 
994	 0.630676703961782 
995	 0.630725342412577 
996	 0.631488540442631 
997	 0.632266677204767 
998	 0.632136745509661 
999	 0.631514706785648 
1000	 0.631771768456456 
1001	 0.680014762845702 
1002	 0.680524058229184 
1003	 0.681051035866442 
1004	 0.6816942285323 
1005	 0.682324899069865 
1006	 0.682972644748296 
1007	 0.683820748765673 
1008	 0.684480102361402 
1009	 0.684923254203267 
1010	 0.685432004343965 
1011	 0.685934927552975 
1012	 0.686354676889772 
1013	 0.686879248605647 
1014	 0.687606042682614 
1015	 0.688232304364458 
1016	 0.68891540567734 
1017	 0.689638793437 
1018	 0.690457619704158 
1019	 0.6910462681743 
1020	 0.691609803818574 
1021	 0.692290771384921 
1022	 0.69286885656675 
1023	 0.69365033351965 
1024	 0.694538172867718 
1025	 0.695306065940571 
1026	 0.696018153595031 
1027	 0.696625923266127 
1028	 0.697086506852441 
1029	 0.697569704372867 
1030	 0.698071752111688 
1031	 0.698504227978891 
1032	 0.698816176030133 
1033	 0.699340783197511 
1034	 0.699766772266334 
1035	 0.700305794496076 
1036	 0.701034238806569 
1037	 0.701526663529991 
1038	 0.702413481085414 
1039	 0.703181782030125 
1040	 0.703522181954177 
1041	 0.704077459429418 
1042	 0.704568892214504 
1043	 0.704972427588119 
1044	 0.705513266213096 
1045	 0.706300334327977 
1046	 0.707033245041178 
1047	 0.707412576190287 
1048	 0.707708153495523 
1049	 0.708018426570374 
1050	 0.70847942680136 
1051	 0.708975710422894 
1052	 0.709415673255275 
1053	 0.709876272765857 
1054	 0.710087262815456 
1055	 0.710509943938015 
1056	 0.710931044838335 
1057	 0.711128183061129 
1058	 0.711165625735996 
1059	 0.711328332467745 
1060	 0.711297158008854 
1061	 0.711384267697658 
1062	 0.711877913099743 
1063	 0.7122177377521 
1064	 0.712491301713342 
1065	 0.712765853073871 
1066	 0.712891878962626 
1067	 0.712828320158781 
1068	 0.712711439734716 
1069	 0.712741132246115 
1070	 0.712764647783931 
1071	 0.712847876401676 
1072	 0.712922579392649 
1073	 0.713104898505658 
1074	 0.713015259820405 
1075	 0.71284496729821 
1076	 0.712594754387703 
1077	 0.712094960453417 
1078	 0.712037556917515 
1079	 0.711995560494268 
1080	 0.711739513891192 
1081	 0.711653493140795 
1082	 0.711443529642984 
1083	 0.711210598596964 
1084	 0.710964693000126 
1085	 0.710622650941643 
1086	 0.710068389526538 
1087	 0.709685646199226 
1088	 0.709215011217886 
1089	 0.709011816963652 
1090	 0.708958813016561 
1091	 0.709010727255765 
1092	 0.709237704769445 
1093	 0.708937244615213 
1094	 0.708590691415772 
1095	 0.708258133660739 
1096	 0.707956899499917 
1097	 0.70766168358727 
1098	 0.707299349655268 
1099	 0.70687776068219 
1100	 0.706613558488898 
1101	 0.706278681542289 
1102	 0.706062860598312 
1103	 0.706223184017252 
1104	 0.706068621222327 
1105	 0.705765822024798 
1106	 0.705465200288644 
1107	 0.705021327797017 
1108	 0.704495071571027 
1109	 0.704224616441385 
1110	 0.704044188005482 
1111	 0.70384849546474 
1112	 0.703801068792321 
1113	 0.703612031078535 
1114	 0.703244645403005 
1115	 0.703108167466079 
1116	 0.70325150061367 
1117	 0.703046248163935 
1118	 0.702760036560894 
1119	 0.702411457231513 
1120	 0.701728772963647 
1121	 0.70104142872933 
1122	 0.70034317790959 
1123	 0.699619807662054 
1124	 0.698809747549643 
1125	 0.697924604310741 
1126	 0.6968324515627 
1127	 0.696164095246977 
1128	 0.694303916430265 
1129	 0.691764456633591 
1130	 0.689345329216301 
1131	 0.686230530452302 
1132	 0.683829407690804 
1133	 0.681910740473736 
1134	 0.679949245705886 
1135	 0.678616929081179 
1136	 0.676588560614489 
1137	 0.674348930327017 
1138	 0.671980442450334 
1139	 0.669170290992662 
1140	 0.666133277238585 
1141	 0.663777712201944 
1142	 0.661846090550913 
1143	 0.659304350487717 
1144	 0.657098781804404 
1145	 0.654212684516345 
1146	 0.6505231601516 
1147	 0.64747068669436 
1148	 0.644302867348293 
1149	 0.641588841469161 
1150	 0.639523631314897 
1151	 0.637037532151386 
1152	 0.634564446152118 
1153	 0.632273443224478 
1154	 0.629719356344324 
1155	 0.627619255781079 
1156	 0.626175927503812 
1157	 0.624613489085939 
1158	 0.62321259102338 
1159	 0.621978334744888 
1160	 0.620923426121244 
1161	 0.619831004080834 
1162	 0.619148828861086 
1163	 0.61880439919287 
1164	 0.618352466976049 
1165	 0.618069219102818 
1166	 0.617616909979238 
1167	 0.616918764996906 
1168	 0.616550967331569 
1169	 0.61633173403214 
1170	 0.616046984499098 
1171	 0.615869531509754 
1172	 0.61574198808865 
1173	 0.615501141959134 
1174	 0.615170600905723 
1175	 0.614889338316046 
1176	 0.614551523974933 
1177	 0.614445330293815 
1178	 0.614495090385566 
1179	 0.614387603989191 
1180	 0.614374632799404 
1181	 0.614298818410166 
1182	 0.614017635898996 
1183	 0.613806654991451 
1184	 0.613755003815257 
1185	 0.613582773087836 
1186	 0.613167992787755 
1187	 0.613020976199941 
1188	 0.613144102957099 
1189	 0.612968542292154 
1190	 0.612987449423503 
1191	 0.613059083872661 
1192	 0.612925274474193 
1193	 0.613027605771929 
1194	 0.613079936283927 
1195	 0.613172561362207 
1196	 0.613184499108087 
1197	 0.613146526809742 
1198	 0.613169004018833 
1199	 0.613185850316719 
1200	 0.613285107418229 
1201	 0.613498317083608 
1202	 0.613666089131654 
1203	 0.613766956405696 
1204	 0.613919689437695 
1205	 0.614111515600095 
1206	 0.614368951407828 
1207	 0.614432710078361 
1208	 0.614732035678208 
1209	 0.615019316807187 
1210	 0.61528626797515 
1211	 0.615743265795658 
1212	 0.616073900468789 
1213	 0.616575794929368 
1214	 0.616980833366937 
1215	 0.617246275250986 
1216	 0.617431191451186 
1217	 0.617732136025826 
1218	 0.617879283764509 
1219	 0.61817400757704 
1220	 0.61862627566565 
1221	 0.619007455254511 
1222	 0.619408620914759 
1223	 0.619770768099354 
1224	 0.620094486705566 
1225	 0.620461922917882 
1226	 0.620875729177211 
1227	 0.621282844890301 
1228	 0.621568076714337 
1229	 0.622035916707747 
1230	 0.622616972183455 
1231	 0.622953311051187 
1232	 0.623441389984475 
1233	 0.623933552650617 
1234	 0.624129983956358 
1235	 0.624559441906603 
1236	 0.624968912606587 
1237	 0.625414341466463 
1238	 0.625776577370439 
1239	 0.626122119642831 
1240	 0.626487391633874 
1241	 0.626835019174139 
1242	 0.627209400214918 
1243	 0.627636092440932 
1244	 0.628060280841873 
1245	 0.628384976779991 
1246	 0.628594187574964 
1247	 0.62895097775639 
1248	 0.629497731354786 
1249	 0.629932146831486 
1250	 0.630331224554938 
1251	 0.630833311456414 
1252	 0.631222929322993 
1253	 0.631537924367405 
1254	 0.631933892147752 
1255	 0.632408996538446 
1256	 0.632710871236868 
1257	 0.63302978683329 
1258	 0.633462750020267 
1259	 0.6339033022557 
1260	 0.634219088418123 
1261	 0.63460836895223 
1262	 0.635137629793685 
1263	 0.635602956454242 
1264	 0.635721182993924 
1265	 0.635853317384124 
1266	 0.636006768704382 
1267	 0.636041097702171 
1268	 0.636206882469138 
1269	 0.636506827165984 
1270	 0.636587906929534 
1271	 0.636421153587469 
1272	 0.63616742765624 
1273	 0.635959085097096 
1274	 0.635865951092399 
1275	 0.635714732395908 
1276	 0.635464697444255 
1277	 0.63509683325243 
1278	 0.634568828624898 
1279	 0.63405776053871 
1280	 0.633557951507847 
1281	 0.633108773135659 
1282	 0.632529959369399 
1283	 0.631840785213876 
1284	 0.631306418696908 
1285	 0.630708980716327 
1286	 0.630060476546851 
1287	 0.62952373049596 
1288	 0.628844729098818 
1289	 0.628009459624909 
1290	 0.62743747387475 
1291	 0.626830873091387 
1292	 0.625973610430259 
1293	 0.625210673312509 
1294	 0.624376844657982 
1295	 0.623403577385627 
1296	 0.622649899101165 
1297	 0.621952731534248 
1298	 0.621060364952576 
1299	 0.620007850836344 
1300	 0.618899014697698 
1301	 0.617745569776561 
1302	 0.616449518990689 
1303	 0.615168433569982 
1304	 0.614032933287573 
1305	 0.612719483271104 
1306	 0.6111942355604 
1307	 0.609869854444622 
1308	 0.608572286499407 
1309	 0.606958140249181 
1310	 0.605322166593714 
1311	 0.603468557548047 
1312	 0.601633639201369 
1313	 0.59998480528232 
1314	 0.598190683979976 
1315	 0.596683266120931 
1316	 0.595004959786067 
1317	 0.592947237289727 
1318	 0.591208783738368 
1319	 0.589179457052492 
1320	 0.586959888173839 
1321	 0.585052291777756 
1322	 0.582920225574213 
1323	 0.580866806874889 
1324	 0.578886421104715 
1325	 0.576779415450246 
1326	 0.574915693556377 
1327	 0.57268623760287 
1328	 0.570432614895742 
1329	 0.568616505532373 
1330	 0.566368645758837 
1331	 0.56385121239862 
1332	 0.561395373720458 
1333	 0.559130618721506 
1334	 0.556404161579047 
1335	 0.554222000834167 
1336	 0.552448363750211 
1337	 0.550136466923477 
1338	 0.547891703094668 
1339	 0.545808566369008 
1340	 0.543718035715568 
1341	 0.541921088156053 
1342	 0.540409673196128 
1343	 0.539314015802767 
1344	 0.538221415969847 
1345	 0.53674194562861 
1346	 0.535371543900348 
1347	 0.534218106761052 
1348	 0.532692878254156 
1349	 0.531320807169024 
1350	 0.531507195580868 
1351	 0.530978283642187 
1352	 0.528898362967483 
1353	 0.527288476982665 
1354	 0.525623091447324 
1355	 0.524328214870558 
1356	 0.524779946322662 
1357	 0.526037888457418 
1358	 0.525850736903427 
1359	 0.525455581511827 
1360	 0.519301398580268 
1361	 0.515097730077313 
1362	 0.515729443599058 
1363	 0.522697921073362 
1364	 0.537545583156221 
1365	 0.537478767897973 
1366	 0.51070823908107 
1367	 0.479134117268531 
1368	 0.464019484598129 
1369	 0.475639792527171 
1370	 0.506374840724575 
1371	 0.502165194989632 
1372	 0.476842325989217 
1373	 0.450088094844252 
1374	 0.43729201751785 
1375	 0.540620349128193 
1376	 0.606458608521911 
1377	 0.551149592942661 
1378	 0.571416219748694 
1379	 0.511836622069135 
1380	 0.359330500756712 
1381	 0.366341969312673 
1382	 0.450648773581016 
1383	 0.49616790992402 
1384	 0.513234158282329 
1385	 0.456776144830796 
1386	 0.411294328816886 
1387	 0.377507025025289 
1388	 0.395186044634395 
1389	 0.397995315071044 
1390	 0.438157581174553 
1391	 0.372646996302246 
1392	 0.31872962122068 
1393	 0.304226409494095 
1394	 0.291212008568391 
1395	 0.292832127261152 
1396	 0.292849754510943 
1397	 0.294719584181037 
1398	 0.302812004576342 
1399	 0.306607992315065 
1400	 0.302177900779934 
1401	 0.279659922349576 
1402	 0.248796430150095 
1403	 0.22362517129437 
1404	 0.219342389939838 
1405	 0.234085968359771 
1406	 0.238147080291231 
1407	 0.230693026393814 
1408	 0.225964600130597 
1409	 0.217607986208647 
1410	 0.209226387284473 
1411	 0.209261457346144 
1412	 0.206118664330919 
1413	 0.19825326254253 
1414	 0.197420715330717 
1415	 0.197950293089027 
1416	 0.193699418689095 
1417	 0.191096986926266 
1418	 0.189340783024484 
1419	 0.184810970715039 
1420	 0.183354332106324 
1421	 0.185819263403928 
1422	 0.184795659388145 
1423	 0.181679902654989 
1424	 0.181250323324634 
1425	 0.179792762492213 
1426	 0.178047353375032 
1427	 0.175913348613844 
1428	 0.176307933162103 
1429	 0.175301963546545 
1430	 0.174085479486667 
1431	 0.1745115515601 
1432	 0.17385751629812 
1433	 0.17273415389679 
1434	 0.17225488294259 
1435	 0.171528174176653 
1436	 0.170271592195894 
1437	 0.169587083371958 
1438	 0.169935164848375 
1439	 0.169041941212052 
1440	 0.167941007426895 
1441	 0.16863910323851 
1442	 0.168019013686019 
1443	 0.166695780086999 
1444	 0.167100809483883 
1445	 0.167002437745893 
1446	 0.166214554269602 
1447	 0.166442564412277 
1448	 0.16624969820973 
1449	 0.16543553929568 
1450	 0.165617118166607 
1451	 0.165808945679179 
1452	 0.165756140371074 
1453	 0.165968154843175 
1454	 0.16607635607446 
1455	 0.166029783091882 
1456	 0.166209740737443 
1457	 0.166931842039743 
1458	 0.167476495825417 
1459	 0.167523645184095 
1460	 0.167685725750604 
1461	 0.16761663146594 
1462	 0.167508807177423 
1463	 0.168399285316968 
1464	 0.169594089164527 
1465	 0.170207979877794 
1466	 0.171003929477893 
1467	 0.172048305187042 
1468	 0.17271390809079 
1469	 0.173569769921688 
1470	 0.174741036344984 
1471	 0.176251650341816 
1472	 0.177378540327844 
1473	 0.178772227220555 
1474	 0.18082761562603 
1475	 0.18269711917926 
1476	 0.184496133772429 
1477	 0.185965522428039 
1478	 0.1871296584997 
1479	 0.188737865831309 
1480	 0.190376906475041 
1481	 0.191917852639188 
1482	 0.193464006352037 
1483	 0.194713190081633 
1484	 0.1960961857335 
1485	 0.197750216377659 
1486	 0.19954140799328 
1487	 0.20173755118779 
1488	 0.203445184722547 
1489	 0.204864225133208 
1490	 0.206800154407065 
1491	 0.208591378135718 
1492	 0.210249603764406 
1493	 0.21213135956992 
1494	 0.213772089174752 
1495	 0.2152517976266 
1496	 0.216816846859145 
1497	 0.2183411449234 
1498	 0.21998076653628 
1499	 0.221558856726941 
1500	 0.223156988104405 
1501	 0.225069510231405 
1502	 0.226777810414874 
1503	 0.228462375586958 
1504	 0.230384760552571 
1505	 0.232299310694031 
1506	 0.234309583621308 
1507	 0.236318618412561 
1508	 0.23815000928267 
1509	 0.239926032137188 
1510	 0.241862891417389 
1511	 0.243874483912475 
1512	 0.245847223871848 
1513	 0.247739953313488 
1514	 0.249475449341375 
1515	 0.251199636409356 
1516	 0.253157277446778 
1517	 0.255281838624537 
1518	 0.257226456321337 
1519	 0.259000152738924 
1520	 0.260805647694425 
1521	 0.262577889164474 
1522	 0.264424040989555 
1523	 0.266487295449152 
1524	 0.268518527943736 
1525	 0.270365296062002 
1526	 0.272216159833435 
1527	 0.27416110784091 
1528	 0.276081726736795 
1529	 0.277963089734097 
1530	 0.279811622228456 
1531	 0.281703579776699 
1532	 0.283556550893737 
1533	 0.285490975446299 
1534	 0.287596232288482 
1535	 0.289511599840149 
1536	 0.291239783355566 
1537	 0.293097444364616 
1538	 0.294983879459238 
1539	 0.296807469363983 
1540	 0.298498833065853 
1541	 0.300370605449474 
1542	 0.302152253159398 
1543	 0.304021238007209 
1544	 0.306112504164571 
1545	 0.307829136032766 
1546	 0.309393296325254 
1547	 0.311069033355457 
1548	 0.31264887596981 
1549	 0.314541517314835 
1550	 0.316371902015481 
1551	 0.317831751233844 
1552	 0.319526322749071 
1553	 0.321238751087 
1554	 0.32285738520827 
1555	 0.324562629192725 
1556	 0.326118083512722 
1557	 0.327675970472646 
1558	 0.329335902618906 
1559	 0.330950284666575 
1560	 0.332680693045248 
1561	 0.334302653011068 
1562	 0.335764700569954 
1563	 0.33744632058074 
1564	 0.338984019468777 
1565	 0.340341345340855 
1566	 0.341915889035088 
1567	 0.343505419228083 
1568	 0.345026520228106 
1569	 0.346521842470529 
1570	 0.34798912123529 
1571	 0.34946320383857 
1572	 0.350899279717895 
1573	 0.35246161461203 
1574	 0.353971044721431 
1575	 0.355295512085266 
1576	 0.356657656846822 
1577	 0.358010639634519 
1578	 0.359376541493092 
1579	 0.360862284008465 
1580	 0.362185789125134 
1581	 0.363451183499595 
1582	 0.364643534720219 
1583	 0.365613131033061 
1584	 0.366888026928961 
1585	 0.36815026536885 
1586	 0.369226524336603 
1587	 0.370451379396267 
1588	 0.371521326614524 
1589	 0.372497033752141 
1590	 0.37370634520163 
1591	 0.374909777807055 
1592	 0.375919387100604 
1593	 0.377075474676147 
1594	 0.378239593716111 
1595	 0.37917692871378 
1596	 0.380335453228858 
1597	 0.3815314119836 
1598	 0.382490036177682 
1599	 0.383561556742275 
1600	 0.384666706696935 
1601	 0.385519135670658 
1602	 0.386445969748806 
1603	 0.387729920546618 
1604	 0.388853992902773 
1605	 0.38987157587274 
1606	 0.391037539324518 
1607	 0.391865179369133 
1608	 0.392594674219857 
1609	 0.393648866202256 
1610	 0.394562904996675 
1611	 0.395371007613276 
1612	 0.396377414253497 
1613	 0.39712454368428 
1614	 0.397756423698018 
1615	 0.398721463398761 
1616	 0.399547937121497 
1617	 0.400170457912551 
1618	 0.400904629017432 
1619	 0.401587460858677 
1620	 0.402301821179767 
1621	 0.403153517532384 
1622	 0.403991116797783 
1623	 0.404683552837188 
1624	 0.405188270541585 
1625	 0.405788013675291 
1626	 0.406571434651695 
1627	 0.407229116028654 
1628	 0.408006726975088 
1629	 0.408804417087113 
1630	 0.409251990317391 
1631	 0.409800282244037 
1632	 0.410580820101454 
1633	 0.411213330765273 
1634	 0.41195894309727 
1635	 0.412751213929008 
1636	 0.413059221163752 
1637	 0.413413780936292 
1638	 0.413852153941212 
1639	 0.414154439302349 
1640	 0.414894004827675 
1641	 0.415791475312858 
1642	 0.416351577865294 
1643	 0.416776450456529 
1644	 0.417138151558498 
1645	 0.417413960331415 
1646	 0.417901327160486 
1647	 0.418677606560834 
1648	 0.419283291735161 
1649	 0.419578334121712 
1650	 0.420008151805738 
1651	 0.420336023889037 
1652	 0.420469506813633 
1653	 0.420983065804745 
1654	 0.421459331181405 
1655	 0.421716732475507 
1656	 0.422338989903687 
1657	 0.422681747641383 
1658	 0.422613367341142 
1659	 0.423031218233053 
1660	 0.423160841302515 
1661	 0.423122207202905 
1662	 0.423561927390668 
1663	 0.423631009142552 
1664	 0.42388208673219 
1665	 0.424517686656776 
1666	 0.424620583143517 
1667	 0.424903540573988 
1668	 0.425274880526076 
1669	 0.4252596135016 
1670	 0.425607941838607 
1671	 0.425772354744523 
1672	 0.425547013614811 
1673	 0.425526010143797 
1674	 0.425406754444958 
1675	 0.425312319072185 
1676	 0.425547862380723 
1677	 0.425670766651054 
1678	 0.425630658606128 
1679	 0.425765869862319 
1680	 0.425792892553839 
1681	 0.425752330328668 
1682	 0.425788555739195 
1683	 0.425811930411664 
1684	 0.425776000077582 
1685	 0.425722018949271 
1686	 0.425582967209698 
1687	 0.425288372854438 
1688	 0.424947981923308 
1689	 0.424657918996655 
1690	 0.42466057492466 
1691	 0.424584214149944 
1692	 0.424413948697242 
1693	 0.424417641635938 
1694	 0.424106452301507 
1695	 0.423823609765564 
1696	 0.423579040509276 
1697	 0.423012511498152 
1698	 0.422685339262771 
1699	 0.422496521271213 
1700	 0.422609330787804 
1701	 0.422839962241449 
1702	 0.422590187565587 
1703	 0.422312615995124 
1704	 0.421564066321577 
1705	 0.42105322160303 
1706	 0.420777750255963 
1707	 0.420325178820762 
1708	 0.419883887833321 
1709	 0.419329070632374 
1710	 0.418539067360031 
1711	 0.417984538643699 
1712	 0.417446656958224 
1713	 0.416951383451391 
1714	 0.416774602400401 
1715	 0.416289659515461 
1716	 0.415625272067557 
1717	 0.415010793345039 
1718	 0.414203492646727 
1719	 0.413489637980514 
1720	 0.412844378752878 
1721	 0.412293268548747 
1722	 0.411990287273022 
1723	 0.411339339844201 
1724	 0.410476686421047 
1725	 0.409721083044171 
1726	 0.408795957060743 
1727	 0.407928133442954 
1728	 0.407189774598926 
1729	 0.406415079883011 
1730	 0.405461129446178 
1731	 0.40472238461167 
1732	 0.40437061919671 
1733	 0.403599831508046 
1734	 0.402630568751219 
1735	 0.401628307306954 
1736	 0.400279661951341 
1737	 0.399362160245757 
1738	 0.398746744296045 
1739	 0.397882888523062 
1740	 0.397096624916737 
1741	 0.396135630895017 
1742	 0.395008504782423 
1743	 0.3939041053234 
1744	 0.392739840346747 
1745	 0.39168793162695 
1746	 0.390579502525059 
1747	 0.389512181152638 
1748	 0.388584435559929 
1749	 0.387557558264123 
1750	 0.38650562517687 
1751	 0.385172732288171 
1752	 0.384095199029575 
1753	 0.38313106919353 
1754	 0.381792667002837 
1755	 0.380618584425695 
1756	 0.379233072302513 
1757	 0.377409082019357 
1758	 0.37620522933514 
1759	 0.375431369881734 
1760	 0.374724288649664 
1761	 0.374216338281026 
1762	 0.372885700903809 
1763	 0.371080633436386 
1764	 0.369844142266513 
1765	 0.368267673070161 
1766	 0.36720214196036 
1767	 0.366818364475634 
1768	 0.365490493769409 
1769	 0.364303616926048 
1770	 0.363575538249368 
1771	 0.362284287236983 
1772	 0.361549827729757 
1773	 0.361680062844727 
1774	 0.361287249751433 
1775	 0.361064265131594 
1776	 0.360484687097131 
1777	 0.359179667114021 
1778	 0.358242809660215 
1779	 0.357127936655928 
1780	 0.356362563794406 
1781	 0.356196259456768 
1782	 0.355550845671419 
1783	 0.354745037366867 
1784	 0.354150481307775 
1785	 0.353297071782053 
1786	 0.352687512464975 
1787	 0.35241184881429 
1788	 0.352299948978165 
1789	 0.352698314979793 
1790	 0.35234263712428 
1791	 0.351405181377146 
1792	 0.351267332976718 
1793	 0.350878046620652 
1794	 0.350852987919317 
1795	 0.35251884002311 
1796	 0.352660263056454 
1797	 0.351398393763162 
1798	 0.350963792190986 
1799	 0.349991876683645 
1800	 0.350089431289522 
1801	 0.351743433088748 
1802	 0.352026997713948 
1803	 0.352242573855577 
1804	 0.352623328593987 
1805	 0.352052440324741 
1806	 0.351621404964494 
1807	 0.351739493612792 
1808	 0.351520958386044 
1809	 0.349531742069392 
1810	 0.353256547175157 
1811	 0.356785277667964 
1812	 0.361296637583376 
1813	 0.364556530509535 
1814	 0.362102987184063 
1815	 0.364945936117273 
1816	 0.368828571021409 
1817	 0.369136322831725 
1818	 0.36977643192235 
1819	 0.368504699539267 
1820	 0.361859082573827 
1821	 0.355695660996853 
1822	 0.340958728648643 
1823	 0.335429805004038 
1824	 0.340771320944296 
1825	 0.348714980851129 
1826	 0.386490673976973 
1827	 0.407575267872771 
1828	 0.416602003074116 
1829	 0.419476810458884 
1830	 0.388082170673598 
1831	 0.2344130435006 
1832	 0.193096445134092 
1833	 0.217804702533636 
1834	 0.650703633966266 
1835	 1.10888267559504 
1836	 0.823699356275859 
1837	 0.904482364688752 
1838	 0.495229763888178 
1839	 0.460502477391985 
1840	 0.418192542283355 
1841	-8.83528752697522E-02 
1842	-0.574128497593797 
1843	-0.841046528201987 
1844	-1.05090608276632 
1845	-5.28254371271375 
1846	 27.2775506449928 
1847	-1.42650495368844 
1848	-5.17487665030218 
1849	-3.65777513224929 
1850	-1.00773102063149 
1851	-1.00216830596802 
1852	-1.36785295185661 
1853	-1.24613147939592 
1854	-5.41462271563733 
1855	-3.93615523363638 
1856	-0.495957087295622 
1857	-0.455048267185193 
1858	-1.40267899507851 
1859	-4.64121347493355 
1860	-1.51592372529798 
1861	 10.1713810145058 
1862	 4.12050100953682 
1863	 0.33709377636312 
1864	 0.315756671784722 
1865	-0.337116715746699 
1866	-0.690533764674963 
1867	-0.296947707392054 
1868	 0.41037704320029 
1869	 0.193388737384973 
1870	-0.309305311777725 
1871	-0.51526178116779 
1872	-1.64228595102741 
1873	-1.29481593686884 
1874	-0.34463542924175 
1875	-0.198373782819453 
1876	-2.41515435228248E-02 
1877	-0.150006405248489 
1878	-0.111693794669891 
1879	-0.034441620412579 
1880	 5.75341653384682E-02 
1881	 0.172099852312002 
1882	 0.240092618354145 
1883	 0.308817056175304 
1884	 0.24865774718985 
1885	 3.34161201679617E-02 
1886	 0.171587741737896 
1887	 9.13831585205624E-02 
1888	-0.118251704828721 
1889	-7.19875249524103E-03 
1890	-3.57863858402979E-03 
1891	-0.031734926930166 
1892	 1.40254288435802E-02 
1893	 1.32992771944686E-02 
1894	-0.15583343904754 
1895	-0.219080762506952 
1896	-0.19647355637375 
1897	-0.26621729902556 
1898	-0.255794903307502 
1899	-0.189999205150206 
1900	-0.416319397304766 
1901	-0.264455473527647 
1902	-0.197212488137634 
1903	-0.290773576128721 
1904	-0.343656008413123 
1905	-0.302456574258394 
1906	-0.19396650455225 
1907	-0.268988874427843 
1908	-0.196283541264139 
1909	-4.13276834906482E-02 
1910	-0.128451176262717 
1911	-0.25561989333214 
1912	-0.16630183250026 
1913	-0.128094081142588 
1914	-9.61953672802698E-02 
1915	-4.94330123470604E-02 
1916	 3.26250590838205E-02 
1917	 2.57693916116639E-02 
1918	 3.77419303920048E-02 
1919	-0.006409620449743 
1920	-0.106459006196386 
1921	-6.28219233917031E-02 
1922	-9.24959167002654E-03 
1923	-2.06128881819541E-02 
1924	-2.33499567140864E-04 
1925	 6.14601908050271E-02 
1926	 5.19959333326615E-02 
1927	-2.29875844178261E-03 
1928	 0.01878009718078 
1929	 1.69513681199431E-02 
1930	-1.53548257186681E-03 
1931	 1.38090963049123E-02 
1932	 1.45886383557205E-02 
1933	 1.57416616013448E-02 
1934	 3.10760370555501E-02 
1935	 3.12199585970186E-02 
1936	 2.55257758422491E-02 
1937	 1.99879150715446E-02 
1938	 0.02411354433207 
1939	 2.78778491960797E-02 
1940	 3.59488900204245E-02 
1941	 4.11715907350715E-02 
1942	 3.17804690488886E-02 
1943	 3.07791044751398E-02 
1944	 3.64644139577342E-02 
1945	 3.47842056927645E-02 
1946	 3.46585380081921E-02 
1947	 3.97660915929841E-02 
1948	 3.79571609074316E-02 
1949	 0.030252679865499 
1950	 2.94099496824065E-02 
1951	 3.12023241738137E-02 
1952	 2.99004406179152E-02 
1953	 2.98587678696182E-02 
1954	 0.036215623145048 
1955	 4.07139162970251E-02 
1956	 4.20679593722897E-02 
1957	 0.044919773858505 
1958	 0.045747851031562 
1959	 4.37479379155538E-02 
1960	 4.20204957826704E-02 
1961	 4.35963574609499E-02 
1962	 4.37950469878143E-02 
1963	 4.37492747933859E-02 
1964	 4.54403311750135E-02 
1965	 0.046795193299841 
1966	 4.70589032089669E-02 
1967	 4.82417245873125E-02 
1968	 5.00256601383068E-02 
1969	 5.04462378694627E-02 
1970	 5.00993239220427E-02 
1971	 5.01297951330739E-02 
1972	 5.07731938996871E-02 
1973	 5.06958511573949E-02 
1974	 5.10365318395479E-02 
1975	 5.22267183130011E-02 
1976	 5.26171619192976E-02 
1977	 5.23346628408668E-02 
1978	 5.27582254440201E-02 
1979	 5.40612046510381E-02 
1980	 0.055097994376573 
1981	 5.55006728519936E-02 
1982	 5.61834153834941E-02 
1983	 5.68901528414595E-02 
1984	 5.72972238271461E-02 
1985	 5.76733708645471E-02 
1986	 5.87312879527118E-02 
1987	 5.95930180692021E-02 
1988	 5.97539480734255E-02 
1989	 5.97763013080011E-02 
1990	 6.09884807311388E-02 
1991	 0.062230219872926 
1992	 6.16303854879435E-02 
1993	 6.19657112258919E-02 
1994	 6.30283527426233E-02 
1995	 6.34414845730507E-02 
1996	 6.31675191560166E-02 
1997	 6.42602066750041E-02 
1998	 6.57028906096931E-02 
1999	 6.57719573321758E-02 
2000	 6.67562107942583E-02 
2001	 6.88093540825246E-02 
2002	 0.070538628117528 
2003	 7.18009239222185E-02 
2004	 7.24351848764366E-02 
2005	 7.25779482883227E-02 
2006	 7.37612953871631E-02 
2007	 7.61709351195534E-02 
2008	 7.75293365557403E-02 
2009	 0.078625030152028 
2010	 7.94857261732784E-02 
2011	 8.15364673790518E-02 
2012	 8.22831156934011E-02 
2013	 0.084056543022772 
2014	 8.72593851845157E-02 
2015	 8.66517316464749E-02 
2016	 8.59572967836409E-02 
2017	 8.79801620781697E-02 
2018	 8.91334570015934E-02 
2019	 0.090061975456728 
2020	 9.25790687128654E-02 
2021	 9.36628394949688E-02 
2022	 9.35036273604302E-02 
2023	 9.29422366498329E-02 
2024	 9.33236386740911E-02 
2025	 9.43642520333811E-02 
2026	 9.53262276737071E-02 
2027	 9.58945718222837E-02 
2028	 9.66432152178527E-02 
2029	 9.71952809462831E-02 
2030	 9.74257307882159E-02 
2031	 9.81006605459467E-02 
2032	 9.89049714874454E-02 
2033	 0.100562525620275 
2034	 0.101123287347102 
2035	 0.101075930847053 
2036	 0.101402536164839 
2037	 0.102069587852225 
2038	 0.102108860411287 
2039	 0.103100344600479 
2040	 0.105102216274295 
2041	 0.106246578898742 
2042	 0.106808542449353 
2043	 0.107455125032315 
2044	 0.107532458409257 
2045	 0.108293873576091 
2046	 0.110046522145796 
2047	 0.111120597474512 
2048	 0.111868099365857 
2049	 0.112671366865088 
2050	 0.113256404900499 
2051	 0.113568325045061 
2052	 0.113978485622106 
2053	 0.115603739473582 
2054	 0.117121416857159 
2055	 0.117794129919155 
2056	 0.118625748104421 
2057	 0.119755044884333 
2058	 0.121011748447858 
2059	 0.122539158008888 
2060	 0.123306283021573 
2061	 0.123298968356548 
2062	 0.124274407483075 
2063	 0.125214091209845 
2064	 0.125883143783174 
2065	 0.126812788472134 
2066	 0.128577753284628 
2067	 0.129407265108025 
2068	 0.129621295926131 
2069	 0.130774398015955 
2070	 0.132347326193077 
2071	 0.133329186047588 
2072	 0.134129403947404 
2073	 0.134832753196751 
2074	 0.135583152771233 
2075	 0.136437186877614 
2076	 0.137544166663278 
2077	 0.138502758235987 
2078	 0.139219859227011 
2079	 0.139990087986806 
2080	 0.14076252626169 
2081	 0.141405647523062 
2082	 0.142386752130777 
2083	 0.144045378438975 
2084	 0.144585542872406 
2085	 0.144803700792835 
2086	 0.145564689807833 
2087	 0.146343256049742 
2088	 0.147685658272005 
2089	 0.149134983481461 
2090	 0.150214522726101 
2091	 0.150839448320706 
2092	 0.151662235847299 
2093	 0.152511990033991 
2094	 0.153620621894139 
2095	 0.154841674300044 
2096	 0.155651129055639 
2097	 0.156434971509781 
2098	 0.157275666789868 
2099	 0.157616362291361 
2100	 0.158293190664515 
2101	 0.159515396350778 
2102	 0.160114379791508 
2103	 0.160553447157697 
2104	 0.161727461218848 
2105	 0.163025090223817 
2106	 0.164570846472025 
2107	 0.165476937750074 
2108	 0.165882139973137 
2109	 0.166638257381932 
2110	 0.167283493767848 
2111	 0.167893623820832 
2112	 0.168800652890521 
2113	 0.169762072399399 
2114	 0.170728059829255 
2115	 0.170872024015754 
2116	 0.172106400431369 
2117	 0.173720841208229 
2118	 0.174158893555652 
2119	 0.174837190514965 
2120	 0.175974677715303 
2121	 0.176832725386238 
2122	 0.177545150033319 
2123	 0.17840469629439 
2124	 0.179252982623956 
2125	 0.179274788050782 
2126	 0.179972545601355 
2127	 0.18154780501748 
2128	 0.182562699775932 
2129	 0.183281179932413 
2130	 0.18433368727342 
2131	 0.185811981948409 
2132	 0.186357511734545 
2133	 0.186327262429635 
2134	 0.186718124533071 
2135	 0.186589331335794 
2136	 0.187175207914575 
2137	 0.188960506596487 
2138	 0.190010136400511 
2139	 0.190302060567602 
2140	 0.190834048213072 
2141	 0.191666561781092 
2142	 0.19194628834572 
2143	 0.192263429692286 
2144	 0.192612646234607 
2145	 0.193507190523485 
2146	 0.194511713837101 
2147	 0.195184675616933 
2148	 0.196257992065464 
2149	 0.197107624415372 
2150	 0.197464108495222 
2151	 0.197888164481455 
2152	 0.198539198632874 
2153	 0.199043623325741 
2154	 0.19933368616564 
2155	 0.200020996670421 
2156	 0.20062237704129 
2157	 0.200774846333809 
2158	 0.201528814636914 
2159	 0.202204921108419 
2160	 0.202440179586508 
2161	 0.20312019356757 
2162	 0.203674239006091 
2163	 0.203665351219927 
2164	 0.203982746986774 
2165	 0.204995233576616 
2166	 0.205604721349341 
2167	 0.205639154765777 
2168	 0.205900651604198 
2169	 0.206515214940789 
2170	 0.206930662012439 
2171	 0.207239256736458 
2172	 0.207430800078913 
2173	 0.207675907803472 
2174	 0.207304343271065 
2175	 0.207069803164065 
2176	 0.207958340745419 
2177	 0.208562656605335 
2178	 0.209162740289058 
2179	 0.210023706521407 
2180	 0.210362498633209 
2181	 0.210224769900796 
2182	 0.210326569936574 
2183	 0.21097871234791 
2184	 0.210959080489616 
2185	 0.211106614315874 
2186	 0.211890880941464 
2187	 0.212383106854366 
2188	 0.212289426591414 
2189	 0.212751326693218 
2190	 0.213985023365706 
2191	 0.214390510134815 
2192	 0.214148238522598 
2193	 0.214039877173539 
2194	 0.213681854080114 
2195	 0.213893547297195 
2196	 0.214653599536543 
2197	 0.21509017475954 
2198	 0.214326660107922 
2199	 0.212567135210335 
2200	 0.212050124355523 
2201	 0.212697144977686 
2202	 0.21404222618588 
2203	 0.21594674271773 
2204	 0.216960231186043 
2205	 0.216398603015839 
2206	 0.216026511624203 
2207	 0.216506599260549 
2208	 0.216696712705802 
2209	 0.217058834912674 
2210	 0.217079233661922 
2211	 0.217581104053341 
2212	 0.217421445890336 
2213	 0.216349246192622 
2214	 0.215793381125014 
2215	 0.215405320810241 
2216	 0.215101302476275 
2217	 0.214478955457736 
2218	 0.214169665447142 
2219	 0.214678334408315 
2220	 0.214608773234812 
2221	 0.214249731308021 
2222	 0.214165984157408 
2223	 0.213819466225863 
2224	 0.212679902862694 
2225	 0.212362378030729 
2226	 0.212539784485263 
2227	 0.212107630543257 
2228	 0.212172688111788 
2229	 0.21223093244051 
2230	 0.21215093350485 
2231	 0.21168544817563 
2232	 0.211505653782479 
2233	 0.212884779731441 
2234	 0.213566662639861 
2235	 0.212749504513441 
2236	 0.212273152800118 
2237	 0.211941173877761 
2238	 0.209778009854522 
2239	 0.208694178924249 
2240	 0.209530879525977 
2241	 0.209554250303789 
2242	 0.208555208259613 
2243	 0.20766509680625 
2244	 0.207302846228507 
2245	 0.206715394830025 
2246	 0.204813332914377 
2247	 0.204807439235176 
2248	 0.207507384549176 
2249	 0.206906722832903 
2250	 0.204522087358895 
2251	 0.203611599616443 
2252	 0.203330771368457 
2253	 0.202549869254211 
2254	 0.202143887864285 
2255	 0.202473759710803 
2256	 0.201459716731822 
2257	 0.199405894676383 
2258	 0.198590252478282 
2259	 0.198451562830466 
2260	 0.197394905401947 
2261	 0.196760302173714 
2262	 0.198208577288038 
2263	 0.199213510014711 
2264	 0.196731761272294 
2265	 0.194357333495683 
2266	 0.194749295932376 
2267	 0.19382810967778 
2268	 0.192925992204825 
2269	 0.193361173331822 
2270	 0.19265173559958 
2271	 0.192423182618773 
2272	 0.191921559891642 
2273	 0.192603908640361 
2274	 0.192617388748226 
2275	 0.191522836170414 
2276	 0.191367388892179 
2277	 0.192471826054912 
2278	 0.19259308640018 
2279	 0.192154941146119 
2280	 0.191108203840722 
2281	 0.189578852337163 
2282	 0.188679062648569 
2283	 0.187704614080573 
2284	 0.186092691466086 
2285	 0.184704418893437 
2286	 0.183505140362773 
2287	 0.182045921647952 
2288	 0.179210005280912 
2289	 0.178913803325068 
2290	 0.17809649214855 
2291	 0.17682486949612 
2292	 0.177421013143195 
2293	 0.176158295588573 
2294	 0.174775494115859 
2295	 0.174955137058668 
2296	 0.17459643402883 
2297	 0.176000590615774 
2298	 0.176706068540368 
2299	 0.175043248538624 
2300	 0.173604095844082 
2301	 0.173142599427332 
2302	 0.17166400423299 
2303	 0.170007010285798 
2304	 0.169780907397868 
2305	 0.168175500149805 
2306	 0.167274256260491 
2307	 0.167827845460458 
2308	 0.16707032138491 
2309	 0.165874641333269 
2310	 0.164531805004724 
2311	 0.163357272385158 
2312	 0.164333748587598 
2313	 0.166353192008223 
2314	 0.166824209259357 
2315	 0.165499126599137 
2316	 0.164354418604318 
2317	 0.164048327788767 
2318	 0.162315761887347 
2319	 0.160364711109796 
2320	 0.158180295752595 
2321	 0.157391481467124 
2322	 0.156385879730455 
2323	 0.154952737790813 
2324	 0.154784801779272 
2325	 0.153876849659241 
2326	 0.151643481944545 
2327	 0.150353236795663 
2328	 0.149798606473955 
2329	 0.150225599155842 
2330	 0.151768137864767 
2331	 0.151639991142065 
2332	 0.150850368179083 
2333	 0.149718758426904 
2334	 0.14772645925739 
2335	 0.144966385682461 
2336	 0.141231178874752 
2337	 0.141185359921213 
2338	 0.142769654345299 
2339	 0.141717706686923 
2340	 0.141267237279351 
2341	 0.141922030618171 
2342	 0.141732708878652 
2343	 0.139329299472658 
2344	 0.136771210955246 
2345	 0.136236507481099 
2346	 0.133226588104292 
2347	 0.128373756415099 
2348	 0.128455365474016 
2349	 0.129919696405859 
2350	 0.127575220084176 
2351	 0.12773300897646 
2352	 0.128329652925229 
2353	 0.123299136316617 
2354	 0.122453015604232 
2355	 0.124061930674248 
2356	 0.120449739479315 
2357	 0.12141616470234 
2358	 0.126558901688751 
2359	 0.126248061454827 
2360	 0.126208398264537 
2361	 0.127398003839536 
2362	 0.123333334905124 
2363	 0.120951439455756 
2364	 0.12251994015017 
2365	 0.12103483693404 
2366	 0.120395238543427 
2367	 0.122263212468894 
2368	 0.117663148032031 
2369	 0.113886256466157 
2370	 0.117997407854298 
2371	 0.11785205764791 
2372	 0.115339920013179 
2373	 0.116683379109787 
2374	 0.114624977655166 
2375	 0.111736470363537 
2376	 0.114474585225119 
2377	 0.117452455296053 
2378	 0.114634782202848 
2379	 0.109631196813632 
2380	 0.105370400769746 
2381	 0.104510867662448 
2382	 0.105092403226462 
2383	 0.102405152538971 
2384	 0.103407131543701 
2385	 0.10343273351573 
2386	 9.86643458298486E-02 
2387	 9.72358463072852E-02 
2388	 9.24996424585229E-02 
2389	 8.26513125027682E-02 
2390	 8.06377661237082E-02 
2391	 8.94767271312275E-02 
2392	 9.35177103278581E-02 
2393	 8.95585961266229E-02 
2394	 0.08841177047871 
2395	 8.54531327764548E-02 
2396	 8.24985873622547E-02 
2397	 8.68544825416311E-02 
2398	 9.02229920782222E-02 
2399	 9.08844581909401E-02 
2400	 9.33923672608914E-02 
2401	 9.10096735802924E-02 
2402	 9.02965951118932E-02 
2403	 0.094399902162762 
2404	 0.090625962124806 
2405	 8.86608188684162E-02 
2406	 8.94955457434267E-02 
2407	 8.41557037236097E-02 
2408	 8.19562776637267E-02 
2409	 8.45503396634563E-02 
2410	 8.50998922629928E-02 
2411	 8.04555578870918E-02 
2412	 7.29405439332438E-02 
2413	 6.38656972792756E-02 
2414	 6.16916429569895E-02 
2415	 6.56048972997774E-02 
2416	 0.073249869246714 
2417	 8.56427517331478E-02 
2418	 0.085035413080032 
2419	 8.05416704328967E-02 
2420	 0.076646150581927 
2421	 6.79018083234546E-02 
2422	 6.71154127329138E-02 
2423	 7.29461222783033E-02 
2424	 7.72811785175096E-02 
2425	 7.69777685382633E-02 
2426	 7.07333731087303E-02 
2427	 7.09967082172106E-02 
2428	 7.91705994678499E-02 
2429	 6.61826417774072E-02 
2430	 0.054760937702729 
2431	 5.82514679825091E-02 
2432	 5.09436552687776E-02 
2433	 5.32889988782717E-02 
2434	 6.13105943427206E-02 
2435	 5.18534216139409E-02 
2436	 4.14300562905484E-02 
2437	 4.93688123329186E-02 
2438	 7.33638008069206E-02 
2439	 7.96756520861658E-02 
2440	 6.91807356207761E-02 
2441	 6.27174471825841E-02 
2442	 4.85617024100137E-02 
2443	 3.73714958042407E-02 
2444	 3.16706977465621E-02 
2445	 4.14413702556725E-02 
2446	 5.68297971568859E-02 
2447	 5.16884509871815E-02 
2448	 6.03451563423596E-02 
2449	 5.07624327479619E-02 
2450	 1.70881468304634E-02 
2451	 1.43714490565455E-02 
2452	 2.54186526040165E-02 
2453	 2.85529837269304E-02 
2454	 2.32467729537773E-02 
2455	 3.45824144067281E-02 
2456	 4.87586841758431E-02 
2457	 4.52616123122892E-02 
2458	 5.22325564205209E-02 
2459	 4.52924329386995E-02 
2460	 2.33829266994473E-02 
2461	 1.80632968691798E-02 
2462	 3.13947528475934E-02 
2463	 4.53805053515942E-02 
2464	 4.39974532933126E-02 
2465	 4.58911912414972E-02 
2466	 2.49957193321752E-02 
2467	 7.96500648019014E-03 
2468	 2.35206484583988E-02 
2469	 1.88183490021185E-02 
2470	 9.19639656414666E-03 
2471	-4.39523597799248E-03 
2472	-2.63412677500923E-02 
2473	-3.39911694623786E-02 
2474	-4.06886876536438E-02 
2475	-2.43056921961635E-02 
2476	 1.79644598609777E-02 
2477	 1.15482668905923E-02 
2478	-1.36584817088055E-02 
2479	-4.20570750881226E-02 
2480	-3.84456777136955E-02 
2481	-8.16929965581342E-03 
2482	-1.88941683234309E-02 
2483	-4.53357968060011E-02 
2484	-3.60512134894138E-02 
2485	-0.118698553653732 
2486	-0.173879713749477 
2487	-4.04067596287221E-02 
2488	-6.44557304984008E-02 
2489	-0.103218593163196 
2490	 1.06062016366725E-02 
2491	-0.129061962071395 
2492	-0.296596918087779 
2493	-0.249924089475601 
2494	-0.22613619061141 
2495	-6.90217075063517E-02 
2496	-0.153321267584758 
2497	-0.30664008993775 
2498	-0.288648422659378 
2499	-0.471529782137147 
2500	-0.334224075741642 
