Wavelength	09/27/123 at 12:17:03
350	 7.06751965604598E-03 
351	 6.97677517681354E-03 
352	 6.99733645951264E-03 
353	 7.02581422332707E-03 
354	 7.00929240959107E-03 
355	 7.45537459659796E-03 
356	 7.47023835056903E-03 
357	 6.88589201220253E-03 
358	 7.29927683182528E-03 
359	 0.007671958949472 
360	 7.73305104133303E-03 
361	 7.58417140516203E-03 
362	 7.67592344495666E-03 
363	 7.77867190237598E-03 
364	 7.72595601988326E-03 
365	 7.61522682729573E-03 
366	 7.65817815756297E-03 
367	 7.65844230804708E-03 
368	 7.31433674337863E-03 
369	 7.41545971548803E-03 
370	 7.63460933048033E-03 
371	 7.68063554003521E-03 
372	 7.63450454366379E-03 
373	 7.58156654601774E-03 
374	 7.58173233243979E-03 
375	 7.67692969445413E-03 
376	 7.91454959402902E-03 
377	 8.09455174538467E-03 
378	 8.09946782434502E-03 
379	 8.05035698742665E-03 
380	 7.90249996883668E-03 
381	 7.78599918522826E-03 
382	 7.89416463150605E-03 
383	 8.11086000260832E-03 
384	 8.35570501282988E-03 
385	 8.46628807448996E-03 
386	 8.03183304824913E-03 
387	 7.83982522925433E-03 
388	 8.0060104847751E-03 
389	 8.29038109144716E-03 
390	 8.36000580722475E-03 
391	 8.39705296029532E-03 
392	 8.52576778577503E-03 
393	 8.66284948314691E-03 
394	 8.80097388190991E-03 
395	 8.81401504341879E-03 
396	 8.60048979756869E-03 
397	 8.54525213125754E-03 
398	 8.62084798989849E-03 
399	 8.74545655392806E-03 
400	 8.83461943944009E-03 
401	 8.86492974303853E-03 
402	 8.87743712153767E-03 
403	 8.93359338693736E-03 
404	 9.02364714032709E-03 
405	 9.06597851574579E-03 
406	 9.06954289668209E-03 
407	 9.22245544717656E-03 
408	 9.37551036255949E-03 
409	 9.51050560012749E-03 
410	 9.65381519023332E-03 
411	 9.7965289435142E-03 
412	 9.90649207313162E-03 
413	 9.98613496862399E-03 
414	 1.00899073000312E-02 
415	 0.010281140104844 
416	 1.04686209168739E-02 
417	 0.010533100825457 
418	 1.06206289484485E-02 
419	 1.07285382301304E-02 
420	 1.08381135569269E-02 
421	 1.09275466284858E-02 
422	 1.09983891942494E-02 
423	 1.10927710951702E-02 
424	 1.12547812213315E-02 
425	 1.14367562065758E-02 
426	 0.011598449130198 
427	 1.17210362413466E-02 
428	 1.18115145186599E-02 
429	 1.19418740711993E-02 
430	 1.20657542883556E-02 
431	 1.21161174840733E-02 
432	 1.21593400682133E-02 
433	 1.22425069013396E-02 
434	 1.23575201056704E-02 
435	 1.24271465808002E-02 
436	 1.25176193228827E-02 
437	 1.26272396998117E-02 
438	 1.27325417974584E-02 
439	 1.28078138588584E-02 
440	 1.28970704798542E-02 
441	 0.013001729363585 
442	 1.30614456184066E-02 
443	 1.31487282775603E-02 
444	 1.32436219424371E-02 
445	 1.33185883307292E-02 
446	 1.34555157357333E-02 
447	 1.35724132800854E-02 
448	 1.36448869007429E-02 
449	 0.013730363352959 
450	 1.38160128496977E-02 
451	 1.38844658061631E-02 
452	 1.39309889911865E-02 
453	 1.40277238161444E-02 
454	 1.41109987368485E-02 
455	 1.41636276150288E-02 
456	 1.42299704713371E-02 
457	 1.42968435702411E-02 
458	 1.43748443277213E-02 
459	 1.44632498372024E-02 
460	 1.44842719786258E-02 
461	 1.45295324484366E-02 
462	 1.46086787630579E-02 
463	 1.46396233417539E-02 
464	 1.46984812356365E-02 
465	 1.47840237932008E-02 
466	 1.48651951094654E-02 
467	 1.48731715445381E-02 
468	 1.48930530956104E-02 
469	 1.49518327911456E-02 
470	 1.50203801404968E-02 
471	 0.015146538920831 
472	 1.52544881485205E-02 
473	 1.52826870980599E-02 
474	 1.52972110597895E-02 
475	 1.53543412575467E-02 
476	 0.015428790911657 
477	 1.54365719733744E-02 
478	 1.54889400887212E-02 
479	 1.55731840576013E-02 
480	 1.56537396284166E-02 
481	 1.56984953281661E-02 
482	 1.57367308802318E-02 
483	 1.58028875148217E-02 
484	 1.59273715777031E-02 
485	 1.60102732505058E-02 
486	 1.60986921989768E-02 
487	 1.62143756423682E-02 
488	 1.62333250367398E-02 
489	 1.63144429397687E-02 
490	 1.64731283400012E-02 
491	 1.66407206169474E-02 
492	 1.67343345168862E-02 
493	 1.68531915140595E-02 
494	 1.70529421061579E-02 
495	 1.72425844456839E-02 
496	 1.74357718782241E-02 
497	 1.76402435708896E-02 
498	 1.78704452604934E-02 
499	 1.81897325395537E-02 
500	 1.85418277960352E-02 
501	 1.88922329972052E-02 
502	 0.019278042924161 
503	 1.96102059107966E-02 
504	 1.99641460719794E-02 
505	 2.04551729756691E-02 
506	 2.09993677728637E-02 
507	 2.15899919560662E-02 
508	 2.22096915278207E-02 
509	 0.02281077507993 
510	 2.34592103024246E-02 
511	 2.42003152546744E-02 
512	 2.50521453340926E-02 
513	 2.59316902603156E-02 
514	 2.67881871205307E-02 
515	 2.76628657341238E-02 
516	 2.87048528420711E-02 
517	 2.98132699088404E-02 
518	 3.09776571400271E-02 
519	 3.21673968148892E-02 
520	 0.03324286138594 
521	 3.43262271321419E-02 
522	 3.54720243858338E-02 
523	 3.66524526187487E-02 
524	 3.77823552692833E-02 
525	 3.88530723978788E-02 
526	 3.98861787648622E-02 
527	 4.09332455486363E-02 
528	 4.19363639743695E-02 
529	 4.28483462939613E-02 
530	 4.36630145523403E-02 
531	 4.45049800630871E-02 
532	 4.53111539715569E-02 
533	 4.60212640324498E-02 
534	 4.67031228468207E-02 
535	 4.73449893376655E-02 
536	 4.79277395709672E-02 
537	 4.84322447886944E-02 
538	 4.89107733960431E-02 
539	 4.94169767762389E-02 
540	 4.99412855650182E-02 
541	 5.03390780472722E-02 
542	 5.07233628335445E-02 
543	 5.11192713861678E-02 
544	 5.15132607572053E-02 
545	 5.18614374938582E-02 
546	 5.21865313042406E-02 
547	 5.24947286441661E-02 
548	 5.27488477415946E-02 
549	 5.30224074084913E-02 
550	 5.32896128392604E-02 
551	 5.34985140666574E-02 
552	 0.053654905958015 
553	 5.37502670675939E-02 
554	 5.37740381320651E-02 
555	 5.37132724296294E-02 
556	 5.36024453611488E-02 
557	 5.34382071158026E-02 
558	 5.32232960730816E-02 
559	 5.30240746510665E-02 
560	 5.27822402591554E-02 
561	 5.25076486127383E-02 
562	 5.22664424926058E-02 
563	 5.19174450959315E-02 
564	 5.15021657318348E-02 
565	 5.10754637007079E-02 
566	 5.05997968413146E-02 
567	 5.01439700989716E-02 
568	 0.049683796369104 
569	 4.91377409134303E-02 
570	 4.85787518342777E-02 
571	 4.80281839385941E-02 
572	 4.74929915909698E-02 
573	 4.69586456755973E-02 
574	 4.64494217272794E-02 
575	 4.59593853996653E-02 
576	 4.54870929496028E-02 
577	 4.51125836334116E-02 
578	 0.044747007523974 
579	 4.43656334691144E-02 
580	 4.40704428155225E-02 
581	 4.37454114501953E-02 
582	 4.34255783284525E-02 
583	 4.31699284573255E-02 
584	 4.28924378381372E-02 
585	 0.042620060547021 
586	 4.23892367904235E-02 
587	 4.22350461919813E-02 
588	 4.20473956942096E-02 
589	 4.18589016873676E-02 
590	 4.17112007457948E-02 
591	 4.15010975268899E-02 
592	 4.13228138538191E-02 
593	 4.12134231479584E-02 
594	 4.11721430708435E-02 
595	 4.11249168464532E-02 
596	 4.10402343194189E-02 
597	 0.040922155031677 
598	 4.08308435254337E-02 
599	 4.07543187918937E-02 
600	 4.06722455338243E-02 
601	 4.05607605996456E-02 
602	 4.04119411383777E-02 
603	 4.02524328695538E-02 
604	 4.00834124569977E-02 
605	 3.98633545878225E-02 
606	 3.95997246385628E-02 
607	 3.93296473108569E-02 
608	 3.90809944144321E-02 
609	 3.88067218073345E-02 
610	 3.84973768125974E-02 
611	 3.81636296113881E-02 
612	 3.78271298573174E-02 
613	 3.74237769795915E-02 
614	 3.70715285616367E-02 
615	 0.036839799566146 
616	 3.65454997262302E-02 
617	 3.62453410212975E-02 
618	 3.59776987449981E-02 
619	 3.57562513851761E-02 
620	 0.03555771361783 
621	 3.54037895081651E-02 
622	 3.52964064521251E-02 
623	 3.51925946710313E-02 
624	 0.03510990170929 
625	 3.50651804907697E-02 
626	 3.50610491961983E-02 
627	 0.035020299395784 
628	 0.034975684392215 
629	 3.49546778721096E-02 
630	 3.49673716109863E-02 
631	 3.49781259822748E-02 
632	 0.034920581360506 
633	 3.47716065479375E-02 
634	 3.46690206768409E-02 
635	 3.45182087804892E-02 
636	 3.42874665466451E-02 
637	 3.39970558873823E-02 
638	 3.37036385038828E-02 
639	 3.33769035283716E-02 
640	 3.29959033189291E-02 
641	 3.25947857623949E-02 
642	 3.21256954559032E-02 
643	 3.16540063781175E-02 
644	 3.12547603190983E-02 
645	 3.08055442693408E-02 
646	 0.030373305269595 
647	 3.00120978297996E-02 
648	 2.97357834053191E-02 
649	 2.94846330056645E-02 
650	 2.92560198427355E-02 
651	 2.90527651718536E-02 
652	 2.88544346485409E-02 
653	 2.86365467628935E-02 
654	 2.84145496426692E-02 
655	 2.82139625927075E-02 
656	 2.79795525150363E-02 
657	 2.76370285149637E-02 
658	 2.72217068406892E-02 
659	 2.68896750967988E-02 
660	 2.64884540779282E-02 
661	 2.60796317865784E-02 
662	 2.57432739559693E-02 
663	 2.53160757494066E-02 
664	 2.49586620648675E-02 
665	 2.46774153435594E-02 
666	 2.43060606270538E-02 
667	 2.40487382758366E-02 
668	 2.38425764398454E-02 
669	 2.36377051506322E-02 
670	 2.35937778386437E-02 
671	 2.35285120616836E-02 
672	 2.34175676719428E-02 
673	 2.33333090062054E-02 
674	 2.33965271115424E-02 
675	 0.023449860852002 
676	 2.34539026644136E-02 
677	 0.023580563360027 
678	 2.37206551551279E-02 
679	 0.023927171384869 
680	 2.42588795498558E-02 
681	 2.46227419891632E-02 
682	 2.50666144333473E-02 
683	 2.56281460464396E-02 
684	 2.63371612987957E-02 
685	 2.73084482424685E-02 
686	 0.028583704759236 
687	 3.01491380863688E-02 
688	 3.16394029088899E-02 
689	 3.33172073680049E-02 
690	 3.52873759700758E-02 
691	 0.037530580712829 
692	 4.00743496889326E-02 
693	 4.29438225368502E-02 
694	 0.046138760896173 
695	 4.95688965236303E-02 
696	 5.31586041128904E-02 
697	 5.68988166274421E-02 
698	 6.08806545931304E-02 
699	 6.50707491637436E-02 
700	 6.93837988759089E-02 
701	 7.37619014972521E-02 
702	 7.81660606851384E-02 
703	 0.082533574641 
704	 8.69068707649164E-02 
705	 9.13414899014031E-02 
706	 9.57714953265439E-02 
707	 0.100215479180368 
708	 0.104680244756233 
709	 0.109174482937941 
710	 0.113680369935955 
711	 0.118195344625506 
712	 0.122758053859811 
713	 0.127372615621375 
714	 0.131945889270265 
715	 0.136372187225164 
716	 0.140814148257622 
717	 0.145503846657362 
718	 0.150315551895822 
719	 0.155170975015283 
720	 0.159850157980624 
721	 0.164170705484041 
722	 0.168199306866066 
723	 0.172346107206373 
724	 0.17655869270404 
725	 0.180633128744932 
726	 0.18451435904905 
727	 0.188288613480807 
728	 0.191901237621437 
729	 0.19534611721562 
730	 0.198637272964146 
731	 0.201783008053043 
732	 0.204799073308147 
733	 0.20761428122033 
734	 0.210255999294289 
735	 0.212762461324554 
736	 0.215156847919203 
737	 0.21740170664536 
738	 0.219505913604121 
739	 0.221523975149871 
740	 0.223445753045703 
741	 0.225233202140182 
742	 0.226862698029159 
743	 0.228378171557489 
744	 0.229790242851332 
745	 0.231107040339993 
746	 0.23232657957282 
747	 0.233503748686221 
748	 0.234604507285225 
749	 0.235611638615292 
750	 0.236543092453059 
751	 0.237437414770693 
752	 0.238287084682939 
753	 0.239084390792699 
754	 0.239858771431897 
755	 0.240614335658524 
756	 0.241343691518807 
757	 0.242092152748925 
758	 0.243210003223105 
759	 0.244817113812563 
760	 0.246705662231514 
761	 0.24732192838513 
762	 0.247511417772019 
763	 0.247547440764282 
764	 0.24748516891198 
765	 0.247329457761362 
766	 0.247286470883537 
767	 0.24740078056236 
768	 0.247662102876243 
769	 0.247985859477502 
770	 0.248297511007061 
771	 0.248618641317941 
772	 0.249041290302901 
773	 0.249388324803464 
774	 0.249756545531021 
775	 0.250189375859745 
776	 0.250558433796222 
777	 0.250897454410942 
778	 0.251242977770074 
779	 0.251621855660766 
780	 0.25203174924205 
781	 0.252418855118229 
782	 0.252775680516527 
783	 0.25313043583924 
784	 0.253547421777963 
785	 0.253910018214059 
786	 0.254195853273731 
787	 0.254532427514868 
788	 0.254886595858212 
789	 0.25527274641247 
790	 0.255686346289888 
791	 0.256049564719982 
792	 0.256412351532991 
793	 0.256769184340604 
794	 0.257104400000762 
795	 0.257470506537462 
796	 0.257800990292675 
797	 0.258115989889276 
798	 0.258503450591203 
799	 0.258841951269666 
800	 0.259187028418351 
801	 0.259567293736809 
802	 0.259924004126445 
803	 0.260331589194561 
804	 0.260698925573562 
805	 0.260963689828442 
806	 0.261301647337193 
807	 0.261648000149644 
808	 0.261988222380718 
809	 0.262316880512738 
810	 0.262575980059671 
811	 0.26281044197943 
812	 0.263046280607478 
813	 0.263288393029196 
814	 0.263591862675077 
815	 0.263878730434067 
816	 0.264140085962891 
817	 0.264566434557541 
818	 0.264891513952663 
819	 0.265182669130411 
820	 0.26555013410918 
821	 0.265880399382824 
822	 0.266193906410938 
823	 0.266491066876292 
824	 0.266768270762157 
825	 0.267054651133727 
826	 0.26742017414075 
827	 0.267820887647683 
828	 0.268105221087903 
829	 0.268343516342827 
830	 0.268576409145938 
831	 0.268843880983643 
832	 0.269186998982869 
833	 0.269478338152382 
834	 0.269759877195364 
835	 0.270090666114322 
836	 0.270395611464725 
837	 0.270805461443296 
838	 0.271200546447691 
839	 0.271429266173838 
840	 0.271798617500731 
841	 0.272164107993458 
842	 0.2725023542408 
843	 0.272879485261871 
844	 0.273110441703278 
845	 0.273375269102285 
846	 0.273752767181891 
847	 0.274123456742911 
848	 0.274382745603619 
849	 0.274675568284709 
850	 0.275074504332439 
851	 0.275319189922003 
852	 0.275642848115299 
853	 0.276021615315793 
854	 0.276355228717451 
855	 0.276586834365907 
856	 0.276852589033154 
857	 0.277146875138965 
858	 0.277405946085734 
859	 0.277754070836658 
860	 0.278088563355105 
861	 0.278372584055651 
862	 0.278650592302797 
863	 0.278923500202283 
864	 0.279239917303761 
865	 0.279574555014348 
866	 0.279815581328851 
867	 0.280160601388508 
868	 0.280439815073924 
869	 0.28058469786742 
870	 0.280948305573218 
871	 0.281161410860362 
872	 0.281372421911256 
873	 0.28176726650235 
874	 0.281994810666224 
875	 0.282199550926862 
876	 0.28251153680723 
877	 0.282966498498229 
878	 0.283249488812446 
879	 0.283340930676257 
880	 0.2834184471786 
881	 0.283765225788536 
882	 0.28411318015531 
883	 0.284453631316565 
884	 0.284735909185613 
885	 0.28485719928821 
886	 0.28513438634181 
887	 0.285373185388467 
888	 0.285495538629383 
889	 0.285760000823875 
890	 0.285832836049131 
891	 0.28592969218149 
892	 0.286206940668074 
893	 0.286278262017411 
894	 0.28632459525863 
895	 0.286325024257996 
896	 0.286307274746802 
897	 0.286794755927947 
898	 0.287023686117844 
899	 0.286992601273619 
900	 0.287092523559931 
901	 0.287250615853325 
902	 0.287338491545786 
903	 0.287361328027985 
904	 0.287419703091913 
905	 0.287667911958969 
906	 0.288012234139709 
907	 0.288319060775772 
908	 0.288447616093043 
909	 0.288551023917354 
910	 0.28847777597719 
911	 0.288376842088313 
912	 0.288791002661789 
913	 0.288745578058293 
914	 0.288660031176508 
915	 0.288937405164139 
916	 0.289402418866586 
917	 0.289567585355102 
918	 0.289724243784119 
919	 0.29008525714577 
920	 0.29019953249682 
921	 0.290297970487071 
922	 0.290287306693908 
923	 0.290091655475422 
924	 0.290013708761584 
925	 0.289937957859312 
926	 0.289695617012664 
927	 0.289176284702225 
928	 0.288707106332013 
929	 0.288262304528558 
930	 0.287646795457455 
931	 0.286654905378529 
932	 0.286032001529229 
933	 0.285270398131265 
934	 0.284440535840138 
935	 0.284080314268191 
936	 0.283664750988685 
937	 0.283120517617883 
938	 0.282586753733686 
939	 0.282325157871662 
940	 0.282759431160669 
941	 0.282781193090281 
942	 0.282260359182244 
943	 0.282091154572548 
944	 0.281913779790026 
945	 0.281434987278968 
946	 0.28059892155256 
947	 0.279677063812001 
948	 0.279139145494361 
949	 0.278750649289953 
950	 0.278290134431445 
951	 0.277811962786614 
952	 0.278030402036643 
953	 0.277279992725994 
954	 0.275254964635162 
955	 0.274418880847884 
956	 0.274197376817533 
957	 0.274334208876945 
958	 0.274416073562252 
959	 0.273731525054964 
960	 0.273758863149406 
961	 0.273836117897721 
962	 0.273407965865628 
963	 0.273135008085145 
964	 0.274065094476061 
965	 0.274682614403285 
966	 0.274007797133091 
967	 0.273769293765322 
968	 0.273385399422441 
969	 0.273721025107225 
970	 0.275056654431789 
971	 0.275204708917718 
972	 0.274898676876842 
973	 0.274893397327476 
974	 0.275416608714892 
975	 0.274982867533668 
976	 0.275176539876422 
977	 0.27540554664225 
978	 0.275025809218088 
979	 0.275898577309091 
980	 0.276403415451883 
981	 0.276199703000733 
982	 0.275775249018743 
983	 0.276566499519399 
984	 0.277095417392193 
985	 0.277437713863061 
986	 0.278109835906917 
987	 0.278913994700741 
988	 0.279355741022105 
989	 0.279652556971063 
990	 0.280237925293435 
991	 0.281270958361516 
992	 0.281046430452232 
993	 0.280608768154394 
994	 0.281450896231399 
995	 0.282006691604045 
996	 0.282729486495928 
997	 0.28307081131245 
998	 0.282583421466184 
999	 0.282568144124122 
1000	 0.283698371942527 
1001	 0.28262461032894 
1002	 0.283010470394066 
1003	 0.283512524115743 
1004	 0.283965107043206 
1005	 0.284269290792043 
1006	 0.284864528891733 
1007	 0.285656549124475 
1008	 0.286298222715153 
1009	 0.287065583759687 
1010	 0.287564495498403 
1011	 0.287849861771559 
1012	 0.288160977824729 
1013	 0.288533017347237 
1014	 0.289097836965488 
1015	 0.289629804987083 
1016	 0.29030964071411 
1017	 0.290926399718713 
1018	 0.291563659441648 
1019	 0.292004103999476 
1020	 0.292482218430828 
1021	 0.292940261451272 
1022	 0.293404975058664 
1023	 0.293989831781816 
1024	 0.294621021787775 
1025	 0.295175255047863 
1026	 0.295610636646941 
1027	 0.29617851488554 
1028	 0.296843708679448 
1029	 0.297272412164005 
1030	 0.297596509259824 
1031	 0.298023903554328 
1032	 0.298397014076022 
1033	 0.298749411940945 
1034	 0.29929519900773 
1035	 0.300012779414703 
1036	 0.300505116191215 
1037	 0.300836650903695 
1038	 0.301300476719857 
1039	 0.301815350847047 
1040	 0.302364618155288 
1041	 0.30303383209639 
1042	 0.303672826498426 
1043	 0.304254964937339 
1044	 0.304777326162781 
1045	 0.305267858687856 
1046	 0.305672038900239 
1047	 0.306090634570322 
1048	 0.306388606085341 
1049	 0.306600556787878 
1050	 0.306993473049595 
1051	 0.307382098153015 
1052	 0.307822846197113 
1053	 0.308275446358922 
1054	 0.308561368304169 
1055	 0.308899669001744 
1056	 0.309222751042537 
1057	 0.309494383137614 
1058	 0.309721792977266 
1059	 0.310031839316323 
1060	 0.310344839860272 
1061	 0.31064438461576 
1062	 0.310883318378813 
1063	 0.311317602797735 
1064	 0.311830928015044 
1065	 0.312100926097214 
1066	 0.31233983452727 
1067	 0.312557051340012 
1068	 0.312645247444271 
1069	 0.31288508717084 
1070	 0.313070098165417 
1071	 0.313373479766573 
1072	 0.313577406711881 
1073	 0.313672261645413 
1074	 0.313730133058163 
1075	 0.313741010464441 
1076	 0.313879834072933 
1077	 0.313848260503869 
1078	 0.31401621502106 
1079	 0.314182524591165 
1080	 0.314269449658355 
1081	 0.314481320073363 
1082	 0.314419263896453 
1083	 0.314422463841276 
1084	 0.314384813856773 
1085	 0.314398125278385 
1086	 0.314389201464987 
1087	 0.3144158630478 
1088	 0.314550454384575 
1089	 0.314530319982694 
1090	 0.314406087148662 
1091	 0.314264556878312 
1092	 0.314157586363342 
1093	 0.31407434642775 
1094	 0.314025303400043 
1095	 0.31403704987598 
1096	 0.313938400028782 
1097	 0.313751617888803 
1098	 0.313608942423426 
1099	 0.313407153380452 
1100	 0.313291135712403 
1101	 0.313369207135055 
1102	 0.313151469896582 
1103	 0.312715656571338 
1104	 0.312485283374463 
1105	 0.312133751391203 
1106	 0.311848311998627 
1107	 0.311887923794201 
1108	 0.311726624973646 
1109	 0.311245917635902 
1110	 0.310809775218829 
1111	 0.310420817579178 
1112	 0.309880820461436 
1113	 0.309563507538076 
1114	 0.309517773678977 
1115	 0.309244348218438 
1116	 0.309057769795471 
1117	 0.308606127381878 
1118	 0.307865318827651 
1119	 0.307131631383075 
1120	 0.305999465247422 
1121	 0.305162257811561 
1122	 0.304675067428738 
1123	 0.303862409661619 
1124	 0.302989053772559 
1125	 0.302383226108584 
1126	 0.301281531304998 
1127	 0.299855688162979 
1128	 0.298382932681285 
1129	 0.296803557968899 
1130	 0.295290959179408 
1131	 0.293639674111982 
1132	 0.292311031015443 
1133	 0.291677496648408 
1134	 0.290263391298018 
1135	 0.288491598207376 
1136	 0.287000693731087 
1137	 0.285276554205985 
1138	 0.283581156154826 
1139	 0.282310067196342 
1140	 0.2806199613886 
1141	 0.279013356969073 
1142	 0.277150880389753 
1143	 0.275484291832148 
1144	 0.274089586406058 
1145	 0.272294200699745 
1146	 0.270298031945385 
1147	 0.268433817475692 
1148	 0.266429577127829 
1149	 0.26456453211434 
1150	 0.262821921619538 
1151	 0.261177337883877 
1152	 0.25967127540152 
1153	 0.258148533910516 
1154	 0.256680450741024 
1155	 0.255316683661935 
1156	 0.254122244435388 
1157	 0.252977545828772 
1158	 0.252202529287336 
1159	 0.251768953697507 
1160	 0.251263548274724 
1161	 0.250898990401044 
1162	 0.250501223383149 
1163	 0.250110960257745 
1164	 0.249735682178986 
1165	 0.249351826911421 
1166	 0.249031264336555 
1167	 0.248728868814244 
1168	 0.248453158371584 
1169	 0.248221211362696 
1170	 0.247970360862262 
1171	 0.247742172862269 
1172	 0.247513228293972 
1173	 0.247054999368483 
1174	 0.24668807033452 
1175	 0.246426219366556 
1176	 0.246087789276663 
1177	 0.245945061657625 
1178	 0.246171955716021 
1179	 0.245948621095613 
1180	 0.245511747713931 
1181	 0.245221586580815 
1182	 0.244702562511005 
1183	 0.244433992722123 
1184	 0.244478024528318 
1185	 0.244330819296614 
1186	 0.244188323245738 
1187	 0.243966872601422 
1188	 0.243677272630238 
1189	 0.243255835421732 
1190	 0.243093438560187 
1191	 0.243040485969394 
1192	 0.242848487375099 
1193	 0.242920402199486 
1194	 0.242898712743913 
1195	 0.242698397494466 
1196	 0.242676557562464 
1197	 0.242883305202596 
1198	 0.242911676530779 
1199	 0.242866989575692 
1200	 0.242949685303471 
1201	 0.242951964407844 
1202	 0.243119117288786 
1203	 0.243556819100081 
1204	 0.243780463831013 
1205	 0.243944564960208 
1206	 0.244179232976893 
1207	 0.244315772554715 
1208	 0.244489568640468 
1209	 0.244823744478879 
1210	 0.245113267534063 
1211	 0.245440122264589 
1212	 0.245807435444563 
1213	 0.246232303803051 
1214	 0.246712088792869 
1215	 0.247134341229994 
1216	 0.247536776602492 
1217	 0.247980043168672 
1218	 0.248364175001345 
1219	 0.248833665267355 
1220	 0.249411728291867 
1221	 0.249920323507397 
1222	 0.250510958639025 
1223	 0.250971936100767 
1224	 0.251329410831848 
1225	 0.251653149005025 
1226	 0.252026905462174 
1227	 0.252432648895368 
1228	 0.253026567806876 
1229	 0.253698044766578 
1230	 0.254329467576007 
1231	 0.254809745006813 
1232	 0.255010424012686 
1233	 0.255278853749306 
1234	 0.255652410082873 
1235	 0.256110955749737 
1236	 0.256586799134291 
1237	 0.257297502031592 
1238	 0.257762517400832 
1239	 0.25808657119395 
1240	 0.258445161796247 
1241	 0.258773103025608 
1242	 0.259148368388217 
1243	 0.259525186497484 
1244	 0.259882843351924 
1245	 0.26020904952345 
1246	 0.26049436800702 
1247	 0.26094241271105 
1248	 0.261322848475817 
1249	 0.261671254464742 
1250	 0.262127308117889 
1251	 0.262332494883518 
1252	 0.262501542363087 
1253	 0.262884562729955 
1254	 0.263171313456881 
1255	 0.263522120551919 
1256	 0.263929161031809 
1257	 0.264199009021357 
1258	 0.264370213187137 
1259	 0.264583708578011 
1260	 0.264671947289563 
1261	 0.264891943132188 
1262	 0.265234908652583 
1263	 0.265442695834516 
1264	 0.265577515817265 
1265	 0.265837854446533 
1266	 0.265968269129654 
1267	 0.265986193922374 
1268	 0.266128456893218 
1269	 0.266176146498161 
1270	 0.266173553685434 
1271	 0.266229256702963 
1272	 0.266170530407213 
1273	 0.266223900576058 
1274	 0.266298523838885 
1275	 0.266303616781053 
1276	 0.266386347365529 
1277	 0.266245832043764 
1278	 0.265967291317065 
1279	 0.265783683408172 
1280	 0.265603961142785 
1281	 0.265495491417662 
1282	 0.265344616030671 
1283	 0.265219209847028 
1284	 0.264937920760114 
1285	 0.264636142001017 
1286	 0.264177797654581 
1287	 0.26383361809081 
1288	 0.263678575788289 
1289	 0.263312184139433 
1290	 0.262996852321736 
1291	 0.262616961697105 
1292	 0.261953036651621 
1293	 0.261515806126324 
1294	 0.261308993581582 
1295	 0.260922312745515 
1296	 0.260471705906434 
1297	 0.259931083314268 
1298	 0.259140016656325 
1299	 0.258548141542594 
1300	 0.258131015521544 
1301	 0.257539099751305 
1302	 0.256904167476077 
1303	 0.256221062032154 
1304	 0.255316278974673 
1305	 0.254483232003361 
1306	 0.253679810456583 
1307	 0.252925295706948 
1308	 0.251910287671844 
1309	 0.250806456794268 
1310	 0.24987348941319 
1311	 0.248729288136014 
1312	 0.247727305836934 
1313	 0.24685737970974 
1314	 0.245484675998338 
1315	 0.244237198614073 
1316	 0.243119600609069 
1317	 0.241685699048534 
1318	 0.240432825019988 
1319	 0.239163769928984 
1320	 0.237697394810955 
1321	 0.236400659531537 
1322	 0.235026313851493 
1323	 0.23354858174731 
1324	 0.232230558567302 
1325	 0.23087848422584 
1326	 0.229455811602113 
1327	 0.228042938894309 
1328	 0.226565850404069 
1329	 0.224916600171596 
1330	 0.223210326770458 
1331	 0.221378344076586 
1332	 0.219704939685602 
1333	 0.21821622523116 
1334	 0.216768092964806 
1335	 0.215264733392095 
1336	 0.21367033969275 
1337	 0.211999692600598 
1338	 0.21053241294161 
1339	 0.209547407699073 
1340	 0.208656948783077 
1341	 0.207371376028862 
1342	 0.206033008836532 
1343	 0.20502205601041 
1344	 0.204053134456574 
1345	 0.203452300910228 
1346	 0.202908647498657 
1347	 0.201614083553378 
1348	 0.20036622185046 
1349	 0.199223418803446 
1350	 0.198078606761591 
1351	 0.197632741182182 
1352	 0.197508336320211 
1353	 0.196862851035777 
1354	 0.195060231780431 
1355	 0.192602702871589 
1356	 0.1901181399733 
1357	 0.188253573498411 
1358	 0.190244114764342 
1359	 0.190085354211567 
1360	 0.189130036536347 
1361	 0.179815695146851 
1362	 0.178439853965586 
1363	 0.173558099018932 
1364	 0.183104563994326 
1365	 0.233556345371509 
1366	 0.230530310058035 
1367	 0.217109832703694 
1368	 0.259270578486381 
1369	 0.21970746473326 
1370	 0.207090186512967 
1371	 0.248264946515111 
1372	 0.190844697327227 
1373	 0.137584499948509 
1374	 0.129743454574275 
1375	 0.10477133342193 
1376	 0.10861708080226 
1377	 0.132775520275118 
1378	 0.176386293638745 
1379	 0.180395028565426 
1380	 0.137475707471187 
1381	 0.152524156677266 
1382	 0.180497675933994 
1383	 0.228845001806501 
1384	 0.291035886206551 
1385	 0.254845766156954 
1386	 0.199877613918365 
1387	 0.128234614055493 
1388	 7.17777263993922E-02 
1389	 0.063847603167796 
1390	 9.94906250136505E-02 
1391	 0.128022568589968 
1392	 0.143822328760732 
1393	 0.117719177594532 
1394	 9.71250238613648E-02 
1395	 9.56735664163394E-02 
1396	 9.32183216297593E-02 
1397	 0.111028040384885 
1398	 9.98952438671415E-02 
1399	 7.30530499260832E-02 
1400	 6.46639849238325E-02 
1401	 5.35823142262452E-02 
1402	 6.02971086042078E-02 
1403	 0.077953651439396 
1404	 7.48890850339104E-02 
1405	 7.21459414818876E-02 
1406	 7.76619355029491E-02 
1407	 7.26078644092446E-02 
1408	 6.43267320455421E-02 
1409	 6.06429825452689E-02 
1410	 6.11699376523612E-02 
1411	 6.09152897372982E-02 
1412	 5.84414039129097E-02 
1413	 6.09303602349838E-02 
1414	 5.95947057685815E-02 
1415	 5.22616818454625E-02 
1416	 5.12074238840223E-02 
1417	 5.21892162455445E-02 
1418	 5.08343350384379E-02 
1419	 5.01820348861839E-02 
1420	 5.07557682970623E-02 
1421	 5.07148087534915E-02 
1422	 5.00435886055924E-02 
1423	 5.21329601552557E-02 
1424	 5.27288072201542E-02 
1425	 0.050049075807626 
1426	 4.88442097922793E-02 
1427	 4.76143018137857E-02 
1428	 4.66151554088301E-02 
1429	 4.71914711275646E-02 
1430	 4.90340828036346E-02 
1431	 5.00258330264895E-02 
1432	 4.96719366388777E-02 
1433	 0.047546023393755 
1434	 4.62494362358907E-02 
1435	 4.60339192809575E-02 
1436	 4.59001731850131E-02 
1437	 4.71862909951948E-02 
1438	 4.82244318915936E-02 
1439	 4.74916305621165E-02 
1440	 4.70496824973384E-02 
1441	 4.68602364302316E-02 
1442	 4.59086789603493E-02 
1443	 4.59976385617609E-02 
1444	 4.61754408533726E-02 
1445	 4.55997505737249E-02 
1446	 0.045823305762862 
1447	 4.59265759494692E-02 
1448	 0.045721862016303 
1449	 4.59466343002042E-02 
1450	 4.59858310750721E-02 
1451	 0.045649401992461 
1452	 4.53471834569474E-02 
1453	 4.50547136192346E-02 
1454	 4.47188238582825E-02 
1455	 4.49900764902679E-02 
1456	 4.56631722966153E-02 
1457	 4.58814222227135E-02 
1458	 4.59630699695607E-02 
1459	 4.58700776465903E-02 
1460	 0.04549331717432 
1461	 4.54142209271574E-02 
1462	 4.54191806197187E-02 
1463	 4.54969277124305E-02 
1464	 4.56809710666198E-02 
1465	 4.56927515577651E-02 
1466	 4.58930664004779E-02 
1467	 4.61393394681743E-02 
1468	 4.63804491691035E-02 
1469	 4.69496827642497E-02 
1470	 0.047313427912095 
1471	 0.047613406193416 
1472	 4.77934533191899E-02 
1473	 4.83217506508496E-02 
1474	 4.87466277344556E-02 
1475	 4.89828154338928E-02 
1476	 4.91703062951017E-02 
1477	 4.92029678138455E-02 
1478	 4.95640227253244E-02 
1479	 5.01169570380404E-02 
1480	 5.05770108436396E-02 
1481	 0.050988830395439 
1482	 5.08892522218489E-02 
1483	 5.10828378343148E-02 
1484	 5.19865322118695E-02 
1485	 5.25150226912609E-02 
1486	 5.28596506915462E-02 
1487	 5.34843873218163E-02 
1488	 5.37531346537797E-02 
1489	 5.39256614196257E-02 
1490	 5.47170641787119E-02 
1491	 0.055272403575355 
1492	 5.54370901928939E-02 
1493	 5.62220629739633E-02 
1494	 5.68549633776374E-02 
1495	 5.70263650577642E-02 
1496	 5.74921322142138E-02 
1497	 5.79092388101201E-02 
1498	 5.82755656536851E-02 
1499	 5.87505255930622E-02 
1500	 5.92489808186558E-02 
1501	 5.97944227415331E-02 
1502	 6.02699784274465E-02 
1503	 6.07537393206205E-02 
1504	 0.061345198157326 
1505	 6.19265923357823E-02 
1506	 6.23100774388484E-02 
1507	 6.26507921554895E-02 
1508	 6.31385439659235E-02 
1509	 6.36898455987251E-02 
1510	 6.43069265864333E-02 
1511	 6.49499795656973E-02 
1512	 0.065550718687022 
1513	 0.066119973602844 
1514	 6.66786260740972E-02 
1515	 6.73205074388527E-02 
1516	 6.80244201965259E-02 
1517	 6.85564572370902E-02 
1518	 6.88736987756849E-02 
1519	 0.069248333247799 
1520	 6.98082062184033E-02 
1521	 7.03809993276006E-02 
1522	 7.10326809399731E-02 
1523	 7.17397924574736E-02 
1524	 7.22542811752276E-02 
1525	 7.28506959093866E-02 
1526	 7.35366977800976E-02 
1527	 7.40340258564178E-02 
1528	 7.44954890142954E-02 
1529	 7.50523689564719E-02 
1530	 7.56640670626635E-02 
1531	 0.076215586509468 
1532	 7.68563852394752E-02 
1533	 7.74724588395768E-02 
1534	 7.79826592728368E-02 
1535	 7.85176371050765E-02 
1536	 7.91299633737986E-02 
1537	 7.97305554943855E-02 
1538	 8.03079605857214E-02 
1539	 8.08376391640574E-02 
1540	 8.14161658944432E-02 
1541	 8.20016541207208E-02 
1542	 8.25931048828762E-02 
1543	 8.31861455959901E-02 
1544	 8.36793316610657E-02 
1545	 8.42789311190806E-02 
1546	 8.49824176971559E-02 
1547	 8.55304993153535E-02 
1548	 8.61072555174161E-02 
1549	 8.66799614985545E-02 
1550	 8.70484289517487E-02 
1551	 8.74753054184647E-02 
1552	 0.088082092352693 
1553	 8.87309926062737E-02 
1554	 8.94241114941867E-02 
1555	 8.99911390614228E-02 
1556	 9.03595793722957E-02 
1557	 0.090895295190695 
1558	 9.14231725624395E-02 
1559	 9.18315470406855E-02 
1560	 9.23520829212612E-02 
1561	 9.29197681620866E-02 
1562	 9.35082228377801E-02 
1563	 9.39975736035635E-02 
1564	 9.46715029266611E-02 
1565	 9.53903262659564E-02 
1566	 0.095686369376659 
1567	 0.096165625591492 
1568	 9.67786479796011E-02 
1569	 9.71248582802251E-02 
1570	 0.097579320292362 
1571	 9.81360962826312E-02 
1572	 9.87560057704791E-02 
1573	 9.93436543136239E-02 
1574	 9.98031833452365E-02 
1575	 0.100428002170125 
1576	 0.100923749910438 
1577	 0.101124547779551 
1578	 0.101546102663476 
1579	 0.102137562361151 
1580	 0.102667386672145 
1581	 0.103334574645969 
1582	 0.103950482752018 
1583	 0.104322386681096 
1584	 0.104762191963179 
1585	 0.105232289903984 
1586	 0.105655568573805 
1587	 0.106171080184525 
1588	 0.10664061476775 
1589	 0.107069404783135 
1590	 0.107519920769438 
1591	 0.107868418354807 
1592	 0.108164522767566 
1593	 0.108559240984446 
1594	 0.109061711518534 
1595	 0.109550880027569 
1596	 0.109972879771002 
1597	 0.110446196536469 
1598	 0.110960534842004 
1599	 0.111464324757614 
1600	 0.11187856955115 
1601	 0.112120205775957 
1602	 0.11240063363465 
1603	 0.11280480534459 
1604	 0.113416339519037 
1605	 0.114087041257404 
1606	 0.114486050474432 
1607	 0.114833319935789 
1608	 0.115185148969268 
1609	 0.11541544101069 
1610	 0.115808482652493 
1611	 0.116343303186338 
1612	 0.11668270183897 
1613	 0.116948202394591 
1614	 0.117276804615624 
1615	 0.117633986810417 
1616	 0.118143075987604 
1617	 0.118694142222315 
1618	 0.118977515293833 
1619	 0.119079447853313 
1620	 0.119099783640929 
1621	 0.11916250094064 
1622	 0.119694916721364 
1623	 0.120285089427322 
1624	 0.12053421664942 
1625	 0.120807802154527 
1626	 0.12110633911704 
1627	 0.121381325389353 
1628	 0.121666510637164 
1629	 0.122040241020926 
1630	 0.122249891658938 
1631	 0.122182848098162 
1632	 0.122511111633194 
1633	 0.122916002607362 
1634	 0.123060363752256 
1635	 0.123460642535865 
1636	 0.123806213451657 
1637	 0.123867917251187 
1638	 0.124137659786415 
1639	 0.124466558404064 
1640	 0.124454398405375 
1641	 0.124620012489788 
1642	 0.125071512362885 
1643	 0.125244722210882 
1644	 0.125543189293247 
1645	 0.125976069197999 
1646	 0.125932212099025 
1647	 0.125894920546806 
1648	 0.126084206155958 
1649	 0.126188633478688 
1650	 0.12642673983827 
1651	 0.126709617536487 
1652	 0.126799361895808 
1653	 0.126713151582597 
1654	 0.126589700139052 
1655	 0.126676307149354 
1656	 0.126772919636504 
1657	 0.126873328986986 
1658	 0.127052342670522 
1659	 0.126996177292638 
1660	 0.126841191592836 
1661	 0.126731005573977 
1662	 0.126590292456932 
1663	 0.12652191231735 
1664	 0.126411273866205 
1665	 0.126313994156433 
1666	 0.126403355815921 
1667	 0.126340985629822 
1668	 0.126263547740038 
1669	 0.126378010869505 
1670	 0.126142064232742 
1671	 0.125893641521966 
1672	 0.125804133069457 
1673	 0.12530400037428 
1674	 0.12497210947403 
1675	 0.124891735827419 
1676	 0.124764082712152 
1677	 0.125016099648653 
1678	 0.125259326907202 
1679	 0.125017972465 
1680	 0.124560744063519 
1681	 0.124204705395776 
1682	 0.123774727991361 
1683	 0.123419815383227 
1684	 0.12334657329307 
1685	 0.12307175645039 
1686	 0.122729101235174 
1687	 0.122499675286996 
1688	 0.122133845374257 
1689	 0.121702584546529 
1690	 0.121358940292837 
1691	 0.121182139769929 
1692	 0.120857353385772 
1693	 0.12046708785228 
1694	 0.120239222820908 
1695	 0.119845499127572 
1696	 0.1195791730361 
1697	 0.119455501045161 
1698	 0.119118656568119 
1699	 0.118732587206302 
1700	 0.118487103889888 
1701	 0.11850355205425 
1702	 0.118486158309828 
1703	 0.118329053661028 
1704	 0.118112676642863 
1705	 0.117767954176495 
1706	 0.117234468286671 
1707	 0.116848888084731 
1708	 0.116376158314812 
1709	 0.116058263614301 
1710	 0.115879947353102 
1711	 0.115760513454591 
1712	 0.115964290942733 
1713	 0.115657642255269 
1714	 0.114978693959649 
1715	 0.114708316042605 
1716	 0.114306233991844 
1717	 0.114078140340063 
1718	 0.114422688331989 
1719	 0.114210199991912 
1720	 0.113507021812127 
1721	 0.113225086776037 
1722	 0.113113022737364 
1723	 0.112800695284987 
1724	 0.112434066215571 
1725	 0.112157918855233 
1726	 0.111738375968636 
1727	 0.111460967158578 
1728	 0.11152717827708 
1729	 0.111498471105417 
1730	 0.111414811026736 
1731	 0.111217547746728 
1732	 0.110994443871789 
1733	 0.11067575296779 
1734	 0.1100871694146 
1735	 0.10974206676991 
1736	 0.109510443978026 
1737	 0.109457530513692 
1738	 0.10954733363156 
1739	 0.109569186670839 
1740	 0.109918748605442 
1741	 0.109624241788664 
1742	 0.108920103601432 
1743	 0.108587907677661 
1744	 0.10800626286346 
1745	 0.107635413088941 
1746	 0.107662398633886 
1747	 0.107229171340489 
1748	 0.106445458118847 
1749	 0.10611104864544 
1750	 0.105890286534542 
1751	 0.105869747612997 
1752	 0.105759272707653 
1753	 0.105542462379475 
1754	 0.105010604534115 
1755	 0.104370893966821 
1756	 0.103997370776834 
1757	 0.103592503408694 
1758	 0.10332814317632 
1759	 0.103502616336594 
1760	 0.103416739184134 
1761	 0.103227500461305 
1762	 0.103073320628915 
1763	 0.102252210963629 
1764	 0.101591305291289 
1765	 0.10142618217352 
1766	 0.101032365560179 
1767	 0.100911425306808 
1768	 0.101155686984673 
1769	 0.100858397822888 
1770	 0.100381863161482 
1771	 0.100237117566891 
1772	 0.100074430809439 
1773	 0.100270902035447 
1774	 0.100073731374862 
1775	 9.95008919971345E-02 
1776	 0.099044514802328 
1777	 9.78693615271977E-02 
1778	 9.76931573553305E-02 
1779	 9.86442221731989E-02 
1780	 9.89369966090435E-02 
1781	 9.98231993160049E-02 
1782	 9.99205966583111E-02 
1783	 9.87543448746724E-02 
1784	 9.83054247819873E-02 
1785	 9.80147275226407E-02 
1786	 9.76128107342226E-02 
1787	 9.72247521153764E-02 
1788	 9.71289690987601E-02 
1789	 9.71968734533447E-02 
1790	 9.70028209271783E-02 
1791	 9.69962015768623E-02 
1792	 9.71208923115244E-02 
1793	 9.69327925452494E-02 
1794	 9.69427554334406E-02 
1795	 0.097727497698399 
1796	 9.77458873513195E-02 
1797	 9.65504288269682E-02 
1798	 9.69685665574889E-02 
1799	 9.85155992229786E-02 
1800	 9.90519354572435E-02 
1801	 0.100727352881458 
1802	 0.100770052787773 
1803	 9.83391401316771E-02 
1804	 9.69717964484368E-02 
1805	 0.095034284652724 
1806	 9.39995543746865E-02 
1807	 9.33016809598141E-02 
1808	 9.33036728223385E-02 
1809	 9.46640183347174E-02 
1810	 0.100117755929289 
1811	 0.103382283072451 
1812	 0.101562470468343 
1813	 0.100284458833078 
1814	 9.66084415457682E-02 
1815	 9.10145137669129E-02 
1816	 9.90215328567821E-02 
1817	 0.111950631982049 
1818	 0.122694628496607 
1819	 0.127324838358981 
1820	 0.113064266818417 
1821	 0.108620230193331 
1822	 0.105640374047177 
1823	 0.100236181739189 
1824	 0.108120524178737 
1825	 0.111710703146316 
1826	 9.84871398668298E-02 
1827	 9.89582731824241E-02 
1828	 0.124802173065382 
1829	 0.130527334672815 
1830	 0.121874138165505 
1831	-5.88708197491568E-03 
1832	 9.87114796591889E-02 
1833	 0.161852445901237 
1834	 0.482179257405518 
1835	 0.808731500800409 
1836	 0.275417908504087 
1837	 0.222515698865404 
1838	 3.21685541418804E-02 
1839	 5.45673276530451E-02 
1840	 0.106765274308344 
1841	 0.38471457160344 
1842	 0.694926495636147 
1843	 0.704538122277584 
1844	 0.764638813287656 
1845	 5.16535144984735 
1846	-18.9735060528731 
1847	-0.178697678589089 
1848	-1.94403260026546 
1849	-0.630958641324233 
1850	-0.338264828169279 
1851	-0.532884021948967 
1852	-2.42301846384128 
1853	-2.70896766223788 
1854	-9.75471142239393 
1855	-6.23393323266198 
1856	-0.337098932718023 
1857	 0.419386598157438 
1858	 1.7280143987794 
1859	 1.31526462727867 
1860	 0.582568233456816 
1861	-7.87534663319387 
1862	-4.58468571236101 
1863	-0.170159388599986 
1864	 2.8363135506271E-03 
1865	-0.395746627600841 
1866	-0.321976651283965 
1867	 0.572068547637874 
1868	 1.34517237265885 
1869	 0.678081957824598 
1870	 0.944705221739001 
1871	 0.915762720177126 
1872	-0.777589159608218 
1873	-0.756284980027791 
1874	 0.471405833497961 
1875	 0.431688254962745 
1876	 0.175420671752313 
1877	 0.169674840671104 
1878	 0.153871241886334 
1879	-6.53861015784687E-02 
1880	-0.177605352129515 
1881	-4.66896595327375E-02 
1882	-0.041381086084463 
1883	-0.162863667353434 
1884	-0.159511238064847 
1885	-6.12889043229771E-02 
1886	 0.018414512128999 
1887	 1.02573392752273E-02 
1888	-8.65525895629859E-02 
1889	-0.130304465172542 
1890	-4.63896003789408E-02 
1891	-1.77227438017218E-02 
1892	 4.76253000189731E-02 
1893	 7.27967535962511E-02 
1894	 8.27595415813356E-02 
1895	 4.06671546779962E-02 
1896	-0.127945974465449 
1897	-9.33834903245162E-02 
1898	-1.13745357766751E-02 
1899	-0.143382614606113 
1900	-0.116263779532444 
1901	 0.341494378417464 
1902	 0.448511277904922 
1903	 0.170803843081656 
1904	 0.218229549197109 
1905	 0.336153518479706 
1906	 0.180964687308332 
1907	 0.121308069120358 
1908	 0.334997259294578 
1909	 0.334735120872251 
1910	 0.163056608182072 
1911	 0.166255524224532 
1912	 0.194404024940975 
1913	 0.174020013634818 
1914	 0.155398600883922 
1915	 0.158279586939985 
1916	 0.152166118659176 
1917	 0.136567041601879 
1918	 0.146213533250735 
1919	 0.16673762530721 
1920	 0.119225774744724 
1921	 4.54636693109583E-02 
1922	 2.14698880802521E-02 
1923	 4.49767055571612E-03 
1924	-0.005893092040751 
1925	-1.3500002235082E-03 
1926	 1.60156020917632E-02 
1927	 1.89273359638746E-02 
1928	 6.84006923618046E-03 
1929	 1.35825116719143E-02 
1930	 1.68300271122432E-02 
1931	 8.10434995928509E-03 
1932	 1.84148295988973E-02 
1933	 2.43263832179954E-02 
1934	 1.15669074082885E-02 
1935	 9.7496045178953E-03 
1936	 9.72946770140103E-03 
1937	 1.45270673920321E-02 
1938	 1.59382111817844E-02 
1939	 1.93239318979269E-02 
1940	 1.94325331229992E-02 
1941	 1.32040924684958E-02 
1942	 7.09677518268838E-03 
1943	 7.79167922730274E-03 
1944	 1.39011489534574E-02 
1945	 1.29743427706542E-02 
1946	 1.26278237431029E-02 
1947	 1.04801509086171E-02 
1948	 1.32352651684992E-02 
1949	 0.014699537258712 
1950	 0.017249190621261 
1951	 2.13192760208879E-02 
1952	 2.05944070142759E-02 
1953	 1.81813187934145E-02 
1954	 1.78894415959431E-02 
1955	 1.94898599295597E-02 
1956	 2.13057188358501E-02 
1957	 0.021158286107502 
1958	 2.08638181033273E-02 
1959	 1.98497618942351E-02 
1960	 1.96017266453384E-02 
1961	 2.06376423758168E-02 
1962	 2.13720420978926E-02 
1963	 2.27434138472807E-02 
1964	 2.38710466401112E-02 
1965	 2.12082712704143E-02 
1966	 1.92809805921648E-02 
1967	 0.021051828357661 
1968	 2.18796801349366E-02 
1969	 2.16345822419976E-02 
1970	 2.15892421511153E-02 
1971	 2.25872539763247E-02 
1972	 2.18611912699838E-02 
1973	 2.07587432762058E-02 
1974	 2.16712242453736E-02 
1975	 2.22422943546601E-02 
1976	 2.20270015565642E-02 
1977	 2.22530559116113E-02 
1978	 2.24583558823938E-02 
1979	 2.23135598980649E-02 
1980	 0.022209974706094 
1981	 2.22152791502374E-02 
1982	 2.23412423655373E-02 
1983	 0.022598038864056 
1984	 2.27756990558354E-02 
1985	 2.28480091391089E-02 
1986	 2.31004483468013E-02 
1987	 2.28199198707256E-02 
1988	 2.26914158769912E-02 
1989	 2.26432656033457E-02 
1990	 2.25247696304991E-02 
1991	 2.32837448836445E-02 
1992	 2.39530558995142E-02 
1993	 2.39365034843543E-02 
1994	 2.33714557284158E-02 
1995	 2.35405453558711E-02 
1996	 2.33112785392612E-02 
1997	 2.30558006097124E-02 
1998	 2.46439149453117E-02 
1999	 0.026505761808626 
2000	 2.64692935312553E-02 
2001	 2.58338635551727E-02 
2002	 2.43554045859584E-02 
2003	 2.29351822535811E-02 
2004	 2.29590834895573E-02 
2005	 2.35680672396882E-02 
2006	 0.024428896744838 
2007	 2.76238472710282E-02 
2008	 2.83090031251846E-02 
2009	 2.74703010537111E-02 
2010	 2.68373324512419E-02 
2011	 2.52917485287262E-02 
2012	 2.57432525476906E-02 
2013	 2.87995588580301E-02 
2014	 2.82723002118074E-02 
2015	 0.02781912049564 
2016	 2.89123954906826E-02 
2017	 2.76340587874671E-02 
2018	 0.027030241566397 
2019	 2.69255130090524E-02 
2020	 2.70858606693614E-02 
2021	 2.71278213163525E-02 
2022	 2.71858105069767E-02 
2023	 2.77351796109719E-02 
2024	 2.78543928368561E-02 
2025	 2.75004498212162E-02 
2026	 2.72108433941832E-02 
2027	 2.77851064497462E-02 
2028	 0.028695250212539 
2029	 2.93801897696874E-02 
2030	 2.97069173639653E-02 
2031	 2.97743122242638E-02 
2032	 3.00431670248899E-02 
2033	 3.04985609648455E-02 
2034	 3.06255403815322E-02 
2035	 3.06327522591422E-02 
2036	 3.09026230401224E-02 
2037	 3.06775306702022E-02 
2038	 2.99705310722862E-02 
2039	 2.97739174940029E-02 
2040	 0.030312489566774 
2041	 3.04607656662922E-02 
2042	 3.00998987994375E-02 
2043	 0.030189169858293 
2044	 3.04370922584491E-02 
2045	 3.06221093962067E-02 
2046	 3.11185818677332E-02 
2047	 3.16765139592501E-02 
2048	 0.032280987363344 
2049	 3.23331165202242E-02 
2050	 3.20162259766632E-02 
2051	 3.24070231845705E-02 
2052	 3.17103353055054E-02 
2053	 3.11395285497201E-02 
2054	 3.20592808303127E-02 
2055	 3.27613531551376E-02 
2056	 3.20978762222078E-02 
2057	 0.031738764376022 
2058	 3.21504566260076E-02 
2059	 3.20801716512047E-02 
2060	 3.22361557350173E-02 
2061	 3.45345590151734E-02 
2062	 3.49275995632807E-02 
2063	 3.29918672131002E-02 
2064	 3.28903104683036E-02 
2065	 3.37400677407351E-02 
2066	 3.37295525464073E-02 
2067	 3.36507277054007E-02 
2068	 3.42002458627962E-02 
2069	 3.34764347373536E-02 
2070	 3.30836768613475E-02 
2071	 0.03414157227655 
2072	 3.44127200866248E-02 
2073	 3.44384076130407E-02 
2074	 3.48006544177712E-02 
2075	 3.51085052148571E-02 
2076	 0.035191821031376 
2077	 3.52944413617318E-02 
2078	 3.54637706773039E-02 
2079	 3.58220305693014E-02 
2080	 3.63542560618676E-02 
2081	 0.036329909426519 
2082	 3.59170723273946E-02 
2083	 3.56240334528499E-02 
2084	 3.56102698617554E-02 
2085	 3.54496658203866E-02 
2086	 3.58721287064941E-02 
2087	 3.71881172718069E-02 
2088	 3.78510657974809E-02 
2089	 0.037667845495437 
2090	 3.75671564230372E-02 
2091	 0.037218103812646 
2092	 3.72034956453149E-02 
2093	 3.69877189628506E-02 
2094	 3.71737840537561E-02 
2095	 0.038092576989331 
2096	 3.83624766514029E-02 
2097	 0.038389648122363 
2098	 3.81822491029161E-02 
2099	 3.85344589821862E-02 
2100	 3.87146696948579E-02 
2101	 3.87811771550942E-02 
2102	 3.89554303587952E-02 
2103	 3.86832028484196E-02 
2104	 0.038639531669706 
2105	 3.89558072873449E-02 
2106	 3.93222848699513E-02 
2107	 3.96076418675007E-02 
2108	 4.02269127083191E-02 
2109	 4.04804393207814E-02 
2110	 4.00190728583683E-02 
2111	 3.98774322683295E-02 
2112	 4.00997814346417E-02 
2113	 4.01278979342657E-02 
2114	 3.96812303739271E-02 
2115	 4.02904100652737E-02 
2116	 4.13549488780756E-02 
2117	 4.04455230821395E-02 
2118	 0.040197709917415 
2119	 4.14318143669353E-02 
2120	 4.19693734596731E-02 
2121	 4.24019094071141E-02 
2122	 4.28692188061204E-02 
2123	 4.33335214792202E-02 
2124	 4.32970561627744E-02 
2125	 0.04268289326261 
2126	 4.28089204443437E-02 
2127	 4.30040353756832E-02 
2128	 4.30617070697024E-02 
2129	 4.35949077523902E-02 
2130	 4.38582446614837E-02 
2131	 4.35285691515586E-02 
2132	 4.35130656915093E-02 
2133	 4.35121228634368E-02 
2134	 4.44756888888565E-02 
2135	 4.46008006082038E-02 
2136	 4.42163092144922E-02 
2137	 4.41836293825618E-02 
2138	 4.48583361138702E-02 
2139	 4.58051542443291E-02 
2140	 4.60436475790177E-02 
2141	 4.64671062248708E-02 
2142	 4.65281043615838E-02 
2143	 4.63149365033008E-02 
2144	 4.55847206016596E-02 
2145	 4.56502853005066E-02 
2146	 4.60344098880613E-02 
2147	 4.59972510643273E-02 
2148	 4.60843529994111E-02 
2149	 4.62920441429625E-02 
2150	 4.58181541465346E-02 
2151	 4.59008264815998E-02 
2152	 4.65159224545565E-02 
2153	 4.77545195053144E-02 
2154	 4.76405847954549E-02 
2155	 4.68655633739458E-02 
2156	 4.66704475268822E-02 
2157	 4.65579288897447E-02 
2158	 4.65471974102181E-02 
2159	 4.74862850242758E-02 
2160	 0.048655784378275 
2161	 4.84892658660209E-02 
2162	 4.78114979887681E-02 
2163	 4.74662443382258E-02 
2164	 4.75505385593341E-02 
2165	 4.72879706792992E-02 
2166	 4.74017964541785E-02 
2167	 4.84574187666617E-02 
2168	 0.049092587212724 
2169	 0.049598180046858 
2170	 4.94249855801547E-02 
2171	 4.88899261347568E-02 
2172	 4.90302123929507E-02 
2173	 4.91383352365898E-02 
2174	 4.82786060089751E-02 
2175	 4.86753819382775E-02 
2176	 4.97868764473076E-02 
2177	 4.95450393419237E-02 
2178	 0.048984021094561 
2179	 0.049328900600436 
2180	 4.92472998492935E-02 
2181	 4.91660188690438E-02 
2182	 5.04670004966523E-02 
2183	 5.15350233035198E-02 
2184	 5.19185876103898E-02 
2185	 5.19386514070186E-02 
2186	 5.12979990290354E-02 
2187	 5.10469927540564E-02 
2188	 5.02687152123972E-02 
2189	 0.050375977434842 
2190	 5.14903886211411E-02 
2191	 5.17544743015934E-02 
2192	 5.21114712647361E-02 
2193	 5.19233516835667E-02 
2194	 5.08339502440038E-02 
2195	 5.03904322056041E-02 
2196	 4.98481098173615E-02 
2197	 4.96161106353396E-02 
2198	 5.00316339303718E-02 
2199	 5.11203015269647E-02 
2200	 5.27424922461982E-02 
2201	 5.29585807728911E-02 
2202	 5.29854263725369E-02 
2203	 5.32392021186255E-02 
2204	 5.29571484932645E-02 
2205	 5.30957447042072E-02 
2206	 5.30449121730772E-02 
2207	 5.22108479244118E-02 
2208	 5.11128030476899E-02 
2209	 0.051275072555254 
2210	 5.15822731773692E-02 
2211	 5.26299473908594E-02 
2212	 5.30566510064431E-02 
2213	 5.37581560330268E-02 
2214	 5.37850775294735E-02 
2215	 5.33000432703943E-02 
2216	 5.30315605987753E-02 
2217	 5.24882421360979E-02 
2218	 5.21987198229282E-02 
2219	 5.19867815315343E-02 
2220	 5.19017382993609E-02 
2221	 5.22594946677109E-02 
2222	 5.17436653461733E-02 
2223	 5.11274035070352E-02 
2224	 5.10083978617116E-02 
2225	 5.17665809271884E-02 
2226	 5.21921165348665E-02 
2227	 0.052036396661277 
2228	 5.22511002064963E-02 
2229	 5.18716557353855E-02 
2230	 5.08152224964537E-02 
2231	 4.99317842313942E-02 
2232	 0.049677382796384 
2233	 4.95062397308004E-02 
2234	 4.91659848657295E-02 
2235	 5.00528601971306E-02 
2236	 5.13257540008059E-02 
2237	 5.17509559951625E-02 
2238	 5.14422199990359E-02 
2239	 0.051319052825711 
2240	 5.10380743050552E-02 
2241	 5.04959025479792E-02 
2242	 4.96837875271986E-02 
2243	 4.93526949924531E-02 
2244	 4.89525857984546E-02 
2245	 4.86761185763918E-02 
2246	 4.88261548564587E-02 
2247	 4.83726939030677E-02 
2248	 4.78640246125099E-02 
2249	 4.72718653877395E-02 
2250	 0.046250091828056 
2251	 4.48110148302675E-02 
2252	 4.57483601383055E-02 
2253	 4.68377458840314E-02 
2254	 4.61022463235791E-02 
2255	 4.64711672567016E-02 
2256	 4.61069570428266E-02 
2257	 4.45776340919046E-02 
2258	 4.65655258895322E-02 
2259	 4.88760409327229E-02 
2260	 4.82057701455182E-02 
2261	 0.047047349322546 
2262	 4.47296177445254E-02 
2263	 4.25550527365327E-02 
2264	 4.22840593724289E-02 
2265	 4.21951187870993E-02 
2266	 4.20800846643948E-02 
2267	 4.17747301616783E-02 
2268	 4.23169557717601E-02 
2269	 4.26643273078658E-02 
2270	 4.19889938853643E-02 
2271	 4.29919972978962E-02 
2272	 4.30533015982567E-02 
2273	 4.19764162700574E-02 
2274	 4.15405883507583E-02 
2275	 4.17695253534048E-02 
2276	 4.11611409283916E-02 
2277	 3.97380780747806E-02 
2278	 0.039684855909143 
2279	 0.04095314996397 
2280	 4.03481060996296E-02 
2281	 0.038031741684947 
2282	 0.038168957390927 
2283	 3.94950608279709E-02 
2284	 3.88697082507579E-02 
2285	 3.90282634496393E-02 
2286	 3.95411589695516E-02 
2287	 3.94471688142922E-02 
2288	 3.64999367929439E-02 
2289	 3.59539732950004E-02 
2290	 3.73049776731047E-02 
2291	 3.71654625091571E-02 
2292	 3.67392579177411E-02 
2293	 3.70544635328681E-02 
2294	 3.70228339045848E-02 
2295	 3.48129993836015E-02 
2296	 3.36403976810866E-02 
2297	 3.46270911329993E-02 
2298	 3.41937769276606E-02 
2299	 3.42501962308992E-02 
2300	 0.035646532318928 
2301	 3.63291362814772E-02 
2302	 0.036066590163371 
2303	 3.49092289158125E-02 
2304	 3.39196446278719E-02 
2305	 3.31334743429324E-02 
2306	 3.23555717856178E-02 
2307	 3.47457023143768E-02 
2308	 3.63832648190496E-02 
2309	 3.36748462733223E-02 
2310	 3.31146721228768E-02 
2311	 3.17783468945428E-02 
2312	 2.78670478903124E-02 
2313	 2.93100332465713E-02 
2314	 3.11806874427414E-02 
2315	 2.91511800347447E-02 
2316	 3.13834901801915E-02 
2317	 3.47912842167823E-02 
2318	 3.29212468707811E-02 
2319	 3.29105650891769E-02 
2320	 3.58278565725171E-02 
2321	 3.58749005634693E-02 
2322	 3.26317583251864E-02 
2323	 3.27912073810731E-02 
2324	 3.45303029250199E-02 
2325	 0.03332335882421 
2326	 0.031284777979475 
2327	 3.16123140178349E-02 
2328	 3.15963316274561E-02 
2329	 3.06766796107674E-02 
2330	 3.12380907904685E-02 
2331	 3.17176327711311E-02 
2332	 3.09607981451354E-02 
2333	 3.10739434657691E-02 
2334	 3.31222749027031E-02 
2335	 3.22097166321502E-02 
2336	 2.78977302555843E-02 
2337	 2.69450465408399E-02 
2338	 0.026989136760067 
2339	 2.71117345852566E-02 
2340	 2.93894151572398E-02 
2341	 3.06497377056494E-02 
2342	 2.95031768098745E-02 
2343	 2.92550802508126E-02 
2344	 2.88482476959581E-02 
2345	 2.60739739782526E-02 
2346	 2.48168121362706E-02 
2347	 2.61860973978563E-02 
2348	 2.72403800567808E-02 
2349	 2.76380990712131E-02 
2350	 2.87662873673158E-02 
2351	 2.99916541978058E-02 
2352	 3.06571735241195E-02 
2353	 3.04103746437908E-02 
2354	 0.025623702628134 
2355	 0.020180619849004 
2356	 2.01309549274965E-02 
2357	 2.31293811004379E-02 
2358	 2.37197812464047E-02 
2359	 2.11490203231992E-02 
2360	 2.06264552541065E-02 
2361	 0.020417489040583 
2362	 2.17052258236515E-02 
2363	 2.79028512396135E-02 
2364	 2.78664325893331E-02 
2365	 2.16431820102982E-02 
2366	 2.03696101866313E-02 
2367	 2.33911941330538E-02 
2368	 2.68033968626508E-02 
2369	 2.80017979288756E-02 
2370	 2.80512272309703E-02 
2371	 2.70580299479072E-02 
2372	 2.38235580931159E-02 
2373	 2.75433389615905E-02 
2374	 0.035655845027016 
2375	 3.19016920704889E-02 
2376	 2.58840467683427E-02 
2377	 2.81461675310434E-02 
2378	 2.38283111660261E-02 
2379	 2.23568839079333E-02 
2380	 3.25535416250406E-02 
2381	 3.06168796106528E-02 
2382	 2.52845805336677E-02 
2383	 0.027771604831258 
2384	 0.023571343795075 
2385	 2.22875549756547E-02 
2386	 2.67671624656321E-02 
2387	 0.024665916357292 
2388	 2.27792161150955E-02 
2389	 2.31975411759194E-02 
2390	 2.19116088585333E-02 
2391	 2.45594511276985E-02 
2392	 2.99277708927423E-02 
2393	 3.09006831392359E-02 
2394	 3.18093628647911E-02 
2395	 3.35466688201675E-02 
2396	 3.00661444240218E-02 
2397	 2.95289935633254E-02 
2398	 3.01336861200868E-02 
2399	 2.35729365031926E-02 
2400	 2.31062269958678E-02 
2401	 2.51517422523879E-02 
2402	 2.32468647905169E-02 
2403	 2.83217110054423E-02 
2404	 3.25526145155189E-02 
2405	 2.89039244615282E-02 
2406	 2.22166980974634E-02 
2407	 0.017498280900212 
2408	 1.51516168810992E-02 
2409	 1.60192316942811E-02 
2410	 2.14272389492781E-02 
2411	 2.15186491192182E-02 
2412	 1.94313313597607E-02 
2413	 2.22607516339647E-02 
2414	 2.97946782096052E-02 
2415	 4.18560720839912E-02 
2416	 4.34548311750398E-02 
2417	 3.08131707456519E-02 
2418	 1.11578957745533E-02 
2419	-6.28848097226759E-03 
2420	-1.25016355083182E-02 
2421	-1.14590019748716E-02 
2422	-3.49169876035719E-03 
2423	 6.61989877609257E-03 
2424	 1.33752974407718E-02 
2425	 1.86187348591904E-02 
2426	 2.13012776284488E-02 
2427	 1.26767078581568E-02 
2428	 4.92873939280869E-03 
2429	 1.01331430977109E-02 
2430	 1.10400370650677E-02 
2431	 1.42828072879836E-02 
2432	 1.63323120201306E-02 
2433	 3.7898676288442E-03 
2434	-2.81707387591155E-03 
2435	-1.04581828523816E-04 
2436	-3.24114743805575E-03 
2437	 4.02509028314664E-03 
2438	 1.79072273105688E-02 
2439	 1.59893023206681E-02 
2440	 2.81520553719512E-02 
2441	 3.85684064418054E-02 
2442	 1.87463295556659E-02 
2443	 1.87243007760333E-02 
2444	 3.54538957900433E-02 
2445	 2.68144696137977E-02 
2446	 2.48496676842498E-02 
2447	 3.28682414609812E-02 
2448	 7.80243335389582E-03 
2449	 4.22876565534291E-03 
2450	 2.76090601280723E-02 
2451	 2.20984529589811E-02 
2452	 1.74763725589967E-02 
2453	 8.16137791690564E-03 
2454	-1.52888779321702E-02 
2455	-1.76666661816896E-02 
2456	-9.17045283198452E-03 
2457	-3.44619402012477E-03 
2458	 1.67701147239867E-02 
2459	 2.53393130047153E-02 
2460	 4.20510933812512E-03 
2461	 3.69789088507046E-03 
2462	-1.50613293646392E-03 
2463	-9.72086512807791E-03 
2464	 1.20572519405274E-02 
2465	 7.29735699837303E-03 
2466	-8.21051710085387E-03 
2467	 4.41967586111622E-03 
2468	 2.05089470518274E-02 
2469	 1.47606058955629E-02 
2470	-1.15550768555795E-02 
2471	-1.93699636069411E-02 
2472	-3.36277238214872E-02 
2473	-2.67112877483692E-02 
2474	 4.06881343991904E-02 
2475	 1.32935695130143E-02 
2476	-0.106282144735882 
2477	-0.106983630333448 
2478	-7.36999941728221E-02 
2479	 3.69417222306853E-02 
2480	 6.60024626946709E-02 
2481	-0.034820333128659 
2482	-0.144264784362858 
2483	-0.138985722719842 
2484	 4.71022737957561E-02 
2485	 0.157487432240174 
2486	 0.160783336846323 
2487	 1.47375236547727E-02 
2488	-0.277966999964418 
2489	-0.457836600175945 
2490	-0.330218423209179 
2491	-0.193791461393281 
2492	-9.04996078289897E-02 
2493	-0.169167845748499 
2494	-0.27503764047896 
2495	-0.188458977895527 
2496	-3.39479711815184E-02 
2497	 3.23576947599985E-02 
2498	 4.01877912927282E-03 
2499	-0.191150556069639 
2500	-0.434522329221798 
