Wavelength	09/27/123 at 12:16:49
350	 9.44418408183941E-03 
351	 9.13751392512499E-03 
352	 9.27990362552343E-03 
353	 9.48146961014371E-03 
354	 9.20317034681545E-03 
355	 9.55199427599097E-03 
356	 9.94864010320107E-03 
357	 9.95912334179138E-03 
358	 9.75607502378897E-03 
359	 9.67527916735668E-03 
360	 9.71675738196936E-03 
361	 9.72305646355174E-03 
362	 9.71477965806428E-03 
363	 9.73745522698647E-03 
364	 9.7935405770824E-03 
365	 9.79601015778077E-03 
366	 9.71473389646066E-03 
367	 9.68325521679409E-03 
368	 0.009880208318984 
369	 1.00892076208228E-02 
370	 1.00761307622391E-02 
371	 9.8125678962366E-03 
372	 9.69738401852299E-03 
373	 9.6934717362474E-03 
374	 9.79781059161438E-03 
375	 9.97907644721392E-03 
376	 9.95925778071009E-03 
377	 0.010025509432315 
378	 1.02795789157581E-02 
379	 1.02383281051848E-02 
380	 1.01780526713487E-02 
381	 1.01985954986603E-02 
382	 1.03143606181952E-02 
383	 1.04425671611818E-02 
384	 1.05821775843233E-02 
385	 1.06393777831902E-02 
386	 1.02408943618302E-02 
387	 1.00664541451801E-02 
388	 1.02008718064014E-02 
389	 0.010427726934356 
390	 1.05609594470045E-02 
391	 1.06498986958727E-02 
392	 1.07246249774636E-02 
393	 1.07003134856169E-02 
394	 1.08272432714582E-02 
395	 1.09295167621239E-02 
396	 1.07456101643078E-02 
397	 1.07334647756027E-02 
398	 1.07284598546657E-02 
399	 1.06959659432707E-02 
400	 1.09451835771397E-02 
401	 1.11246715338611E-02 
402	 1.11348830844077E-02 
403	 1.10148890701264E-02 
404	 1.11351785080029E-02 
405	 0.011240322721086 
406	 1.12095947538482E-02 
407	 1.12540743563253E-02 
408	 1.14345470131869E-02 
409	 1.16219320107169E-02 
410	 0.011648517754398 
411	 1.17032974936851E-02 
412	 1.18043762213497E-02 
413	 1.19358243658223E-02 
414	 0.012052895396777 
415	 1.21997552382564E-02 
416	 1.23301185077902E-02 
417	 0.012376621372917 
418	 1.23616990041607E-02 
419	 1.23925163620396E-02 
420	 1.25189623428204E-02 
421	 1.27026397925615E-02 
422	 1.28553937760358E-02 
423	 1.29459269336243E-02 
424	 1.29925571050268E-02 
425	 1.31627753996049E-02 
426	 1.33024244410961E-02 
427	 1.33594945900906E-02 
428	 0.01348021045958 
429	 1.35876651192814E-02 
430	 1.36814875261401E-02 
431	 1.37760509141416E-02 
432	 1.38219355950384E-02 
433	 1.39049817732258E-02 
434	 1.40195453961944E-02 
435	 1.40218425718912E-02 
436	 1.41288171779346E-02 
437	 1.42875952015485E-02 
438	 1.43861362954676E-02 
439	 1.44786370655513E-02 
440	 1.45827103548989E-02 
441	 1.46669069825519E-02 
442	 1.46328256418363E-02 
443	 1.46854206841564E-02 
444	 1.48000588335206E-02 
445	 1.49012454869807E-02 
446	 1.50368454097401E-02 
447	 1.51760640716975E-02 
448	 1.53040403081222E-02 
449	 1.54326892527099E-02 
450	 1.55091398424138E-02 
451	 1.55589502006826E-02 
452	 1.56218995054566E-02 
453	 1.56818766831301E-02 
454	 1.57564430165123E-02 
455	 1.58293660504386E-02 
456	 1.58441762152699E-02 
457	 0.015939487118171 
458	 1.60706815192091E-02 
459	 1.61556679743961E-02 
460	 1.61818200632623E-02 
461	 1.62165672447515E-02 
462	 0.016279330011486 
463	 1.63346632036039E-02 
464	 1.64032276527414E-02 
465	 1.64676839935393E-02 
466	 1.65133649529315E-02 
467	 1.65741842511736E-02 
468	 1.66287143237481E-02 
469	 0.016672837722933 
470	 1.67199967723563E-02 
471	 1.67812476113183E-02 
472	 1.68627643651495E-02 
473	 1.69554695961013E-02 
474	 1.70040732728611E-02 
475	 1.70912035579566E-02 
476	 1.71760456952151E-02 
477	 1.71341809855106E-02 
478	 1.72139138657122E-02 
479	 1.73194702444731E-02 
480	 1.73531212885434E-02 
481	 1.74130181299017E-02 
482	 1.74613396290123E-02 
483	 0.01753292479567 
484	 0.017698316689612 
485	 1.77663244572014E-02 
486	 1.78149384398849E-02 
487	 1.79131518378029E-02 
488	 1.79684648088788E-02 
489	 0.018091819124798 
490	 1.82579376099293E-02 
491	 1.83759684541697E-02 
492	 1.84935664025293E-02 
493	 1.86166643740939E-02 
494	 1.87512098501238E-02 
495	 1.89088314780982E-02 
496	 1.91208955054803E-02 
497	 1.93649294214956E-02 
498	 1.96016393889783E-02 
499	 1.99079220885107E-02 
500	 2.02268998624243E-02 
501	 2.05335843713026E-02 
502	 2.08910433420892E-02 
503	 2.12398010998211E-02 
504	 2.16053141940085E-02 
505	 2.20502323578474E-02 
506	 2.26489923040899E-02 
507	 2.32617781303299E-02 
508	 2.38285469558392E-02 
509	 2.44237008877304E-02 
510	 2.50771807572077E-02 
511	 2.58139591992092E-02 
512	 2.66377965230518E-02 
513	 2.74635331451041E-02 
514	 2.83308781834077E-02 
515	 2.92775245632645E-02 
516	 3.03243020234861E-02 
517	 3.14007024752739E-02 
518	 3.25429580946404E-02 
519	 0.033748573423897 
520	 3.47994234110865E-02 
521	 3.58895040425937E-02 
522	 3.70632107483588E-02 
523	 3.82082478927865E-02 
524	 3.93554873591183E-02 
525	 4.04426306167847E-02 
526	 4.14416283560364E-02 
527	 4.24940906178893E-02 
528	 4.35195787345284E-02 
529	 4.44525670799314E-02 
530	 4.52742514196825E-02 
531	 4.61196132321722E-02 
532	 4.69422424987431E-02 
533	 4.76781752231573E-02 
534	 4.83318049910462E-02 
535	 4.89598741836606E-02 
536	 4.95415189336233E-02 
537	 5.00212730999468E-02 
538	 5.05017228923101E-02 
539	 5.10099009506449E-02 
540	 0.05152287439756 
541	 5.19317736880673E-02 
542	 0.052353042073073 
543	 5.27864609722205E-02 
544	 0.053186460626111 
545	 5.35328865688083E-02 
546	 5.38643896299075E-02 
547	 5.41898398667039E-02 
548	 5.44570709428343E-02 
549	 5.47082796031384E-02 
550	 5.49684666300263E-02 
551	 5.52330603129366E-02 
552	 5.53746997181268E-02 
553	 5.54449871410565E-02 
554	 5.54534605418643E-02 
555	 5.53443494860077E-02 
556	 5.52448893860178E-02 
557	 5.51062211817163E-02 
558	 5.48633716667583E-02 
559	 5.45963688625028E-02 
560	 5.42941723969358E-02 
561	 5.39765805672386E-02 
562	 5.36854777732502E-02 
563	 5.33319276329728E-02 
564	 5.29099708340575E-02 
565	 5.24402159152129E-02 
566	 5.19593746790007E-02 
567	 5.14768352164572E-02 
568	 5.09727065136962E-02 
569	 5.04067588526181E-02 
570	 4.97993089551263E-02 
571	 4.92144665730728E-02 
572	 4.86772410139103E-02 
573	 4.81057949447772E-02 
574	 4.75502824186208E-02 
575	 4.70208136898806E-02 
576	 4.65248990974236E-02 
577	 4.61027764656305E-02 
578	 0.045713735051166 
579	 4.53307019966464E-02 
580	 4.49557560813176E-02 
581	 4.46075956446349E-02 
582	 4.42975647491536E-02 
583	 4.40254640793232E-02 
584	 4.37497042417842E-02 
585	 4.34676804059648E-02 
586	 4.32158246239713E-02 
587	 0.043064332961406 
588	 4.28742046106081E-02 
589	 4.26447562444535E-02 
590	 4.24234303867767E-02 
591	 4.22373412323446E-02 
592	 4.20741109182045E-02 
593	 4.19442373989242E-02 
594	 4.18751775748242E-02 
595	 4.17764905721184E-02 
596	 4.16441653446652E-02 
597	 4.15055225686341E-02 
598	 0.041427532290411 
599	 4.13349767030484E-02 
600	 4.12237791020593E-02 
601	 4.11193167970254E-02 
602	 4.10035781566091E-02 
603	 4.08344533650499E-02 
604	 4.06116875705489E-02 
605	 4.03966863367519E-02 
606	 0.040147272390518 
607	 0.039888968823502 
608	 3.96498419308613E-02 
609	 3.93937108217165E-02 
610	 3.90822627881641E-02 
611	 3.87286210934276E-02 
612	 3.83883855272322E-02 
613	 3.80020987191596E-02 
614	 3.76449259307683E-02 
615	 3.73701862174762E-02 
616	 3.70903019096797E-02 
617	 3.68108383675208E-02 
618	 3.65571514502107E-02 
619	 3.63514253834876E-02 
620	 3.61527625166993E-02 
621	 3.59898240979988E-02 
622	 3.58842040974006E-02 
623	 3.58362914731409E-02 
624	 3.57851752692601E-02 
625	 0.035728139886577 
626	 3.56812748909057E-02 
627	 3.56103256317161E-02 
628	 3.55787488194641E-02 
629	 3.55967863928424E-02 
630	 3.56040116157652E-02 
631	 3.55830777550099E-02 
632	 3.54868048775165E-02 
633	 3.53125235470556E-02 
634	 3.52134231864452E-02 
635	 3.51083836515397E-02 
636	 3.49078087582831E-02 
637	 3.45439200352406E-02 
638	 3.42254597280543E-02 
639	 3.39037524312668E-02 
640	 0.033525829524054 
641	 3.31101823847485E-02 
642	 3.27182509862019E-02 
643	 3.23222503727035E-02 
644	 3.18783194883523E-02 
645	 3.14936245958464E-02 
646	 3.11387122000317E-02 
647	 3.08083046220509E-02 
648	 3.05301195746144E-02 
649	 3.02542767674223E-02 
650	 0.030026303790571 
651	 2.98684651550481E-02 
652	 2.96649386326431E-02 
653	 2.94590849062213E-02 
654	 0.029273272265981 
655	 2.91025995568705E-02 
656	 2.89056124449651E-02 
657	 2.85939138029045E-02 
658	 2.82023733217766E-02 
659	 2.79181618767845E-02 
660	 2.75496009015404E-02 
661	 2.71808263952328E-02 
662	 2.69204548372165E-02 
663	 2.65544924788053E-02 
664	 2.62141663334287E-02 
665	 2.59403279125981E-02 
666	 0.02565740737691 
667	 2.54389876475014E-02 
668	 2.52639038776114E-02 
669	 0.025120635751817 
670	 0.025090933608967 
671	 2.50799614043463E-02 
672	 2.50379124088671E-02 
673	 2.49636541626901E-02 
674	 0.025021164048623 
675	 2.51235721400906E-02 
676	 2.52072117602442E-02 
677	 2.52811288519933E-02 
678	 2.54356582722886E-02 
679	 2.56519088648044E-02 
680	 2.58945768017528E-02 
681	 2.61903068042521E-02 
682	 2.65903974183673E-02 
683	 2.71249511520318E-02 
684	 2.78033118568906E-02 
685	 2.86517405358509E-02 
686	 0.0298414769541 
687	 3.14246243603655E-02 
688	 3.28454097805879E-02 
689	 3.44524878753616E-02 
690	 3.63103489580992E-02 
691	 3.83712019589962E-02 
692	 4.08530990444457E-02 
693	 4.36884032857548E-02 
694	 4.68296348517699E-02 
695	 5.01963462691376E-02 
696	 0.053724475679565 
697	 5.74278316739763E-02 
698	 6.14129618100891E-02 
699	 6.56492064192605E-02 
700	 7.00052961625497E-02 
701	 7.44337584301671E-02 
702	 7.89254020247656E-02 
703	 8.33834673073341E-02 
704	 8.78816686635828E-02 
705	 9.24750980146046E-02 
706	 0.097055611346213 
707	 0.101713105873657 
708	 0.106436164277177 
709	 0.111197714048252 
710	 0.115952771858819 
711	 0.120742167682407 
712	 0.125609847163122 
713	 0.130546468079707 
714	 0.135491438111225 
715	 0.140320818179644 
716	 0.145194715971416 
717	 0.150342148418617 
718	 0.155664912109593 
719	 0.161025626861782 
720	 0.166140861803254 
721	 0.170865547245761 
722	 0.17539169993426 
723	 0.180120881349942 
724	 0.184856147306743 
725	 0.189468631379378 
726	 0.193905294169343 
727	 0.198251100326322 
728	 0.202417635592082 
729	 0.206364852029473 
730	 0.210115587451867 
731	 0.213699703828034 
732	 0.217158124314773 
733	 0.220340089280834 
734	 0.223338014460471 
735	 0.226301177353106 
736	 0.229109906519955 
737	 0.231724816207037 
738	 0.234165649009275 
739	 0.236489651234393 
740	 0.238680690160941 
741	 0.240734736675058 
742	 0.242648845875279 
743	 0.244419122193029 
744	 0.246062088233476 
745	 0.24758930529561 
746	 0.248995103103055 
747	 0.250296321447522 
748	 0.251537911329619 
749	 0.25270591810393 
750	 0.253713417507127 
751	 0.254732968863562 
752	 0.255695589038295 
753	 0.256525367714348 
754	 0.257288626621862 
755	 0.258084823784728 
756	 0.258849937954894 
757	 0.259556132118229 
758	 0.260966467477058 
759	 0.263209814438911 
760	 0.265672811501102 
761	 0.265441888759298 
762	 0.265283712939769 
763	 0.265347289057809 
764	 0.265229618336826 
765	 0.264924650387506 
766	 0.26479267190009 
767	 0.264902634774675 
768	 0.265215155481857 
769	 0.265508845512765 
770	 0.265860007324476 
771	 0.266240721878448 
772	 0.26654934198247 
773	 0.266909148723665 
774	 0.267282585957483 
775	 0.267637082883096 
776	 0.267999749525773 
777	 0.268297980163899 
778	 0.26859441016769 
779	 0.268964560631203 
780	 0.269392493693627 
781	 0.269732735504736 
782	 0.270025685249999 
783	 0.270403499175819 
784	 0.270687885959708 
785	 0.270988521810369 
786	 0.27133821456346 
787	 0.271635661228905 
788	 0.271941317479004 
789	 0.272271739476862 
790	 0.272624351943699 
791	 0.27297152988065 
792	 0.273324699891549 
793	 0.273673273043051 
794	 0.274001867106492 
795	 0.274313014622376 
796	 0.274606767989666 
797	 0.274891377901467 
798	 0.275189275072353 
799	 0.275585647010549 
800	 0.275953381844599 
801	 0.276224449535676 
802	 0.276489278680714 
803	 0.276814720896475 
804	 0.277162869302392 
805	 0.277481657406805 
806	 0.277787092324948 
807	 0.278108142600005 
808	 0.278432746187374 
809	 0.278715191648165 
810	 0.278904477728504 
811	 0.279089831204151 
812	 0.27932194772441 
813	 0.279597877516092 
814	 0.279835428080381 
815	 0.280075785414504 
816	 0.280371512281755 
817	 0.280753406305724 
818	 0.280981969595248 
819	 0.281109459333429 
820	 0.281316671246108 
821	 0.2818976697677 
822	 0.282399239087066 
823	 0.282583714099804 
824	 0.282470197202217 
825	 0.282691232924335 
826	 0.283193270626482 
827	 0.283708515613699 
828	 0.283847584423793 
829	 0.28389044474221 
830	 0.284023140120854 
831	 0.284322659837779 
832	 0.284709161069665 
833	 0.28500596370506 
834	 0.285230263808624 
835	 0.285474414419618 
836	 0.285831654096354 
837	 0.286189298423738 
838	 0.286515567739371 
839	 0.286815912353424 
840	 0.28708697306454 
841	 0.287430395799778 
842	 0.287810463031314 
843	 0.288088455120721 
844	 0.288349655991759 
845	 0.288618757357299 
846	 0.28890298275444 
847	 0.289199181831715 
848	 0.289467259078389 
849	 0.289795473878744 
850	 0.290186480556974 
851	 0.290345389646827 
852	 0.290709466869643 
853	 0.291159793996913 
854	 0.291439414332746 
855	 0.291548070034264 
856	 0.291647822882241 
857	 0.291857750195354 
858	 0.292207942414989 
859	 0.292473735184949 
860	 0.292743032989727 
861	 0.293044999776918 
862	 0.293344517631184 
863	 0.293692257885357 
864	 0.294053801638979 
865	 0.294372248147572 
866	 0.294605410061859 
867	 0.294628682037823 
868	 0.294661216772857 
869	 0.294896694147519 
870	 0.29529519479828 
871	 0.295557927662099 
872	 0.295731368183005 
873	 0.295966296424481 
874	 0.296284782829647 
875	 0.296469956857041 
876	 0.296642280741353 
877	 0.297010111860905 
878	 0.297301105392791 
879	 0.297429408671498 
880	 0.297509493792016 
881	 0.297774160266195 
882	 0.297872267477213 
883	 0.298114393241071 
884	 0.298535716867111 
885	 0.298783133199875 
886	 0.298937720825894 
887	 0.299056023786097 
888	 0.299174119976663 
889	 0.299256900518151 
890	 0.299288609710922 
891	 0.299327546659025 
892	 0.299452785909144 
893	 0.299796265278294 
894	 0.299989213413733 
895	 0.300025122693626 
896	 0.300072618560986 
897	 0.30032248627619 
898	 0.300496666054518 
899	 0.300500184461819 
900	 0.300400828435895 
901	 0.300467855051895 
902	 0.300396648485079 
903	 0.300156791029359 
904	 0.299985717285323 
905	 0.300539037443738 
906	 0.301179280226633 
907	 0.301508672120654 
908	 0.301524424429276 
909	 0.301476864960701 
910	 0.301317562949636 
911	 0.301127521748956 
912	 0.30120074554924 
913	 0.301490774557667 
914	 0.30177449655402 
915	 0.30191628836902 
916	 0.301981219757876 
917	 0.301972746458366 
918	 0.301894801993736 
919	 0.301844291645453 
920	 0.302177556291782 
921	 0.30217785677034 
922	 0.30205592499307 
923	 0.302127833421872 
924	 0.302016964120618 
925	 0.30180416027677 
926	 0.301374095107511 
927	 0.300744726256579 
928	 0.300964981453718 
929	 0.301443029480451 
930	 0.301674512604685 
931	 0.30136610195387 
932	 0.301313351404567 
933	 0.300370577623158 
934	 0.298681865405186 
935	 0.297524915293104 
936	 0.296337113697203 
937	 0.295560203657862 
938	 0.294888870040765 
939	 0.293709431661934 
940	 0.293974852886877 
941	 0.294783788046106 
942	 0.295286964552921 
943	 0.295095471636044 
944	 0.294754076329296 
945	 0.294166794245714 
946	 0.293231533865231 
947	 0.291983640215093 
948	 0.290827007737724 
949	 0.28985353221703 
950	 0.289185764867689 
951	 0.289082545285785 
952	 0.28916025077094 
953	 0.28844675791491 
954	 0.286960484232637 
955	 0.286332602521571 
956	 0.286440525210792 
957	 0.286086863950103 
958	 0.284926618556054 
959	 0.284511540023237 
960	 0.284773337006076 
961	 0.284655849819655 
962	 0.283930773450468 
963	 0.284449767959418 
964	 0.284755903252868 
965	 0.28477502954993 
966	 0.284592754962397 
967	 0.283755764080863 
968	 0.283711502472461 
969	 0.284197975941533 
970	 0.284677251470642 
971	 0.285454038337024 
972	 0.285316397533305 
973	 0.285274116050401 
974	 0.286156562419074 
975	 0.285960754118506 
976	 0.285464368259799 
977	 0.285549486470077 
978	 0.286463262568213 
979	 0.286298832015342 
980	 0.286304069034568 
981	 0.286187722286072 
982	 0.28570297329847 
983	 0.286672227058479 
984	 0.287741532011875 
985	 0.288183714111609 
986	 0.287935973328419 
987	 0.28817576017643 
988	 0.288353183907625 
989	 0.288879625792123 
990	 0.290080361315819 
991	 0.290683545136226 
992	 0.290637643827552 
993	 0.290743155497261 
994	 0.291632535759774 
995	 0.291922320864818 
996	 0.29206282228169 
997	 0.292200270024884 
998	 0.292321555428282 
999	 0.292233950263441 
1000	 0.292802007690767 
1001	 0.283954814482672 
1002	 0.284189443267096 
1003	 0.284740045062735 
1004	 0.285283074456673 
1005	 0.286051911291369 
1006	 0.286742213292516 
1007	 0.287558090929227 
1008	 0.287990258788253 
1009	 0.288588859501038 
1010	 0.28929470753921 
1011	 0.289812631791356 
1012	 0.290442918970092 
1013	 0.291029698285033 
1014	 0.291350272847518 
1015	 0.291679940243478 
1016	 0.292057078437062 
1017	 0.292514440843176 
1018	 0.292989210590084 
1019	 0.293532721368249 
1020	 0.293997936189343 
1021	 0.294339982835174 
1022	 0.294777607823572 
1023	 0.29535227129408 
1024	 0.295948346639867 
1025	 0.296660493791809 
1026	 0.297252509509954 
1027	 0.297719599057041 
1028	 0.298248414562122 
1029	 0.298863863253583 
1030	 0.29942450489091 
1031	 0.299875557030554 
1032	 0.300168856122901 
1033	 0.300582166888763 
1034	 0.301119510889585 
1035	 0.301622352284381 
1036	 0.302207713395718 
1037	 0.302789681541958 
1038	 0.303262651243221 
1039	 0.303703059192427 
1040	 0.304219897285542 
1041	 0.30475418395712 
1042	 0.305168882524677 
1043	 0.305554354861893 
1044	 0.305998228775799 
1045	 0.306487371079008 
1046	 0.306904015746119 
1047	 0.307243725160599 
1048	 0.307617684011471 
1049	 0.307828101256294 
1050	 0.308035426580054 
1051	 0.308440226620524 
1052	 0.308864469483984 
1053	 0.309377641855872 
1054	 0.309758851569055 
1055	 0.310007176908963 
1056	 0.310342934413847 
1057	 0.310595015347605 
1058	 0.310660111881636 
1059	 0.310981999777076 
1060	 0.311469316271998 
1061	 0.311773069386913 
1062	 0.312195317781334 
1063	 0.312642026318311 
1064	 0.312958334404964 
1065	 0.313280905865608 
1066	 0.313435148434011 
1067	 0.313600229335092 
1068	 0.313677884785126 
1069	 0.313808345952364 
1070	 0.314125091981889 
1071	 0.314734535773714 
1072	 0.315095621242052 
1073	 0.315514293757609 
1074	 0.315773201611758 
1075	 0.315871083786643 
1076	 0.316017400376669 
1077	 0.315983115613288 
1078	 0.316026466346691 
1079	 0.316015736575322 
1080	 0.316009668862981 
1081	 0.316201543258464 
1082	 0.316396490168207 
1083	 0.316541023565965 
1084	 0.316655778049819 
1085	 0.316832512661573 
1086	 0.317099841925581 
1087	 0.317160255102041 
1088	 0.317179323768945 
1089	 0.317151971971055 
1090	 0.316887806868049 
1091	 0.316715985385907 
1092	 0.316583767027345 
1093	 0.316607940660405 
1094	 0.316830962775962 
1095	 0.316843126762396 
1096	 0.316888176276445 
1097	 0.317110524591216 
1098	 0.316977391319357 
1099	 0.316542050758864 
1100	 0.316347601577547 
1101	 0.316075506015536 
1102	 0.315855475609327 
1103	 0.315825773873293 
1104	 0.315638775565276 
1105	 0.31531825797843 
1106	 0.315035575923601 
1107	 0.314778538423414 
1108	 0.314424969029794 
1109	 0.313956648965239 
1110	 0.313563950390266 
1111	 0.313222193841225 
1112	 0.312873440466729 
1113	 0.312502578281349 
1114	 0.312355345382813 
1115	 0.311835483680052 
1116	 0.310904574372616 
1117	 0.310196038455774 
1118	 0.309305517486951 
1119	 0.308531084437188 
1120	 0.308095703372439 
1121	 0.307405296002998 
1122	 0.306652791942479 
1123	 0.305774531203481 
1124	 0.304774711745681 
1125	 0.303676483749355 
1126	 0.302452967192666 
1127	 0.301292520131984 
1128	 0.299744875646609 
1129	 0.297926717276247 
1130	 0.296382908627249 
1131	 0.294830852611629 
1132	 0.293383337961492 
1133	 0.292505847704487 
1134	 0.291076079425887 
1135	 0.289439110482155 
1136	 0.287778620593881 
1137	 0.28567165066185 
1138	 0.283956734347921 
1139	 0.282380247702565 
1140	 0.280840754858075 
1141	 0.279423398719719 
1142	 0.278406626099029 
1143	 0.276754221376115 
1144	 0.274928369128168 
1145	 0.273077597584161 
1146	 0.270916025523344 
1147	 0.268951819367315 
1148	 0.26709980622295 
1149	 0.26521978412097 
1150	 0.263256146349246 
1151	 0.261514797009741 
1152	 0.259925203960533 
1153	 0.258439530445092 
1154	 0.25706829739668 
1155	 0.255824521237816 
1156	 0.254955735778618 
1157	 0.253820622249358 
1158	 0.25300842409747 
1159	 0.252446592063799 
1160	 0.251807830392547 
1161	 0.251154523906156 
1162	 0.250675901406067 
1163	 0.250273089912368 
1164	 0.249853768920281 
1165	 0.249537030767989 
1166	 0.249164232774653 
1167	 0.248707977866931 
1168	 0.248331557361276 
1169	 0.247923656607834 
1170	 0.247624804508939 
1171	 0.247397941388276 
1172	 0.247239159812761 
1173	 0.246970718541532 
1174	 0.246718895815109 
1175	 0.246339558515858 
1176	 0.245708844774003 
1177	 0.245410794590638 
1178	 0.245276625532056 
1179	 0.244949219627147 
1180	 0.244643245878539 
1181	 0.244345727444877 
1182	 0.243931991674132 
1183	 0.24356176929133 
1184	 0.243257930322148 
1185	 0.242992820220192 
1186	 0.242611628877356 
1187	 0.242354065048123 
1188	 0.24225279444778 
1189	 0.242207777113745 
1190	 0.242082639829077 
1191	 0.241950189075203 
1192	 0.241610759549654 
1193	 0.241344548875212 
1194	 0.241263827704588 
1195	 0.241249093609282 
1196	 0.241257093844053 
1197	 0.241516002006347 
1198	 0.241555908546419 
1199	 0.24137509711736 
1200	 0.241417734691758 
1201	 0.241542435205211 
1202	 0.241701793710836 
1203	 0.241994975900822 
1204	 0.242232661688755 
1205	 0.242538617388894 
1206	 0.242656050993605 
1207	 0.242673444360127 
1208	 0.243027995266437 
1209	 0.243431875592617 
1210	 0.243767416583322 
1211	 0.244323182312337 
1212	 0.244739147734996 
1213	 0.244935185239835 
1214	 0.245304024689828 
1215	 0.245763058651728 
1216	 0.246318276458437 
1217	 0.24678526603957 
1218	 0.247305958191812 
1219	 0.247854728677162 
1220	 0.248341384723462 
1221	 0.248858209729056 
1222	 0.249514093146846 
1223	 0.250057224713603 
1224	 0.250443525714413 
1225	 0.250983951815088 
1226	 0.25157404314369 
1227	 0.252155696670459 
1228	 0.252797373222829 
1229	 0.253350655104777 
1230	 0.253794496047915 
1231	 0.254272538194763 
1232	 0.254757845939805 
1233	 0.255200868461008 
1234	 0.255638746535994 
1235	 0.256151723946587 
1236	 0.256623719991172 
1237	 0.257024643545728 
1238	 0.257497204158786 
1239	 0.258080101107671 
1240	 0.258510537112394 
1241	 0.258956762943256 
1242	 0.259353617108164 
1243	 0.259607708256711 
1244	 0.259849254390617 
1245	 0.260333067478715 
1246	 0.26069158872066 
1247	 0.261072882972938 
1248	 0.261567557408634 
1249	 0.261943938556442 
1250	 0.262332771039892 
1251	 0.262709343381983 
1252	 0.262923968549899 
1253	 0.263146944918817 
1254	 0.263409167295177 
1255	 0.263658173880387 
1256	 0.263978948000497 
1257	 0.26433351198468 
1258	 0.264787031525859 
1259	 0.265046976329714 
1260	 0.265255373188074 
1261	 0.265457715264294 
1262	 0.265472277640873 
1263	 0.265702754085192 
1264	 0.266067127942776 
1265	 0.266327640926682 
1266	 0.266412340688511 
1267	 0.26633160006574 
1268	 0.266306649909957 
1269	 0.266467573757861 
1270	 0.266689726474844 
1271	 0.266818863812583 
1272	 0.266737022676062 
1273	 0.266570284606946 
1274	 0.266614946630646 
1275	 0.266741978615528 
1276	 0.266730581296477 
1277	 0.26652420928918 
1278	 0.266343222255121 
1279	 0.26620294561476 
1280	 0.266069696279028 
1281	 0.266192951091179 
1282	 0.266046175118787 
1283	 0.265771474298965 
1284	 0.265318618948691 
1285	 0.264998979021875 
1286	 0.264678731151461 
1287	 0.264557201924056 
1288	 0.264483079756045 
1289	 0.264230466556453 
1290	 0.263910063645358 
1291	 0.263473693180757 
1292	 0.263091480110376 
1293	 0.262748988540385 
1294	 0.262255984381939 
1295	 0.2617635275182 
1296	 0.26130201003254 
1297	 0.260795582827662 
1298	 0.260368742763591 
1299	 0.259922156423108 
1300	 0.25927765424978 
1301	 0.258618956113804 
1302	 0.257920123964538 
1303	 0.257206042956139 
1304	 0.256487954645707 
1305	 0.255804735420201 
1306	 0.255149541698868 
1307	 0.254367006028772 
1308	 0.253532499045026 
1309	 0.252566401628183 
1310	 0.251407386787617 
1311	 0.250326039912037 
1312	 0.249354887056317 
1313	 0.248223557828977 
1314	 0.247096528469887 
1315	 0.246061418767249 
1316	 0.244806124784984 
1317	 0.243626555254605 
1318	 0.242673984703475 
1319	 0.241390671307861 
1320	 0.239943072990345 
1321	 0.238649256255179 
1322	 0.237152631236795 
1323	 0.235689331953506 
1324	 0.234407318576945 
1325	 0.232864367704673 
1326	 0.231487203997504 
1327	 0.230302270680397 
1328	 0.228747211321931 
1329	 0.227103497557056 
1330	 0.225576427637619 
1331	 0.22404559280514 
1332	 0.222177063947456 
1333	 0.220420152919347 
1334	 0.219095187523024 
1335	 0.217427830880215 
1336	 0.215601275988388 
1337	 0.214160434732981 
1338	 0.21279538687634 
1339	 0.211304326186061 
1340	 0.209820181407792 
1341	 0.208578629739783 
1342	 0.207302963473283 
1343	 0.206215670670814 
1344	 0.205691345655093 
1345	 0.204830959767105 
1346	 0.203465319082707 
1347	 0.202349417025041 
1348	 0.200791668674066 
1349	 0.198976104861498 
1350	 0.198351160450791 
1351	 0.197798809670825 
1352	 0.196255207124955 
1353	 0.195128317672419 
1354	 0.194063705558138 
1355	 0.191833404405809 
1356	 0.190244046478665 
1357	 0.189516367979017 
1358	 0.186779114143832 
1359	 0.184173123279751 
1360	 0.180320753453005 
1361	 0.180250378037796 
1362	 0.180716578559053 
1363	 0.173675001348476 
1364	 0.1619516648646 
1365	 0.147246192681255 
1366	 0.136843713429115 
1367	 0.163558441648853 
1368	 0.177476296261851 
1369	 0.145910971056913 
1370	 0.140366539766828 
1371	 0.147196171818437 
1372	 0.199856209175914 
1373	 0.258891555781083 
1374	 0.216684010299455 
1375	 0.12032970643824 
1376	 3.48075817860831E-02 
1377	-8.22013118329406E-03 
1378	-1.25820518254143E-03 
1379	 0.035922361931768 
1380	 6.49779013215245E-02 
1381	 7.50603049308515E-02 
1382	 8.90910680257924E-02 
1383	 0.10656594827831 
1384	 0.105153178214507 
1385	 6.22516870385673E-02 
1386	 2.49888143739516E-02 
1387	 5.28838765855976E-02 
1388	 0.053912322968319 
1389	 0.04146782241712 
1390	 2.91965404592934E-02 
1391	 5.47151376561838E-02 
1392	 6.16752332505859E-02 
1393	 7.62546769362559E-02 
1394	 0.102270137080998 
1395	 9.91489894502671E-02 
1396	 9.06152450883392E-02 
1397	 8.65562867420534E-02 
1398	 8.09231778343802E-02 
1399	 0.090503808845512 
1400	 8.20309687500829E-02 
1401	 5.85359006774693E-02 
1402	 6.78827520946359E-02 
1403	 0.076032011179653 
1404	 6.66501905462001E-02 
1405	 6.08411356739873E-02 
1406	 0.056279122163866 
1407	 5.32743125586354E-02 
1408	 5.20812965864892E-02 
1409	 5.74394233829253E-02 
1410	 5.96294699722038E-02 
1411	 5.30501144865034E-02 
1412	 4.91567887436555E-02 
1413	 4.63461043471166E-02 
1414	 4.78748857548813E-02 
1415	 5.36434084302753E-02 
1416	 5.20253468978414E-02 
1417	 4.97771751396395E-02 
1418	 5.23900731033795E-02 
1419	 5.17432141924455E-02 
1420	 5.08347683514554E-02 
1421	 5.29578932964201E-02 
1422	 5.19100564470362E-02 
1423	 5.03483027766678E-02 
1424	 0.052417820870056 
1425	 5.25115571864829E-02 
1426	 5.17314678457137E-02 
1427	 4.96513963160103E-02 
1428	 4.97880048512866E-02 
1429	 4.99717661024713E-02 
1430	 4.97970430702361E-02 
1431	 5.09383457819509E-02 
1432	 5.07649004924695E-02 
1433	 4.83253317808682E-02 
1434	 4.72445004781294E-02 
1435	 4.80827687602621E-02 
1436	 4.79422010417637E-02 
1437	 4.80017195661588E-02 
1438	 4.94999773821129E-02 
1439	 4.97124742208221E-02 
1440	 4.86036026713507E-02 
1441	 4.78652403263315E-02 
1442	 4.74749339844557E-02 
1443	 4.67956819511167E-02 
1444	 4.68446107139405E-02 
1445	 4.78224855131571E-02 
1446	 4.76208587036185E-02 
1447	 4.70812293171932E-02 
1448	 4.75026711864507E-02 
1449	 0.047489751981808 
1450	 0.047559099099695 
1451	 4.82209167030216E-02 
1452	 4.79368970006635E-02 
1453	 4.72743496854512E-02 
1454	 4.75449008994688E-02 
1455	 4.80918937189981E-02 
1456	 0.048247334800457 
1457	 0.048348579245129 
1458	 4.84312054450052E-02 
1459	 4.80884164030221E-02 
1460	 4.77254458668232E-02 
1461	 4.78685276918431E-02 
1462	 4.80812423865163E-02 
1463	 4.80454267968892E-02 
1464	 4.84533901139706E-02 
1465	 4.90891470857627E-02 
1466	 4.89258853355471E-02 
1467	 0.048561098076641 
1468	 4.84984713778528E-02 
1469	 4.88032506001803E-02 
1470	 4.91010767806203E-02 
1471	 4.98463871223727E-02 
1472	 5.03096873194669E-02 
1473	 0.050390419182977 
1474	 5.03253366920583E-02 
1475	 5.06941256457171E-02 
1476	 5.14351522974362E-02 
1477	 5.17309325138679E-02 
1478	 5.19097626263103E-02 
1479	 5.23849575199477E-02 
1480	 5.27731678752422E-02 
1481	 5.33655264321818E-02 
1482	 5.40282189577118E-02 
1483	 5.39272718998123E-02 
1484	 5.37396325225656E-02 
1485	 5.42370053246247E-02 
1486	 5.48626276994956E-02 
1487	 5.54451740006192E-02 
1488	 5.61391369333088E-02 
1489	 5.65912781179461E-02 
1490	 5.69051208443595E-02 
1491	 5.74036987275132E-02 
1492	 5.78895520396577E-02 
1493	 5.84144958134042E-02 
1494	 5.91053933708673E-02 
1495	 5.95466241925751E-02 
1496	 0.059765652136954 
1497	 6.02557385495257E-02 
1498	 6.08452505342079E-02 
1499	 6.12258977795661E-02 
1500	 6.16891036419944E-02 
1501	 6.21900999018462E-02 
1502	 6.25090507733091E-02 
1503	 0.063049168752243 
1504	 6.38237816888795E-02 
1505	 6.44184169896441E-02 
1506	 6.48567872882543E-02 
1507	 6.53644080720955E-02 
1508	 6.58605307051317E-02 
1509	 6.62425424569126E-02 
1510	 0.066774798602226 
1511	 6.74130275496593E-02 
1512	 6.79403218743967E-02 
1513	 6.85425477353064E-02 
1514	 6.92085401447518E-02 
1515	 6.96891456938829E-02 
1516	 7.00391963302036E-02 
1517	 7.04926079962425E-02 
1518	 0.071061049310836 
1519	 7.16742609831646E-02 
1520	 0.072248349035358 
1521	 7.27957253368595E-02 
1522	 7.33483843557156E-02 
1523	 7.38069994520518E-02 
1524	 0.074459786607581 
1525	 7.52473216084708E-02 
1526	 7.58244138040535E-02 
1527	 7.63836544269097E-02 
1528	 7.67851391088961E-02 
1529	 0.077140682242318 
1530	 7.77886556413414E-02 
1531	 7.83199643102754E-02 
1532	 7.88385584797172E-02 
1533	 7.94312821525666E-02 
1534	 7.99452328007962E-02 
1535	 8.04886167106291E-02 
1536	 8.12470885771434E-02 
1537	 8.18416167315947E-02 
1538	 8.23381121450395E-02 
1539	 8.29054085389096E-02 
1540	 0.083435786082735 
1541	 8.38676186102637E-02 
1542	 8.44353132481058E-02 
1543	 8.49917323102674E-02 
1544	 8.55406378629323E-02 
1545	 8.60956968921208E-02 
1546	 8.65754771551136E-02 
1547	 8.70542667900562E-02 
1548	 8.76284662706478E-02 
1549	 8.82867774258635E-02 
1550	 8.88543554351592E-02 
1551	 8.94363571182958E-02 
1552	 9.00097458993339E-02 
1553	 9.04207702312229E-02 
1554	 9.09116404274289E-02 
1555	 0.091492250087216 
1556	 9.20159384969266E-02 
1557	 9.24706673295109E-02 
1558	 9.29776427893461E-02 
1559	 9.35926039550196E-02 
1560	 9.40806086614804E-02 
1561	 9.45586639713699E-02 
1562	 9.51110127784478E-02 
1563	 9.55933195259839E-02 
1564	 9.61557714478712E-02 
1565	 9.67025388032733E-02 
1566	 0.097159304639691 
1567	 9.76231864639708E-02 
1568	 9.80611061167803E-02 
1569	 9.85524952525846E-02 
1570	 9.89543875317389E-02 
1571	 9.93190320754801E-02 
1572	 9.98024489790697E-02 
1573	 0.100316767330469 
1574	 0.100973363194361 
1575	 0.10158350306763 
1576	 0.102016568246417 
1577	 0.10242003302524 
1578	 0.102815484917997 
1579	 0.103339489486516 
1580	 0.103837636479078 
1581	 0.104300732808936 
1582	 0.104936509585836 
1583	 0.105504587613893 
1584	 0.106009203482169 
1585	 0.10634706714527 
1586	 0.106433604037677 
1587	 0.106890160233197 
1588	 0.107648240867356 
1589	 0.108210784987094 
1590	 0.10868679617081 
1591	 0.109022263708346 
1592	 0.109189549329307 
1593	 0.10960981367935 
1594	 0.110287463296313 
1595	 0.110812580052686 
1596	 0.111279797782568 
1597	 0.111644138478438 
1598	 0.11182996764778 
1599	 0.112212176917518 
1600	 0.11268951937031 
1601	 0.11311781859955 
1602	 0.113460219736208 
1603	 0.113775722720519 
1604	 0.114207752969703 
1605	 0.114596060300538 
1606	 0.115096990581773 
1607	 0.115573981549267 
1608	 0.115736928899833 
1609	 0.116065011664651 
1610	 0.116625051321416 
1611	 0.117136169105977 
1612	 0.117684398212471 
1613	 0.118157187519687 
1614	 0.118394725994563 
1615	 0.118530819479459 
1616	 0.118867331235534 
1617	 0.119196261070587 
1618	 0.119372485570149 
1619	 0.119761367199753 
1620	 0.120133574399229 
1621	 0.120422122204592 
1622	 0.120800962089509 
1623	 0.121090019315634 
1624	 0.12138118107971 
1625	 0.121651997970932 
1626	 0.121869142057626 
1627	 0.122123479286053 
1628	 0.122266379172322 
1629	 0.122427916127502 
1630	 0.122709182165802 
1631	 0.122918033498337 
1632	 0.123116240859052 
1633	 0.123261186244606 
1634	 0.123460032532917 
1635	 0.123915234506999 
1636	 0.12424197018175 
1637	 0.124404236440884 
1638	 0.124448490740745 
1639	 0.124281853666955 
1640	 0.124506036772369 
1641	 0.125077033793637 
1642	 0.125538417622277 
1643	 0.125905623789478 
1644	 0.125965495142004 
1645	 0.125889261761517 
1646	 0.125990286693026 
1647	 0.126190354263658 
1648	 0.126471735155552 
1649	 0.126725930314642 
1650	 0.126889613001426 
1651	 0.126905694205608 
1652	 0.126800629893911 
1653	 0.126794285830899 
1654	 0.126816536167345 
1655	 0.127013057793111 
1656	 0.127466773807407 
1657	 0.127587290298377 
1658	 0.127312722224863 
1659	 0.127150459550992 
1660	 0.126940864223894 
1661	 0.126785397540202 
1662	 0.127061351542007 
1663	 0.12718379221834 
1664	 0.127027332627325 
1665	 0.126994183287353 
1666	 0.126802201012924 
1667	 0.126618632486191 
1668	 0.126737475790567 
1669	 0.126593810409817 
1670	 0.126268665296708 
1671	 0.126089607862612 
1672	 0.125779930857496 
1673	 0.125568365379842 
1674	 0.125639449524095 
1675	 0.125449923890468 
1676	 0.124983085888392 
1677	 0.124647345044866 
1678	 0.124244808334121 
1679	 0.124035477779938 
1680	 0.124176100288912 
1681	 0.124175863510838 
1682	 0.123922121144534 
1683	 0.12333066691721 
1684	 0.122612676920121 
1685	 0.122164627503988 
1686	 0.122045588177251 
1687	 0.122161244767187 
1688	 0.121925601547592 
1689	 0.121476657461405 
1690	 0.121008646507021 
1691	 0.12031454895655 
1692	 0.120028653006692 
1693	 0.119818157343378 
1694	 0.119477993903061 
1695	 0.119472791023503 
1696	 0.119266738163878 
1697	 0.118844624052997 
1698	 0.118537439736116 
1699	 0.117942303549411 
1700	 0.117498388094467 
1701	 0.117428176378099 
1702	 0.116999346615697 
1703	 0.116705170046879 
1704	 0.116296212909064 
1705	 0.115971372041878 
1706	 0.115918908910185 
1707	 0.115635778452572 
1708	 0.115183373139939 
1709	 0.114932715148209 
1710	 0.114752110631684 
1711	 0.114554062698308 
1712	 0.114553177032785 
1713	 0.114229239527265 
1714	 0.113586988073221 
1715	 0.113084534838463 
1716	 0.112409543217587 
1717	 0.112060804044236 
1718	 0.11197398262118 
1719	 0.111844220984157 
1720	 0.111971889792317 
1721	 0.111751234572609 
1722	 0.111248472261217 
1723	 0.111065975355075 
1724	 0.110917385444966 
1725	 0.110694865210136 
1726	 0.110699645732203 
1727	 0.110502872459761 
1728	 0.109948686563152 
1729	 0.109697832410801 
1730	 0.10960095199469 
1731	 0.109484957687339 
1732	 0.109573149179123 
1733	 0.109351537353176 
1734	 0.10885463204794 
1735	 0.108747238669951 
1736	 0.10872888309 
1737	 0.10856140744627 
1738	 0.108687903930963 
1739	 0.108513041445385 
1740	 0.107802873951964 
1741	 0.107613567284874 
1742	 0.107695433720717 
1743	 0.107577613317383 
1744	 0.107684046306386 
1745	 0.107549752745291 
1746	 0.107103150667461 
1747	 0.106933918920148 
1748	 0.106899063887266 
1749	 0.10647452755109 
1750	 0.105970683441938 
1751	 0.105600162744469 
1752	 0.105026037358939 
1753	 0.104654466644788 
1754	 0.104536709246678 
1755	 0.104369323948042 
1756	 0.10399819674433 
1757	 0.103643948058997 
1758	 0.103105686324387 
1759	 0.102397585359813 
1760	 0.102077345466138 
1761	 0.102206495487914 
1762	 0.102319948989503 
1763	 0.102201356153794 
1764	 0.101751918823433 
1765	 0.101195181178386 
1766	 0.100884456256361 
1767	 0.100685842132538 
1768	 0.100749580933936 
1769	 0.10053895347063 
1770	 0.100012725549175 
1771	 0.100063797954761 
1772	 0.100096452806663 
1773	 0.100723409223565 
1774	 0.100854457746103 
1775	 0.100590659610187 
1776	 0.100303089757125 
1777	 9.95560597930545E-02 
1778	 9.91175802522863E-02 
1779	 9.86491427112862E-02 
1780	 9.84837359811171E-02 
1781	 9.87622084036694E-02 
1782	 9.87717342776209E-02 
1783	 9.89436817688251E-02 
1784	 9.89781590991704E-02 
1785	 9.87786953541564E-02 
1786	 9.86274493340523E-02 
1787	 9.85477519433639E-02 
1788	 9.83359364255685E-02 
1789	 9.77394257759413E-02 
1790	 9.76076477580762E-02 
1791	 9.77857575724515E-02 
1792	 9.77460144908997E-02 
1793	 9.81199605376883E-02 
1794	 9.81484169175618E-02 
1795	 9.76747546540248E-02 
1796	 9.71701703666038E-02 
1797	 9.62726867189221E-02 
1798	 9.58151610992938E-02 
1799	 9.55047792399791E-02 
1800	 9.53251807632442E-02 
1801	 9.56860364756566E-02 
1802	 9.57385514158156E-02 
1803	 9.51089806259993E-02 
1804	 9.60999477792068E-02 
1805	 0.09925037028267 
1806	 9.99782347671379E-02 
1807	 0.100823405119891 
1808	 0.100271817440701 
1809	 0.095249544425104 
1810	 9.55690516206921E-02 
1811	 9.47773700363832E-02 
1812	 9.45624464138885E-02 
1813	 9.47932519788133E-02 
1814	 9.26096064635974E-02 
1815	 9.54740765811708E-02 
1816	 9.89698521913521E-02 
1817	 0.100299891859833 
1818	 0.108969874376753 
1819	 0.112484325841221 
1820	 0.110417649128236 
1821	 0.112279037853318 
1822	 0.111322366961059 
1823	 0.106678061354327 
1824	 0.105911971555344 
1825	 0.100785828751398 
1826	 0.071887435201356 
1827	 0.06244702775191 
1828	 8.33795311788993E-02 
1829	 8.38462962652268E-02 
1830	 7.86090642307402E-02 
1831	 0.131145273824347 
1832	 8.76542124752415E-02 
1833	 6.26074359397301E-02 
1834	 4.66761149974343E-02 
1835	 5.19933535022523E-02 
1836	 0.128086347350541 
1837	 0.177381964795078 
1838	 0.128237672458537 
1839	 0.255232865287818 
1840	 0.622636884237595 
1841	 1.59801993043828 
1842	 2.04617677470165 
1843	 1.16529327778971 
1844	 1.27782794218461 
1845	 6.0922454587191 
1846	-13.7022575947722 
1847	 0.374530442464922 
1848	-2.04353339542827E-02 
1849	-1.71913872585458 
1850	-0.466562791808046 
1851	-0.261030736566735 
1852	 2.43007635685682 
1853	 2.88633866270587 
1854	 6.85943053794989 
1855	 4.7960547759595 
1856	 8.87877893781585E-02 
1857	-4.90930862711414E-02 
1858	 0.260717542861333 
1859	 2.18911222387885 
1860	 1.21704026322054 
1861	-1.34459668427912 
1862	-0.393955300531418 
1863	-7.15335195112255E-02 
1864	 7.53643427483276E-02 
1865	 1.07690247946382 
1866	 1.41877950702712 
1867	 1.50777259819276 
1868	 0.810218661491277 
1869	 0.458269595728584 
1870	 0.744195325573655 
1871	 0.724122910363032 
1872	 1.81603818706007 
1873	 1.25473779072159 
1874	 0.169331157055144 
1875	 1.35890244853606E-02 
1876	 2.91241665978186E-02 
1877	 0.1216232059624 
1878	 0.182524677551353 
1879	-2.01661427062225E-03 
1880	-9.04276279165753E-02 
1881	-0.159584665178656 
1882	-6.94238023047993E-02 
1883	 0.14125803618073 
1884	 0.202729772775114 
1885	 0.407240184829786 
1886	 0.326344635603587 
1887	 7.28668622584168E-02 
1888	 0.132654121943104 
1889	 0.20702297014784 
1890	 0.148426967902784 
1891	 0.135444063256195 
1892	 0.169532718340904 
1893	 0.170938958483623 
1894	 7.93049400278893E-02 
1895	 8.09613759959775E-02 
1896	 0.218367658616513 
1897	 0.185545951558772 
1898	 2.45643378436619E-02 
1899	 5.73405744508977E-02 
1900	 7.96015505475194E-02 
1901	 7.38174877403393E-02 
1902	 9.26781622311203E-02 
1903	 0.378854896884481 
1904	 0.40139248406286 
1905	 0.284202182413275 
1906	 6.85073007533964E-02 
1907	-4.28022562102371E-02 
1908	-7.80589026524367E-02 
1909	-9.64603168894773E-02 
1910	-3.41118966737716E-02 
1911	 1.38978108661594E-02 
1912	 4.80719227274544E-02 
1913	 7.06668076978214E-02 
1914	 0.102950617581292 
1915	 0.113676141847793 
1916	 0.141460036762715 
1917	 8.73797453965356E-02 
1918	 1.32592839611377E-03 
1919	-5.23515951706154E-03 
1920	-1.11888740708984E-02 
1921	-1.19646185314282E-02 
1922	 0.057368397403384 
1923	 6.10794230791499E-02 
1924	 4.96958188565535E-02 
1925	-1.31888882055667E-03 
1926	 7.91553696060339E-03 
1927	 2.14109778334516E-03 
1928	-2.53830882053458E-03 
1929	 0.014412691396974 
1930	 6.29304519649728E-04 
1931	-1.10962807143768E-02 
1932	 1.94395700546641E-02 
1933	 3.55182677041576E-02 
1934	 3.02727055075987E-02 
1935	 3.38548891374894E-02 
1936	 4.31667916545987E-02 
1937	 3.53720774466953E-02 
1938	 2.81146535826167E-02 
1939	 3.95630013924592E-02 
1940	 3.68050232618981E-02 
1941	 2.58596280426991E-02 
1942	 2.61360145662594E-02 
1943	 2.39866835886937E-02 
1944	 2.68408598911942E-02 
1945	 3.35925014012373E-02 
1946	 3.45123993666689E-02 
1947	 3.14130043449293E-02 
1948	 2.98285064918811E-02 
1949	 2.67743844809155E-02 
1950	 2.64161728349866E-02 
1951	 3.08828938254086E-02 
1952	 3.09600867935468E-02 
1953	 3.08833655298062E-02 
1954	 3.10574082797562E-02 
1955	 2.81238676117347E-02 
1956	 2.58401352410386E-02 
1957	 2.72766419888625E-02 
1958	 2.71685462861835E-02 
1959	 2.66341992949029E-02 
1960	 2.55345988694174E-02 
1961	 2.56325195609612E-02 
1962	 2.44052299205915E-02 
1963	 2.44609421821554E-02 
1964	 2.52994032168512E-02 
1965	 0.025048889116156 
1966	 2.54301178507197E-02 
1967	 2.63064052285857E-02 
1968	 2.67669987618681E-02 
1969	 2.66570010192404E-02 
1970	 2.66801235016155E-02 
1971	 0.026140609633775 
1972	 2.54136311096793E-02 
1973	 2.54286865219775E-02 
1974	 2.60685562256814E-02 
1975	 2.67515989196492E-02 
1976	 0.026623712344898 
1977	 2.60978334505278E-02 
1978	 2.69053743397201E-02 
1979	 2.76639594655079E-02 
1980	 2.70483049700006E-02 
1981	 2.70890524866974E-02 
1982	 2.72275420131423E-02 
1983	 2.67520819614728E-02 
1984	 2.58746639342567E-02 
1985	 2.66705568530097E-02 
1986	 2.79906429713484E-02 
1987	 2.87139553053039E-02 
1988	 2.86162153317955E-02 
1989	 2.82659076246513E-02 
1990	 2.79319203810107E-02 
1991	 2.66982908629128E-02 
1992	 2.63547878579602E-02 
1993	 2.64488749050135E-02 
1994	 2.75738938990374E-02 
1995	 2.76088123274371E-02 
1996	 0.027419428529347 
1997	 0.027635996639503 
1998	 2.74128470902121E-02 
1999	 2.73189331083132E-02 
2000	 2.75148899417928E-02 
2001	 2.78180754954897E-02 
2002	 2.81996374666911E-02 
2003	 2.89256213086327E-02 
2004	 3.01098245706748E-02 
2005	 2.98876627584718E-02 
2006	 3.02514664048303E-02 
2007	 0.030961722108026 
2008	 0.031246043134304 
2009	 3.09612568131042E-02 
2010	 0.031495843408507 
2011	 3.25596844400241E-02 
2012	 3.16640235445983E-02 
2013	 3.00901864084049E-02 
2014	 2.98261006571055E-02 
2015	 3.11722526222021E-02 
2016	 3.23126466275165E-02 
2017	 3.28665267408642E-02 
2018	 3.30467532512661E-02 
2019	 3.32331006062838E-02 
2020	 3.20420951729493E-02 
2021	 3.19568838866136E-02 
2022	 3.27313977624283E-02 
2023	 3.31734706508418E-02 
2024	 0.032716301021436 
2025	 3.14760915528102E-02 
2026	 3.13753939953689E-02 
2027	 3.16749571341218E-02 
2028	 3.12992498371653E-02 
2029	 3.25675233737916E-02 
2030	 3.34428791334264E-02 
2031	 3.28267488538326E-02 
2032	 3.29166537865681E-02 
2033	 3.36604658376665E-02 
2034	 0.033615683543331 
2035	 3.25099266541646E-02 
2036	 3.34742725134418E-02 
2037	 3.45667105195154E-02 
2038	 3.38773195729909E-02 
2039	 3.31837446537866E-02 
2040	 0.033230982133997 
2041	 3.29953753619279E-02 
2042	 3.28844327312742E-02 
2043	 3.36432979007294E-02 
2044	 3.40647642086912E-02 
2045	 3.43630707853853E-02 
2046	 3.42835670507006E-02 
2047	 3.46126811156292E-02 
2048	 3.53699208924064E-02 
2049	 3.54530446656397E-02 
2050	 3.47933863390055E-02 
2051	 3.51212334561251E-02 
2052	 3.60536987259929E-02 
2053	 0.035861049419305 
2054	 0.035537744249412 
2055	 3.59518512041905E-02 
2056	 3.59285512958937E-02 
2057	 3.63562940912144E-02 
2058	 3.71894678216249E-02 
2059	 3.74547355278634E-02 
2060	 3.77609289155872E-02 
2061	 3.74793019056698E-02 
2062	 3.74722443559578E-02 
2063	 3.76407308123079E-02 
2064	 3.75602838078263E-02 
2065	 3.70227786555124E-02 
2066	 3.72771005562671E-02 
2067	 3.71219573268895E-02 
2068	 3.69070314852481E-02 
2069	 3.70244312325378E-02 
2070	 3.62384639999942E-02 
2071	 3.54798570986516E-02 
2072	 3.62619308710396E-02 
2073	 3.70138017632361E-02 
2074	 3.76165122226255E-02 
2075	 3.78768739028583E-02 
2076	 3.78011065797674E-02 
2077	 3.76983589521473E-02 
2078	 3.72130662499075E-02 
2079	 0.037405300727266 
2080	 3.79368291727402E-02 
2081	 3.84696722652857E-02 
2082	 3.89650344997666E-02 
2083	 3.89833958317846E-02 
2084	 3.85522790052542E-02 
2085	 3.86608049009631E-02 
2086	 3.93004457308679E-02 
2087	 3.96369046166759E-02 
2088	 3.92415535769975E-02 
2089	 3.90044141741603E-02 
2090	 3.94627825125558E-02 
2091	 4.05291877459424E-02 
2092	 4.05302146130329E-02 
2093	 4.04249162809446E-02 
2094	 4.09160152991936E-02 
2095	 0.041060523868756 
2096	 4.09696268341646E-02 
2097	 4.14094106059221E-02 
2098	 4.18186782960459E-02 
2099	 4.14616834291063E-02 
2100	 0.040482601035615 
2101	 4.03880952111261E-02 
2102	 4.12650462172216E-02 
2103	 4.18206027321987E-02 
2104	 4.20793236965558E-02 
2105	 4.21543880551652E-02 
2106	 4.20585007500005E-02 
2107	 4.23524912606755E-02 
2108	 4.27317338119697E-02 
2109	 4.29463104925102E-02 
2110	 4.36313765059974E-02 
2111	 4.38639430797086E-02 
2112	 4.32860272922275E-02 
2113	 4.31582499190224E-02 
2114	 4.33545096460219E-02 
2115	 0.043321190931053 
2116	 4.33097962897267E-02 
2117	 4.35524434764178E-02 
2118	 4.35578625096924E-02 
2119	 4.35877790537925E-02 
2120	 0.043906790478219 
2121	 4.45289174123987E-02 
2122	 4.48722232452175E-02 
2123	 0.045018116281328 
2124	 4.49972651953284E-02 
2125	 4.42071641046045E-02 
2126	 4.41264303547805E-02 
2127	 4.44577958640852E-02 
2128	 4.44066918890568E-02 
2129	 4.43376097058634E-02 
2130	 4.44486037950045E-02 
2131	 4.42535531185922E-02 
2132	 4.44944789887745E-02 
2133	 4.52375842615812E-02 
2134	 4.58588017347131E-02 
2135	 4.63503723135139E-02 
2136	 4.71939845510481E-02 
2137	 4.77007080591313E-02 
2138	 4.77728393685315E-02 
2139	 4.75126805114849E-02 
2140	 4.71032295039178E-02 
2141	 4.71557174908207E-02 
2142	 4.71598462241551E-02 
2143	 4.70303401507692E-02 
2144	 4.70604623012453E-02 
2145	 0.046981313977043 
2146	 4.62818773254681E-02 
2147	 4.62038902626959E-02 
2148	 4.68193991615305E-02 
2149	 4.71134949728997E-02 
2150	 4.71936587045486E-02 
2151	 4.76432493280004E-02 
2152	 4.83201721121715E-02 
2153	 4.87844558105265E-02 
2154	 4.91871879084417E-02 
2155	 4.98570722357647E-02 
2156	 5.02607373230733E-02 
2157	 4.94111287796659E-02 
2158	 4.88391408009556E-02 
2159	 4.90106209943628E-02 
2160	 4.88086880373595E-02 
2161	 4.89531885838545E-02 
2162	 4.87186756986518E-02 
2163	 4.82848373851595E-02 
2164	 4.83520199771625E-02 
2165	 4.88321660064499E-02 
2166	 4.89404588686438E-02 
2167	 4.91387984130045E-02 
2168	 4.92212429647231E-02 
2169	 4.90137008226692E-02 
2170	 4.90629276218878E-02 
2171	 4.91121039783432E-02 
2172	 4.95943192350234E-02 
2173	 5.06546300817438E-02 
2174	 5.11670876289527E-02 
2175	 5.11828045811614E-02 
2176	 5.10634870121772E-02 
2177	 5.10673933361347E-02 
2178	 5.11078217730636E-02 
2179	 5.15722124501806E-02 
2180	 5.22206305220008E-02 
2181	 5.21329167266328E-02 
2182	 5.21804686622366E-02 
2183	 5.29621070208555E-02 
2184	 5.37386305703404E-02 
2185	 5.37943084016452E-02 
2186	 0.053345995216866 
2187	 5.34989496614822E-02 
2188	 0.053181077096323 
2189	 5.30999367366253E-02 
2190	 5.40397745741246E-02 
2191	 5.45127048528512E-02 
2192	 0.054828581014489 
2193	 0.054653072750341 
2194	 5.34786766650495E-02 
2195	 5.31991772816424E-02 
2196	 5.25516690842213E-02 
2197	 5.31519207797812E-02 
2198	 5.39671724368101E-02 
2199	 5.35951128969255E-02 
2200	 5.30612193514484E-02 
2201	 5.28170958995304E-02 
2202	 5.21984942062844E-02 
2203	 5.32006327504651E-02 
2204	 5.41895508173524E-02 
2205	 5.33968281945827E-02 
2206	 5.37925020549838E-02 
2207	 5.48472024780067E-02 
2208	 5.51602261261844E-02 
2209	 5.52513265523076E-02 
2210	 0.055166061223847 
2211	 5.43700879477727E-02 
2212	 5.40661601353745E-02 
2213	 5.36132154337915E-02 
2214	 5.35645961530034E-02 
2215	 5.42320358054109E-02 
2216	 5.40512199643211E-02 
2217	 5.35533894417808E-02 
2218	 5.34676037727657E-02 
2219	 5.30835611677811E-02 
2220	 5.25933699466378E-02 
2221	 5.19839304136984E-02 
2222	 5.22479479337307E-02 
2223	 5.33778264375558E-02 
2224	 5.36489725991358E-02 
2225	 0.053857074100273 
2226	 5.46533768766126E-02 
2227	 5.47705742278148E-02 
2228	 5.42236707793259E-02 
2229	 5.36587477132486E-02 
2230	 5.32685536592406E-02 
2231	 5.26999389706127E-02 
2232	 5.18463562291427E-02 
2233	 5.15253897476691E-02 
2234	 5.17260190392332E-02 
2235	 5.07760052923715E-02 
2236	 0.05026619621442 
2237	 5.05778929152568E-02 
2238	 5.19190282128163E-02 
2239	 5.17079968843703E-02 
2240	 5.12328783531332E-02 
2241	 5.14359042943257E-02 
2242	 5.13175601139323E-02 
2243	 5.04628601841374E-02 
2244	 4.96650232883078E-02 
2245	 4.96837163850097E-02 
2246	 4.92333923186117E-02 
2247	 4.86028408180441E-02 
2248	 4.93997894998713E-02 
2249	 4.94085052997777E-02 
2250	 4.80610098940895E-02 
2251	 0.046460844562424 
2252	 4.70425730625165E-02 
2253	 4.76040357502724E-02 
2254	 4.61514538247886E-02 
2255	 4.54234994281235E-02 
2256	 4.66509257391711E-02 
2257	 0.046908321061284 
2258	 0.046270392491685 
2259	 4.62690542594792E-02 
2260	 4.50146269438202E-02 
2261	 4.29744897867769E-02 
2262	 4.30118782084147E-02 
2263	 4.36277947899757E-02 
2264	 4.29955844077911E-02 
2265	 4.22295934426072E-02 
2266	 0.043647934232993 
2267	 0.045386739525036 
2268	 0.044565630524709 
2269	 4.42890408010632E-02 
2270	 4.45298399260102E-02 
2271	 4.30066007655029E-02 
2272	 0.041402558244653 
2273	 4.02582057081212E-02 
2274	 4.06281620609923E-02 
2275	 4.04513980555305E-02 
2276	 3.99198679287041E-02 
2277	 4.10318551600921E-02 
2278	 4.18576055388157E-02 
2279	 4.11181943911213E-02 
2280	 4.15859867387954E-02 
2281	 4.52929032202879E-02 
2282	 4.61084321106672E-02 
2283	 4.44580381703938E-02 
2284	 4.33620710447628E-02 
2285	 0.041001955050633 
2286	 3.97595858659559E-02 
2287	 3.87732373844847E-02 
2288	 3.82544711618353E-02 
2289	 3.87590752906972E-02 
2290	 4.04184810085729E-02 
2291	 4.01018975789159E-02 
2292	 3.89609244270702E-02 
2293	 3.73987640779998E-02 
2294	 3.49878261742226E-02 
2295	 3.49976888794209E-02 
2296	 3.72061358042404E-02 
2297	 0.03917256000409 
2298	 4.03713285604195E-02 
2299	 4.03831943069825E-02 
2300	 3.98659507593515E-02 
2301	 3.84001081192783E-02 
2302	 3.75456751812348E-02 
2303	 3.85192532469223E-02 
2304	 3.84107277930628E-02 
2305	 0.038821527537898 
2306	 3.81825180109606E-02 
2307	 3.48753226265346E-02 
2308	 3.49552455902143E-02 
2309	 3.61264414108244E-02 
2310	 3.51786172886836E-02 
2311	 0.036020359118054 
2312	 3.61941975163065E-02 
2313	 3.48259267994107E-02 
2314	 3.56442289313852E-02 
2315	 3.76934569555917E-02 
2316	 3.88163073991333E-02 
2317	 3.87218445628103E-02 
2318	 3.68819851265165E-02 
2319	 3.64319869098469E-02 
2320	 3.60287842136752E-02 
2321	 0.035130567141247 
2322	 3.44103981670897E-02 
2323	 3.50035778673774E-02 
2324	 3.49833757791323E-02 
2325	 3.39633571005036E-02 
2326	 3.41106004121139E-02 
2327	 3.49069540417973E-02 
2328	 3.46809551308926E-02 
2329	 3.46191072888718E-02 
2330	 3.67644882320346E-02 
2331	 3.72231590473142E-02 
2332	 3.48958834954289E-02 
2333	 3.43127008729793E-02 
2334	 3.50895888895444E-02 
2335	 0.034701983114057 
2336	 3.42748340595909E-02 
2337	 3.46437232987211E-02 
2338	 3.46085042503886E-02 
2339	 3.36156095511896E-02 
2340	 3.19012696430967E-02 
2341	 3.22582842467255E-02 
2342	 3.26338164030279E-02 
2343	 0.032706922969906 
2344	 3.16665278600521E-02 
2345	 0.029356570643079 
2346	 2.92941595705766E-02 
2347	 3.21742119636959E-02 
2348	 3.20082439508915E-02 
2349	 3.12396146833442E-02 
2350	 3.20953500212972E-02 
2351	 2.94902714193224E-02 
2352	 2.97571800498749E-02 
2353	 3.43223075356575E-02 
2354	 3.39693776020617E-02 
2355	 2.88217185796785E-02 
2356	 2.76270714208864E-02 
2357	 3.11783571128273E-02 
2358	 3.36396685375177E-02 
2359	 3.49495086264081E-02 
2360	 3.32321178172047E-02 
2361	 3.04868834362433E-02 
2362	 2.90551088101038E-02 
2363	 2.70708151253132E-02 
2364	 3.10884227007466E-02 
2365	 3.39241792027743E-02 
2366	 2.57093837878958E-02 
2367	 0.025749937755923 
2368	 3.43864905946455E-02 
2369	 3.34081372104915E-02 
2370	 3.33525950580503E-02 
2371	 3.57947476833477E-02 
2372	 2.96070400637194E-02 
2373	 2.79332126917177E-02 
2374	 3.39047537538772E-02 
2375	 3.37360442846098E-02 
2376	 3.19423014727479E-02 
2377	 3.39054784932843E-02 
2378	 3.14899534112846E-02 
2379	 3.07049330610238E-02 
2380	 3.52592995336324E-02 
2381	 3.30802769145486E-02 
2382	 2.96764823039495E-02 
2383	 3.10279565362024E-02 
2384	 2.82406195104918E-02 
2385	 2.37958579611217E-02 
2386	 2.47669393458391E-02 
2387	 2.56199020106126E-02 
2388	 2.67253722886567E-02 
2389	 2.91947552337833E-02 
2390	 2.82138312364772E-02 
2391	 2.71633564419493E-02 
2392	 2.61275189490436E-02 
2393	 2.34617746352116E-02 
2394	 2.50995025733198E-02 
2395	 3.02940474721915E-02 
2396	 3.18098849366666E-02 
2397	 2.98217882149194E-02 
2398	 3.25568987839969E-02 
2399	 3.91416707840108E-02 
2400	 3.84162958923258E-02 
2401	 0.035868001552359 
2402	 3.67988524776842E-02 
2403	 2.48952167400627E-02 
2404	 1.50681141410282E-02 
2405	 2.50604104364353E-02 
2406	 2.12965295555856E-02 
2407	 1.08193038143006E-02 
2408	 2.11092274377352E-02 
2409	 2.51965421582455E-02 
2410	 2.06203564271588E-02 
2411	 2.71016533581071E-02 
2412	 2.83744323450003E-02 
2413	 2.02498010997281E-02 
2414	 2.19535809729293E-02 
2415	 2.60545077254115E-02 
2416	 0.017578296787759 
2417	 1.18802790799998E-02 
2418	 1.18917753329046E-02 
2419	 7.00905972110831E-03 
2420	 1.38143393975178E-02 
2421	 0.022458458740007 
2422	 2.00583130116745E-02 
2423	 2.28093102734294E-02 
2424	 2.72314920704629E-02 
2425	 3.07300565616849E-02 
2426	 2.94516803275939E-02 
2427	 3.09390559424578E-02 
2428	 4.36785347153849E-02 
2429	 0.041674995769163 
2430	 3.47401508731208E-02 
2431	 3.48867527849899E-02 
2432	 1.68053015152097E-02 
2433	 9.8456765609896E-03 
2434	 2.35633894518845E-02 
2435	 3.38736902375209E-02 
2436	 4.20307886315646E-02 
2437	 2.97834726238372E-02 
2438	 1.55851890368321E-02 
2439	 1.11765443584635E-02 
2440	 2.92408201087563E-03 
2441	-2.13685651383378E-03 
2442	-3.87835836243285E-03 
2443	-1.10564850512117E-02 
2444	-1.62566412996496E-02 
2445	 6.11175643185148E-03 
2446	 2.10643657606355E-02 
2447	 2.72536168493125E-02 
2448	 5.03631441433225E-02 
2449	 0.045751476582277 
2450	 3.77965695498911E-02 
2451	 4.99390226205365E-02 
2452	 3.68615207603636E-02 
2453	 3.01288064940746E-02 
2454	 5.18066275301782E-02 
2455	 3.19936423705352E-02 
2456	 4.98981075072027E-03 
2457	 2.13871633256399E-02 
2458	 2.42954511149207E-02 
2459	 2.28837120136287E-02 
2460	 4.49734528193072E-02 
2461	 5.21327563885178E-02 
2462	 4.48767946742164E-02 
2463	 6.08350822275827E-02 
2464	 0.05771614806058 
2465	 1.89058814982998E-02 
2466	 2.15459151082276E-03 
2467	-1.51957035887499E-02 
2468	-8.27373914043326E-03 
2469	 9.43184819314678E-03 
2470	 3.76306460799482E-02 
2471	 2.64979337979233E-02 
2472	-1.14952360805797E-02 
2473	-6.35163978535858E-03 
2474	-2.01374069094918E-03 
2475	 1.89049842634398E-03 
2476	 0.048949095569039 
2477	 5.37380604489768E-02 
2478	 3.05715084486518E-02 
2479	 4.51144612917252E-02 
2480	 1.19140917893594E-02 
2481	 3.41312896661993E-02 
2482	 2.20704706420642E-02 
2483	-2.81129426001522E-02 
2484	 0.06124544823986 
2485	 0.10352410101446 
2486	-2.69149939758738E-02 
2487	-1.50168931565231E-02 
2488	 4.64252977689841E-02 
2489	 8.92214029432493E-02 
2490	 0.237297899438283 
2491	 0.28498951816214 
2492	 7.40451303064421E-02 
2493	-0.172810938672268 
2494	-7.97641450349426E-02 
2495	-0.173835534210243 
2496	-0.095264907658248 
2497	 0.170597011547149 
2498	-0.027559182697726 
2499	 6.34687376561036E-02 
2500	 0.268883217677772 
