Wavelength	09/27/123 at 12:17:13
350	 8.52582702543737E-03 
351	 8.64836954969903E-03 
352	 8.68915621464674E-03 
353	 8.47071639906677E-03 
354	 8.16692793352321E-03 
355	 8.52734294554492E-03 
356	 8.75449505167575E-03 
357	 8.4773533390098E-03 
358	 8.49017942921333E-03 
359	 8.56165306484979E-03 
360	 8.56360684968505E-03 
361	 8.44565055835987E-03 
362	 8.6612273653105E-03 
363	 8.79504134423054E-03 
364	 8.68096069069045E-03 
365	 8.87146596729878E-03 
366	 8.91813913203323E-03 
367	 8.74366032517132E-03 
368	 8.49540208684254E-03 
369	 8.81624041942686E-03 
370	 9.04888338438915E-03 
371	 8.79507972738554E-03 
372	 8.50134697247781E-03 
373	 8.69093910970867E-03 
374	 9.02055006832029E-03 
375	 8.76960743924697E-03 
376	 8.73758219021483E-03 
377	 8.9652914116738E-03 
378	 9.28703693453214E-03 
379	 9.32074198472748E-03 
380	 9.20403984233419E-03 
381	 9.07535846403143E-03 
382	 9.07232495969977E-03 
383	 9.0650446080133E-03 
384	 9.25020390010152E-03 
385	 9.56411266109504E-03 
386	 9.26339909174078E-03 
387	 9.08396913644743E-03 
388	 9.23827923928632E-03 
389	 9.62611054861809E-03 
390	 9.68117902326288E-03 
391	 9.62723889536553E-03 
392	 9.67350418807043E-03 
393	 9.88139769272413E-03 
394	 9.83737165756886E-03 
395	 9.61772931764088E-03 
396	 9.50520184444282E-03 
397	 9.69337495648709E-03 
398	 9.89467169711202E-03 
399	 9.96550071993339E-03 
400	 1.00776499677221E-02 
401	 1.00345612043115E-02 
402	 9.96145492352262E-03 
403	 1.00526260054443E-02 
404	 0.010065366038227 
405	 1.01144278636539E-02 
406	 1.02500974346118E-02 
407	 1.03606998536254E-02 
408	 1.03763223899999E-02 
409	 1.04108367600064E-02 
410	 0.01060608147465 
411	 1.07126306477556E-02 
412	 1.07867474424263E-02 
413	 1.09022540908782E-02 
414	 1.11224131788846E-02 
415	 1.13596652657844E-02 
416	 1.15213040007671E-02 
417	 1.15361500283654E-02 
418	 1.14818325297494E-02 
419	 1.15075496418646E-02 
420	 1.16585176514077E-02 
421	 1.18234666652647E-02 
422	 0.011906065646338 
423	 1.19687481330104E-02 
424	 1.21132413549423E-02 
425	 1.22384009786683E-02 
426	 1.23022106837564E-02 
427	 1.23479356807141E-02 
428	 1.25506856886433E-02 
429	 1.26915593875526E-02 
430	 1.27481718816514E-02 
431	 1.27712037040773E-02 
432	 1.27958272940446E-02 
433	 1.28860178002674E-02 
434	 1.30218812578025E-02 
435	 1.30723146752022E-02 
436	 1.31649188988219E-02 
437	 1.32853559806741E-02 
438	 1.33838711687454E-02 
439	 1.34640724732764E-02 
440	 0.013561443009723 
441	 1.36568801295395E-02 
442	 1.36544727535169E-02 
443	 1.37040077922572E-02 
444	 1.37899190775256E-02 
445	 1.38673967130826E-02 
446	 1.40150443567345E-02 
447	 1.41527898833202E-02 
448	 1.42506412022346E-02 
449	 1.43513044367193E-02 
450	 1.44228388789293E-02 
451	 1.44885112876077E-02 
452	 1.45772741871045E-02 
453	 1.46721974791261E-02 
454	 1.47442834057418E-02 
455	 1.47805747156485E-02 
456	 1.47877152929625E-02 
457	 1.48489121901799E-02 
458	 1.49432772620277E-02 
459	 1.50217780320102E-02 
460	 1.50539399612465E-02 
461	 1.50911552576824E-02 
462	 1.51436950166088E-02 
463	 1.51754755493207E-02 
464	 1.52850430928491E-02 
465	 0.01541662154321 
466	 1.54896696148555E-02 
467	 1.54940581600614E-02 
468	 0.015485336309895 
469	 0.015513077593221 
470	 1.56152754816669E-02 
471	 1.57356580073745E-02 
472	 1.58067475299456E-02 
473	 1.58025593772019E-02 
474	 1.58265409386931E-02 
475	 1.58968223483064E-02 
476	 1.59718587476966E-02 
477	 1.59704300606722E-02 
478	 1.60225353514397E-02 
479	 1.61053408475158E-02 
480	 1.61803934981366E-02 
481	 1.62551534956718E-02 
482	 1.63125622816385E-02 
483	 1.63756229542705E-02 
484	 1.64871095305291E-02 
485	 1.65201877283671E-02 
486	 1.65809697173277E-02 
487	 1.67307900625198E-02 
488	 1.68078563909463E-02 
489	 0.016888009570398 
490	 1.69992056908793E-02 
491	 1.71400864814597E-02 
492	 1.72553815509332E-02 
493	 1.73822779358585E-02 
494	 1.75379496699577E-02 
495	 1.76610154415973E-02 
496	 1.78317538234499E-02 
497	 1.80556306893866E-02 
498	 1.83078714069104E-02 
499	 1.86340307077903E-02 
500	 1.89672690284403E-02 
501	 1.92587668190234E-02 
502	 0.019505401319648 
503	 1.98037188741522E-02 
504	 2.01877500977631E-02 
505	 2.06603805700835E-02 
506	 2.12152490596052E-02 
507	 2.17548184794655E-02 
508	 2.22635956730178E-02 
509	 2.28507985828236E-02 
510	 2.34905973710282E-02 
511	 2.41734490675317E-02 
512	 2.49010497058345E-02 
513	 2.57116562040446E-02 
514	 2.65848212231246E-02 
515	 0.027499901768647 
516	 2.84358301173735E-02 
517	 2.94087010418297E-02 
518	 3.04621407516658E-02 
519	 3.15868907712796E-02 
520	 3.26012362431363E-02 
521	 3.36412261507941E-02 
522	 3.47368684890582E-02 
523	 3.58029792258403E-02 
524	 3.68437012765119E-02 
525	 3.78591071554489E-02 
526	 3.88574256195576E-02 
527	 3.98735365399248E-02 
528	 4.08323009945456E-02 
529	 4.16924401624958E-02 
530	 4.24670727472429E-02 
531	 4.32430417894922E-02 
532	 4.39860672708259E-02 
533	 4.46524760536484E-02 
534	 4.52546225626358E-02 
535	 4.58617593126407E-02 
536	 4.64396647302425E-02 
537	 4.69058782171937E-02 
538	 4.73704170063304E-02 
539	 4.78379266162426E-02 
540	 4.82862107571125E-02 
541	 4.86631252297019E-02 
542	 4.90577382659743E-02 
543	 4.94624721688482E-02 
544	 4.98305792008375E-02 
545	 5.01341868547502E-02 
546	 5.04197231744877E-02 
547	 5.07127222552917E-02 
548	 5.09920022295164E-02 
549	 5.12581094790049E-02 
550	 5.15050918216076E-02 
551	 0.051724887660434 
552	 0.051911585545038 
553	 5.20015048350242E-02 
554	 5.19901586437546E-02 
555	 5.19465437067416E-02 
556	 5.18564261827622E-02 
557	 5.17179354060089E-02 
558	 5.15323140094087E-02 
559	 0.051299187418885 
560	 5.10203989738652E-02 
561	 5.07490824265284E-02 
562	 5.05707993225442E-02 
563	 5.02643823552115E-02 
564	 4.98866192300703E-02 
565	 4.95156685447588E-02 
566	 4.90999455351218E-02 
567	 4.86740401727245E-02 
568	 4.82050737429526E-02 
569	 4.76292891572783E-02 
570	 4.71206877477629E-02 
571	 4.66253083248346E-02 
572	 4.60999753900966E-02 
573	 4.55991794359113E-02 
574	 0.045122713602687 
575	 4.46617209124015E-02 
576	 4.42210587242888E-02 
577	 4.38970835122629E-02 
578	 4.35924947817914E-02 
579	 4.32649853447882E-02 
580	 4.29884582261416E-02 
581	 4.26888743843704E-02 
582	 4.23866065107729E-02 
583	 4.21262105353532E-02 
584	 4.19076502532363E-02 
585	 4.16800806773206E-02 
586	 4.14615426288129E-02 
587	 4.13426585199706E-02 
588	 4.11561817404301E-02 
589	 4.09533157851057E-02 
590	 4.08105141759466E-02 
591	 4.06445455231334E-02 
592	 4.05044430080889E-02 
593	 0.040413307491413 
594	 4.03767641623049E-02 
595	 4.03061237461622E-02 
596	 4.02311766410379E-02 
597	 4.01708892637939E-02 
598	 4.00614435719254E-02 
599	 4.00243116299933E-02 
600	 3.99964101571913E-02 
601	 3.98544943061981E-02 
602	 3.97175105784672E-02 
603	 3.95614426718321E-02 
604	 3.93767423917134E-02 
605	 0.039194901219675 
606	 3.89629220609003E-02 
607	 3.87207553539384E-02 
608	 0.038507655497894 
609	 3.82328680877071E-02 
610	 3.79265714952603E-02 
611	 3.76125225280586E-02 
612	 0.037297366388375 
613	 3.69625879144191E-02 
614	 3.66589072914987E-02 
615	 3.64170164910978E-02 
616	 3.61729238341558E-02 
617	 3.59308759219238E-02 
618	 3.56970353750645E-02 
619	 3.54727836291442E-02 
620	 3.52766710497613E-02 
621	 3.51243298071897E-02 
622	 3.50167724527312E-02 
623	 3.49316208445926E-02 
624	 3.49021061527376E-02 
625	 3.48824004260856E-02 
626	 3.48191550215894E-02 
627	 3.47950681557645E-02 
628	 3.47999428755834E-02 
629	 3.48159061886956E-02 
630	 3.48221261774522E-02 
631	 3.47864388636059E-02 
632	 3.47062795653612E-02 
633	 3.45966743428691E-02 
634	 3.44959828230126E-02 
635	 3.44011152301401E-02 
636	 3.42557697030325E-02 
637	 3.39827801720299E-02 
638	 3.36847160087762E-02 
639	 3.33645057162607E-02 
640	 3.30115140246226E-02 
641	 0.032617628823396 
642	 3.22456552264411E-02 
643	 0.031878646743968 
644	 3.14808577187094E-02 
645	 3.11304062997106E-02 
646	 3.07620582467083E-02 
647	 3.03967104479622E-02 
648	 3.01597065738717E-02 
649	 2.99052777519649E-02 
650	 2.96861679126509E-02 
651	 2.95416589667683E-02 
652	 2.93174341976755E-02 
653	 2.91001382245526E-02 
654	 2.89231454347099E-02 
655	 2.87700477305098E-02 
656	 0.028577721481784 
657	 2.82934501549836E-02 
658	 2.79461733660322E-02 
659	 2.76362010957901E-02 
660	 2.72950057478799E-02 
661	 0.026957260114433 
662	 2.66597371022313E-02 
663	 2.63167423707081E-02 
664	 2.59921888850272E-02 
665	 2.57155303237481E-02 
666	 2.54639459491621E-02 
667	 0.02527544395145 
668	 2.50911937763543E-02 
669	 2.48974634603988E-02 
670	 2.48708869208712E-02 
671	 2.48351811398263E-02 
672	 2.47725731175407E-02 
673	 2.47510621029533E-02 
674	 2.48061140823203E-02 
675	 0.024912043861606 
676	 2.50280270585187E-02 
677	 2.51037896700568E-02 
678	 2.52489129420011E-02 
679	 2.54856414867149E-02 
680	 0.025795647347818 
681	 2.61142255678775E-02 
682	 2.64755404638607E-02 
683	 2.69607318947191E-02 
684	 2.76700877954121E-02 
685	 2.85566224777921E-02 
686	 2.97139281898132E-02 
687	 3.11748918632734E-02 
688	 3.25392732672807E-02 
689	 3.40811189305828E-02 
690	 3.58935688630653E-02 
691	 3.79551924367094E-02 
692	 0.040334264966305 
693	 4.30577261716789E-02 
694	 4.60965387658301E-02 
695	 4.93102017077715E-02 
696	 5.26506299661379E-02 
697	 5.61521134263818E-02 
698	 5.99153831706219E-02 
699	 6.38471662312536E-02 
700	 6.79227050104425E-02 
701	 0.072057800216253 
702	 7.61735110410102E-02 
703	 0.080347354036975 
704	 8.45096398719748E-02 
705	 0.08867740882066 
706	 9.28553682635049E-02 
707	 9.70733621210974E-02 
708	 0.101306151254432 
709	 0.105541874826687 
710	 0.109812038734582 
711	 0.114076599836854 
712	 0.118366118131307 
713	 0.122695841610707 
714	 0.126970014066268 
715	 0.131186821877868 
716	 0.135460304746934 
717	 0.139739363437193 
718	 0.14422999042879 
719	 0.148816616747289 
720	 0.153179786135402 
721	 0.157216122473648 
722	 0.160972441774156 
723	 0.164814754119634 
724	 0.168687072756365 
725	 0.17249385538265 
726	 0.176143107580001 
727	 0.179668368093839 
728	 0.182988060094939 
729	 0.18615541723466 
730	 0.189194493897027 
731	 0.192092668131957 
732	 0.194790497017284 
733	 0.197306196462949 
734	 0.199702148457515 
735	 0.202018669445672 
736	 0.204238538862145 
737	 0.206287779003888 
738	 0.208177479757564 
739	 0.210015847123288 
740	 0.211766896716498 
741	 0.213377231041541 
742	 0.214829004557923 
743	 0.216234065178844 
744	 0.21751353160668 
745	 0.218678990349652 
746	 0.219778983443554 
747	 0.220843293091129 
748	 0.221819592825204 
749	 0.222686497302549 
750	 0.223476109798547 
751	 0.224297254126094 
752	 0.225081523550371 
753	 0.225764145515614 
754	 0.226416450073082 
755	 0.227089722351573 
756	 0.227798027866535 
757	 0.228569819359293 
758	 0.229601138137957 
759	 0.230877434222574 
760	 0.232302371176701 
761	 0.233201851622335 
762	 0.233461870378077 
763	 0.233370355220443 
764	 0.233206771891126 
765	 0.233092022838826 
766	 0.233077750923796 
767	 0.233154371115677 
768	 0.233304451229918 
769	 0.233514073278116 
770	 0.233759626433696 
771	 0.234056792090534 
772	 0.234444143593118 
773	 0.234744937095627 
774	 0.235030419014121 
775	 0.235358935480697 
776	 0.235692103563493 
777	 0.23603541279027 
778	 0.236340841465638 
779	 0.236595950676143 
780	 0.236996973204333 
781	 0.237388002420212 
782	 0.237704279924263 
783	 0.237959414813207 
784	 0.238257759286298 
785	 0.238576003862261 
786	 0.23888349919741 
787	 0.239165707632718 
788	 0.239474084284797 
789	 0.239803895605795 
790	 0.240145370426048 
791	 0.240523437997203 
792	 0.240835063038275 
793	 0.241107474843309 
794	 0.241413057098161 
795	 0.24171832248495 
796	 0.242037621150835 
797	 0.242354931494591 
798	 0.242634498671507 
799	 0.24291190811544 
800	 0.243214112975151 
801	 0.243543906061378 
802	 0.243870071903113 
803	 0.244225741612631 
804	 0.244579153569932 
805	 0.244890599875198 
806	 0.245152715678382 
807	 0.245398002091969 
808	 0.2456566967062 
809	 0.245944550515212 
810	 0.246251511006841 
811	 0.246521622495115 
812	 0.246736355326203 
813	 0.246929079621424 
814	 0.247117941530915 
815	 0.247360790951277 
816	 0.247699450403495 
817	 0.248141085519619 
818	 0.24842007421534 
819	 0.248682409602129 
820	 0.249067929530319 
821	 0.249241289499262 
822	 0.249399790595561 
823	 0.249693238371009 
824	 0.250164469731055 
825	 0.250446786010811 
826	 0.250703963308047 
827	 0.25097518734562 
828	 0.25115541105237 
829	 0.251445388872957 
830	 0.251749149597368 
831	 0.252006120602043 
832	 0.252303105076629 
833	 0.252562867891321 
834	 0.252811021411417 
835	 0.253093685503371 
836	 0.253404727998089 
837	 0.253729902462693 
838	 0.254043656899203 
839	 0.254326306989034 
840	 0.254623271899364 
841	 0.254918738250133 
842	 0.255195266167386 
843	 0.255442204519262 
844	 0.25574953118408 
845	 0.256058266477058 
846	 0.256362970859913 
847	 0.256753423639394 
848	 0.256931862473184 
849	 0.257177815336378 
850	 0.257643500538476 
851	 0.257854530365909 
852	 0.258006267303022 
853	 0.258199509825428 
854	 0.258498099134937 
855	 0.258921165877107 
856	 0.259213847061429 
857	 0.259408072478219 
858	 0.259671678982459 
859	 0.259937051634195 
860	 0.260253498485214 
861	 0.260594489288892 
862	 0.260873158363976 
863	 0.261171485682632 
864	 0.261345211806667 
865	 0.261394739468181 
866	 0.261592042979552 
867	 0.261879679419454 
868	 0.262167105659584 
869	 0.262431271825126 
870	 0.262843692968105 
871	 0.263028288291924 
872	 0.263130531102398 
873	 0.26340277498288 
874	 0.263781362878862 
875	 0.26405980074882 
876	 0.264309601769525 
877	 0.264676858462138 
878	 0.264910755680087 
879	 0.264992885866985 
880	 0.265059258954053 
881	 0.265334695782504 
882	 0.26562091790608 
883	 0.265941173989289 
884	 0.266261049301431 
885	 0.266461733883668 
886	 0.266482101458162 
887	 0.266555748126859 
888	 0.266842194859759 
889	 0.267246115191423 
890	 0.267414148665442 
891	 0.267440855099355 
892	 0.267520379155302 
893	 0.267796728169736 
894	 0.267825171293298 
895	 0.267707643407913 
896	 0.2677310940971 
897	 0.267900424110655 
898	 0.268140139821076 
899	 0.268316396049618 
900	 0.268351316198655 
901	 0.268566467058925 
902	 0.2688722468217 
903	 0.269112169691309 
904	 0.269155972825441 
905	 0.269388879128045 
906	 0.269606502994645 
907	 0.269711305512297 
908	 0.269761099716835 
909	 0.269776844643841 
910	 0.269821231387252 
911	 0.269952027788613 
912	 0.270185270105169 
913	 0.270052222433106 
914	 0.270064512868514 
915	 0.270445993197247 
916	 0.270545088888351 
917	 0.270870121981901 
918	 0.27130006207153 
919	 0.271611803833054 
920	 0.271745476725267 
921	 0.271651563212719 
922	 0.271521456232262 
923	 0.271553678661205 
924	 0.271725321775419 
925	 0.271744238002351 
926	 0.271420836014666 
927	 0.270725284393152 
928	 0.270012459221803 
929	 0.269903916028337 
930	 0.269855453516906 
931	 0.268694626240585 
932	 0.267929826209329 
933	 0.267127227291802 
934	 0.266369157957437 
935	 0.266147788826218 
936	 0.265832382954863 
937	 0.265699663432069 
938	 0.265887052977694 
939	 0.266292772143751 
940	 0.266622274724933 
941	 0.266329824552608 
942	 0.265599083384669 
943	 0.265292143784962 
944	 0.265567032194779 
945	 0.265603816077183 
946	 0.264854690747934 
947	 0.263476349198993 
948	 0.262761475978349 
949	 0.262486722653415 
950	 0.262167041366577 
951	 0.261499171209274 
952	 0.261760482141242 
953	 0.261736781398702 
954	 0.260898735539441 
955	 0.260541414561042 
956	 0.260204175381827 
957	 0.259854905952652 
958	 0.259588342341251 
959	 0.259556451281156 
960	 0.259467966705161 
961	 0.259089281200012 
962	 0.258614916141164 
963	 0.258987689604043 
964	 0.259345029222417 
965	 0.259387217428171 
966	 0.259177657110177 
967	 0.259193438779024 
968	 0.259605577092258 
969	 0.260098300640245 
970	 0.260244973616154 
971	 0.259697185968462 
972	 0.259689041979804 
973	 0.260111855278922 
974	 0.260405836674066 
975	 0.260208677596924 
976	 0.260111525659331 
977	 0.260317616903049 
978	 0.2607643855345 
979	 0.261101085786367 
980	 0.261198535623426 
981	 0.26125999642521 
982	 0.261621851992849 
983	 0.262673968001481 
984	 0.263005041100762 
985	 0.262779324510299 
986	 0.262779272908516 
987	 0.263515449577117 
988	 0.263994841542985 
989	 0.264443609836027 
990	 0.265218764178191 
991	 0.265205568542213 
992	 0.265121310102359 
993	 0.265297775226369 
994	 0.265798426207986 
995	 0.26644670516992 
996	 0.266822932544842 
997	 0.266876113452263 
998	 0.266782132148163 
999	 0.266742967460819 
1000	 0.267168784736385 
1001	 0.279363617396045 
1002	 0.279979280664274 
1003	 0.280435238046529 
1004	 0.28095218052773 
1005	 0.281526885673737 
1006	 0.28195946426228 
1007	 0.282245845590248 
1008	 0.282747225091689 
1009	 0.283123103142343 
1010	 0.283645255277193 
1011	 0.284261551183827 
1012	 0.284672430429159 
1013	 0.285194026760558 
1014	 0.285668276144319 
1015	 0.286248781751525 
1016	 0.286994646454252 
1017	 0.287594779400315 
1018	 0.288175888446657 
1019	 0.288746743042615 
1020	 0.289104979914765 
1021	 0.289422670290283 
1022	 0.289877858779198 
1023	 0.29031708927627 
1024	 0.291022543552926 
1025	 0.291724998929986 
1026	 0.292211934461025 
1027	 0.292755940370378 
1028	 0.293081415239827 
1029	 0.293301777348107 
1030	 0.293704797188048 
1031	 0.294160528865045 
1032	 0.294661691608603 
1033	 0.295223259287407 
1034	 0.295781293773559 
1035	 0.296343545823609 
1036	 0.296872018126818 
1037	 0.297307355244745 
1038	 0.297819368437575 
1039	 0.298276005607589 
1040	 0.298516368500191 
1041	 0.298973534103095 
1042	 0.299528122545917 
1043	 0.299878507741573 
1044	 0.300244203233559 
1045	 0.300672294107059 
1046	 0.300931632722013 
1047	 0.30113022132 
1048	 0.301573881700437 
1049	 0.302136950430867 
1050	 0.302775567216082 
1051	 0.303339079323694 
1052	 0.303739798803475 
1053	 0.304032689002439 
1054	 0.304170644506809 
1055	 0.304227231140808 
1056	 0.304360547147703 
1057	 0.304589406680671 
1058	 0.30489029944975 
1059	 0.305232199427997 
1060	 0.305732918571831 
1061	 0.306058289601607 
1062	 0.306445976754114 
1063	 0.306854541876838 
1064	 0.307126924894259 
1065	 0.307446927524768 
1066	 0.307603966843356 
1067	 0.307662416919562 
1068	 0.307927436425425 
1069	 0.308199674712943 
1070	 0.30839952432429 
1071	 0.308711026867681 
1072	 0.308885960638991 
1073	 0.308884446365439 
1074	 0.308912974792947 
1075	 0.308945491627837 
1076	 0.308996757128156 
1077	 0.308914070031204 
1078	 0.308886416524058 
1079	 0.30888888592744 
1080	 0.308712589292379 
1081	 0.308702513311278 
1082	 0.308778448219994 
1083	 0.30878252183799 
1084	 0.30883255847707 
1085	 0.308875377247868 
1086	 0.308857693145764 
1087	 0.308821548099041 
1088	 0.30881533302382 
1089	 0.308783674750315 
1090	 0.308689863811106 
1091	 0.308590623342301 
1092	 0.308468736817282 
1093	 0.30836676400904 
1094	 0.308192993554596 
1095	 0.307996255082438 
1096	 0.307833822786137 
1097	 0.307685165483221 
1098	 0.307551145548457 
1099	 0.307460395097102 
1100	 0.307296662801715 
1101	 0.307126897794973 
1102	 0.306911640193006 
1103	 0.306662321515889 
1104	 0.306369510803742 
1105	 0.305920363599916 
1106	 0.305673782335233 
1107	 0.305562964667402 
1108	 0.305288630825718 
1109	 0.305293640531024 
1110	 0.305058800939551 
1111	 0.304784774304643 
1112	 0.304290756805835 
1113	 0.303893451715314 
1114	 0.303315722154759 
1115	 0.303043080332955 
1116	 0.303050332501329 
1117	 0.302816405716127 
1118	 0.302885555139941 
1119	 0.302549147471164 
1120	 0.301684407319946 
1121	 0.300890727476593 
1122	 0.299770142783149 
1123	 0.29879746203768 
1124	 0.29786254083936 
1125	 0.297072670138716 
1126	 0.29605240037224 
1127	 0.295220235848478 
1128	 0.294080177744547 
1129	 0.29276521400897 
1130	 0.291481146011056 
1131	 0.290290111801321 
1132	 0.288963535533531 
1133	 0.287608998549711 
1134	 0.286283984953015 
1135	 0.284982562657016 
1136	 0.283632680072344 
1137	 0.282236398507525 
1138	 0.280909542589984 
1139	 0.279678928082381 
1140	 0.278228695734005 
1141	 0.276834800219289 
1142	 0.27550740041311 
1143	 0.274030705133789 
1144	 0.272465415813901 
1145	 0.270894165309469 
1146	 0.269408610992922 
1147	 0.267671219803803 
1148	 0.26560698026277 
1149	 0.263941141656846 
1150	 0.262439526816448 
1151	 0.260852351463572 
1152	 0.25944926675198 
1153	 0.258094392959195 
1154	 0.256611237911399 
1155	 0.255215043329994 
1156	 0.254546289998095 
1157	 0.253787269284269 
1158	 0.253020550206007 
1159	 0.252496620031485 
1160	 0.25175097766643 
1161	 0.250656391714347 
1162	 0.250165501362431 
1163	 0.249806710925292 
1164	 0.249607135581716 
1165	 0.249858020757713 
1166	 0.249745446533468 
1167	 0.249633641017914 
1168	 0.249347062836664 
1169	 0.248799238919021 
1170	 0.248376149875807 
1171	 0.247858380431054 
1172	 0.247439519823226 
1173	 0.247144319983027 
1174	 0.246855123753689 
1175	 0.246588650235334 
1176	 0.246369114162746 
1177	 0.246127745726084 
1178	 0.24590662899022 
1179	 0.245645811240775 
1180	 0.245343089632667 
1181	 0.245110844564736 
1182	 0.244878614582959 
1183	 0.244647407496818 
1184	 0.244501577345649 
1185	 0.244256157023551 
1186	 0.243861474184738 
1187	 0.243636824976715 
1188	 0.243468107782694 
1189	 0.243325973923513 
1190	 0.243297348631364 
1191	 0.243272773415804 
1192	 0.243094094386662 
1193	 0.242914124557102 
1194	 0.242751026910895 
1195	 0.242428135017173 
1196	 0.24243657451608 
1197	 0.242670462707385 
1198	 0.242762217755377 
1199	 0.243034268825305 
1200	 0.243186910903461 
1201	 0.243106997302916 
1202	 0.243202211220215 
1203	 0.243462579472708 
1204	 0.243605880954524 
1205	 0.243665940657981 
1206	 0.24387785603447 
1207	 0.244076427281403 
1208	 0.244256892499979 
1209	 0.244685953560505 
1210	 0.24524265248879 
1211	 0.24565924919234 
1212	 0.245870728694209 
1213	 0.246075359118483 
1214	 0.246355130071056 
1215	 0.24670591985157 
1216	 0.247178014565246 
1217	 0.247684346019346 
1218	 0.248317421444224 
1219	 0.248761688860554 
1220	 0.249136758251332 
1221	 0.249597412163184 
1222	 0.249960956590566 
1223	 0.250372964375685 
1224	 0.250850977938653 
1225	 0.251419220900244 
1226	 0.251871772651422 
1227	 0.252426361260238 
1228	 0.25297203502255 
1229	 0.25342046413035 
1230	 0.25385894836966 
1231	 0.254235502369757 
1232	 0.254669741927577 
1233	 0.25519407594148 
1234	 0.255661588895248 
1235	 0.256048000523441 
1236	 0.2564241877997 
1237	 0.256723233246804 
1238	 0.257037680937221 
1239	 0.257315378139 
1240	 0.257697667553825 
1241	 0.258108317306072 
1242	 0.258501660315326 
1243	 0.258946276619607 
1244	 0.259452363512653 
1245	 0.259781803964088 
1246	 0.260074700399838 
1247	 0.260396036141998 
1248	 0.260602633230209 
1249	 0.260876906342509 
1250	 0.261330906618663 
1251	 0.261627510752524 
1252	 0.261946197739782 
1253	 0.26238092733348 
1254	 0.262481481731185 
1255	 0.262661640327614 
1256	 0.263027967034291 
1257	 0.263262817372452 
1258	 0.263419330847129 
1259	 0.263650966806974 
1260	 0.263791001017775 
1261	 0.264015350638508 
1262	 0.264298194229478 
1263	 0.264677522790704 
1264	 0.264794982533788 
1265	 0.264933982222821 
1266	 0.265039513285457 
1267	 0.264917480413706 
1268	 0.265165155299844 
1269	 0.265579625362548 
1270	 0.265438684746445 
1271	 0.265277272054633 
1272	 0.265328809599032 
1273	 0.265268205814604 
1274	 0.265408156007596 
1275	 0.265764247924827 
1276	 0.265776910825389 
1277	 0.265494823469529 
1278	 0.265362751275087 
1279	 0.265253532743155 
1280	 0.265061569364731 
1281	 0.264839529407497 
1282	 0.264666421708508 
1283	 0.264503764120695 
1284	 0.264157924838246 
1285	 0.263896072802554 
1286	 0.263718994549872 
1287	 0.263416214907549 
1288	 0.263228306719532 
1289	 0.263052924224524 
1290	 0.262679824696903 
1291	 0.262298749479605 
1292	 0.261938804921846 
1293	 0.261548936468568 
1294	 0.261182735174465 
1295	 0.260833251627832 
1296	 0.260447368190506 
1297	 0.259946842519215 
1298	 0.259379193807876 
1299	 0.258861954655296 
1300	 0.258245851622527 
1301	 0.257566432373588 
1302	 0.256937440874878 
1303	 0.256275714926115 
1304	 0.255587408492585 
1305	 0.254733375899869 
1306	 0.25374495181422 
1307	 0.253045744336919 
1308	 0.252085605517241 
1309	 0.251023178961727 
1310	 0.250331275846208 
1311	 0.249162307420521 
1312	 0.247988747299932 
1313	 0.247222318674271 
1314	 0.246109959593154 
1315	 0.244925643170834 
1316	 0.243758912460816 
1317	 0.24238560537427 
1318	 0.241055172917646 
1319	 0.239974886275766 
1320	 0.238907203497013 
1321	 0.237550291026524 
1322	 0.236277254151669 
1323	 0.235091217534023 
1324	 0.233543986933434 
1325	 0.23198002589226 
1326	 0.230681867999815 
1327	 0.229182677619706 
1328	 0.227757536282037 
1329	 0.226747361438658 
1330	 0.22527938214459 
1331	 0.22354888921281 
1332	 0.221574243370594 
1333	 0.219961398417758 
1334	 0.218346573435014 
1335	 0.217227179138485 
1336	 0.216466132947517 
1337	 0.215034577008823 
1338	 0.213312205583252 
1339	 0.211881442287019 
1340	 0.210817186579408 
1341	 0.209873563913357 
1342	 0.208882021959973 
1343	 0.207836804711581 
1344	 0.206580528235853 
1345	 0.205942285391809 
1346	 0.205680665306562 
1347	 0.204760015570878 
1348	 0.203541653850561 
1349	 0.201969949860981 
1350	 0.200572158302515 
1351	 0.200985383820049 
1352	 0.201738691302696 
1353	 0.200340890637537 
1354	 0.198844247319942 
1355	 0.197369368418559 
1356	 0.19383120739304 
1357	 0.193347593234112 
1358	 0.194072624300653 
1359	 0.192604169017514 
1360	 0.185495632132905 
1361	 0.179100873565437 
1362	 0.174215749273129 
1363	 0.170256007327075 
1364	 0.166026701820963 
1365	 0.16446940881845 
1366	 0.172731140416605 
1367	 0.174494457237993 
1368	 0.17970590655995 
1369	 0.201083808494904 
1370	 0.172801380042378 
1371	 0.156527314858801 
1372	 0.201352723694374 
1373	 0.218284395836431 
1374	 0.185687339126868 
1375	 0.151658418254992 
1376	 0.135851334604927 
1377	 0.116009592414536 
1378	 0.16388624556059 
1379	 0.254722027268799 
1380	 0.227770846473753 
1381	 0.182575426063893 
1382	 0.18929010135484 
1383	 0.172381140208288 
1384	 0.121378899008186 
1385	 0.114306034866877 
1386	 0.118101596145891 
1387	 8.02374218606511E-02 
1388	 0.114985278234685 
1389	 0.125767350869072 
1390	 0.146428997096566 
1391	 0.105717912993994 
1392	 9.50423903980479E-02 
1393	 8.44729470672366E-02 
1394	 9.09759759126993E-02 
1395	 0.102380168177706 
1396	 8.45310179128481E-02 
1397	 6.96885134084929E-02 
1398	 6.90490569026153E-02 
1399	 8.52982792739622E-02 
1400	 9.86449551348355E-02 
1401	 9.19196911569645E-02 
1402	 7.26208349448752E-02 
1403	 5.20227256321024E-02 
1404	 6.04437445906329E-02 
1405	 7.99968241988091E-02 
1406	 7.90979812488341E-02 
1407	 6.84168152213248E-02 
1408	 5.92524122129087E-02 
1409	 5.55702206543592E-02 
1410	 0.060019255326107 
1411	 7.11124342362638E-02 
1412	 7.04419842615927E-02 
1413	 5.97407475096798E-02 
1414	 0.058623693828578 
1415	 5.84439597467629E-02 
1416	 0.055947320177075 
1417	 5.84569155637439E-02 
1418	 5.84511503581943E-02 
1419	 5.48677591355619E-02 
1420	 5.41085413508545E-02 
1421	 5.52121602931918E-02 
1422	 5.56005123150284E-02 
1423	 5.46056172980227E-02 
1424	 5.41709339686184E-02 
1425	 5.33201617009604E-02 
1426	 5.27349837523187E-02 
1427	 5.16578077919718E-02 
1428	 5.29312817157629E-02 
1429	 5.26291179647686E-02 
1430	 5.07235618810542E-02 
1431	 5.04459337100813E-02 
1432	 4.96376806899614E-02 
1433	 4.92875622068488E-02 
1434	 5.09085664138879E-02 
1435	 5.09723285297244E-02 
1436	 4.90340318301473E-02 
1437	 4.83060577208486E-02 
1438	 4.89024331779264E-02 
1439	 4.88127678111456E-02 
1440	 4.91705969645673E-02 
1441	 4.99140401143472E-02 
1442	 4.93917028556983E-02 
1443	 4.91696089844289E-02 
1444	 4.92449636863164E-02 
1445	 4.86392772423413E-02 
1446	 0.048317997945465 
1447	 4.84965963816561E-02 
1448	 4.86523725582819E-02 
1449	 4.86192047522595E-02 
1450	 4.85127208830607E-02 
1451	 4.82759328858155E-02 
1452	 4.80535993692899E-02 
1453	 4.85996642583123E-02 
1454	 4.92151312418498E-02 
1455	 4.89818736897994E-02 
1456	 4.89113330745912E-02 
1457	 4.89996080797016E-02 
1458	 4.88006519438648E-02 
1459	 4.88962207999524E-02 
1460	 4.88697298007751E-02 
1461	 4.87900323349789E-02 
1462	 4.92758972632316E-02 
1463	 4.95835708942932E-02 
1464	 4.96475613848789E-02 
1465	 0.049961831182005 
1466	 5.00886533789615E-02 
1467	 5.00210237158184E-02 
1468	 5.05233982617547E-02 
1469	 5.10889440797497E-02 
1470	 5.13641316180446E-02 
1471	 5.12310643268808E-02 
1472	 0.051566296664399 
1473	 5.20064985400015E-02 
1474	 0.052002159648356 
1475	 5.22008311064914E-02 
1476	 5.23964720210103E-02 
1477	 5.21539892477244E-02 
1478	 5.26808461139207E-02 
1479	 0.053758205492327 
1480	 0.054271082556199 
1481	 5.45629572748058E-02 
1482	 5.46664874836559E-02 
1483	 0.054945465536232 
1484	 5.55425532916487E-02 
1485	 0.056178470522833 
1486	 5.68412925880101E-02 
1487	 5.72060824500439E-02 
1488	 5.75696739803247E-02 
1489	 5.82068016872953E-02 
1490	 5.87584095243476E-02 
1491	 5.91349851438738E-02 
1492	 5.94001315991403E-02 
1493	 5.98446340181185E-02 
1494	 6.04699273090525E-02 
1495	 6.08594516811981E-02 
1496	 6.12937919316917E-02 
1497	 6.18874501999542E-02 
1498	 6.22824385242871E-02 
1499	 6.27394435853234E-02 
1500	 6.32998352619895E-02 
1501	 6.36819857855594E-02 
1502	 6.41711636225881E-02 
1503	 6.48290213501813E-02 
1504	 6.52667198282446E-02 
1505	 6.56118826478452E-02 
1506	 6.62182349155275E-02 
1507	 6.68651832869702E-02 
1508	 6.75043566154885E-02 
1509	 6.83243978507104E-02 
1510	 6.89295638065435E-02 
1511	 0.069335846365509 
1512	 6.98329743529078E-02 
1513	 7.02896462945437E-02 
1514	 7.07730916904485E-02 
1515	 7.12860812072773E-02 
1516	 7.18814056706979E-02 
1517	 7.24924584031054E-02 
1518	 7.29877122199984E-02 
1519	 7.35932981545438E-02 
1520	 7.43690141538599E-02 
1521	 7.51246762846915E-02 
1522	 0.075633493503833 
1523	 7.60744904295023E-02 
1524	 7.66415585521933E-02 
1525	 7.71610515731327E-02 
1526	 7.77401138058852E-02 
1527	 7.84918247538438E-02 
1528	 7.90931563139337E-02 
1529	 7.95182870543067E-02 
1530	 8.01715906052023E-02 
1531	 8.08275243325568E-02 
1532	 8.15563913880203E-02 
1533	 8.20774626296069E-02 
1534	 8.25042325193041E-02 
1535	 8.30547853744024E-02 
1536	 8.35143573877339E-02 
1537	 8.40513068202072E-02 
1538	 8.47547684507328E-02 
1539	 8.54261224134153E-02 
1540	 8.57653717738138E-02 
1541	 8.62542045230955E-02 
1542	 0.087012756462459 
1543	 8.75886730065771E-02 
1544	 8.81426517096223E-02 
1545	 8.88075318311317E-02 
1546	 8.93880900082203E-02 
1547	 8.99730824956642E-02 
1548	 9.07567747824712E-02 
1549	 9.14630530575423E-02 
1550	 9.17939653069317E-02 
1551	 9.20650047000417E-02 
1552	 9.25852397630451E-02 
1553	 9.32142535949006E-02 
1554	 9.37517243389252E-02 
1555	 9.43817322599959E-02 
1556	 9.49701716261265E-02 
1557	 9.52880674339165E-02 
1558	 9.58833605362929E-02 
1559	 9.66182228838238E-02 
1560	 9.70144138845211E-02 
1561	 9.75799027764728E-02 
1562	 0.098210411834862 
1563	 9.85921678198099E-02 
1564	 9.91702202592809E-02 
1565	 9.97596626198529E-02 
1566	 0.100188041837942 
1567	 0.100739598814851 
1568	 0.101149753003597 
1569	 0.101461225752701 
1570	 0.102121375904331 
1571	 0.102883948823903 
1572	 0.103544489158786 
1573	 0.104222088439256 
1574	 0.104658096847256 
1575	 0.104988896301947 
1576	 0.105488039069271 
1577	 0.105984451793202 
1578	 0.106462990897282 
1579	 0.106829058096342 
1580	 0.107168992700686 
1581	 0.107724762108312 
1582	 0.108348591917287 
1583	 0.10890813620037 
1584	 0.109339712885879 
1585	 0.109720923370217 
1586	 0.110210288184396 
1587	 0.110668975297744 
1588	 0.111137433362426 
1589	 0.111574745626278 
1590	 0.111869316108892 
1591	 0.112241480937211 
1592	 0.112742568115852 
1593	 0.113394471331507 
1594	 0.113977044545583 
1595	 0.114327575200422 
1596	 0.114646972230041 
1597	 0.114934910912442 
1598	 0.115259307499252 
1599	 0.115739104249539 
1600	 0.116240783431541 
1601	 0.116763428877961 
1602	 0.11725874864309 
1603	 0.117523731953895 
1604	 0.117954550739579 
1605	 0.118517984139743 
1606	 0.118734221544606 
1607	 0.119092340968912 
1608	 0.119656850156158 
1609	 0.119933235877816 
1610	 0.120358420501045 
1611	 0.120980823862612 
1612	 0.121273756319262 
1613	 0.121544929255397 
1614	 0.121906861891202 
1615	 0.122153123569341 
1616	 0.122569400371277 
1617	 0.122948598365837 
1618	 0.12306599182829 
1619	 0.123474058126477 
1620	 0.123997080773072 
1621	 0.124244844137739 
1622	 0.124585824189365 
1623	 0.124774929290561 
1624	 0.124745169399282 
1625	 0.125010460723713 
1626	 0.125363108516476 
1627	 0.125638206217548 
1628	 0.125911697258801 
1629	 0.126091185965661 
1630	 0.126212090303682 
1631	 0.126495794052448 
1632	 0.126855450023437 
1633	 0.126983203995973 
1634	 0.127272119982436 
1635	 0.127600969131149 
1636	 0.127700792191436 
1637	 0.128070149421437 
1638	 0.128410149237994 
1639	 0.128612362203724 
1640	 0.128995656694613 
1641	 0.129179129237365 
1642	 0.129272454228287 
1643	 0.129597350132953 
1644	 0.129787755023022 
1645	 0.129935350512195 
1646	 0.130286327474615 
1647	 0.130441989281042 
1648	 0.130598126504183 
1649	 0.13078025190844 
1650	 0.130690455356527 
1651	 0.130760722413464 
1652	 0.130862920188865 
1653	 0.130846402125057 
1654	 0.130951387585899 
1655	 0.130950112608663 
1656	 0.130883788041724 
1657	 0.131010567858411 
1658	 0.131090460035038 
1659	 0.131075603834082 
1660	 0.131059613967538 
1661	 0.130890019985716 
1662	 0.130797684931462 
1663	 0.130838519410983 
1664	 0.130711145234113 
1665	 0.130558063696051 
1666	 0.130466744205834 
1667	 0.130293313323952 
1668	 0.130299867218653 
1669	 0.130477343170031 
1670	 0.130407633523137 
1671	 0.130142691324411 
1672	 0.129747048696267 
1673	 0.129249977346759 
1674	 0.128854790963831 
1675	 0.128791267398023 
1676	 0.128941642381261 
1677	 0.128759183505872 
1678	 0.128469394990988 
1679	 0.128223753777127 
1680	 0.1278319725654 
1681	 0.127628080112123 
1682	 0.127597657898998 
1683	 0.127375074553654 
1684	 0.126834378999101 
1685	 0.126473406366128 
1686	 0.126262632966963 
1687	 0.125823500872932 
1688	 0.125557891107104 
1689	 0.125297154995486 
1690	 0.124812690252397 
1691	 0.124468160589273 
1692	 0.12408162944155 
1693	 0.123738877424422 
1694	 0.123583896432537 
1695	 0.123201236977755 
1696	 0.122851781722791 
1697	 0.12267045737268 
1698	 0.122359499895696 
1699	 0.122281435109454 
1700	 0.122413082424719 
1701	 0.122146255414773 
1702	 0.121640020133564 
1703	 0.121244634159364 
1704	 0.120777136518869 
1705	 0.120412775783085 
1706	 0.120135867283599 
1707	 0.119864249490187 
1708	 0.119601467478617 
1709	 0.119265427168988 
1710	 0.118887204124599 
1711	 0.118586853144103 
1712	 0.118278297233033 
1713	 0.118091417209744 
1714	 0.118141463313969 
1715	 0.117950150433537 
1716	 0.117633015445575 
1717	 0.117392453218646 
1718	 0.117082488775073 
1719	 0.116767833986658 
1720	 0.116504351004994 
1721	 0.116186310630972 
1722	 0.115741224209868 
1723	 0.115466967852499 
1724	 0.115326814583442 
1725	 0.115110397970264 
1726	 0.11488012142331 
1727	 0.114713436139671 
1728	 0.1145436298387 
1729	 0.11439832434584 
1730	 0.114459971562637 
1731	 0.1142814553927 
1732	 0.113844158850358 
1733	 0.113633910882429 
1734	 0.113407896449326 
1735	 0.113204973831008 
1736	 0.113260162351657 
1737	 0.113089400112408 
1738	 0.112700019283675 
1739	 0.112463057369118 
1740	 0.112155563509629 
1741	 0.112016216452741 
1742	 0.112158112768416 
1743	 0.112050259542696 
1744	 0.111928924975066 
1745	 0.111718972797311 
1746	 0.111250436910137 
1747	 0.110894755210084 
1748	 0.110699045606608 
1749	 0.110176226620636 
1750	 0.109391289690319 
1751	 0.109223774536605 
1752	 0.10878877098253 
1753	 0.108599915998087 
1754	 0.108614990738455 
1755	 0.108363550887563 
1756	 0.10816907851822 
1757	 0.107873678390033 
1758	 0.107418825823666 
1759	 0.106801337875475 
1760	 0.10613554379059 
1761	 0.105870652057162 
1762	 0.105861031192398 
1763	 0.106071367317675 
1764	 0.106175016523402 
1765	 0.10589249023501 
1766	 0.105396126320231 
1767	 0.104465321318202 
1768	 0.103703996382831 
1769	 0.103587181368233 
1770	 0.103252315421121 
1771	 0.103410765520987 
1772	 0.103338830088322 
1773	 0.102856191624246 
1774	 0.102792692700978 
1775	 0.103054584257025 
1776	 0.103001340746433 
1777	 0.102958924868431 
1778	 0.102995006982304 
1779	 0.102915749279705 
1780	 0.102814907106446 
1781	 0.102905543215462 
1782	 0.102771395737185 
1783	 0.102226819585236 
1784	 0.101891841446705 
1785	 0.101776832428567 
1786	 0.101341457356981 
1787	 0.100540167160582 
1788	 0.100257380890411 
1789	 9.98482333646283E-02 
1790	 0.100073322777656 
1791	 0.101471068569927 
1792	 0.101918665224794 
1793	 0.102407452492 
1794	 0.102305035041237 
1795	 0.1010309664348 
1796	 0.100596341832327 
1797	 0.100030495100598 
1798	 0.100025351314601 
1799	 0.101070933666918 
1800	 0.101176634838186 
1801	 0.101136350263772 
1802	 0.101266930101785 
1803	 0.100896793504594 
1804	 0.101020929351395 
1805	 0.101651201949555 
1806	 0.102107979211423 
1807	 0.10258430072436 
1808	 0.102749327576711 
1809	 0.103057053761019 
1810	 0.102581704345337 
1811	 0.101679017227335 
1812	 9.89896727689361E-02 
1813	 9.93942434824098E-02 
1814	 0.101190760602311 
1815	 9.98716049381816E-02 
1816	 0.103248013876184 
1817	 0.106613681557299 
1818	 0.106777465688529 
1819	 0.10608865730771 
1820	 9.73878772748486E-02 
1821	 9.31361134014611E-02 
1822	 8.80048707670187E-02 
1823	 8.94011922199631E-02 
1824	 0.113252760520852 
1825	 0.122069050345472 
1826	 0.126027913557541 
1827	 0.131365749160753 
1828	 0.111038197548267 
1829	 0.101317541167513 
1830	 0.101191066797836 
1831	 3.24228097516833E-02 
1832	 0.093961314368259 
1833	 0.112969765208673 
1834	 0.241265604546933 
1835	 0.34850893046407 
1836	-9.71767673401307E-02 
1837	-0.164542668859161 
1838	 0.169338140479859 
1839	 0.193436891381055 
1840	 2.57097128166755E-03 
1841	-1.69675405711977E-02 
1842	-0.222295443933317 
1843	-0.899823648632774 
1844	-1.06041053966644 
1845	-2.76188865502577 
1846	 4.39933459528709 
1847	 0.297997668257601 
1848	 3.38828471045325 
1849	 1.19423199772939 
1850	 0.183535157877717 
1851	 0.373443897013595 
1852	 2.72504999285002 
1853	 2.57162379324893 
1854	 4.69638889257733 
1855	 3.9938591235124 
1856	 0.860663849196669 
1857	 0.299365330431469 
1858	-0.133684431249644 
1859	 0.307421079137917 
1860	 1.60903798278959 
1861	 9.74367279053565 
1862	 4.85973388452234 
1863	 1.24381993068786 
1864	 1.15094171205205 
1865	 0.929850203886144 
1866	 0.690248313794353 
1867	 0.417381035500131 
1868	 0.441491588638025 
1869	 0.433210746008138 
1870	 0.477110620073827 
1871	 0.36185656954474 
1872	-0.26034462368755 
1873	-0.224249170347577 
1874	 6.74631485923593E-02 
1875	 7.52450349841683E-02 
1876	 0.250851143491444 
1877	 0.17574709325512 
1878	 0.208599241386571 
1879	 7.17231772237187E-02 
1880	-8.16023768605827E-03 
1881	 1.95425565702304E-02 
1882	 5.96666041022502E-02 
1883	 9.66526038442468E-02 
1884	 0.109295346254974 
1885	 0.206974959242496 
1886	 0.14675366246693 
1887	 0.101062001511298 
1888	 0.146097075111932 
1889	 9.88337807405893E-02 
1890	 8.98697926240806E-02 
1891	 9.46092968409364E-02 
1892	 0.062437790902296 
1893	 6.05010577579756E-02 
1894	 0.168312749549954 
1895	 0.203439921089434 
1896	 0.253896477187137 
1897	 0.127616799661622 
1898	 4.10385053726867E-02 
1899	-0.107106064792736 
1900	-0.270801769540454 
1901	-0.129347309367076 
1902	 6.31912614892926E-02 
1903	 0.650302657496559 
1904	 0.66487603759402 
1905	 0.406335632181757 
1906	 0.318037637174324 
1907	 4.90992237694134E-02 
1908	-1.78250007353597E-02 
1909	 0.166200461188064 
1910	 6.34570163261006E-02 
1911	 2.19119358058143E-02 
1912	 9.03375752594393E-02 
1913	 0.104203560073966 
1914	 0.156204890199851 
1915	 0.177435219272158 
1916	 0.223600611802536 
1917	 0.133122892889845 
1918	 5.35401808547839E-02 
1919	 1.35970441108289E-02 
1920	-2.04378704139588E-02 
1921	 1.74582326948518E-02 
1922	 5.51225949901429E-02 
1923	 6.56364330527816E-02 
1924	 7.54715907723341E-02 
1925	 9.05567787242914E-02 
1926	 6.22183839126144E-02 
1927	 1.57485849302253E-02 
1928	 1.20340426356223E-02 
1929	 1.07420063035503E-02 
1930	 3.22879104271056E-03 
1931	 2.18011713449034E-02 
1932	 0.03128022653797 
1933	 1.99843601205404E-02 
1934	 2.66261095383037E-02 
1935	 2.85102669277966E-02 
1936	 3.21752175145046E-02 
1937	 2.73204812314649E-02 
1938	 3.33572300086112E-02 
1939	 2.99274517360871E-02 
1940	 1.53292767258033E-02 
1941	 2.00797048501558E-02 
1942	 2.37766463583952E-02 
1943	 1.90325417426755E-02 
1944	 2.56980818824473E-02 
1945	 2.84615213820835E-02 
1946	 2.91775003474061E-02 
1947	 2.69706354505329E-02 
1948	 2.74913850699159E-02 
1949	 2.43063035767752E-02 
1950	 2.14404394377842E-02 
1951	 1.85731381115157E-02 
1952	 1.66728020174946E-02 
1953	 1.55445823480488E-02 
1954	 1.68411938991776E-02 
1955	 1.83768731816337E-02 
1956	 1.67307900954977E-02 
1957	 1.80381304414701E-02 
1958	 1.98613078794949E-02 
1959	 2.18304704447748E-02 
1960	 2.20975656935378E-02 
1961	 2.39759510028733E-02 
1962	 2.32439626510306E-02 
1963	 2.08727317668313E-02 
1964	 2.21476812617648E-02 
1965	 2.42085053742307E-02 
1966	 0.023970816773223 
1967	 2.27608645019493E-02 
1968	 2.22876129383635E-02 
1969	 2.22875294390592E-02 
1970	 2.13972434804055E-02 
1971	 2.21455171330416E-02 
1972	 2.42770872924908E-02 
1973	 2.41595921950377E-02 
1974	 2.34213305431708E-02 
1975	 2.39755296544395E-02 
1976	 2.43251053605138E-02 
1977	 2.43602773352443E-02 
1978	 2.40971129027381E-02 
1979	 2.37674439256452E-02 
1980	 2.41343693802999E-02 
1981	 0.024884131125731 
1982	 2.50222371825515E-02 
1983	 0.025262544467664 
1984	 2.51379351545616E-02 
1985	 2.45037061441335E-02 
1986	 2.37905039860548E-02 
1987	 2.37099463831463E-02 
1988	 0.024108822829481 
1989	 0.025111068989005 
1990	 2.57430437611442E-02 
1991	 2.56117638559486E-02 
1992	 2.56969985929038E-02 
1993	 2.57136440035421E-02 
1994	 2.45597787791213E-02 
1995	 0.024425751265849 
1996	 2.50019772652115E-02 
1997	 2.63781980817611E-02 
1998	 2.69846320135746E-02 
1999	 2.73408308587826E-02 
2000	 2.80205905741439E-02 
2001	 2.71403275905796E-02 
2002	 2.65173477113139E-02 
2003	 0.027736408613797 
2004	 2.84398070854743E-02 
2005	 2.77316639624264E-02 
2006	 2.79884516009198E-02 
2007	 2.86039114474297E-02 
2008	 2.86015823227497E-02 
2009	 2.83563087145713E-02 
2010	 2.96472292671387E-02 
2011	 2.87255812318638E-02 
2012	 2.71503598270638E-02 
2013	 2.94426961368855E-02 
2014	 3.18229444372962E-02 
2015	 3.15851307178439E-02 
2016	 0.030723130232196 
2017	 3.01362281371154E-02 
2018	 0.028614984143172 
2019	 2.81078805328993E-02 
2020	 2.97281909042358E-02 
2021	 3.02748696502166E-02 
2022	 3.00617607316621E-02 
2023	 2.99891599659211E-02 
2024	 3.07159590117472E-02 
2025	 3.18405536261749E-02 
2026	 3.23510953436934E-02 
2027	 3.21240012581006E-02 
2028	 3.22367661282085E-02 
2029	 3.20392438549007E-02 
2030	 3.18477209066819E-02 
2031	 3.23039312631324E-02 
2032	 3.23175911536173E-02 
2033	 3.18378347648093E-02 
2034	 3.17926887478062E-02 
2035	 3.18947827717117E-02 
2036	 3.20077054910398E-02 
2037	 3.17679008952975E-02 
2038	 3.20591370719946E-02 
2039	 3.24172863022982E-02 
2040	 3.22392239603079E-02 
2041	 3.28207730825463E-02 
2042	 3.32683793121149E-02 
2043	 3.27729778943126E-02 
2044	 3.30793197131957E-02 
2045	 3.34036600978395E-02 
2046	 3.38995648125495E-02 
2047	 3.39240918953775E-02 
2048	 3.38439829799545E-02 
2049	 3.38343868684519E-02 
2050	 3.31919311844685E-02 
2051	 3.35117440636285E-02 
2052	 0.034114656077233 
2053	 3.43615565703271E-02 
2054	 0.034958003961365 
2055	 0.035648262508016 
2056	 3.62436454916009E-02 
2057	 3.60065783631765E-02 
2058	 3.56369617938558E-02 
2059	 3.55073579151331E-02 
2060	 3.53889493906695E-02 
2061	 3.57221937686713E-02 
2062	 3.60072944837333E-02 
2063	 3.57504890219526E-02 
2064	 3.58396655449922E-02 
2065	 3.60887111923988E-02 
2066	 3.66495947904277E-02 
2067	 0.036862898073569 
2068	 3.70703928228249E-02 
2069	 3.76367206044115E-02 
2070	 3.81053994952304E-02 
2071	 3.80314447399009E-02 
2072	 0.038853692981619 
2073	 0.039139353879604 
2074	 3.82262786192399E-02 
2075	 3.83341858837408E-02 
2076	 3.93352210023927E-02 
2077	 3.92441001426004E-02 
2078	 3.89157615227891E-02 
2079	 3.89303800255569E-02 
2080	 3.85876411363044E-02 
2081	 3.82156244017209E-02 
2082	 3.83529947930982E-02 
2083	 3.87061168104628E-02 
2084	 3.87083984276294E-02 
2085	 3.84038084501115E-02 
2086	 3.88663422387385E-02 
2087	 3.91307365085139E-02 
2088	 3.90073761131187E-02 
2089	 3.93470674953708E-02 
2090	 3.95187402241997E-02 
2091	 3.93893399202799E-02 
2092	 3.96205151552949E-02 
2093	 4.00829856985051E-02 
2094	 4.03934726716717E-02 
2095	 0.04104484934286 
2096	 4.11984229379249E-02 
2097	 4.09388422650704E-02 
2098	 4.08485523788883E-02 
2099	 4.11523481357004E-02 
2100	 4.11086558281782E-02 
2101	 4.12625099386204E-02 
2102	 4.15382607867609E-02 
2103	 4.10556654808293E-02 
2104	 4.09030827136089E-02 
2105	 4.15355584449424E-02 
2106	 4.23400308407456E-02 
2107	 4.26871973164841E-02 
2108	 4.31547813539041E-02 
2109	 4.32712220206591E-02 
2110	 4.26858550359521E-02 
2111	 4.27125852425298E-02 
2112	 4.30962363497906E-02 
2113	 4.33583062019516E-02 
2114	 4.38922873721262E-02 
2115	 4.37906062632862E-02 
2116	 4.35806931452165E-02 
2117	 4.38190654908691E-02 
2118	 0.044443960720737 
2119	 4.50677162041699E-02 
2120	 4.56762234975917E-02 
2121	 4.63666707912315E-02 
2122	 4.57788927367219E-02 
2123	 4.48478482146415E-02 
2124	 4.47785054918687E-02 
2125	 4.49326619892261E-02 
2126	 4.49718396425055E-02 
2127	 4.55876820913582E-02 
2128	 4.59368907957834E-02 
2129	 4.60515863753072E-02 
2130	 4.59452744721861E-02 
2131	 4.57852663026517E-02 
2132	 4.58809984228508E-02 
2133	 0.045771559212293 
2134	 4.57060047407272E-02 
2135	 4.62003223393606E-02 
2136	 4.62587141362736E-02 
2137	 4.58292435757631E-02 
2138	 4.56873593323599E-02 
2139	 4.62819688036556E-02 
2140	 4.70983526070746E-02 
2141	 4.71326720055903E-02 
2142	 4.63755096673883E-02 
2143	 4.66857886337705E-02 
2144	 4.72239278019996E-02 
2145	 4.71124303092911E-02 
2146	 4.73816208712241E-02 
2147	 4.80160603691313E-02 
2148	 4.79127338858134E-02 
2149	 4.77260973544753E-02 
2150	 4.83072698478294E-02 
2151	 4.87481845041526E-02 
2152	 4.83654464520368E-02 
2153	 4.85927339713349E-02 
2154	 4.95178679584538E-02 
2155	 5.01648822680293E-02 
2156	 4.97627662602615E-02 
2157	 4.90603006624973E-02 
2158	 4.90525241518476E-02 
2159	 4.88622981794935E-02 
2160	 0.04866482349852 
2161	 4.86884388808971E-02 
2162	 0.049924699315883 
2163	 5.13448840583161E-02 
2164	 0.051425851935376 
2165	 5.12482559855583E-02 
2166	 5.15148742183331E-02 
2167	 5.06754410000052E-02 
2168	 5.02612553708445E-02 
2169	 5.07066626524604E-02 
2170	 5.11219854814584E-02 
2171	 5.09851157378792E-02 
2172	 5.07611995934463E-02 
2173	 5.10496528523838E-02 
2174	 5.16451364780103E-02 
2175	 5.09503925437791E-02 
2176	 5.03279717084075E-02 
2177	 5.02905950254562E-02 
2178	 5.08381554252642E-02 
2179	 5.17376381052154E-02 
2180	 5.21713133135013E-02 
2181	 0.052695449976664 
2182	 5.29087968694021E-02 
2183	 5.30526689699151E-02 
2184	 5.33898641791094E-02 
2185	 5.32813217474805E-02 
2186	 5.28966653689753E-02 
2187	 5.29829400586279E-02 
2188	 5.27196993126561E-02 
2189	 5.27889450326396E-02 
2190	 5.34527625883455E-02 
2191	 5.38819682223145E-02 
2192	 5.47995381377709E-02 
2193	 5.46104081354283E-02 
2194	 5.32777306290839E-02 
2195	 5.33766339361871E-02 
2196	 5.35702215653042E-02 
2197	 5.32742485871003E-02 
2198	 5.53135167258325E-02 
2199	 5.59818140938291E-02 
2200	 5.36398678577045E-02 
2201	 5.30809055936389E-02 
2202	 5.39759358021237E-02 
2203	 5.38821238863056E-02 
2204	 0.05351805794165 
2205	 5.34723787712503E-02 
2206	 5.34388805793546E-02 
2207	 5.32139082532885E-02 
2208	 5.39191454549008E-02 
2209	 5.52275962086274E-02 
2210	 5.56031966474594E-02 
2211	 5.40823655379081E-02 
2212	 5.40649617362621E-02 
2213	 5.53529322664465E-02 
2214	 5.50654863938855E-02 
2215	 5.38265693207709E-02 
2216	 5.41348637964192E-02 
2217	 5.48722292081471E-02 
2218	 5.46559400244977E-02 
2219	 0.054850057033123 
2220	 5.50595294367435E-02 
2221	 5.45278168488827E-02 
2222	 5.32539700837847E-02 
2223	 5.43765439649398E-02 
2224	 5.58088221916857E-02 
2225	 5.47941169511293E-02 
2226	 5.41495620740782E-02 
2227	 5.44512987178075E-02 
2228	 0.054662783804225 
2229	 5.43615379153118E-02 
2230	 5.42640118285638E-02 
2231	 5.54573323289228E-02 
2232	 5.53271643873313E-02 
2233	 5.38355726569414E-02 
2234	 5.39649746130835E-02 
2235	 5.50709583817489E-02 
2236	 5.47118101445934E-02 
2237	 5.40488344917171E-02 
2238	 5.46236194128378E-02 
2239	 5.49888458919497E-02 
2240	 5.33155421782525E-02 
2241	 5.25928300062618E-02 
2242	 5.40160328543801E-02 
2243	 5.36536568726117E-02 
2244	 5.16050232001297E-02 
2245	 5.03760630131596E-02 
2246	 4.87442421605922E-02 
2247	 4.78260343350306E-02 
2248	 4.69987340452324E-02 
2249	 4.72015917286713E-02 
2250	 4.84339019497428E-02 
2251	 5.01354260618185E-02 
2252	 5.19724880006196E-02 
2253	 5.24519323505159E-02 
2254	 5.08034779542599E-02 
2255	 5.02027820495689E-02 
2256	 5.05658331460017E-02 
2257	 4.92432191051453E-02 
2258	 4.87736037097822E-02 
2259	 4.88519400227536E-02 
2260	 4.73039518509886E-02 
2261	 0.046518377864114 
2262	 4.70699006595331E-02 
2263	 4.59692028388956E-02 
2264	 4.47096085207911E-02 
2265	 4.54040886568099E-02 
2266	 4.53022567923388E-02 
2267	 4.50370038135907E-02 
2268	 4.46588420651993E-02 
2269	 4.36832047259836E-02 
2270	 4.37378665071855E-02 
2271	 4.42838396128773E-02 
2272	 4.42061129351876E-02 
2273	 4.37964130881953E-02 
2274	 0.043504515118019 
2275	 4.28468394317198E-02 
2276	 4.26243620192948E-02 
2277	 4.34072988233123E-02 
2278	 4.32503212122695E-02 
2279	 4.18646071908764E-02 
2280	 4.17882465431017E-02 
2281	 4.22925467440846E-02 
2282	 0.041821616095455 
2283	 4.17955339591878E-02 
2284	 4.20919709265417E-02 
2285	 4.19631918228022E-02 
2286	 4.14836141368235E-02 
2287	 4.17116878883958E-02 
2288	 4.04195045604439E-02 
2289	 3.89130571586675E-02 
2290	 3.91737297387936E-02 
2291	 4.04657082331433E-02 
2292	 4.05982923914282E-02 
2293	 3.96901142045355E-02 
2294	 0.039062516343654 
2295	 3.82228604460714E-02 
2296	 3.77264010710771E-02 
2297	 3.73319645241905E-02 
2298	 3.64385515382646E-02 
2299	 3.70728886758814E-02 
2300	 3.77277774345978E-02 
2301	 3.70970489087415E-02 
2302	 3.63868806626538E-02 
2303	 3.42216800798195E-02 
2304	 3.28398172987214E-02 
2305	 3.43442044673436E-02 
2306	 0.034800658421836 
2307	 3.51195416595858E-02 
2308	 3.72642347334985E-02 
2309	 3.83199297858105E-02 
2310	 3.90422679958283E-02 
2311	 0.039785950241343 
2312	 3.82833538832265E-02 
2313	 3.61236402091412E-02 
2314	 3.66664958329246E-02 
2315	 3.74206229890411E-02 
2316	 3.49033161774959E-02 
2317	 3.37184850198267E-02 
2318	 3.40210933760494E-02 
2319	 3.35799664176533E-02 
2320	 3.35150494115244E-02 
2321	 3.39458433695251E-02 
2322	 3.32020939632782E-02 
2323	 3.35005565385613E-02 
2324	 3.60562516156063E-02 
2325	 3.68934359528902E-02 
2326	 3.80247019622937E-02 
2327	 3.75651490170214E-02 
2328	 3.38898168031925E-02 
2329	 3.37982624635292E-02 
2330	 3.56086109057056E-02 
2331	 3.48538911246306E-02 
2332	 3.42655774626022E-02 
2333	 3.34976830556573E-02 
2334	 2.96900436643863E-02 
2335	 3.01046129429808E-02 
2336	 3.50639683750321E-02 
2337	 0.036965794969748 
2338	 3.93453707506473E-02 
2339	 3.87631056029469E-02 
2340	 3.51198764146154E-02 
2341	 3.33249008161655E-02 
2342	 3.05067374308703E-02 
2343	 2.78306632319359E-02 
2344	 2.87044726620746E-02 
2345	 3.00504668116103E-02 
2346	 3.23604142308731E-02 
2347	 3.62945954102154E-02 
2348	 3.72518383654893E-02 
2349	 3.58736569154276E-02 
2350	 3.51129275288568E-02 
2351	 0.033403418239916 
2352	 3.11645288899721E-02 
2353	 0.030826048940574 
2354	 3.08458104256046E-02 
2355	 3.05557071691051E-02 
2356	 0.031775457259722 
2357	 2.99699607095715E-02 
2358	 2.78754523863267E-02 
2359	 2.95871157208198E-02 
2360	 2.85399915288289E-02 
2361	 2.96538012640068E-02 
2362	 3.13826764321789E-02 
2363	 2.53021391811907E-02 
2364	 2.40714902704205E-02 
2365	 3.24171644327427E-02 
2366	 3.48126675406728E-02 
2367	 3.20485646599994E-02 
2368	 3.19740322586096E-02 
2369	 0.027514682877797 
2370	 2.42189782791891E-02 
2371	 2.80129382860289E-02 
2372	 0.030484226566679 
2373	 2.98369067052124E-02 
2374	 2.75633738060199E-02 
2375	 0.026797548694849 
2376	 2.99446400900146E-02 
2377	 3.25192388739092E-02 
2378	 3.33380659823164E-02 
2379	 3.11862806637243E-02 
2380	 2.28381239926535E-02 
2381	 2.09766215051713E-02 
2382	 0.028954153743549 
2383	 3.43992157490121E-02 
2384	 4.02355312068262E-02 
2385	 3.95417520464065E-02 
2386	 2.55857631998957E-02 
2387	 0.020280785708947 
2388	 2.58278677023908E-02 
2389	 2.55117465415305E-02 
2390	 2.42638151960325E-02 
2391	 2.40147236452945E-02 
2392	 2.04046950754317E-02 
2393	 2.17768606736407E-02 
2394	 2.79514580616326E-02 
2395	 3.68244974851172E-02 
2396	 3.70862100961103E-02 
2397	 2.80721313010592E-02 
2398	 2.93511137132209E-02 
2399	 0.026501717653063 
2400	 2.09179038003111E-02 
2401	 2.66981937421985E-02 
2402	 2.37451134001621E-02 
2403	 0.016759928581428 
2404	 1.84600754016352E-02 
2405	 1.55462449859382E-02 
2406	 1.26373137297653E-02 
2407	 1.44582551507686E-02 
2408	 1.39156165665317E-02 
2409	 1.24762874607002E-02 
2410	 6.96067430846296E-03 
2411	 3.59695247281511E-03 
2412	 4.2760653920585E-03 
2413	 1.60461989844465E-02 
2414	 3.26610388849725E-02 
2415	 0.034432952710456 
2416	 3.30355904197798E-02 
2417	 2.23123300110665E-02 
2418	 1.22412301728571E-02 
2419	 2.29343319951181E-02 
2420	 3.11936339049727E-02 
2421	 2.79315236605467E-02 
2422	 0.027279571587033 
2423	 2.71913421577322E-02 
2424	 1.36655291869482E-02 
2425	 0.010179463584473 
2426	 2.10774184588111E-02 
2427	 1.93908955379982E-02 
2428	 2.50964610958774E-02 
2429	 3.12620501190827E-02 
2430	 2.02450186234138E-02 
2431	 0.010938865984802 
2432	 8.5763974850592E-03 
2433	 0.019821672861067 
2434	 3.31201926158211E-02 
2435	 0.030626785547502 
2436	 2.35314529114159E-02 
2437	 1.86263151779301E-02 
2438	 5.64707953321277E-03 
2439	 1.05355664194082E-03 
2440	 1.63157132910527E-02 
2441	 1.62292864394379E-02 
2442	 1.59539937227601E-02 
2443	 2.79589160170165E-02 
2444	 2.20468229452867E-02 
2445	 1.35774956491067E-02 
2446	 4.39579202766882E-03 
2447	-1.30653810936566E-02 
2448	-1.37048083895772E-02 
2449	-2.92711801162051E-04 
2450	 2.17999707146676E-02 
2451	 0.046569204924531 
2452	 6.17968111093671E-02 
2453	 0.066871480026626 
2454	 4.19115357636054E-02 
2455	 7.22525273470517E-03 
2456	-1.52415029736987E-02 
2457	-1.97654421947233E-02 
2458	-4.76774942526125E-04 
2459	 1.71662578079508E-02 
2460	 2.46383860225723E-02 
2461	 7.61184790586746E-03 
2462	-2.15065245943426E-02 
2463	-2.69526246846686E-03 
2464	 1.78851518957892E-02 
2465	 1.37559912886198E-02 
2466	 3.28363128569746E-02 
2467	 3.47572672018278E-02 
2468	 9.11891314029695E-03 
2469	 1.25286976557345E-02 
2470	 1.99107064913252E-02 
2471	 1.13547400976541E-02 
2472	 2.30987689589134E-02 
2473	 5.26748498869686E-02 
2474	 4.89427396021723E-02 
2475	 3.62911829312878E-02 
2476	 6.81020991425493E-02 
2477	 5.12247097373437E-02 
2478	-0.036433109277298 
2479	-2.18766399514634E-03 
2480	-2.26360257333528E-02 
2481	-2.82194684443641E-02 
2482	-1.12679782925797E-02 
2483	-3.85291516546996E-02 
2484	-0.090851035445674 
2485	-0.1070415971689 
2486	-0.130266333613397 
2487	-0.190496304601921 
2488	-0.147745089564304 
2489	-3.03547886126998E-02 
2490	 2.09321767695961E-02 
2491	 3.90635564585549E-02 
2492	-5.09403680214675E-02 
2493	-9.07413942143507E-02 
2494	 9.05060392789769E-02 
2495	 0.249105488406664 
2496	 0.275976648322959 
2497	 8.20070287132975E-02 
2498	-0.355758725494027 
2499	-0.556195947075962 
2500	-0.415265177133439 
