Wavelength	09/27/123 at 12:16:56
350	 1.04240413685651E-02 
351	 9.83745767086139E-03 
352	 9.97059239976927E-03 
353	 1.03749932720187E-02 
354	 1.01701551437118E-02 
355	 1.04620960607331E-02 
356	 0.010688679839596 
357	 1.05195259483745E-02 
358	 1.03914905269129E-02 
359	 1.05477462522557E-02 
360	 1.08571007240962E-02 
361	 1.10238556795843E-02 
362	 1.11856350804571E-02 
363	 1.11745294864309E-02 
364	 1.09727958200108E-02 
365	 1.09103497610328E-02 
366	 1.09077340505479E-02 
367	 1.08306852338184E-02 
368	 1.05944008657356E-02 
369	 1.10435080040982E-02 
370	 1.13791800177169E-02 
371	 1.11686683977934E-02 
372	 1.12000743753631E-02 
373	 1.13690321230436E-02 
374	 1.15810761786148E-02 
375	 0.011689051032424 
376	 1.13215250002501E-02 
377	 0.011244952024335 
378	 0.011753497167102 
379	 1.17912226536618E-02 
380	 1.17929607568002E-02 
381	 1.19043682587598E-02 
382	 1.21232335033308E-02 
383	 1.20862770911762E-02 
384	 1.20663050875641E-02 
385	 0.012190129474212 
386	 1.20646878527029E-02 
387	 1.20421968004085E-02 
388	 1.22425007990151E-02 
389	 1.26112532712238E-02 
390	 1.26168604974254E-02 
391	 1.24838264668722E-02 
392	 1.24683950927123E-02 
393	 1.27764224548839E-02 
394	 1.29283231310124E-02 
395	 1.28867584686084E-02 
396	 1.28121361469733E-02 
397	 1.28806558683044E-02 
398	 1.30063009738735E-02 
399	 1.31372092076485E-02 
400	 1.33434228580582E-02 
401	 1.34583815200585E-02 
402	 1.35013090770234E-02 
403	 1.35539138913945E-02 
404	 1.35970384203887E-02 
405	 1.36498038225918E-02 
406	 1.37092534272358E-02 
407	 1.37162659782911E-02 
408	 1.38199980223802E-02 
409	 1.39833455802558E-02 
410	 0.014106791135062 
411	 1.42154055171143E-02 
412	 1.43294451031772E-02 
413	 1.44462255567564E-02 
414	 0.014517496650563 
415	 1.46314087946709E-02 
416	 1.47886846035886E-02 
417	 0.014939900106674 
418	 1.49408595560481E-02 
419	 1.49414065120413E-02 
420	 1.50461135810023E-02 
421	 1.52633448849619E-02 
422	 1.54392070219288E-02 
423	 1.55320627210461E-02 
424	 1.55731131586482E-02 
425	 1.57494948175359E-02 
426	 1.59216824964604E-02 
427	 1.60206682287231E-02 
428	 1.61281749694634E-02 
429	 1.62056750061395E-02 
430	 1.62873484514857E-02 
431	 1.64091110788155E-02 
432	 1.64814384456778E-02 
433	 1.65177575827619E-02 
434	 1.65483784623481E-02 
435	 1.66094827796704E-02 
436	 1.68127024681823E-02 
437	 1.70321235931448E-02 
438	 1.71123775645015E-02 
439	 1.71814666243493E-02 
440	 1.72545090068756E-02 
441	 1.73267796381439E-02 
442	 1.73744600896911E-02 
443	 1.74825096017522E-02 
444	 1.76001677347632E-02 
445	 1.76582624450019E-02 
446	 1.77071445957455E-02 
447	 1.77829997325586E-02 
448	 1.79020006104755E-02 
449	 1.80603412788496E-02 
450	 1.82045179875446E-02 
451	 1.82918909047623E-02 
452	 0.018309386431466 
453	 1.83507101600368E-02 
454	 0.018414505324954 
455	 1.84927133012287E-02 
456	 1.85752542796251E-02 
457	 1.86686068370457E-02 
458	 1.87630229785119E-02 
459	 1.88425968612892E-02 
460	 1.88772428944444E-02 
461	 1.89261876679528E-02 
462	 1.90058822781878E-02 
463	 1.90833574267994E-02 
464	 0.019192139898009 
465	 1.92835938751851E-02 
466	 1.93223449736877E-02 
467	 1.94135743156206E-02 
468	 1.94524630676094E-02 
469	 1.94552778655349E-02 
470	 1.95493112396088E-02 
471	 1.96461823246189E-02 
472	 1.97061652868788E-02 
473	 0.019729696612617 
474	 1.98127116816805E-02 
475	 1.99142242733462E-02 
476	 1.99932503791995E-02 
477	 2.00146874831321E-02 
478	 2.00606950464482E-02 
479	 2.01540080115413E-02 
480	 2.02765008369048E-02 
481	 2.03281056495186E-02 
482	 2.03607398013746E-02 
483	 2.04180270238604E-02 
484	 0.020531512550313 
485	 2.06061364135085E-02 
486	 2.06855358988861E-02 
487	 2.08025079378795E-02 
488	 2.08942120572468E-02 
489	 2.10158838531863E-02 
490	 2.11494343029503E-02 
491	 2.12424391717633E-02 
492	 2.13160409371097E-02 
493	 2.14228073030092E-02 
494	 0.02157634413872 
495	 2.16932383258241E-02 
496	 2.18376514020656E-02 
497	 2.20222733713696E-02 
498	 2.22372263266309E-02 
499	 2.24908709319246E-02 
500	 2.27420062245701E-02 
501	 2.29726554092296E-02 
502	 2.32117285823581E-02 
503	 2.34893672284152E-02 
504	 0.023802160902158 
505	 2.41385627306457E-02 
506	 0.024536803611646 
507	 2.49256122930894E-02 
508	 2.52931441332527E-02 
509	 2.57257885222988E-02 
510	 2.61621887646476E-02 
511	 2.66680214807448E-02 
512	 2.73034995684551E-02 
513	 2.78756020888966E-02 
514	 2.84554856545586E-02 
515	 2.90953233338301E-02 
516	 2.98007155967232E-02 
517	 3.05179346064316E-02 
518	 3.12726111012945E-02 
519	 3.20725708546104E-02 
520	 3.28073868706583E-02 
521	 3.35409429818059E-02 
522	 3.43059118092122E-02 
523	 3.50933911458286E-02 
524	 0.03587122823917 
525	 3.66008859680226E-02 
526	 3.72823931244688E-02 
527	 3.80472401169042E-02 
528	 3.87451780311066E-02 
529	 3.93567360577424E-02 
530	 3.99728418424116E-02 
531	 4.05600648975837E-02 
532	 4.11138324623307E-02 
533	 4.16299533935059E-02 
534	 4.21123174420487E-02 
535	 0.042575911104095 
536	 4.30025414082514E-02 
537	 4.33628883754134E-02 
538	 4.37386933818283E-02 
539	 4.41261074988158E-02 
540	 4.45106423586718E-02 
541	 4.48875234859982E-02 
542	 4.52339424144104E-02 
543	 4.55420984037822E-02 
544	 4.58160269571992E-02 
545	 4.60605147810058E-02 
546	 4.63164725019831E-02 
547	 4.65867931069376E-02 
548	 4.68048357662021E-02 
549	 4.70437339632977E-02 
550	 4.72898374112215E-02 
551	 4.74987141715708E-02 
552	 4.76264936187454E-02 
553	 4.77118077645569E-02 
554	 4.77757908578893E-02 
555	 4.78123983141804E-02 
556	 4.78205500066982E-02 
557	 4.77864230674589E-02 
558	 4.77024423163859E-02 
559	 4.75916507549304E-02 
560	 4.74831556921637E-02 
561	 4.73946534610786E-02 
562	 0.047327986747257 
563	 4.71703287156295E-02 
564	 4.69566781344784E-02 
565	 4.67395859957369E-02 
566	 4.65140390750384E-02 
567	 4.63037243507861E-02 
568	 0.046075678728259 
569	 4.57673340359318E-02 
570	 4.54758765554348E-02 
571	 4.51892097829115E-02 
572	 4.48933510625236E-02 
573	 4.46044074307793E-02 
574	 4.43383573433867E-02 
575	 4.40912561275771E-02 
576	 4.38553493511109E-02 
577	 4.36465728249411E-02 
578	 4.34399245868058E-02 
579	 0.043243252817097 
580	 4.31211966274428E-02 
581	 4.29821198946232E-02 
582	 4.28258517155296E-02 
583	 4.26739726360761E-02 
584	 4.24862672115554E-02 
585	 0.042337175955372 
586	 4.22643484388566E-02 
587	 4.22550120908321E-02 
588	 4.21884299999838E-02 
589	 0.04209537956922 
590	 4.20281886631647E-02 
591	 0.041939790049045 
592	 4.18829696736129E-02 
593	 4.18644038083575E-02 
594	 4.18623774048357E-02 
595	 4.18701660384074E-02 
596	 0.041877176700638 
597	 0.041871342351555 
598	 4.18270580731485E-02 
599	 4.18180088395482E-02 
600	 4.18213313484263E-02 
601	 0.041783280934865 
602	 4.17766698155461E-02 
603	 4.17549866816573E-02 
604	 4.16872413023388E-02 
605	 4.15805989763884E-02 
606	 4.13831446037829E-02 
607	 4.11988928430256E-02 
608	 4.11279958441985E-02 
609	 4.10327000434316E-02 
610	 4.08798731324967E-02 
611	 4.06819577805129E-02 
612	 4.04871065538932E-02 
613	 4.02470077710246E-02 
614	 4.00557774075073E-02 
615	 3.99603496138239E-02 
616	 0.039781579028606 
617	 3.96323262440853E-02 
618	 3.95255862415782E-02 
619	 3.94138874171877E-02 
620	 3.93252662997847E-02 
621	 3.92657420785951E-02 
622	 3.92282214097001E-02 
623	 3.91856497846305E-02 
624	 0.039187348427438 
625	 3.92132511598363E-02 
626	 3.92198711995666E-02 
627	 3.91916478300929E-02 
628	 3.92215021221747E-02 
629	 3.93160547248719E-02 
630	 3.93731155393216E-02 
631	 3.93902676925134E-02 
632	 3.93450902481585E-02 
633	 3.92525409674919E-02 
634	 3.92540640089678E-02 
635	 3.92363922723944E-02 
636	 3.91556598285575E-02 
637	 3.90183706705769E-02 
638	 3.87948999033109E-02 
639	 3.85690409361232E-02 
640	 3.83848785367675E-02 
641	 0.038176453220293 
642	 3.79482914173958E-02 
643	 3.76848693520186E-02 
644	 3.73829541599682E-02 
645	 3.71463197806821E-02 
646	 3.69246805759564E-02 
647	 3.66988717515594E-02 
648	 3.64966775095894E-02 
649	 3.63817426090493E-02 
650	 3.62970572271921E-02 
651	 3.61849667793324E-02 
652	 3.60943092169782E-02 
653	 3.59984856729932E-02 
654	 3.58882547313758E-02 
655	 3.57600417818656E-02 
656	 3.56384411398519E-02 
657	 3.54537034688567E-02 
658	 3.52084841437154E-02 
659	 3.50119368927228E-02 
660	 3.47969015378926E-02 
661	 3.45728494639865E-02 
662	 0.034355910786311 
663	 3.40942862803881E-02 
664	 3.38602026726425E-02 
665	 3.36705857586653E-02 
666	 3.34740485400685E-02 
667	 3.33247542678097E-02 
668	 3.31667770616545E-02 
669	 3.29932585119954E-02 
670	 3.29974448099856E-02 
671	 3.30678035217026E-02 
672	 3.30823498996801E-02 
673	 3.29677858580789E-02 
674	 3.30784908041316E-02 
675	 3.32072989711835E-02 
676	 0.033249222856724 
677	 3.33311895648185E-02 
678	 3.34543400741484E-02 
679	 3.36544833696371E-02 
680	 3.39465635483436E-02 
681	 3.42533051426474E-02 
682	 3.45437433219924E-02 
683	 3.49094978736423E-02 
684	 0.035513500720767 
685	 3.62483166894241E-02 
686	 3.71981080177604E-02 
687	 3.83859077194211E-02 
688	 3.94265835538812E-02 
689	 4.06574368596368E-02 
690	 4.20783215622012E-02 
691	 4.35733272500921E-02 
692	 4.52813231555084E-02 
693	 4.72595310432227E-02 
694	 4.94756981065281E-02 
695	 5.17746098662344E-02 
696	 5.41692342649024E-02 
697	 5.66466473697673E-02 
698	 5.92631427083113E-02 
699	 6.20324702440989E-02 
700	 6.48320603677517E-02 
701	 6.76471279833343E-02 
702	 7.05056283846936E-02 
703	 7.33220985858331E-02 
704	 7.61183701138743E-02 
705	 7.89229964371777E-02 
706	 8.16836843204643E-02 
707	 0.084546587344582 
708	 0.087436565757916 
709	 9.02566117257076E-02 
710	 9.29641140606294E-02 
711	 9.56843708198669E-02 
712	 9.84949619117842E-02 
713	 0.101393870777606 
714	 0.104221667223459 
715	 0.106886572791411 
716	 0.10950670003183 
717	 0.112302519417778 
718	 0.115206468813564 
719	 0.118142525445402 
720	 0.12094728841087 
721	 0.123527634361661 
722	 0.125939900857278 
723	 0.128411620407296 
724	 0.130880776863418 
725	 0.13328618481832 
726	 0.135536296946227 
727	 0.137696434754018 
728	 0.139864688288623 
729	 0.141968422085207 
730	 0.143953259880098 
731	 0.145791829831635 
732	 0.147542833228128 
733	 0.149202271665801 
734	 0.150764368941745 
735	 0.152208302699749 
736	 0.153616301519063 
737	 0.154944347965098 
738	 0.156183561121484 
739	 0.157375771085142 
740	 0.158544965796056 
741	 0.159625941687768 
742	 0.160566556137922 
743	 0.161419131801712 
744	 0.162272687667736 
745	 0.163123240874681 
746	 0.163902155186232 
747	 0.164564408804307 
748	 0.165222249069157 
749	 0.165874143388608 
750	 0.166359664642013 
751	 0.166914721008225 
752	 0.167500334745727 
753	 0.168031103639837 
754	 0.168486755959906 
755	 0.168957806401846 
756	 0.169412038370043 
757	 0.169808448148828 
758	 0.170430590216567 
759	 0.171429110277566 
760	 0.17272833631382 
761	 0.173221558374792 
762	 0.173357292565446 
763	 0.173434555378805 
764	 0.173509492197393 
765	 0.173366740177257 
766	 0.173318281387246 
767	 0.173383495638033 
768	 0.173519416169782 
769	 0.173711139738243 
770	 0.173928588651199 
771	 0.174162521206236 
772	 0.174423045555017 
773	 0.174674720283792 
774	 0.174940200007258 
775	 0.175227682668075 
776	 0.175504874091226 
777	 0.175764764732222 
778	 0.175999152689288 
779	 0.176215245252187 
780	 0.176480055719095 
781	 0.176774553410469 
782	 0.177061436298526 
783	 0.177301936403943 
784	 0.177553564152748 
785	 0.1777662730077 
786	 0.177954230162551 
787	 0.17822845191126 
788	 0.178531959655805 
789	 0.178818760391599 
790	 0.179069713133906 
791	 0.179333536307881 
792	 0.179581397557154 
793	 0.179801452319288 
794	 0.180006535743517 
795	 0.180290498082182 
796	 0.180565727359379 
797	 0.180820290272064 
798	 0.181107730156452 
799	 0.181322023160644 
800	 0.181531981245369 
801	 0.181776464096335 
802	 0.181998765266172 
803	 0.182316022546441 
804	 0.182624892591798 
805	 0.182826810489639 
806	 0.183039054149475 
807	 0.183288032645571 
808	 0.183593334006004 
809	 0.183931662457475 
810	 0.184112851738308 
811	 0.184217452106783 
812	 0.184311651610966 
813	 0.184426875964242 
814	 0.184586446714471 
815	 0.184827401103183 
816	 0.185151156734623 
817	 0.185503355305938 
818	 0.185697340580862 
819	 0.18583983332434 
820	 0.186080223973469 
821	 0.186388025030141 
822	 0.186663608231825 
823	 0.186914238674099 
824	 0.187186502000817 
825	 0.187381125425809 
826	 0.187626141105413 
827	 0.18790218025208 
828	 0.188051311449389 
829	 0.188289813980937 
830	 0.188543453472534 
831	 0.188765341861013 
832	 0.189037771111225 
833	 0.189327274947851 
834	 0.189565198795818 
835	 0.189739244467184 
836	 0.189998334326415 
837	 0.190283461002715 
838	 0.190573424477889 
839	 0.190855183725918 
840	 0.191092908274956 
841	 0.191305595741947 
842	 0.191534005297365 
843	 0.1918168018981 
844	 0.192075256546108 
845	 0.192327225021454 
846	 0.192588910865594 
847	 0.192856538657999 
848	 0.192974074322454 
849	 0.193169419800797 
850	 0.193554754630074 
851	 0.193752088574229 
852	 0.193909668302927 
853	 0.194163558491151 
854	 0.194571198989723 
855	 0.194900662641347 
856	 0.195083676181854 
857	 0.19516567996835 
858	 0.195268512484323 
859	 0.195547948138855 
860	 0.195887748032142 
861	 0.196211570003602 
862	 0.1965022165851 
863	 0.19669598984051 
864	 0.196867879197129 
865	 0.197066875470169 
866	 0.197282352037144 
867	 0.197451048003114 
868	 0.197578260368126 
869	 0.197751776773845 
870	 0.198216568515552 
871	 0.198436114754632 
872	 0.198577907500514 
873	 0.198890741046835 
874	 0.198978487620154 
875	 0.199102263814048 
876	 0.199389705291131 
877	 0.199816041707879 
878	 0.200062523982544 
879	 0.200116234099288 
880	 0.20015792136663 
881	 0.200461997835311 
882	 0.200741110326664 
883	 0.201021080918317 
884	 0.201305876258013 
885	 0.201540552705472 
886	 0.201760632836395 
887	 0.201848652172835 
888	 0.201812769392679 
889	 0.201891467116132 
890	 0.202066179956153 
891	 0.202262929089186 
892	 0.202420144434179 
893	 0.202603940262203 
894	 0.202620314172634 
895	 0.202624132132706 
896	 0.202823388781153 
897	 0.202997949081715 
898	 0.20317516336095 
899	 0.203280224689558 
900	 0.203268973449052 
901	 0.203498318589155 
902	 0.203897284082732 
903	 0.204163016816614 
904	 0.204002997258602 
905	 0.204306005513369 
906	 0.204614313333781 
907	 0.204685335579485 
908	 0.204644973289941 
909	 0.204840015668059 
910	 0.204935276536727 
911	 0.204860219317999 
912	 0.205035426227247 
913	 0.204944630117641 
914	 0.205076594176298 
915	 0.205591048472924 
916	 0.205722808394845 
917	 0.206043276477669 
918	 0.206326241887275 
919	 0.206413354683891 
920	 0.206773246504544 
921	 0.207099065873274 
922	 0.20711461322046 
923	 0.206786423582501 
924	 0.206837741209257 
925	 0.206962425170377 
926	 0.206802038896894 
927	 0.206110370595249 
928	 0.205350464333264 
929	 0.205163098441288 
930	 0.205240412636753 
931	 0.204662149647195 
932	 0.204160170415059 
933	 0.203120891497156 
934	 0.202124392922444 
935	 0.202462782888147 
936	 0.202695124817494 
937	 0.202926250366058 
938	 0.203023386952805 
939	 0.202724266580812 
940	 0.202968001764165 
941	 0.203189166400617 
942	 0.20310601157125 
943	 0.202897704284077 
944	 0.20286916771217 
945	 0.202878733815236 
946	 0.202612829471414 
947	 0.201728794376681 
948	 0.200765163652752 
949	 0.200878540187535 
950	 0.201791188627555 
951	 0.201378396778529 
952	 0.201457179035706 
953	 0.201073672542189 
954	 0.199901226136306 
955	 0.199384562431074 
956	 0.200486670322665 
957	 0.201272688881373 
958	 0.200720588905847 
959	 0.200609657089246 
960	 0.201320597397771 
961	 0.201272553047249 
962	 0.200206158978859 
963	 0.201342235639442 
964	 0.202393727424398 
965	 0.202425468638574 
966	 0.201584395035146 
967	 0.201486541871601 
968	 0.202113171898824 
969	 0.202852128842773 
970	 0.203187243336086 
971	 0.203489063809683 
972	 0.203069650098728 
973	 0.203035512174174 
974	 0.204023123216864 
975	 0.20344542371299 
976	 0.202934715507313 
977	 0.203068409493188 
978	 0.203860084021488 
979	 0.204914706866344 
980	 0.205415350868096 
981	 0.205035407372989 
982	 0.20424101754371 
983	 0.205195227308595 
984	 0.206317842879108 
985	 0.206719239627289 
986	 0.206283309609251 
987	 0.20638969322376 
988	 0.20654509269166 
989	 0.206755793602344 
990	 0.207191753111811 
991	 0.207956363560162 
992	 0.208238803354404 
993	 0.208358340283479 
994	 0.208753500469402 
995	 0.208283171916745 
996	 0.208296130920664 
997	 0.208768344986296 
998	 0.209180078513079 
999	 0.209704247958601 
1000	 0.209740568474979 
1001	 0.207959818740639 
1002	 0.208136163129356 
1003	 0.208351930929659 
1004	 0.208609120303169 
1005	 0.208881740734784 
1006	 0.209197266591887 
1007	 0.209617923913849 
1008	 0.209924197637001 
1009	 0.210142210667805 
1010	 0.210494021501615 
1011	 0.210911344333181 
1012	 0.2112638897235 
1013	 0.21168305232055 
1014	 0.212136383378699 
1015	 0.212570656244147 
1016	 0.212947590227313 
1017	 0.213374848253896 
1018	 0.213893361806096 
1019	 0.214293565464308 
1020	 0.214463786377801 
1021	 0.214753165025595 
1022	 0.215094256611384 
1023	 0.215555276447896 
1024	 0.216101240491324 
1025	 0.216588852303438 
1026	 0.216983302095229 
1027	 0.217208914242126 
1028	 0.217481010006303 
1029	 0.217838648399079 
1030	 0.218029868559846 
1031	 0.218292706345729 
1032	 0.218562420982105 
1033	 0.218867701814004 
1034	 0.219097542865112 
1035	 0.21948694200915 
1036	 0.219720466705235 
1037	 0.219861744306754 
1038	 0.220165062212546 
1039	 0.220579116543105 
1040	 0.221103598253076 
1041	 0.221561579967704 
1042	 0.221973142638884 
1043	 0.222250928620209 
1044	 0.22253444984219 
1045	 0.222730465959033 
1046	 0.223041616248452 
1047	 0.223231631924636 
1048	 0.223480901083247 
1049	 0.223716413676766 
1050	 0.223837117490887 
1051	 0.224034825831663 
1052	 0.22416923375905 
1053	 0.224397916942467 
1054	 0.224799049449126 
1055	 0.225222187427892 
1056	 0.225547762197032 
1057	 0.225818752056894 
1058	 0.225927982045292 
1059	 0.226145151899183 
1060	 0.226297906527577 
1061	 0.226663984913253 
1062	 0.226975285059059 
1063	 0.227271832641569 
1064	 0.227792614928963 
1065	 0.228095014297137 
1066	 0.22836263150251 
1067	 0.228618486601353 
1068	 0.228631189379896 
1069	 0.2286944036735 
1070	 0.228799055435197 
1071	 0.228993448380126 
1072	 0.229132049149752 
1073	 0.229242515452841 
1074	 0.229343847505738 
1075	 0.229452065254941 
1076	 0.229492251553086 
1077	 0.22964004697481 
1078	 0.229968515361907 
1079	 0.230275045580004 
1080	 0.230458300575113 
1081	 0.230585295925582 
1082	 0.230589294917147 
1083	 0.230612121634145 
1084	 0.230545319352373 
1085	 0.230636331598138 
1086	 0.230845964299372 
1087	 0.230895768932811 
1088	 0.230877082280541 
1089	 0.230930945520598 
1090	 0.230930335959315 
1091	 0.230866390800666 
1092	 0.231103898401794 
1093	 0.231427950080722 
1094	 0.231322461780836 
1095	 0.231271412453538 
1096	 0.231261461074678 
1097	 0.231072137343282 
1098	 0.230996685531649 
1099	 0.231135269795513 
1100	 0.231161635931475 
1101	 0.231119102285244 
1102	 0.231049463274859 
1103	 0.230920699752588 
1104	 0.230860609252581 
1105	 0.230851530571894 
1106	 0.23074352855192 
1107	 0.23055838648263 
1108	 0.230537959637316 
1109	 0.230542377808528 
1110	 0.230442189917191 
1111	 0.230337703554121 
1112	 0.230451119552645 
1113	 0.230258086820962 
1114	 0.229616126037193 
1115	 0.229310091788847 
1116	 0.229185880310163 
1117	 0.228814165382951 
1118	 0.228268700391589 
1119	 0.22796495472541 
1120	 0.227620206310067 
1121	 0.227298253951631 
1122	 0.227536026999227 
1123	 0.227378512419475 
1124	 0.22700582842387 
1125	 0.226256916471059 
1126	 0.225718506771782 
1127	 0.225160787132372 
1128	 0.224431472069125 
1129	 0.223747447119193 
1130	 0.222943541285278 
1131	 0.22186080162491 
1132	 0.221098793216021 
1133	 0.220422113727901 
1134	 0.219935652539241 
1135	 0.219938439222313 
1136	 0.219451864596947 
1137	 0.219103849310892 
1138	 0.218330682332081 
1139	 0.217070313859864 
1140	 0.21557320424665 
1141	 0.214675177009976 
1142	 0.213749577621806 
1143	 0.213105521338218 
1144	 0.213182554061184 
1145	 0.212412072854708 
1146	 0.211337510587095 
1147	 0.210367383585093 
1148	 0.208922699535154 
1149	 0.207993595180229 
1150	 0.207463082601361 
1151	 0.206740730129813 
1152	 0.20611775675985 
1153	 0.20551287153874 
1154	 0.204956005201264 
1155	 0.204204487926547 
1156	 0.203648480100405 
1157	 0.203238366867036 
1158	 0.202870838139572 
1159	 0.202550069882653 
1160	 0.202300480625258 
1161	 0.202116641536678 
1162	 0.201969497348841 
1163	 0.201872645361472 
1164	 0.201770710948755 
1165	 0.20171714833456 
1166	 0.201638122573522 
1167	 0.201494147694702 
1168	 0.201437004411349 
1169	 0.201437994816017 
1170	 0.20138780173384 
1171	 0.201322761745199 
1172	 0.201392884262826 
1173	 0.201114786610766 
1174	 0.200972924584591 
1175	 0.200864550856024 
1176	 0.200681692415605 
1177	 0.20060025489857 
1178	 0.200708866757526 
1179	 0.200602596012976 
1180	 0.200361535546967 
1181	 0.200263613659855 
1182	 0.200180025987867 
1183	 0.200083221739474 
1184	 0.200046414101025 
1185	 0.199979502743338 
1186	 0.199838348561674 
1187	 0.199738497948064 
1188	 0.199660130957083 
1189	 0.199634384225171 
1190	 0.19972158619991 
1191	 0.199793814425136 
1192	 0.199784182205544 
1193	 0.199830104375929 
1194	 0.199834350132595 
1195	 0.19968881126424 
1196	 0.199680794733809 
1197	 0.199742441819966 
1198	 0.199861651602949 
1199	 0.200078709592824 
1200	 0.200211621446677 
1201	 0.20035761394669 
1202	 0.200522507487406 
1203	 0.200631765525848 
1204	 0.200753947185562 
1205	 0.200923942900216 
1206	 0.201134185517356 
1207	 0.201175467477065 
1208	 0.201225697758705 
1209	 0.201473550133914 
1210	 0.201814150137883 
1211	 0.202214330581048 
1212	 0.202652510283988 
1213	 0.202926787591025 
1214	 0.203090788964132 
1215	 0.203359127971554 
1216	 0.20356534165559 
1217	 0.203935458942232 
1218	 0.204553580635954 
1219	 0.204933224123249 
1220	 0.205235869635491 
1221	 0.20556734274008 
1222	 0.20571525771177 
1223	 0.206040320111856 
1224	 0.206501493158771 
1225	 0.206977571385427 
1226	 0.207398242148542 
1227	 0.207799394595481 
1228	 0.207934203237553 
1229	 0.208156729805009 
1230	 0.208598228456145 
1231	 0.208917624263073 
1232	 0.209342293245029 
1233	 0.209841963448949 
1234	 0.210028987122368 
1235	 0.210212522532324 
1236	 0.210564661207137 
1237	 0.211034415721925 
1238	 0.211314447952373 
1239	 0.21166462446871 
1240	 0.211963886774089 
1241	 0.212077138098054 
1242	 0.21232411549513 
1243	 0.212677149746255 
1244	 0.212969135741019 
1245	 0.213310743443658 
1246	 0.213497355742698 
1247	 0.213722061303106 
1248	 0.214085647516716 
1249	 0.214354811312818 
1250	 0.214610657896344 
1251	 0.214817485686094 
1252	 0.214858071823 
1253	 0.21502112086167 
1254	 0.21536215301552 
1255	 0.215690209772174 
1256	 0.215923314393911 
1257	 0.216167319114551 
1258	 0.216351645480765 
1259	 0.216499714366544 
1260	 0.216647002892549 
1261	 0.21686040563785 
1262	 0.217106259862831 
1263	 0.217168203592855 
1264	 0.21733490616292 
1265	 0.217594364320398 
1266	 0.21779669760019 
1267	 0.217932936988989 
1268	 0.218103963857999 
1269	 0.218248829194559 
1270	 0.21823466419758 
1271	 0.218257413038523 
1272	 0.218489504930598 
1273	 0.218533978709007 
1274	 0.218557910187686 
1275	 0.21885249847457 
1276	 0.218769685191577 
1277	 0.218506747839714 
1278	 0.21858124196685 
1279	 0.218542325459327 
1280	 0.218478759275805 
1281	 0.21856052032165 
1282	 0.21855580940009 
1283	 0.218436666735847 
1284	 0.218259653470383 
1285	 0.218272865747933 
1286	 0.218231724416921 
1287	 0.218114344708063 
1288	 0.217964510268893 
1289	 0.217772018038301 
1290	 0.217673564172419 
1291	 0.217490582279848 
1292	 0.217319378841908 
1293	 0.217221382174507 
1294	 0.216925404237535 
1295	 0.216660685709779 
1296	 0.216539849201576 
1297	 0.216368683640948 
1298	 0.216015641794983 
1299	 0.215650523524621 
1300	 0.215365662427307 
1301	 0.214882804079059 
1302	 0.214488471309344 
1303	 0.214211796393174 
1304	 0.214139449815296 
1305	 0.213726454091683 
1306	 0.213200852964658 
1307	 0.212891984286577 
1308	 0.212282510882277 
1309	 0.211678160686178 
1310	 0.211429611015336 
1311	 0.210955046030612 
1312	 0.210491156687527 
1313	 0.210030020151314 
1314	 0.209129882326675 
1315	 0.208296804993607 
1316	 0.207507206359968 
1317	 0.20661356533865 
1318	 0.206091938219324 
1319	 0.205402716878485 
1320	 0.204535847880042 
1321	 0.204136952425936 
1322	 0.203631941790539 
1323	 0.20284742799411 
1324	 0.201983453330593 
1325	 0.200860813786314 
1326	 0.199821206190597 
1327	 0.199009610970433 
1328	 0.198193897445338 
1329	 0.197304034771705 
1330	 0.19633953605162 
1331	 0.195166794674189 
1332	 0.194129252390845 
1333	 0.193449578844826 
1334	 0.192641550680855 
1335	 0.191788814253606 
1336	 0.190852107713952 
1337	 0.189284083309177 
1338	 0.188098616816669 
1339	 0.187667742918504 
1340	 0.186926318427851 
1341	 0.186568797132405 
1342	 0.186291645291999 
1343	 0.185019272567689 
1344	 0.184191371099696 
1345	 0.183783397956614 
1346	 0.182809384282136 
1347	 0.182362732504999 
1348	 0.18212754502252 
1349	 0.181375655293106 
1350	 0.180948546675259 
1351	 0.180641046420773 
1352	 0.180058467063201 
1353	 0.178604473502651 
1354	 0.177189699987961 
1355	 0.176369732977109 
1356	 0.174447309360502 
1357	 0.173831162541057 
1358	 0.173424316319941 
1359	 0.172216175898425 
1360	 0.167888602441225 
1361	 0.166546094068875 
1362	 0.162330101359355 
1363	 0.158081571490019 
1364	 0.17255907377685 
1365	 0.16991461505667 
1366	 0.141366747116256 
1367	 0.167445997113421 
1368	 0.187003740113354 
1369	 0.151316205220312 
1370	 0.177711963826825 
1371	 0.180204907445982 
1372	 0.090690926731539 
1373	 5.60751286082191E-02 
1374	 0.155313691808607 
1375	 0.245258745661955 
1376	 0.212925730597785 
1377	 0.177171932390499 
1378	 0.130602629489965 
1379	 9.82410086975517E-02 
1380	 0.130803665371521 
1381	 0.20384932183697 
1382	 0.24193606356611 
1383	 0.183538590093282 
1384	 0.136510115924494 
1385	 0.147188647771093 
1386	 0.129427861812946 
1387	 8.38694185795724E-02 
1388	 0.095152974288796 
1389	 0.11334198048302 
1390	 0.129033408777277 
1391	 0.130106215799077 
1392	 0.150742316005448 
1393	 0.139307195328201 
1394	 0.102201194964763 
1395	 7.63079226010753E-02 
1396	 7.97588120727839E-02 
1397	 0.103546996660443 
1398	 0.105180044545338 
1399	 9.54272197812482E-02 
1400	 0.105489230834038 
1401	 0.095113347451672 
1402	 0.075880118235012 
1403	 0.090349128519544 
1404	 9.48497985238096E-02 
1405	 8.82501883978003E-02 
1406	 9.90373586821131E-02 
1407	 0.100156478716679 
1408	 8.83319004480704E-02 
1409	 8.04738438078409E-02 
1410	 0.078085300615799 
1411	 7.89401156452819E-02 
1412	 7.88063387365259E-02 
1413	 8.03212072620457E-02 
1414	 8.18664904225813E-02 
1415	 7.95402860439168E-02 
1416	 7.72042178915719E-02 
1417	 7.64907267788494E-02 
1418	 7.70139388218884E-02 
1419	 7.66263291127221E-02 
1420	 7.65480490494891E-02 
1421	 7.76731147010458E-02 
1422	 7.72720601535855E-02 
1423	 7.59547403088484E-02 
1424	 7.45854696774581E-02 
1425	 0.073840436148074 
1426	 7.35287289166968E-02 
1427	 7.32387497757559E-02 
1428	 7.29940066968105E-02 
1429	 7.31805178553285E-02 
1430	 0.073633611531855 
1431	 7.38160677306974E-02 
1432	 7.39153479041162E-02 
1433	 7.38251645283858E-02 
1434	 7.30268877424144E-02 
1435	 7.21398563571925E-02 
1436	 7.13710108679127E-02 
1437	 7.16070210241369E-02 
1438	 7.26209051217054E-02 
1439	 7.22703336540556E-02 
1440	 7.15996362825145E-02 
1441	 7.21390323112606E-02 
1442	 7.21777976428774E-02 
1443	 0.071909150219024 
1444	 7.24375775102701E-02 
1445	 7.22395851103343E-02 
1446	 0.07148881852706 
1447	 7.10913609699246E-02 
1448	 7.13196856659587E-02 
1449	 7.20560665067499E-02 
1450	 0.072161812042947 
1451	 7.19430135369003E-02 
1452	 7.17683027064695E-02 
1453	 7.12393559867932E-02 
1454	 7.11883842268344E-02 
1455	 7.19736871072383E-02 
1456	 7.24202851530926E-02 
1457	 7.21731023590235E-02 
1458	 7.21937665013777E-02 
1459	 0.072222677762212 
1460	 7.19086286603358E-02 
1461	 7.22185432836753E-02 
1462	 7.25059008212257E-02 
1463	 7.21031437855542E-02 
1464	 7.23711984698081E-02 
1465	 7.29293573531987E-02 
1466	 7.27535021393541E-02 
1467	 0.072859560933735 
1468	 7.31543373469234E-02 
1469	 7.32728921434889E-02 
1470	 7.35121863856323E-02 
1471	 7.41485294409003E-02 
1472	 7.46078032464007E-02 
1473	 7.46607180663038E-02 
1474	 7.45949551012978E-02 
1475	 7.44973396376322E-02 
1476	 7.49082156035349E-02 
1477	 0.075586732372505 
1478	 7.59393468575761E-02 
1479	 7.64204855322763E-02 
1480	 7.68202914119181E-02 
1481	 7.70203212902959E-02 
1482	 7.76432359565097E-02 
1483	 7.82165870776463E-02 
1484	 7.85591018803854E-02 
1485	 7.88990525758034E-02 
1486	 7.91104617505556E-02 
1487	 7.92791857048091E-02 
1488	 7.96218542527517E-02 
1489	 8.02075689859992E-02 
1490	 8.07964626285319E-02 
1491	 8.11900791439842E-02 
1492	 8.15257691510156E-02 
1493	 0.081922102057109 
1494	 8.21821213732856E-02 
1495	 8.26316041810708E-02 
1496	 8.33146039986782E-02 
1497	 8.36322327482127E-02 
1498	 8.38242285647716E-02 
1499	 8.42755959787477E-02 
1500	 8.48843498701284E-02 
1501	 8.54431044707161E-02 
1502	 8.58022528242994E-02 
1503	 8.61285712641886E-02 
1504	 8.65751128033572E-02 
1505	 0.087017249684766 
1506	 8.75645532081663E-02 
1507	 8.82510313243569E-02 
1508	 8.86234524770631E-02 
1509	 8.88271364977519E-02 
1510	 8.93490467286056E-02 
1511	 8.98408627859325E-02 
1512	 9.01477176088465E-02 
1513	 9.06803058723156E-02 
1514	 9.12123361560548E-02 
1515	 9.15322371796064E-02 
1516	 9.20014865393931E-02 
1517	 9.24959617772818E-02 
1518	 0.092817009149414 
1519	 9.33460809031966E-02 
1520	 9.40481916734504E-02 
1521	 9.45417683402388E-02 
1522	 0.095034944059632 
1523	 9.55828688313282E-02 
1524	 9.59019249336095E-02 
1525	 9.62111208902296E-02 
1526	 9.66914119146908E-02 
1527	 9.72490088792609E-02 
1528	 9.77010522014526E-02 
1529	 9.80262308654207E-02 
1530	 9.84039944968766E-02 
1531	 9.88344527388335E-02 
1532	 9.91881453947606E-02 
1533	 9.96798936419342E-02 
1534	 0.100399883591408 
1535	 0.100824115705103 
1536	 0.101068818763812 
1537	 0.101527578460815 
1538	 0.101969569258763 
1539	 0.102428417865846 
1540	 0.103101469794078 
1541	 0.103519209160521 
1542	 0.103716141759025 
1543	 0.104236422046201 
1544	 0.104731171792171 
1545	 0.105155744549062 
1546	 0.105898769912522 
1547	 0.106483185713935 
1548	 0.106830240973239 
1549	 0.107330929223026 
1550	 0.107660740148209 
1551	 0.107836479295083 
1552	 0.108290867368028 
1553	 0.108812273008296 
1554	 0.109186079899768 
1555	 0.109624807625283 
1556	 0.11003912292377 
1557	 0.110420299931035 
1558	 0.110875467175312 
1559	 0.111256522900617 
1560	 0.111619211758331 
1561	 0.111945243932995 
1562	 0.112302139732056 
1563	 0.112774207032129 
1564	 0.113233635094388 
1565	 0.113628881606861 
1566	 0.113839190904864 
1567	 0.114121424027178 
1568	 0.114628963317369 
1569	 0.115170358412865 
1570	 0.115711543171949 
1571	 0.116166013494428 
1572	 0.116611462557561 
1573	 0.117039045431693 
1574	 0.11744365419362 
1575	 0.117855478772835 
1576	 0.118024497357827 
1577	 0.118250279224631 
1578	 0.118696408043067 
1579	 0.119099998301999 
1580	 0.119577491899964 
1581	 0.119989308628098 
1582	 0.120272800878743 
1583	 0.12063508047502 
1584	 0.12100578449141 
1585	 0.121325156478217 
1586	 0.121692326255999 
1587	 0.122174537788943 
1588	 0.122558005856407 
1589	 0.122889138543314 
1590	 0.123289178607286 
1591	 0.123532654184639 
1592	 0.123901382750632 
1593	 0.124299090392884 
1594	 0.124543392700539 
1595	 0.124946924381364 
1596	 0.12536672725104 
1597	 0.125759359352124 
1598	 0.126061502916969 
1599	 0.126231505684471 
1600	 0.126429017209516 
1601	 0.126777744709681 
1602	 0.127285913232607 
1603	 0.127717036371244 
1604	 0.128092286923976 
1605	 0.1284595827459 
1606	 0.128779485888809 
1607	 0.129147681798063 
1608	 0.129361458133214 
1609	 0.129495904935573 
1610	 0.130000468453563 
1611	 0.130528812931223 
1612	 0.130804884531975 
1613	 0.131111368423643 
1614	 0.131286582249236 
1615	 0.13139575095518 
1616	 0.131820607978526 
1617	 0.132318575157245 
1618	 0.132556056164262 
1619	 0.132713598870584 
1620	 0.132891317954706 
1621	 0.133103067397085 
1622	 0.133409306173103 
1623	 0.1336676835382 
1624	 0.133891261770561 
1625	 0.13405014714226 
1626	 0.134114122960762 
1627	 0.134244982684745 
1628	 0.1344860635256 
1629	 0.13484638407047 
1630	 0.135156704323169 
1631	 0.13531002354908 
1632	 0.135495963511608 
1633	 0.135590056454531 
1634	 0.135700314341756 
1635	 0.136054238758691 
1636	 0.136305447811058 
1637	 0.136369366557746 
1638	 0.136407429498531 
1639	 0.136582889637914 
1640	 0.136840817674755 
1641	 0.137005730475801 
1642	 0.137368981987813 
1643	 0.137677281195408 
1644	 0.137510288833838 
1645	 0.137463801567171 
1646	 0.137771939403048 
1647	 0.137922946776358 
1648	 0.138129971479964 
1649	 0.13859118875046 
1650	 0.138598698350975 
1651	 0.138289020853194 
1652	 0.138448544359643 
1653	 0.138557503271549 
1654	 0.138342229316045 
1655	 0.138395281143873 
1656	 0.138402817625255 
1657	 0.138407404967621 
1658	 0.1386944629384 
1659	 0.138749798485965 
1660	 0.138520326612838 
1661	 0.138200971601165 
1662	 0.137893162795258 
1663	 0.137968161222794 
1664	 0.138355081500065 
1665	 0.138534864344009 
1666	 0.138445996364916 
1667	 0.138186681399068 
1668	 0.137708708313001 
1669	 0.137249362809478 
1670	 0.137051971409235 
1671	 0.137061608764814 
1672	 0.137045971934248 
1673	 0.136966448507304 
1674	 0.13691233408442 
1675	 0.136547232040697 
1676	 0.136008304992923 
1677	 0.135838647376521 
1678	 0.135787634089683 
1679	 0.135805865398415 
1680	 0.136000030127046 
1681	 0.135884643999181 
1682	 0.135368898117302 
1683	 0.135003731185344 
1684	 0.134635572541386 
1685	 0.134184854293557 
1686	 0.13409652127687 
1687	 0.133779867439499 
1688	 0.133416952277445 
1689	 0.133509126972392 
1690	 0.133270245334708 
1691	 0.132936945645164 
1692	 0.132722683811342 
1693	 0.132350042429407 
1694	 0.132266655019891 
1695	 0.132224610657122 
1696	 0.131859763966114 
1697	 0.131402297382763 
1698	 0.130979092604049 
1699	 0.130696822813764 
1700	 0.13069856059634 
1701	 0.130619313850115 
1702	 0.130356635855357 
1703	 0.13010258110652 
1704	 0.129653614695555 
1705	 0.129372088404951 
1706	 0.129182937542346 
1707	 0.128949071725849 
1708	 0.128880377587921 
1709	 0.128680707384381 
1710	 0.128256023693386 
1711	 0.128075783850883 
1712	 0.128065949593274 
1713	 0.127851968073561 
1714	 0.127840193682544 
1715	 0.127556190901892 
1716	 0.126689447651009 
1717	 0.126331961523858 
1718	 0.126124622789691 
1719	 0.125871879068087 
1720	 0.125968474908862 
1721	 0.125900478226663 
1722	 0.125680117401248 
1723	 0.125560369697382 
1724	 0.125541554937082 
1725	 0.125322017102712 
1726	 0.12501052409737 
1727	 0.124761699040675 
1728	 0.124411977688218 
1729	 0.124047600530594 
1730	 0.123521426124916 
1731	 0.123420513635223 
1732	 0.123534358307641 
1733	 0.12359020670271 
1734	 0.124165995385219 
1735	 0.124218198901201 
1736	 0.123811212826009 
1737	 0.123596228540932 
1738	 0.123160304251499 
1739	 0.123107539398809 
1740	 0.123326920677931 
1741	 0.123389842502508 
1742	 0.123725023059509 
1743	 0.123627375837202 
1744	 0.12316375498334 
1745	 0.122966312608739 
1746	 0.122677827068496 
1747	 0.122566600403367 
1748	 0.122765862654662 
1749	 0.12254953300864 
1750	 0.122088734052327 
1751	 0.122030218725362 
1752	 0.121690577659626 
1753	 0.121487203343612 
1754	 0.121345846135261 
1755	 0.120611694319993 
1756	 0.120096871906813 
1757	 0.119873212313515 
1758	 0.119644886641638 
1759	 0.11952345072735 
1760	 0.119612218234998 
1761	 0.119800422932568 
1762	 0.11970902775678 
1763	 0.119588908180847 
1764	 0.11910415077602 
1765	 0.118208296621087 
1766	 0.117846112922295 
1767	 0.117729491374151 
1768	 0.117758516932579 
1769	 0.118173270738344 
1770	 0.118255582974611 
1771	 0.118213713636916 
1772	 0.118114637152059 
1773	 0.117799043882174 
1774	 0.117427564167735 
1775	 0.116711360996623 
1776	 0.116452127472662 
1777	 0.116517123171106 
1778	 0.116378627366907 
1779	 0.116429891669761 
1780	 0.116552929068608 
1781	 0.116627733327091 
1782	 0.116526168823183 
1783	 0.116519667036039 
1784	 0.116427401925271 
1785	 0.115565300536811 
1786	 0.115652590666755 
1787	 0.116888252807017 
1788	 0.117169173338677 
1789	 0.117632924333764 
1790	 0.117541845204709 
1791	 0.116141631721161 
1792	 0.115638122613492 
1793	 0.115497067057166 
1794	 0.115113058797857 
1795	 0.114701820423944 
1796	 0.114577356689164 
1797	 0.114559753557192 
1798	 0.114456763009539 
1799	 0.114677310049762 
1800	 0.115114075139944 
1801	 0.115581524311365 
1802	 0.116005558587586 
1803	 0.116842149392732 
1804	 0.11803360819758 
1805	 0.119441558946115 
1806	 0.120191576457495 
1807	 0.121760477287908 
1808	 0.121396886873428 
1809	 0.117575464190626 
1810	 0.116362849860697 
1811	 0.116439710636646 
1812	 0.116335854824262 
1813	 0.116293414262654 
1814	 0.118308756985627 
1815	 0.117732563774581 
1816	 0.115306377640153 
1817	 0.118186371162159 
1818	 0.110394089701224 
1819	 0.109812242695661 
1820	 0.122915547700343 
1821	 0.127338625568216 
1822	 0.131702464230562 
1823	 0.138353463341292 
1824	 0.133389379145377 
1825	 0.129899102664952 
1826	 0.129567259691899 
1827	 0.132831294307478 
1828	 0.129825721309842 
1829	 0.140723271103322 
1830	 0.190706474855707 
1831	 3.43484076376406E-02 
1832	 7.56697468664719E-02 
1833	 0.101969170905551 
1834	 0.2390139616 
1835	 0.362978065287457 
1836	 2.02373234926749E-02 
1837	 2.88140898811964E-02 
1838	 0.41962966497201 
1839	 0.244910524718521 
1840	 0.207121412169182 
1841	 0.380648152789158 
1842	 0.400505530270708 
1843	-0.237771367878096 
1844	-0.257625382993414 
1845	 4.11791270091743 
1846	-18.618820760012 
1847	-0.181534983151179 
1848	-1.61831578468737 
1849	-4.53675746835955E-02 
1850	-0.052278194829012 
1851	 6.60703919973901E-02 
1852	 2.83240063030897 
1853	 2.78588822813793 
1854	 0.825931464525476 
1855	-0.496808753287653 
1856	-0.230221806263901 
1857	-0.196808113429311 
1858	-0.300856752168647 
1859	 0.90030926967862 
1860	 0.527836983114818 
1861	-7.21440169463308 
1862	-1.44248470497729 
1863	 0.331751448894867 
1864	 0.382933099704058 
1865	 1.15701656492346 
1866	 1.4177385080984 
1867	 1.18109844294196 
1868	 0.211817651756018 
1869	 2.58456307527719E-02 
1870	-0.115028301738254 
1871	-0.202734195611 
1872	 0.369625596486002 
1873	 0.485890098767082 
1874	 9.67938049041932E-02 
1875	-8.55988397375108E-03 
1876	-6.91319504035192E-02 
1877	-0.111733977520037 
1878	-0.38816949306058 
1879	-0.221687696828701 
1880	-0.074893021632895 
1881	 7.26006663802223E-02 
1882	 8.93992861431748E-02 
1883	 0.135471133033776 
1884	 8.27063576106701E-02 
1885	-0.197147766537174 
1886	-9.73142746124847E-02 
1887	 0.112055275324631 
1888	 9.02452039709653E-02 
1889	 0.146825018554052 
1890	 0.117576552762925 
1891	 5.76811454547093E-02 
1892	-0.172889040590782 
1893	-0.184991012074562 
1894	-8.23101946791818E-02 
1895	-5.90970414797152E-02 
1896	 1.76532888318553E-02 
1897	 9.04998038864235E-02 
1898	 0.072585878575567 
1899	 3.38273850439103E-02 
1900	 0.124392003695461 
1901	 0.430853083582745 
1902	 0.468582413843686 
1903	 0.237367603785133 
1904	 0.107987131298851 
1905	-0.087231118604208 
1906	-0.250715025865684 
1907	-0.462005359363189 
1908	-0.142180455147801 
1909	 7.19385100690185E-02 
1910	 0.142119437377317 
1911	 0.290297039542767 
1912	 0.32921963404248 
1913	 0.269607209453224 
1914	 6.19057722936232E-02 
1915	 5.08164869936149E-02 
1916	 4.30616226299319E-02 
1917	 0.091416757293022 
1918	 0.154252922720723 
1919	 0.160052496686057 
1920	 0.122094744987223 
1921	 3.70807606293955E-02 
1922	 1.38756260188279E-02 
1923	 4.09390669876953E-02 
1924	 3.64502821085624E-02 
1925	 2.29867058355521E-02 
1926	 3.13746279417854E-02 
1927	 5.74384705747988E-02 
1928	 5.02390467944303E-02 
1929	 5.02772365395263E-02 
1930	 5.37695546698094E-02 
1931	 3.25196003286791E-02 
1932	 1.62215591024246E-02 
1933	 1.07766189564026E-02 
1934	 0.010141444222061 
1935	 1.55132302124491E-02 
1936	 0.026786484798178 
1937	 3.35509154096186E-02 
1938	 3.20519078756577E-02 
1939	 3.44064224682014E-02 
1940	 3.35114246007535E-02 
1941	 3.05336763736609E-02 
1942	 3.90030435114899E-02 
1943	 4.27033790060475E-02 
1944	 3.93924547389804E-02 
1945	 3.87174333804093E-02 
1946	 3.79133795285724E-02 
1947	 3.55795323848335E-02 
1948	 3.36980105100435E-02 
1949	 3.18720117415911E-02 
1950	 3.42876521429997E-02 
1951	 0.040240888291127 
1952	 4.27778663544042E-02 
1953	 0.044175297120949 
1954	 0.043101283608388 
1955	 3.95426390959253E-02 
1956	 3.99788416575384E-02 
1957	 4.39726092075911E-02 
1958	 4.51139861444876E-02 
1959	 4.68018307098005E-02 
1960	 4.61033856149403E-02 
1961	 4.52295212333528E-02 
1962	 4.47699641811222E-02 
1963	 4.45848525414971E-02 
1964	 4.45400128689802E-02 
1965	 4.41794447583552E-02 
1966	 4.43674622899739E-02 
1967	 4.50211427278007E-02 
1968	 0.045295189760191 
1969	 4.56655342805097E-02 
1970	 4.60249840676026E-02 
1971	 4.62349206090765E-02 
1972	 4.70974621928377E-02 
1973	 4.78599276260632E-02 
1974	 4.81048020231573E-02 
1975	 4.85138862210674E-02 
1976	 4.79471078098204E-02 
1977	 4.76652375424857E-02 
1978	 4.89139239501668E-02 
1979	 4.93346253735738E-02 
1980	 4.90164284654749E-02 
1981	 4.91290578843104E-02 
1982	 4.92954473828563E-02 
1983	 4.92276558124287E-02 
1984	 4.91050818220605E-02 
1985	 4.89188989899111E-02 
1986	 4.93773966218284E-02 
1987	 5.00890166042598E-02 
1988	 4.94729642608172E-02 
1989	 4.92737487738773E-02 
1990	 5.01214592214877E-02 
1991	 5.06407993742528E-02 
1992	 5.13546524614377E-02 
1993	 5.16732613430395E-02 
1994	 5.19633500751219E-02 
1995	 5.21878914100158E-02 
1996	 5.16554177143088E-02 
1997	 5.20168690781132E-02 
1998	 5.20374829453916E-02 
1999	 5.18793804070656E-02 
2000	 5.16090995055653E-02 
2001	 5.09293758532466E-02 
2002	 5.16789220779138E-02 
2003	 0.053145954765286 
2004	 5.44597914907501E-02 
2005	 5.41282846020139E-02 
2006	 5.33214724468525E-02 
2007	 5.11798481946959E-02 
2008	 5.12701503399131E-02 
2009	 5.16644931235556E-02 
2010	 5.10342833590795E-02 
2011	 5.30857565525698E-02 
2012	 5.39843782426448E-02 
2013	 5.37194369919338E-02 
2014	 5.40847329006761E-02 
2015	 0.052963291564236 
2016	 5.28302573112968E-02 
2017	 0.053763905305461 
2018	 5.42087797467422E-02 
2019	 5.43966588087368E-02 
2020	 5.49241252127176E-02 
2021	 0.055535870041316 
2022	 5.54949036076017E-02 
2023	 5.63300474656164E-02 
2024	 5.66473593127524E-02 
2025	 5.70837702569944E-02 
2026	 5.71717102050336E-02 
2027	 5.64794574242695E-02 
2028	 0.056128372143676 
2029	 5.62536838546049E-02 
2030	 5.62905897637226E-02 
2031	 5.65418305663644E-02 
2032	 5.68167507722627E-02 
2033	 5.76161548389495E-02 
2034	 0.057947791760982 
2035	 5.80808893576441E-02 
2036	 5.82542182111581E-02 
2037	 0.05791256383217 
2038	 5.80649254695517E-02 
2039	 0.058139860434927 
2040	 5.73510451690083E-02 
2041	 5.72296883289607E-02 
2042	 5.77031943072173E-02 
2043	 5.74436444530318E-02 
2044	 5.71295628923132E-02 
2045	 5.71050814247202E-02 
2046	 5.65977289604553E-02 
2047	 5.67929342425833E-02 
2048	 0.058506524697292 
2049	 5.86188317628615E-02 
2050	 5.76810103167395E-02 
2051	 5.79766100219664E-02 
2052	 5.86437054531866E-02 
2053	 5.80025126753801E-02 
2054	 5.80141148898026E-02 
2055	 5.80928018096891E-02 
2056	 5.68311577711945E-02 
2057	 5.63981504793503E-02 
2058	 5.71039384973139E-02 
2059	 5.74681547598574E-02 
2060	 5.78771118988359E-02 
2061	 0.057910059579156 
2062	 5.81757873816007E-02 
2063	 5.91618973973351E-02 
2064	 5.94233745091007E-02 
2065	 5.91544331814345E-02 
2066	 5.91448889031193E-02 
2067	 5.89810027391199E-02 
2068	 5.81524844022501E-02 
2069	 5.81931157843388E-02 
2070	 5.87061222104707E-02 
2071	 5.89420301656638E-02 
2072	 5.97117738991106E-02 
2073	 5.98276709211343E-02 
2074	 5.93283620748555E-02 
2075	 5.93569387046603E-02 
2076	 5.93365056335751E-02 
2077	 5.94921823938727E-02 
2078	 6.01710866985333E-02 
2079	 6.05199881690573E-02 
2080	 0.060862863590864 
2081	 6.09321663343411E-02 
2082	 6.09206861008123E-02 
2083	 6.03897073067625E-02 
2084	 0.059997091469908 
2085	 6.00683697819898E-02 
2086	 0.059407956227665 
2087	 5.92430955889865E-02 
2088	 5.97300077166567E-02 
2089	 0.059699286576298 
2090	 5.99568027385983E-02 
2091	 6.07614614270614E-02 
2092	 6.14803103953684E-02 
2093	 6.26220848446409E-02 
2094	 6.27749848562357E-02 
2095	 6.22050087121583E-02 
2096	 6.23339802303871E-02 
2097	 6.22846212949924E-02 
2098	 6.17653131880812E-02 
2099	 6.22074989713004E-02 
2100	 6.27877511239629E-02 
2101	 6.21568607300475E-02 
2102	 6.21633199722656E-02 
2103	 6.28523616444046E-02 
2104	 6.32316681828558E-02 
2105	 6.34432125009604E-02 
2106	 0.063503057154792 
2107	 6.36212382790888E-02 
2108	 6.34427712917421E-02 
2109	 6.33009518873316E-02 
2110	 6.32409991985236E-02 
2111	 6.32965831585653E-02 
2112	 6.30392720686195E-02 
2113	 6.30515660356551E-02 
2114	 6.35260635425085E-02 
2115	 6.40212606017121E-02 
2116	 6.38393646332959E-02 
2117	 6.34554784672389E-02 
2118	 6.35402991269771E-02 
2119	 6.42179374259525E-02 
2120	 6.48146021903282E-02 
2121	 6.48852321393688E-02 
2122	 6.46893609299315E-02 
2123	 6.46862010896377E-02 
2124	 6.47798160452348E-02 
2125	 6.51531724322007E-02 
2126	 6.51280833814406E-02 
2127	 6.46596077195359E-02 
2128	 6.48213243800147E-02 
2129	 6.52105986608733E-02 
2130	 6.55477586551517E-02 
2131	 0.066472574000012 
2132	 6.68450951829505E-02 
2133	 6.67485701486633E-02 
2134	 6.65824730955488E-02 
2135	 0.066214076176162 
2136	 6.64267281619783E-02 
2137	 6.68063454814721E-02 
2138	 6.67550429982513E-02 
2139	 6.71952842476463E-02 
2140	 0.067922926880775 
2141	 6.74684234788691E-02 
2142	 6.70774090244408E-02 
2143	 0.067153450236292 
2144	 6.74169439206137E-02 
2145	 0.067103989441188 
2146	 6.65883781768842E-02 
2147	 0.066876081045694 
2148	 6.71731324226923E-02 
2149	 6.73276150990745E-02 
2150	 6.86117133082871E-02 
2151	 6.92463564271739E-02 
2152	 0.069348867861167 
2153	 6.86792943820519E-02 
2154	 6.85362671432911E-02 
2155	 6.79239853920672E-02 
2156	 6.74149636002455E-02 
2157	 6.76895317532072E-02 
2158	 6.82135103687376E-02 
2159	 6.86829495651086E-02 
2160	 6.86960853546546E-02 
2161	 6.88085997934303E-02 
2162	 6.88738803812398E-02 
2163	 6.87309028372946E-02 
2164	 6.92455072817653E-02 
2165	 7.05309129577133E-02 
2166	 7.08355774765052E-02 
2167	 7.10527188487952E-02 
2168	 7.11975084470706E-02 
2169	 7.05445256419275E-02 
2170	 6.99930990064881E-02 
2171	 6.94877593962128E-02 
2172	 6.97923136465153E-02 
2173	 7.06612022413862E-02 
2174	 0.070525652762432 
2175	 0.070498240279868 
2176	 0.070747466431811 
2177	 7.09440723511985E-02 
2178	 7.09635369659749E-02 
2179	 7.18281797523914E-02 
2180	 7.23919266564079E-02 
2181	 7.14130705040521E-02 
2182	 7.05871544305843E-02 
2183	 7.10591212097248E-02 
2184	 7.18033344480964E-02 
2185	 7.18453940751701E-02 
2186	 7.17683221421155E-02 
2187	 7.23205927675621E-02 
2188	 7.25421886072276E-02 
2189	 7.27269365310338E-02 
2190	 7.42671901368945E-02 
2191	 7.45793057293696E-02 
2192	 7.28915382577889E-02 
2193	 0.072693347171002 
2194	 7.35269934004305E-02 
2195	 7.35081593789723E-02 
2196	 7.30801668374256E-02 
2197	 7.39572459488553E-02 
2198	 0.074974151618402 
2199	 7.43163709445986E-02 
2200	 7.37422602562436E-02 
2201	 7.43671920993731E-02 
2202	 7.42844232008382E-02 
2203	 7.33374245696929E-02 
2204	 7.38036967769606E-02 
2205	 7.49787947500086E-02 
2206	 7.41129814282557E-02 
2207	 0.073530408734137 
2208	 7.45991773477656E-02 
2209	 7.44326384331573E-02 
2210	 7.40566317526222E-02 
2211	 7.39286945355502E-02 
2212	 7.44829296460961E-02 
2213	 0.074733075770688 
2214	 7.42615491942437E-02 
2215	 7.44150449747309E-02 
2216	 7.47183206506675E-02 
2217	 7.36490005321063E-02 
2218	 7.32874649505531E-02 
2219	 7.47399031270752E-02 
2220	 7.47694824789899E-02 
2221	 7.34579755220703E-02 
2222	 0.072912000916655 
2223	 7.26301889296221E-02 
2224	 7.14282524141882E-02 
2225	 7.07928093102521E-02 
2226	 7.10337500746648E-02 
2227	 7.19111915110393E-02 
2228	 7.26435514827808E-02 
2229	 0.07222386363646 
2230	 7.21421008686117E-02 
2231	 7.18028916953915E-02 
2232	 7.04882947370554E-02 
2233	 7.04970122266876E-02 
2234	 7.05726072018253E-02 
2235	 6.97472146383243E-02 
2236	 6.95984652032495E-02 
2237	 6.96459991205721E-02 
2238	 6.96639548473237E-02 
2239	 6.96948519794063E-02 
2240	 7.04145147914368E-02 
2241	 7.08927500767034E-02 
2242	 7.14937108010422E-02 
2243	 7.10024137730979E-02 
2244	 6.93491949110072E-02 
2245	 6.88211407273006E-02 
2246	 6.88689416086578E-02 
2247	 6.79990520201094E-02 
2248	 6.63703104559282E-02 
2249	 6.61912991077729E-02 
2250	 6.61128652914679E-02 
2251	 6.56232579690676E-02 
2252	 6.67401676022722E-02 
2253	 6.79227697079441E-02 
2254	 6.58947708316882E-02 
2255	 6.49484061042376E-02 
2256	 0.065772032266405 
2257	 6.68583231349708E-02 
2258	 6.74924166271647E-02 
2259	 6.57465052598137E-02 
2260	 6.33296963404009E-02 
2261	 0.062320488383501 
2262	 6.21478812261684E-02 
2263	 6.18174585236229E-02 
2264	 6.13961820001225E-02 
2265	 6.08879337423751E-02 
2266	 6.10052052975361E-02 
2267	 6.09184841043222E-02 
2268	 5.94193017170212E-02 
2269	 5.93770199514073E-02 
2270	 6.04276481712436E-02 
2271	 5.96002495976202E-02 
2272	 5.95816355884019E-02 
2273	 6.06258398831031E-02 
2274	 6.09017290271942E-02 
2275	 6.08984065712427E-02 
2276	 6.10849891041617E-02 
2277	 6.12067365876258E-02 
2278	 6.06790183425043E-02 
2279	 5.83182869270856E-02 
2280	 5.80483666245029E-02 
2281	 6.06065364865543E-02 
2282	 5.98159412123677E-02 
2283	 5.78297816361825E-02 
2284	 5.74464857965051E-02 
2285	 5.45171076975297E-02 
2286	 5.33591217644907E-02 
2287	 5.45390778850859E-02 
2288	 5.59618786161069E-02 
2289	 5.56525967502205E-02 
2290	 5.59439734152451E-02 
2291	 0.056235681035405 
2292	 5.58320140138384E-02 
2293	 5.51877695307097E-02 
2294	 5.55921690437495E-02 
2295	 5.53380484276527E-02 
2296	 5.45135241142142E-02 
2297	 5.49490623042292E-02 
2298	 5.47266449640885E-02 
2299	 5.47716752811083E-02 
2300	 5.50332450574654E-02 
2301	 0.053424438704248 
2302	 5.28272903265639E-02 
2303	 5.24107222604711E-02 
2304	 0.05099955541484 
2305	 5.10500670157969E-02 
2306	 5.11625947388212E-02 
2307	 5.19475095001489E-02 
2308	 5.28989296425381E-02 
2309	 5.47239589858388E-02 
2310	 5.54456117584144E-02 
2311	 5.12076565139767E-02 
2312	 5.03585597212829E-02 
2313	 5.28910777180727E-02 
2314	 5.24755257701192E-02 
2315	 5.18234149244779E-02 
2316	 5.27806575030171E-02 
2317	 5.18045809776014E-02 
2318	 4.84825582199671E-02 
2319	 4.75901547121396E-02 
2320	 5.13459952107576E-02 
2321	 5.14426801155315E-02 
2322	 4.80472232488946E-02 
2323	 4.81567507553481E-02 
2324	 5.15008245398485E-02 
2325	 5.06781964646392E-02 
2326	 4.77755700976871E-02 
2327	 4.83309745113719E-02 
2328	 4.71763206458338E-02 
2329	 4.68623827187895E-02 
2330	 5.14716103321513E-02 
2331	 5.28142156942807E-02 
2332	 5.08903502881957E-02 
2333	 0.051107912269786 
2334	 5.34289233839876E-02 
2335	 5.27964810402371E-02 
2336	 4.92747781728493E-02 
2337	 4.94442205030477E-02 
2338	 5.01578099038879E-02 
2339	 4.88226382725735E-02 
2340	 4.89243371762192E-02 
2341	 4.99233362333662E-02 
2342	 4.60065532122863E-02 
2343	 4.34044863296711E-02 
2344	 4.17270602488481E-02 
2345	 4.24056701701975E-02 
2346	 4.50471831899134E-02 
2347	 4.53069121312968E-02 
2348	 4.67467280309585E-02 
2349	 4.61128720157757E-02 
2350	 4.28412423904584E-02 
2351	 4.01113170865972E-02 
2352	 3.79277526475786E-02 
2353	 4.15037590967818E-02 
2354	 4.44657403082821E-02 
2355	 4.44743794234691E-02 
2356	 4.84654980316125E-02 
2357	 4.95318436380907E-02 
2358	 4.50957934808179E-02 
2359	 0.045546335198276 
2360	 4.99376364815636E-02 
2361	 4.62572651948723E-02 
2362	 4.49757197422311E-02 
2363	 5.02145718190976E-02 
2364	 4.76522139136253E-02 
2365	 4.58364109018354E-02 
2366	 5.03254257014648E-02 
2367	 5.08176393883841E-02 
2368	 4.92631488075894E-02 
2369	 4.89758712291811E-02 
2370	 4.44132490115993E-02 
2371	 3.91056918905242E-02 
2372	 0.036538954046336 
2373	 3.62497837542514E-02 
2374	 4.00170498834949E-02 
2375	 4.02125169112732E-02 
2376	 3.63985114898849E-02 
2377	 3.54518671559992E-02 
2378	 0.03585999344191 
2379	 3.74834486258581E-02 
2380	 4.15120625516189E-02 
2381	 4.03636202666124E-02 
2382	 3.64651662336245E-02 
2383	 3.78378510284696E-02 
2384	 0.037605043153993 
2385	 3.98074291951848E-02 
2386	 4.91184080786961E-02 
2387	 5.03417335385124E-02 
2388	 4.04574566100986E-02 
2389	 3.45926928316922E-02 
2390	 3.08570803447472E-02 
2391	 2.74971566012424E-02 
2392	 3.96288274927532E-02 
2393	 4.61030338792674E-02 
2394	 3.58312193321405E-02 
2395	 3.54704362929952E-02 
2396	 3.92810763148563E-02 
2397	 4.26474458147264E-02 
2398	 4.88720475998289E-02 
2399	 4.48683453733704E-02 
2400	 3.13881629471218E-02 
2401	 2.36290751184569E-02 
2402	 0.03111396932329 
2403	 3.60442608484626E-02 
2404	 3.19379104830306E-02 
2405	 0.028966845044025 
2406	 2.69502570198739E-02 
2407	 2.99382018555226E-02 
2408	 4.05517657927784E-02 
2409	 4.85128682773765E-02 
2410	 4.73206839656034E-02 
2411	 0.041434527125166 
2412	 3.58487162456129E-02 
2413	 3.63824403518286E-02 
2414	 4.13078012983945E-02 
2415	 4.19121140109918E-02 
2416	 2.98145448702588E-02 
2417	 2.39615717332382E-02 
2418	 2.92696608885308E-02 
2419	 2.93364972865196E-02 
2420	 3.87478958679794E-02 
2421	 4.82809245129737E-02 
2422	 4.35479716541316E-02 
2423	 3.96257581381026E-02 
2424	 3.96628473315796E-02 
2425	 4.06687395670275E-02 
2426	 4.50918210728904E-02 
2427	 5.20346835186055E-02 
2428	 5.27948928857041E-02 
2429	 5.36641688331495E-02 
2430	 4.91375921917238E-02 
2431	 0.034859705633338 
2432	 0.032262049864173 
2433	 2.86015465933835E-02 
2434	 2.11400654781389E-02 
2435	 2.72611329033173E-02 
2436	 3.35005924717492E-02 
2437	 0.038225203714426 
2438	 3.41339847734515E-02 
2439	 0.03559369254843 
2440	 4.94712056622527E-02 
2441	 4.25603295918091E-02 
2442	 4.06083547699088E-02 
2443	 3.92487927238066E-02 
2444	 1.55179947244488E-02 
2445	 1.00203198427687E-02 
2446	 2.78128723131748E-02 
2447	 1.82667482022281E-02 
2448	-6.30845966579883E-03 
2449	-1.01524030389269E-02 
2450	-2.24075778220222E-02 
2451	-1.48358306211262E-02 
2452	 2.96585903438608E-02 
2453	 4.03663856616771E-02 
2454	 0.027948758366377 
2455	 2.08227206116103E-02 
2456	-8.75113115684217E-03 
2457	-8.64194789600023E-03 
2458	 3.61946617651113E-02 
2459	 4.99764964740195E-02 
2460	 4.20424582759218E-02 
2461	 2.23811863470417E-02 
2462	-1.84125224783162E-02 
2463	-1.36020285259134E-02 
2464	 0.025324686261026 
2465	 4.66895270931424E-02 
2466	 5.74575601997648E-02 
2467	 4.11790680523245E-02 
2468	 9.58057490101333E-03 
2469	 1.45270040506445E-03 
2470	 1.82011289059126E-02 
2471	-6.45944211464143E-03 
2472	-8.79041119040731E-02 
2473	-0.11636040460038 
2474	-0.136249051181597 
2475	-0.128228816702539 
2476	-2.67665493266905E-02 
2477	 1.80335666462278E-02 
2478	 2.09017556801866E-03 
2479	 5.45040987447663E-02 
2480	 0.146567252136976 
2481	 0.153179511898206 
2482	 0.145912038839505 
2483	 0.162247845964712 
2484	 0.136589320401648 
2485	 9.91566873674678E-02 
2486	 0.053110123032469 
2487	-0.149290825381231 
2488	-0.449913263366926 
2489	-0.51691154191908 
2490	-0.226796143571967 
2491	-5.69143428255813E-02 
2492	 5.27375825005539E-02 
2493	-9.59000819624351E-02 
2494	-0.37577912989471 
2495	-0.331547142127287 
2496	 0.110058420983127 
2497	 0.366080394460722 
2498	 0.210876241881132 
2499	-8.59319205829732E-02 
2500	-0.255786485932163 
