Wavelength	09/27/123 at 12:17:06
350	 7.11245481119021E-03 
351	 6.71215550651245E-03 
352	 6.61632711397588E-03 
353	 6.70470264973577E-03 
354	 6.60881531655003E-03 
355	 6.95954298209166E-03 
356	 7.11304371601882E-03 
357	 6.8261236248183E-03 
358	 6.89164169861983E-03 
359	 7.13770554022444E-03 
360	 7.34278612228655E-03 
361	 7.28518927458181E-03 
362	 7.20856331828446E-03 
363	 7.27609579180793E-03 
364	 7.43506549333937E-03 
365	 7.18951581594148E-03 
366	 7.08449288565813E-03 
367	 7.15743934672521E-03 
368	 7.22120699616494E-03 
369	 7.32081827259146E-03 
370	 7.46820430012833E-03 
371	 7.60200598980677E-03 
372	 7.46703573232112E-03 
373	 7.43292706551329E-03 
374	 7.47244809480048E-03 
375	 7.38052771249928E-03 
376	 7.34784638495719E-03 
377	 7.51721142751261E-03 
378	 7.81452165194131E-03 
379	 7.7048333742418E-03 
380	 7.46875237830449E-03 
381	 7.32568078870963E-03 
382	 7.45771043188343E-03 
383	 7.73725664594986E-03 
384	 7.92655900493524E-03 
385	 7.9004279878007E-03 
386	 7.77614197877527E-03 
387	 7.74472435108048E-03 
388	 7.80109336386659E-03 
389	 7.85315995064511E-03 
390	 8.00077058426785E-03 
391	 8.12306247962118E-03 
392	 8.16921462495341E-03 
393	 8.26337363687741E-03 
394	 8.26217873555003E-03 
395	 8.24155544986184E-03 
396	 8.33624676170609E-03 
397	 8.42019266539574E-03 
398	 8.60913763902774E-03 
399	 8.86905412462018E-03 
400	 8.88826649242491E-03 
401	 8.79701946135832E-03 
402	 8.74164948017922E-03 
403	 8.84004744959477E-03 
404	 8.84477063517597E-03 
405	 8.95104625066424E-03 
406	 9.20027214723981E-03 
407	 9.29041924186975E-03 
408	 9.33897029668176E-03 
409	 9.37488095358193E-03 
410	 9.4074971501816E-03 
411	 9.48060960110133E-03 
412	 9.58765370787007E-03 
413	 9.73669364338046E-03 
414	 9.98085283230168E-03 
415	 1.02030468034666E-02 
416	 1.03472407562657E-02 
417	 1.03941221713708E-02 
418	 1.03786223704903E-02 
419	 0.010456213897367 
420	 1.06644915171374E-02 
421	 1.08535258921532E-02 
422	 1.09627392754096E-02 
423	 1.10373620465868E-02 
424	 1.11545412081789E-02 
425	 1.12598883754319E-02 
426	 1.13801874446848E-02 
427	 1.15109982095985E-02 
428	 1.15895703584819E-02 
429	 1.16723338355313E-02 
430	 1.17488677611964E-02 
431	 1.17979617845802E-02 
432	 1.18660385440462E-02 
433	 1.19455314788229E-02 
434	 1.20298645629982E-02 
435	 1.21168999267583E-02 
436	 1.22752111709874E-02 
437	 1.24400575411143E-02 
438	 1.25259263957461E-02 
439	 1.25758852749283E-02 
440	 1.26486336303883E-02 
441	 1.27335487291154E-02 
442	 1.27252339718129E-02 
443	 1.28097013460004E-02 
444	 1.29402297407982E-02 
445	 1.30250892380233E-02 
446	 1.31228107174971E-02 
447	 1.32139477023776E-02 
448	 1.32975196868743E-02 
449	 1.34007023628716E-02 
450	 1.35350924251456E-02 
451	 1.36473521608147E-02 
452	 1.36877932771818E-02 
453	 1.37241869652424E-02 
454	 0.013748437634959 
455	 1.37832621832922E-02 
456	 1.38907941373387E-02 
457	 1.39913986240809E-02 
458	 1.40681296302193E-02 
459	 1.41225444613388E-02 
460	 0.014151572730373 
461	 1.41718560773754E-02 
462	 1.42075040400935E-02 
463	 1.42874060506447E-02 
464	 1.43647364818456E-02 
465	 1.44415247503943E-02 
466	 1.45192455458286E-02 
467	 1.45501659992071E-02 
468	 1.45459962037838E-02 
469	 1.45471984416656E-02 
470	 1.46160674280391E-02 
471	 1.46946904204841E-02 
472	 1.47829672852845E-02 
473	 1.48716550534688E-02 
474	 1.48716827774222E-02 
475	 1.49186636318849E-02 
476	 1.50027839010035E-02 
477	 1.50049655028617E-02 
478	 1.50334160566201E-02 
479	 0.015118046249045 
480	 1.52357465900807E-02 
481	 1.52500802283083E-02 
482	 1.52642691595145E-02 
483	 0.015298108949893 
484	 1.53191624922555E-02 
485	 1.54140315928132E-02 
486	 1.55534564092425E-02 
487	 1.56846307613195E-02 
488	 1.57491445667997E-02 
489	 0.015838958362452 
490	 1.59689583633248E-02 
491	 1.61083810029957E-02 
492	 1.62176001639164E-02 
493	 1.63264416603895E-02 
494	 1.64709881610878E-02 
495	 1.66874430067678E-02 
496	 1.68769015094364E-02 
497	 1.70682192433822E-02 
498	 1.73388830235396E-02 
499	 1.76170473637846E-02 
500	 0.017932125816764 
501	 1.82928906091535E-02 
502	 1.86523117986392E-02 
503	 0.019001171758588 
504	 1.93754083720913E-02 
505	 1.98298667735985E-02 
506	 2.03972822290631E-02 
507	 2.09803750736512E-02 
508	 2.15437616746218E-02 
509	 2.21521528660295E-02 
510	 2.28161846255342E-02 
511	 0.023552645510837 
512	 0.024365025692793 
513	 2.51808563880546E-02 
514	 2.60498534095299E-02 
515	 2.69985393235533E-02 
516	 0.028009813026183 
517	 2.90871505152207E-02 
518	 3.02321566512878E-02 
519	 3.14063757738356E-02 
520	 3.24819286164536E-02 
521	 3.35707505483091E-02 
522	 3.47089944116017E-02 
523	 3.58458852547356E-02 
524	 3.70001668433782E-02 
525	 3.80993970540994E-02 
526	 3.91051637087455E-02 
527	 4.01588257359346E-02 
528	 4.11176828330039E-02 
529	 4.19775111112329E-02 
530	 4.28531934087471E-02 
531	 0.043691742565837 
532	 4.44580544614511E-02 
533	 4.51429663505465E-02 
534	 4.58250166459674E-02 
535	 4.64806843500393E-02 
536	 4.70831347766923E-02 
537	 4.76045429357141E-02 
538	 4.80598353941673E-02 
539	 4.85038861148433E-02 
540	 4.89592876283441E-02 
541	 0.049367177156141 
542	 4.97911212077712E-02 
543	 5.01983625499095E-02 
544	 5.05332577676128E-02 
545	 5.08662889013161E-02 
546	 5.11721559598956E-02 
547	 0.051450630215535 
548	 5.17547836747123E-02 
549	 5.20318866689181E-02 
550	 0.052277393791938 
551	 5.24956099969371E-02 
552	 5.26474921366896E-02 
553	 5.27234027168566E-02 
554	 5.27186592193436E-02 
555	 5.26310239568891E-02 
556	 5.25155015694979E-02 
557	 5.23696104678293E-02 
558	 5.21793600596441E-02 
559	 5.19564579110506E-02 
560	 5.16645724057689E-02 
561	 5.13385262109745E-02 
562	 5.10685829436837E-02 
563	 5.07301505652463E-02 
564	 5.03137287184105E-02 
565	 0.049841056092502 
566	 4.93418191889752E-02 
567	 4.88539068472273E-02 
568	 4.83514253734427E-02 
569	 4.77696654225028E-02 
570	 0.047182129597574 
571	 0.046621090960359 
572	 4.60905761138964E-02 
573	 4.55421035890381E-02 
574	 4.50003381704961E-02 
575	 4.44945413013052E-02 
576	 4.40631015595312E-02 
577	 4.37120780111728E-02 
578	 4.33388459402874E-02 
579	 4.29270348027124E-02 
580	 4.26108703471598E-02 
581	 4.22767395057903E-02 
582	 4.19573226449875E-02 
583	 4.17063073008652E-02 
584	 4.14343138186543E-02 
585	 4.11722156655571E-02 
586	 4.09553511436785E-02 
587	 4.08119105316178E-02 
588	 4.06331235956026E-02 
589	 4.04454364512825E-02 
590	 4.02871889340696E-02 
591	 4.00666612926513E-02 
592	 3.98766214806151E-02 
593	 3.97453346885031E-02 
594	 3.96607383605893E-02 
595	 3.95665767982017E-02 
596	 0.039481518013789 
597	 3.94156019450694E-02 
598	 3.93267218494955E-02 
599	 0.039252106076839 
600	 3.91581681559172E-02 
601	 3.90008124403532E-02 
602	 3.89069465506345E-02 
603	 3.87687525395485E-02 
604	 3.85418550951751E-02 
605	 3.83034771322206E-02 
606	 3.80479769755267E-02 
607	 3.77788478887652E-02 
608	 3.74999257322125E-02 
609	 3.72356513403533E-02 
610	 3.69165178889075E-02 
611	 3.65543921984115E-02 
612	 3.62343622238477E-02 
613	 3.58467186801167E-02 
614	 3.54902182560637E-02 
615	 3.52288475830787E-02 
616	 3.48897260410597E-02 
617	 3.45917008337435E-02 
618	 3.43654891955529E-02 
619	 0.034174641493667 
620	 3.39869083936621E-02 
621	 3.38361817405276E-02 
622	 3.37283493062797E-02 
623	 3.35982122009456E-02 
624	 3.35180425796858E-02 
625	 0.03347660706465 
626	 3.34325478673101E-02 
627	 3.33664744474911E-02 
628	 3.33304377577071E-02 
629	 3.33335949014691E-02 
630	 3.33276457034032E-02 
631	 3.32737845221135E-02 
632	 3.31889830203193E-02 
633	 3.31010494900253E-02 
634	 3.30242856480353E-02 
635	 3.28946640462371E-02 
636	 0.032686783999549 
637	 3.24070710437296E-02 
638	 3.20541636392903E-02 
639	 3.16809640314267E-02 
640	 3.13104734512068E-02 
641	 3.08921910279558E-02 
642	 3.04652493599805E-02 
643	 3.00449742774545E-02 
644	 2.96328869678964E-02 
645	 2.92267529418448E-02 
646	 2.88018069567278E-02 
647	 2.84002818156326E-02 
648	 2.81350102038518E-02 
649	 2.78675995201605E-02 
650	 2.76225323729152E-02 
651	 2.74343152605014E-02 
652	 2.72535394358971E-02 
653	 2.70191104625193E-02 
654	 2.67597510477574E-02 
655	 2.65467549013039E-02 
656	 2.63195766004289E-02 
657	 2.60215732170296E-02 
658	 2.56622385055671E-02 
659	 2.53061154337423E-02 
660	 2.49327587336381E-02 
661	 2.45718459761712E-02 
662	 2.42389947760027E-02 
663	 2.38438231492492E-02 
664	 2.34920251472493E-02 
665	 2.31842959331349E-02 
666	 0.022803794490623 
667	 2.25533291537145E-02 
668	 2.23763728746604E-02 
669	 0.02222096605315 
670	 2.22244568053957E-02 
671	 2.22030772500037E-02 
672	 2.21198176303422E-02 
673	 2.20328538868267E-02 
674	 2.20646376938508E-02 
675	 2.21322100061256E-02 
676	 2.21939056864517E-02 
677	 2.23011557489157E-02 
678	 2.24291932500591E-02 
679	 2.25996490453648E-02 
680	 2.28426260935468E-02 
681	 2.31590525137963E-02 
682	 2.36077472886643E-02 
683	 0.024199773359183 
684	 0.024908030453803 
685	 2.57770949554084E-02 
686	 0.026957958988039 
687	 2.85054178410225E-02 
688	 0.02994688757289 
689	 0.031538297199409 
690	 3.34030391923679E-02 
691	 3.55501128809723E-02 
692	 3.80032912969707E-02 
693	 4.08545065547623E-02 
694	 4.40628810383879E-02 
695	 4.74026353283976E-02 
696	 5.09525671122822E-02 
697	 5.46881082001331E-02 
698	 0.058648771582163 
699	 6.27253452460713E-02 
700	 6.69927523532202E-02 
701	 7.13737359515731E-02 
702	 7.57406563522127E-02 
703	 8.00881960405826E-02 
704	 8.44543386330487E-02 
705	 8.89038760337161E-02 
706	 9.33982629226011E-02 
707	 9.78487964669491E-02 
708	 0.102333002571712 
709	 0.106914501924278 
710	 0.111463444949492 
711	 0.116025850377581 
712	 0.120689315932123 
713	 0.125480353721676 
714	 0.130136710156683 
715	 0.134624316250278 
716	 0.139141109091457 
717	 0.143859701975202 
718	 0.14886047386238 
719	 0.153933341240233 
720	 0.158716848513507 
721	 0.163241964726551 
722	 0.167444271357969 
723	 0.171742843522483 
724	 0.176141572871964 
725	 0.180461098981792 
726	 0.184525384751926 
727	 0.188444855829925 
728	 0.192390579810966 
729	 0.196055993990168 
730	 0.199524236426106 
731	 0.2029070401045 
732	 0.206122136054515 
733	 0.209088161789354 
734	 0.211886793890496 
735	 0.214626703008501 
736	 0.217247829539913 
737	 0.219684326727224 
738	 0.221933935088367 
739	 0.22405230379165 
740	 0.226144075917521 
741	 0.228112600171895 
742	 0.229874058072707 
743	 0.231563188351439 
744	 0.233111599376536 
745	 0.234515312576838 
746	 0.235801569515469 
747	 0.237065040988014 
748	 0.238271143010425 
749	 0.239385355734839 
750	 0.240394257274979 
751	 0.241382864718578 
752	 0.242319008907267 
753	 0.243163982954729 
754	 0.243941969980872 
755	 0.244713665519138 
756	 0.245459491051076 
757	 0.246192674231707 
758	 0.247359775088076 
759	 0.249047559310402 
760	 0.250993394551676 
761	 0.251564695854049 
762	 0.251753408102309 
763	 0.251787575753642 
764	 0.251691334302243 
765	 0.251528018147701 
766	 0.251551119647147 
767	 0.251712844030656 
768	 0.251935151340973 
769	 0.25229471923547 
770	 0.252661729202992 
771	 0.252987915474842 
772	 0.253308905561954 
773	 0.253652216871394 
774	 0.254056600669331 
775	 0.254500585145801 
776	 0.254856563399864 
777	 0.255240723766797 
778	 0.255594055969277 
779	 0.255866700544507 
780	 0.25626690690863 
781	 0.256670600992635 
782	 0.25701917081592 
783	 0.257319072856209 
784	 0.257720730454349 
785	 0.258110792230545 
786	 0.258424786703764 
787	 0.258707374222483 
788	 0.259067824301857 
789	 0.25943076260499 
790	 0.259744753777699 
791	 0.260155960731909 
792	 0.260559398900176 
793	 0.260917149442707 
794	 0.261235083142148 
795	 0.261578929904497 
796	 0.261921298051286 
797	 0.262241370036908 
798	 0.262537882608208 
799	 0.2628867388134 
800	 0.263235028666636 
801	 0.263556704475443 
802	 0.263908748538028 
803	 0.264312179147191 
804	 0.264692719628507 
805	 0.264989176267447 
806	 0.265267980124164 
807	 0.265566094962446 
808	 0.26589236844872 
809	 0.266213470189685 
810	 0.266404516930213 
811	 0.266582897326708 
812	 0.266797639159814 
813	 0.267008547758938 
814	 0.26720307936011 
815	 0.267453066037772 
816	 0.267804766728843 
817	 0.268227692763791 
818	 0.268548555206086 
819	 0.268783377930179 
820	 0.269039284060298 
821	 0.269492495411107 
822	 0.269889331634682 
823	 0.270148823897808 
824	 0.270328280093664 
825	 0.270656849772692 
826	 0.27106121524943 
827	 0.271442098349157 
828	 0.271695241925393 
829	 0.271860636902394 
830	 0.272047832620299 
831	 0.27236214513482 
832	 0.272879946391241 
833	 0.273132149242685 
834	 0.273270827011562 
835	 0.273544021211105 
836	 0.273910974911656 
837	 0.274316193668855 
838	 0.274654264190569 
839	 0.274868664989892 
840	 0.275257251391683 
841	 0.275663916380663 
842	 0.276023037991738 
843	 0.276351415983212 
844	 0.276573788392139 
845	 0.276793466380042 
846	 0.277101929029471 
847	 0.277537016389367 
848	 0.277838525123598 
849	 0.27809367767731 
850	 0.278394351889342 
851	 0.278620620384469 
852	 0.278992321851542 
853	 0.279371061361197 
854	 0.27957853036092 
855	 0.279758234654445 
856	 0.279998038080106 
857	 0.280304822178448 
858	 0.280629326045608 
859	 0.280925716722737 
860	 0.281242894775149 
861	 0.281564252476669 
862	 0.28182112068443 
863	 0.282074323035881 
864	 0.282336839631167 
865	 0.282603913687186 
866	 0.282876738998443 
867	 0.283067542824906 
868	 0.283267850347134 
869	 0.283560427935134 
870	 0.283916559532645 
871	 0.284186583013232 
872	 0.284382550878651 
873	 0.284581587502992 
874	 0.284830309192346 
875	 0.285019300354802 
876	 0.28525815914911 
877	 0.285688691807098 
878	 0.286063693701826 
879	 0.286238802706359 
880	 0.286298639474595 
881	 0.286498332999079 
882	 0.286711272825495 
883	 0.287041221845187 
884	 0.287440041403466 
885	 0.287680120034014 
886	 0.287897801665482 
887	 0.287982514319324 
888	 0.28795627686676 
889	 0.288100808485394 
890	 0.288165615017591 
891	 0.288265582144419 
892	 0.288460284939685 
893	 0.288410355898992 
894	 0.288457381711609 
895	 0.288608929683814 
896	 0.288749787860418 
897	 0.288820359569149 
898	 0.289002724041543 
899	 0.289174111580513 
900	 0.28913675707132 
901	 0.289253010257593 
902	 0.289362100245628 
903	 0.289352178153334 
904	 0.289259578154631 
905	 0.289903893515744 
906	 0.29049317073979 
907	 0.290608689939032 
908	 0.290396843489782 
909	 0.29020063491569 
910	 0.290111282688956 
911	 0.290150379401049 
912	 0.290298275943636 
913	 0.290498034779993 
914	 0.290677440242639 
915	 0.290800519175511 
916	 0.290865881117613 
917	 0.291170175213684 
918	 0.291445083005815 
919	 0.291531681019968 
920	 0.291887046769317 
921	 0.292275894832365 
922	 0.292339461441107 
923	 0.29191176735409 
924	 0.291576426699795 
925	 0.291273705395146 
926	 0.290816565236042 
927	 0.290075219155195 
928	 0.289554678071809 
929	 0.289517502763589 
930	 0.289350559596148 
931	 0.288014705451029 
932	 0.286834969355514 
933	 0.285175414153548 
934	 0.283724973978774 
935	 0.283841110120304 
936	 0.283039670096807 
937	 0.28303945599357 
938	 0.283301148300306 
939	 0.281896732771104 
940	 0.282174553805209 
941	 0.283025244826328 
942	 0.283287761111521 
943	 0.282415990075376 
944	 0.281924525561284 
945	 0.281220630239987 
946	 0.280189540081591 
947	 0.279646715140554 
948	 0.279172458500429 
949	 0.278665620558002 
950	 0.277860535704562 
951	 0.276347840378995 
952	 0.27639286966328 
953	 0.276030686907623 
954	 0.274500952661874 
955	 0.274222600754414 
956	 0.273982403663875 
957	 0.273735141895027 
958	 0.273495746063718 
959	 0.272940597120153 
960	 0.272905555943177 
961	 0.273141770032174 
962	 0.273326008648165 
963	 0.273569669856096 
964	 0.273418032743532 
965	 0.273378004116164 
966	 0.273647725940478 
967	 0.273137266513366 
968	 0.273190981879207 
969	 0.274004619794937 
970	 0.275009748874066 
971	 0.274638254744766 
972	 0.273976284109269 
973	 0.273929726015651 
974	 0.274714644251576 
975	 0.274719757817477 
976	 0.274973270412554 
977	 0.275266656372378 
978	 0.275225690877956 
979	 0.275355967399498 
980	 0.275689766083747 
981	 0.276008957670309 
982	 0.276198900803314 
983	 0.276853179997886 
984	 0.277271206616208 
985	 0.277580578183224 
986	 0.278009618704549 
987	 0.277851092333617 
988	 0.278506115191273 
989	 0.279469699283784 
990	 0.279810588003747 
991	 0.280200125306509 
992	 0.280635423798113 
993	 0.281064506816127 
994	 0.281406818706145 
995	 0.281571276347463 
996	 0.281943601402876 
997	 0.282122937532881 
998	 0.281741530126553 
999	 0.281757062515323 
1000	 0.282493123974891 
1001	 0.286374947086835 
1002	 0.286839919391504 
1003	 0.287471799985006 
1004	 0.288024502390592 
1005	 0.288440464815222 
1006	 0.288967709500578 
1007	 0.289515622884718 
1008	 0.29018982599123 
1009	 0.29092620404501 
1010	 0.291627807773245 
1011	 0.292342360153025 
1012	 0.292698880687624 
1013	 0.292949813323845 
1014	 0.293437634526588 
1015	 0.294055984624016 
1016	 0.294877905059334 
1017	 0.295478860082192 
1018	 0.296110535105393 
1019	 0.296492776229514 
1020	 0.296781813204068 
1021	 0.297140226481966 
1022	 0.297721283036052 
1023	 0.298307727520293 
1024	 0.298709605087095 
1025	 0.299125848857019 
1026	 0.29959646330195 
1027	 0.300143733554876 
1028	 0.300899804961619 
1029	 0.301650509235916 
1030	 0.302293429495986 
1031	 0.302934402706915 
1032	 0.303541389447292 
1033	 0.304227888928456 
1034	 0.304827342916128 
1035	 0.305318024333557 
1036	 0.305848928596728 
1037	 0.306109037938702 
1038	 0.306363292735548 
1039	 0.306802738953878 
1040	 0.307084844149482 
1041	 0.307507969924071 
1042	 0.307976680441356 
1043	 0.308287579900828 
1044	 0.308757081983843 
1045	 0.309299078826916 
1046	 0.309923346355475 
1047	 0.31050741631643 
1048	 0.311048389151897 
1049	 0.311577627631508 
1050	 0.311979973097737 
1051	 0.312311239255602 
1052	 0.312807325382627 
1053	 0.313010550688565 
1054	 0.313076168872752 
1055	 0.313379256523274 
1056	 0.313611068019699 
1057	 0.31384625912326 
1058	 0.314217996963729 
1059	 0.314491593061126 
1060	 0.314663314191882 
1061	 0.314838062769147 
1062	 0.315081230833232 
1063	 0.315368221888577 
1064	 0.315740907003014 
1065	 0.316015050625681 
1066	 0.316293976122124 
1067	 0.316551823830103 
1068	 0.316611983312056 
1069	 0.316864138207348 
1070	 0.317066615611542 
1071	 0.317270908453162 
1072	 0.317463770096863 
1073	 0.31769255807862 
1074	 0.317775964924253 
1075	 0.317798747861767 
1076	 0.317819638987245 
1077	 0.317698231706977 
1078	 0.317829884552405 
1079	 0.317950927698537 
1080	 0.317975847025969 
1081	 0.318013802293902 
1082	 0.31804943549059 
1083	 0.318102241827741 
1084	 0.318085631601421 
1085	 0.31818208761975 
1086	 0.318442108166877 
1087	 0.318505488009158 
1088	 0.318529404922129 
1089	 0.318551863478109 
1090	 0.318515236441093 
1091	 0.318343950801766 
1092	 0.318152708820643 
1093	 0.318101722403773 
1094	 0.317950415450033 
1095	 0.317704004257804 
1096	 0.317596632602403 
1097	 0.317608819466903 
1098	 0.317458636077735 
1099	 0.317298077981616 
1100	 0.317175947631978 
1101	 0.317017123401699 
1102	 0.316808812204696 
1103	 0.31671585058123 
1104	 0.316403751089657 
1105	 0.315688445695106 
1106	 0.315299152942956 
1107	 0.31500573485304 
1108	 0.314736898739317 
1109	 0.314431750305075 
1110	 0.314245455996685 
1111	 0.313861036724936 
1112	 0.313111068904919 
1113	 0.312618804470709 
1114	 0.31224548192407 
1115	 0.311763301989349 
1116	 0.311367741831123 
1117	 0.310763782881513 
1118	 0.309865154753624 
1119	 0.309122305189042 
1120	 0.308504823661376 
1121	 0.307566931543697 
1122	 0.306497893813709 
1123	 0.305418099268748 
1124	 0.304205113398826 
1125	 0.302599303553281 
1126	 0.301340540588454 
1127	 0.30063842487749 
1128	 0.299213429052992 
1129	 0.297805763825835 
1130	 0.295998649583369 
1131	 0.293615396029828 
1132	 0.291781409373773 
1133	 0.290055691380363 
1134	 0.288467791815409 
1135	 0.287311403132745 
1136	 0.285937429438138 
1137	 0.284558333641787 
1138	 0.283093819968937 
1139	 0.281614875319336 
1140	 0.280058211541776 
1141	 0.278207240028496 
1142	 0.276135793165188 
1143	 0.27416121593881 
1144	 0.272022812435426 
1145	 0.269951003681175 
1146	 0.267855568422485 
1147	 0.266019626957424 
1148	 0.264431202303831 
1149	 0.262537620428235 
1150	 0.260667433990111 
1151	 0.258901925152218 
1152	 0.256755083531121 
1153	 0.255169063824064 
1154	 0.253956237863401 
1155	 0.25303006357664 
1156	 0.251933955975904 
1157	 0.250844640458658 
1158	 0.250071281045863 
1159	 0.249358074201951 
1160	 0.248732451826837 
1161	 0.24842101724893 
1162	 0.247933850216683 
1163	 0.247264208786278 
1164	 0.246844586535797 
1165	 0.246557947575336 
1166	 0.24618228951177 
1167	 0.245830935833923 
1168	 0.245516281925514 
1169	 0.245133129518823 
1170	 0.2448440373687 
1171	 0.244701331622119 
1172	 0.244444300223051 
1173	 0.244187230197272 
1174	 0.243959769001914 
1175	 0.243634078693013 
1176	 0.243234187823726 
1177	 0.242901952018202 
1178	 0.24246838120662 
1179	 0.242201505895839 
1180	 0.242068386212322 
1181	 0.241817615841019 
1182	 0.241618517758801 
1183	 0.241352095999605 
1184	 0.240951934930976 
1185	 0.240661829646069 
1186	 0.240435594311946 
1187	 0.240183094036014 
1188	 0.239994375577301 
1189	 0.239679620697925 
1190	 0.239523048589702 
1191	 0.239250392149478 
1192	 0.239138861430294 
1193	 0.239307847552654 
1194	 0.239245746816846 
1195	 0.239135063107299 
1196	 0.239108215922487 
1197	 0.238992145597324 
1198	 0.238964834078824 
1199	 0.239048670025919 
1200	 0.239138168331243 
1201	 0.239230425384584 
1202	 0.239366178748246 
1203	 0.239567950312225 
1204	 0.239770368678828 
1205	 0.240016350049311 
1206	 0.240225470141379 
1207	 0.240341180728699 
1208	 0.240649901451081 
1209	 0.240994866443011 
1210	 0.241258987010618 
1211	 0.241723548451722 
1212	 0.242154250598968 
1213	 0.2425505436656 
1214	 0.243044087871591 
1215	 0.243416014765054 
1216	 0.243660434269792 
1217	 0.244066325670386 
1218	 0.24443739094811 
1219	 0.244961043377655 
1220	 0.245763167280191 
1221	 0.246309374447995 
1222	 0.246836415121989 
1223	 0.247255450209769 
1224	 0.247403071356842 
1225	 0.247775266542002 
1226	 0.248267840206395 
1227	 0.24876694613052 
1228	 0.249527513938185 
1229	 0.250055032994787 
1230	 0.250393225233753 
1231	 0.250886354396006 
1232	 0.251240079818705 
1233	 0.251693303320585 
1234	 0.252321328933314 
1235	 0.252740364909229 
1236	 0.253151040866526 
1237	 0.253483902128646 
1238	 0.253836290918199 
1239	 0.254164499664669 
1240	 0.254558484011596 
1241	 0.254993217047211 
1242	 0.255362946368887 
1243	 0.255761500280544 
1244	 0.256064364103783 
1245	 0.256200857021738 
1246	 0.256452811684651 
1247	 0.256827155529958 
1248	 0.257090789501498 
1249	 0.257557498264057 
1250	 0.258037227016244 
1251	 0.258355754555648 
1252	 0.258721586142242 
1253	 0.258888271176028 
1254	 0.25900751784523 
1255	 0.259313173509049 
1256	 0.259587813209964 
1257	 0.259827328229549 
1258	 0.260168923343728 
1259	 0.260402174584856 
1260	 0.260463292509252 
1261	 0.260653171271745 
1262	 0.260878058403557 
1263	 0.261147306278995 
1264	 0.261393129464842 
1265	 0.261581444449809 
1266	 0.261745961113016 
1267	 0.261908006849547 
1268	 0.262004547804861 
1269	 0.262133067827385 
1270	 0.262191742472845 
1271	 0.262075223950455 
1272	 0.262060188533868 
1273	 0.262027025667088 
1274	 0.261953457407968 
1275	 0.262023652412615 
1276	 0.261919434396486 
1277	 0.261708705158858 
1278	 0.261581539080375 
1279	 0.261335887096455 
1280	 0.261093917258862 
1281	 0.26086867256186 
1282	 0.260663977212419 
1283	 0.260457071031268 
1284	 0.26013958348023 
1285	 0.259835619851814 
1286	 0.259601532632281 
1287	 0.259131924750908 
1288	 0.25869182162507 
1289	 0.258370172478419 
1290	 0.257992530236043 
1291	 0.257682826195347 
1292	 0.257256232540955 
1293	 0.256732845506766 
1294	 0.256235200744817 
1295	 0.25562299508182 
1296	 0.255066534793758 
1297	 0.254565716321237 
1298	 0.25387276238984 
1299	 0.253164844023008 
1300	 0.252606968424161 
1301	 0.251985325917351 
1302	 0.251169494152772 
1303	 0.25036895639519 
1304	 0.249479778501707 
1305	 0.248612659771937 
1306	 0.247675568717305 
1307	 0.246962630890851 
1308	 0.246127740820645 
1309	 0.244969321262543 
1310	 0.243974346030334 
1311	 0.242931719037594 
1312	 0.241726027548817 
1313	 0.240730951942553 
1314	 0.23967456224388 
1315	 0.238460404602002 
1316	 0.237147230183221 
1317	 0.235752809156197 
1318	 0.23444847290223 
1319	 0.233032722198114 
1320	 0.231748854694859 
1321	 0.23068310380835 
1322	 0.229202413399571 
1323	 0.227787529546633 
1324	 0.226547993607473 
1325	 0.224913630426908 
1326	 0.223561784103605 
1327	 0.222127381780719 
1328	 0.220346000511274 
1329	 0.218931828366452 
1330	 0.217272808372231 
1331	 0.215405759313325 
1332	 0.213593586219998 
1333	 0.212188154210874 
1334	 0.210362388381253 
1335	 0.20880580470915 
1336	 0.207351342893452 
1337	 0.20523858080189 
1338	 0.203584776271263 
1339	 0.20253528965047 
1340	 0.201315886259716 
1341	 0.200213981513617 
1342	 0.198970846254377 
1343	 0.197541480732356 
1344	 0.196400172145313 
1345	 0.195677085208113 
1346	 0.195100796209782 
1347	 0.193833074238889 
1348	 0.192297738755226 
1349	 0.190955143097939 
1350	 0.189915431084014 
1351	 0.189482026401511 
1352	 0.189008151599039 
1353	 0.187594154760249 
1354	 0.184979584139346 
1355	 0.182582238581034 
1356	 0.182345998975483 
1357	 0.18415083243066 
1358	 0.186328798453336 
1359	 0.187299503792612 
1360	 0.187407975701597 
1361	 0.177582714442625 
1362	 0.164662970373288 
1363	 0.167247502591207 
1364	 0.162028879185562 
1365	 0.148139081831117 
1366	 0.137417937212416 
1367	 9.29287063951286E-02 
1368	 0.111466411185901 
1369	 0.177120229659656 
1370	 0.150951582182155 
1371	 0.156174589340968 
1372	 0.174038391986176 
1373	 0.155820788466744 
1374	 0.149585066735476 
1375	 0.108332232055536 
1376	 4.45183454759798E-02 
1377	 4.38944373645953E-02 
1378	 8.66260071982553E-02 
1379	 0.10860572237794 
1380	 9.98056725875113E-02 
1381	 0.080944507177638 
1382	 7.28943178742293E-02 
1383	 6.03492401554452E-02 
1384	 4.33440273582373E-02 
1385	 3.64499958615175E-02 
1386	 3.19659613913897E-03 
1387	 0.010764559420273 
1388	 7.78034456479035E-02 
1389	 0.100477876706005 
1390	 0.114670657266161 
1391	 9.49812483993286E-02 
1392	 7.60528055608931E-02 
1393	 5.71313900392357E-02 
1394	 3.39223670134978E-02 
1395	 3.84451335482602E-02 
1396	 6.93682161487912E-02 
1397	 7.58580090010877E-02 
1398	 5.83098287570927E-02 
1399	 5.74032198473834E-02 
1400	 6.09657687695334E-02 
1401	 4.60437918863088E-02 
1402	 5.06250775660216E-02 
1403	 6.80487963194695E-02 
1404	 6.97943640988507E-02 
1405	 7.10627904462339E-02 
1406	 6.88326865113535E-02 
1407	 5.79185745795174E-02 
1408	 5.05287858313159E-02 
1409	 4.48467285732194E-02 
1410	 4.32093890921764E-02 
1411	 4.55516577978434E-02 
1412	 0.04562363940204 
1413	 4.50669253410793E-02 
1414	 4.50858541451653E-02 
1415	 4.64713364691074E-02 
1416	 4.68823962565434E-02 
1417	 4.48994989393634E-02 
1418	 4.32427128300558E-02 
1419	 4.09399764453682E-02 
1420	 3.93824211412512E-02 
1421	 4.12136917310985E-02 
1422	 4.34746102769104E-02 
1423	 4.40703091052951E-02 
1424	 4.43706773087797E-02 
1425	 4.43135125296754E-02 
1426	 4.36944995089962E-02 
1427	 4.20620985008547E-02 
1428	 0.042054997448955 
1429	 4.26879111396994E-02 
1430	 4.08767478922294E-02 
1431	 4.01561466025524E-02 
1432	 4.12868367603433E-02 
1433	 4.05594706073665E-02 
1434	 4.06149767021805E-02 
1435	 4.19874152252443E-02 
1436	 4.07828513209608E-02 
1437	 0.038830779988736 
1438	 3.93482572398314E-02 
1439	 3.98217178321063E-02 
1440	 3.92740962135825E-02 
1441	 3.98213162229595E-02 
1442	 3.96812117756774E-02 
1443	 3.87609383420625E-02 
1444	 3.92661828044269E-02 
1445	 4.04072101404249E-02 
1446	 4.10748563576677E-02 
1447	 0.04058993941959 
1448	 0.039864504195751 
1449	 3.99477739484815E-02 
1450	 3.98018472101332E-02 
1451	 3.97183946405972E-02 
1452	 3.99138846492845E-02 
1453	 3.94117573354076E-02 
1454	 3.91465606489244E-02 
1455	 4.00341840080347E-02 
1456	 4.06123025468318E-02 
1457	 4.06171253230624E-02 
1458	 4.09309064860178E-02 
1459	 4.04313211588114E-02 
1460	 3.97423733293153E-02 
1461	 4.01687723637671E-02 
1462	 4.04317570718264E-02 
1463	 0.040488802323863 
1464	 4.07779887579114E-02 
1465	 4.08686597493716E-02 
1466	 0.040968700499051 
1467	 0.041018568223263 
1468	 0.041105978071977 
1469	 4.13015523687058E-02 
1470	 0.041483220507862 
1471	 0.041429156285783 
1472	 4.17602645034845E-02 
1473	 4.24776164669767E-02 
1474	 0.043148685992398 
1475	 4.33251073789694E-02 
1476	 4.31603386890644E-02 
1477	 0.043346626369965 
1478	 4.37608206174439E-02 
1479	 4.42021567569961E-02 
1480	 4.47145373107263E-02 
1481	 4.50747381867498E-02 
1482	 4.49559845092267E-02 
1483	 4.49815992870576E-02 
1484	 4.55398185929191E-02 
1485	 4.61946285249867E-02 
1486	 4.70836954749142E-02 
1487	 4.78567394548981E-02 
1488	 4.81719394378539E-02 
1489	 4.83984505815001E-02 
1490	 4.85611602675532E-02 
1491	 4.89673176316491E-02 
1492	 4.98477866743231E-02 
1493	 5.05023590026545E-02 
1494	 5.07031368201961E-02 
1495	 5.08528693113685E-02 
1496	 5.10718924647609E-02 
1497	 5.15779638755846E-02 
1498	 5.23921144232078E-02 
1499	 5.29561489045249E-02 
1500	 5.32008516790024E-02 
1501	 5.36475423990433E-02 
1502	 5.41345091390674E-02 
1503	 5.45026009493937E-02 
1504	 5.50529857625074E-02 
1505	 0.055609057118791 
1506	 5.60606985882622E-02 
1507	 5.66266821937487E-02 
1508	 5.73185428545095E-02 
1509	 5.78924838723668E-02 
1510	 5.83623133817661E-02 
1511	 5.88625754064941E-02 
1512	 5.92637366224342E-02 
1513	 5.97110946129197E-02 
1514	 6.01833366469089E-02 
1515	 6.06957270663415E-02 
1516	 6.13738680477598E-02 
1517	 6.17881263777816E-02 
1518	 0.062194353109857 
1519	 6.28403324978603E-02 
1520	 6.32905741606856E-02 
1521	 6.38735815663807E-02 
1522	 6.47407711122537E-02 
1523	 6.53561229226524E-02 
1524	 6.57446613100946E-02 
1525	 6.62796216081757E-02 
1526	 6.68679078701407E-02 
1527	 6.73228577558855E-02 
1528	 6.78687581264518E-02 
1529	 6.84283814939982E-02 
1530	 6.87783838732346E-02 
1531	 6.92627358554179E-02 
1532	 0.069886446625629 
1533	 7.04741190642566E-02 
1534	 7.11041873249021E-02 
1535	 7.17323018893453E-02 
1536	 7.23122812606309E-02 
1537	 0.072820330760954 
1538	 0.073313812321027 
1539	 7.38900582398985E-02 
1540	 0.074336638618526 
1541	 7.48170785151888E-02 
1542	 7.53096446291355E-02 
1543	 7.58217998908039E-02 
1544	 7.64491081400556E-02 
1545	 7.70705456728541E-02 
1546	 7.77195891014118E-02 
1547	 7.82483775153958E-02 
1548	 7.85873811610053E-02 
1549	 7.91199815733202E-02 
1550	 7.97591407417733E-02 
1551	 8.04139645753762E-02 
1552	 0.081083119399514 
1553	 8.14642334765907E-02 
1554	 0.081860738153383 
1555	 8.24310667374203E-02 
1556	 8.29472575613474E-02 
1557	 8.35434767231353E-02 
1558	 8.41130211816356E-02 
1559	 8.45413267400366E-02 
1560	 8.49759887481968E-02 
1561	 8.54337413462125E-02 
1562	 0.085963230961892 
1563	 8.65374690884958E-02 
1564	 8.69932145574742E-02 
1565	 0.087424761962439 
1566	 8.79266324395406E-02 
1567	 8.84176726651172E-02 
1568	 8.89744718589823E-02 
1569	 8.95819586280619E-02 
1570	 9.01921216786857E-02 
1571	 9.07190278305048E-02 
1572	 9.11102955953121E-02 
1573	 0.091628256438844 
1574	 9.20836177687113E-02 
1575	 9.24388676684741E-02 
1576	 0.092912516544606 
1577	 9.32636962408051E-02 
1578	 9.36427893262477E-02 
1579	 9.43156650041106E-02 
1580	 9.49222406879746E-02 
1581	 9.52666628793008E-02 
1582	 9.57493086570283E-02 
1583	 9.62234942898691E-02 
1584	 9.65017838576108E-02 
1585	 9.70645007345263E-02 
1586	 9.77780479396497E-02 
1587	 9.82766889743683E-02 
1588	 9.86701446494421E-02 
1589	 9.89340396733824E-02 
1590	 9.91471099068902E-02 
1591	 9.95747616473188E-02 
1592	 0.100191586731623 
1593	 0.100887988751444 
1594	 0.101422042637488 
1595	 0.101553272999488 
1596	 0.101640173689189 
1597	 0.102063606684521 
1598	 0.102694070203657 
1599	 0.103398953112963 
1600	 0.103896532746506 
1601	 0.104141696000549 
1602	 0.104500815731065 
1603	 0.104816282693031 
1604	 0.105254392114373 
1605	 0.105819039849321 
1606	 0.106116243717736 
1607	 0.106589640662824 
1608	 0.107046836917281 
1609	 0.107364225744977 
1610	 0.107796117137419 
1611	 0.107927716332923 
1612	 0.108149466542698 
1613	 0.10861965066646 
1614	 0.108892304038207 
1615	 0.109244937782391 
1616	 0.109743301510418 
1617	 0.110049786944402 
1618	 0.110324194568337 
1619	 0.11068779459895 
1620	 0.11083760739916 
1621	 0.111023342055389 
1622	 0.111461425949638 
1623	 0.111874532247351 
1624	 0.112239855917378 
1625	 0.112475271231409 
1626	 0.112529826939314 
1627	 0.112604999956813 
1628	 0.112939716540009 
1629	 0.113433038959926 
1630	 0.113866643922764 
1631	 0.114224646664458 
1632	 0.114334183933879 
1633	 0.114290499569051 
1634	 0.114446318319083 
1635	 0.114753614614948 
1636	 0.115111646139288 
1637	 0.115543683449089 
1638	 0.115787807183081 
1639	 0.115940096064439 
1640	 0.11622502220506 
1641	 0.116283370784068 
1642	 0.116419951950384 
1643	 0.116829205692707 
1644	 0.116946994739503 
1645	 0.117194833548081 
1646	 0.117638824910108 
1647	 0.117718314335153 
1648	 0.11780543219569 
1649	 0.11793465892069 
1650	 0.117857364364944 
1651	 0.117843028405434 
1652	 0.118107223128567 
1653	 0.118338819168647 
1654	 0.118270263067187 
1655	 0.118337334047381 
1656	 0.118374619644302 
1657	 0.118172575186657 
1658	 0.118438599188468 
1659	 0.118722378882799 
1660	 0.118546015669205 
1661	 0.118694823410274 
1662	 0.118693351535804 
1663	 0.118266821342895 
1664	 0.118361902375899 
1665	 0.118398696153469 
1666	 0.118118376775756 
1667	 0.118265444459586 
1668	 0.118056709440585 
1669	 0.117668470719678 
1670	 0.117791627670555 
1671	 0.117578497918846 
1672	 0.117399531533281 
1673	 0.11736311784994 
1674	 0.116974126048517 
1675	 0.11694404068658 
1676	 0.117035721658744 
1677	 0.116772798333356 
1678	 0.116548547356853 
1679	 0.116331486808453 
1680	 0.115899592196719 
1681	 0.115669876271429 
1682	 0.115647890338461 
1683	 0.115363084958488 
1684	 0.115133799392524 
1685	 0.11496802867784 
1686	 0.114432220522564 
1687	 0.113900780169528 
1688	 0.113581449962052 
1689	 0.113288898974425 
1690	 0.113289735998304 
1691	 0.113461939449309 
1692	 0.113336938742866 
1693	 0.112998499414327 
1694	 0.11248138822837 
1695	 0.111834476453711 
1696	 0.111353920926826 
1697	 0.111063434324164 
1698	 0.110840452451723 
1699	 0.11066338444219 
1700	 0.110602485175502 
1701	 0.110388092036354 
1702	 0.110384298790634 
1703	 0.110203323810596 
1704	 0.109779473068475 
1705	 0.10937568791758 
1706	 0.108752047823889 
1707	 0.1083740542231 
1708	 0.108265969582894 
1709	 0.108113998214066 
1710	 0.108092419892965 
1711	 0.107828465334483 
1712	 0.107301084415449 
1713	 0.107021303989218 
1714	 0.106893745071524 
1715	 0.106598429767975 
1716	 0.10626062498115 
1717	 0.106007729186974 
1718	 0.105627383650457 
1719	 0.105332004510289 
1720	 0.105272274227107 
1721	 0.105081516415613 
1722	 0.104782188533738 
1723	 0.104552257655971 
1724	 0.104347735046445 
1725	 0.104133292716752 
1726	 0.103897254468734 
1727	 0.103663638878575 
1728	 0.103479300973829 
1729	 0.103297709215536 
1730	 0.103130149045126 
1731	 0.10284400233669 
1732	 0.102466552400379 
1733	 0.102131926281635 
1734	 0.101562884201047 
1735	 0.101512752753604 
1736	 0.102010847434402 
1737	 0.101948172712653 
1738	 0.101974011154379 
1739	 0.101670875913043 
1740	 0.100631177039293 
1741	 0.100269516478414 
1742	 0.100225384028655 
1743	 0.100054322729497 
1744	 0.10014461003485 
1745	 9.99097649741445E-02 
1746	 9.94184489460407E-02 
1747	 9.90487333631581E-02 
1748	 9.85507854162032E-02 
1749	 0.098436690225939 
1750	 9.86074802943321E-02 
1751	 9.87486627470546E-02 
1752	 9.86358286880691E-02 
1753	 0.098033978542374 
1754	 9.71569095545667E-02 
1755	 9.65711002246464E-02 
1756	 9.61729337470308E-02 
1757	 9.60567842645596E-02 
1758	 9.59882688472105E-02 
1759	 9.52867158598358E-02 
1760	 9.47698050569121E-02 
1761	 9.47509418736016E-02 
1762	 9.45441030206377E-02 
1763	 9.44123883898051E-02 
1764	 9.44157660204253E-02 
1765	 9.39719045522923E-02 
1766	 0.093465224367701 
1767	 9.32396425912756E-02 
1768	 9.26087748746958E-02 
1769	 9.19718541137002E-02 
1770	 9.18060896356411E-02 
1771	 9.22402007069833E-02 
1772	 9.22844383583238E-02 
1773	 9.22534612410049E-02 
1774	 0.09212964118659 
1775	 9.15660760284953E-02 
1776	 0.091268534167696 
1777	 9.11522462173379E-02 
1778	 9.10359527180059E-02 
1779	 9.11143142654355E-02 
1780	 9.09654064151284E-02 
1781	 9.06760690477802E-02 
1782	 0.090428128899159 
1783	 9.01070332425841E-02 
1784	 0.089739168457291 
1785	 8.91117384243455E-02 
1786	 8.90659570171047E-02 
1787	 8.92646795666655E-02 
1788	 8.93313958328894E-02 
1789	 0.090216436956125 
1790	 9.03080179284614E-02 
1791	 0.089478167089064 
1792	 8.93807184034896E-02 
1793	 8.93252908984599E-02 
1794	 8.93848798061547E-02 
1795	 0.090291471482016 
1796	 9.03167680294551E-02 
1797	 8.95825593080712E-02 
1798	 8.89801665153679E-02 
1799	 8.73334335106625E-02 
1800	 8.73366444681442E-02 
1801	 8.89816267561449E-02 
1802	 8.94809704188767E-02 
1803	 9.08854213501915E-02 
1804	 0.091057700945163 
1805	 8.88791189603221E-02 
1806	 8.85205599515158E-02 
1807	 8.90150262220626E-02 
1808	 8.92749457379256E-02 
1809	 8.99714374419185E-02 
1810	 9.08864407469059E-02 
1811	 9.17880419056478E-02 
1812	 9.16150979479403E-02 
1813	 9.41687819617225E-02 
1814	 0.094423712721516 
1815	 9.67829472738521E-02 
1816	 0.103812923602159 
1817	 0.104667395004073 
1818	 0.102662485845501 
1819	 9.95571777968717E-02 
1820	 8.41633562479278E-02 
1821	 0.0741263529893 
1822	 6.61394403291917E-02 
1823	 6.12228913750122E-02 
1824	 0.071062446166055 
1825	 7.26813764507517E-02 
1826	 6.98671604866849E-02 
1827	 7.89811526108605E-02 
1828	 9.71334494881177E-02 
1829	 0.103778315478726 
1830	 0.117571017658827 
1831	 0.149303118225186 
1832	 0.154203746598714 
1833	 0.180699505444823 
1834	 0.253171965956658 
1835	 0.307214031838451 
1836	 0.227158298063014 
1837	 0.271049878662325 
1838	 0.221150042837698 
1839	 0.10640785169045 
1840	 0.413176049341913 
1841	 1.07002743555453 
1842	 1.60311835136878 
1843	 1.41609833935976 
1844	 1.524944329104 
1845	 5.59175307382988 
1846	-21.7187247278634 
1847	 1.99629704388547 
1848	 3.11775829582352 
1849	 1.33991333426889 
1850	 0.220287267333085 
1851	 0.196567455168059 
1852	-2.93550183947737E-02 
1853	 8.92357964145904E-02 
1854	 3.64087752448757 
1855	 3.19869390169717 
1856	 0.473797484327551 
1857	 0.210741428134511 
1858	-0.296563448515903 
1859	-2.27275582554134 
1860	-1.29278784835808 
1861	-0.532498534990221 
1862	 0.700629906090168 
1863	 0.519230525669962 
1864	 0.564560967485515 
1865	 0.757001957734862 
1866	 0.865715215701674 
1867	 1.07080315135244 
1868	 0.819605747705706 
1869	 0.589391939804197 
1870	 0.643646907887893 
1871	 0.613934571107349 
1872	 0.694483606968397 
1873	 0.436228928326174 
1874	 0.214116391675139 
1875	 0.210902015154853 
1876	 0.289059480102103 
1877	 0.354213553659636 
1878	 0.339254912287158 
1879	 0.348729615736343 
1880	 0.362071679271675 
1881	 0.34718841165387 
1882	 0.277309795617793 
1883	 0.22062614943862 
1884	 0.156508757085664 
1885	-4.22488420326441E-02 
1886	-0.199896951207073 
1887	 9.17495344299782E-02 
1888	 0.264344168038771 
1889	 0.193462949505001 
1890	 0.19576750476778 
1891	 0.193742545921486 
1892	 5.11020987580011E-02 
1893	-2.29685150674557E-02 
1894	-7.25978522789532E-03 
1895	-4.62610637340853E-04 
1896	-1.22401237855322E-02 
1897	-0.145186332790213 
1898	-9.31513461207596E-02 
1899	 0.12685250322901 
1900	 0.18720975503178 
1901	 0.307011508800651 
1902	 0.292087422305342 
1903	-7.56806228587018E-02 
1904	-0.187495625005898 
1905	-0.232639437945982 
1906	-0.243562471476135 
1907	 1.24055077243438E-04 
1908	 0.334584216286132 
1909	 0.196234831030821 
1910	-0.064634409053717 
1911	-0.057835528925835 
1912	-4.44833220087682E-02 
1913	-5.39994010795931E-02 
1914	 0.110761312792489 
1915	 0.166917523805002 
1916	 0.152341911654476 
1917	 6.05934112267456E-02 
1918	 0.100388605244896 
1919	 0.123895661101545 
1920	 8.44276904968364E-02 
1921	 5.73740088079987E-02 
1922	-0.011356329565214 
1923	-4.45531491184167E-02 
1924	-3.83614921592655E-02 
1925	 3.44297053911455E-03 
1926	-3.21020674937366E-03 
1927	-5.74349034945547E-03 
1928	 1.41172340160612E-02 
1929	 1.28102712535996E-02 
1930	 1.81370131168123E-02 
1931	 3.84893636435759E-02 
1932	 4.27303607768255E-02 
1933	 2.56507652140812E-02 
1934	 1.34097849193389E-02 
1935	 1.13517673726648E-02 
1936	 1.46546120086564E-02 
1937	 1.65892736045358E-02 
1938	 2.28569543173389E-02 
1939	 2.83371022958238E-02 
1940	 2.13272726654716E-02 
1941	 1.49218817463843E-02 
1942	 1.64670152047571E-02 
1943	 1.49062403931598E-02 
1944	 1.48546844508925E-02 
1945	 1.74441518209593E-02 
1946	 1.85584955681284E-02 
1947	 1.47731419497477E-02 
1948	 1.66533503848934E-02 
1949	 2.31605362010637E-02 
1950	 2.56013092824205E-02 
1951	 2.80157824726819E-02 
1952	 2.60491204747183E-02 
1953	 0.020306540345697 
1954	 1.87528661234768E-02 
1955	 0.017656160674821 
1956	 1.52621113971913E-02 
1957	 1.74433247006554E-02 
1958	 1.74303483037604E-02 
1959	 1.66588174981848E-02 
1960	 1.34628823031177E-02 
1961	 1.61543223310165E-02 
1962	 1.84595813823564E-02 
1963	 1.74681203515758E-02 
1964	 1.95685121670602E-02 
1965	 2.08056725019641E-02 
1966	 1.87775144751197E-02 
1967	 1.88183365924369E-02 
1968	 1.95866836602231E-02 
1969	 1.93559469311891E-02 
1970	 1.81648893295651E-02 
1971	 1.73593576232579E-02 
1972	 1.70152490183674E-02 
1973	 1.69479174181458E-02 
1974	 1.70051858123264E-02 
1975	 1.69844139161512E-02 
1976	 1.74375748711891E-02 
1977	 1.79948745225255E-02 
1978	 0.018253022927269 
1979	 0.018663511518516 
1980	 1.89295220234075E-02 
1981	 1.89428316642819E-02 
1982	 1.87987170718057E-02 
1983	 1.83246360832206E-02 
1984	 1.78799792661476E-02 
1985	 1.84426109577653E-02 
1986	 1.92428089315004E-02 
1987	 1.94977487012718E-02 
1988	 2.01686245971423E-02 
1989	 1.99575274631743E-02 
1990	 1.87821571607495E-02 
1991	 1.95687785483178E-02 
1992	 2.03080193401601E-02 
1993	 2.01887333625069E-02 
1994	 2.01535256600286E-02 
1995	 2.05989370908233E-02 
1996	 2.05826947943647E-02 
1997	 1.90337258667286E-02 
1998	 1.98881449833863E-02 
1999	 2.00794090417987E-02 
2000	 1.89605292455018E-02 
2001	 2.03653668984753E-02 
2002	 0.022209557693923 
2003	 2.20725332453707E-02 
2004	 2.05351820880543E-02 
2005	 1.95603814694028E-02 
2006	 2.00393885561036E-02 
2007	 2.20784575868502E-02 
2008	 0.022705843517719 
2009	 2.43158392059499E-02 
2010	 2.59452676953286E-02 
2011	 2.45704945577802E-02 
2012	 2.39027708759455E-02 
2013	 2.51348853946493E-02 
2014	 2.47371400013736E-02 
2015	 2.42631405249053E-02 
2016	 2.50757763828299E-02 
2017	 2.54046250041094E-02 
2018	 2.54774448449014E-02 
2019	 2.53614464930817E-02 
2020	 2.46451066085795E-02 
2021	 2.46112888310539E-02 
2022	 2.47392334375959E-02 
2023	 2.49140657431918E-02 
2024	 2.48872716169108E-02 
2025	 2.51202542237503E-02 
2026	 2.55650379924683E-02 
2027	 2.55078684907162E-02 
2028	 2.51162453276021E-02 
2029	 2.53941226600842E-02 
2030	 2.57281716780957E-02 
2031	 2.55676580468254E-02 
2032	 2.56868496232594E-02 
2033	 2.66323810841211E-02 
2034	 2.66891721940599E-02 
2035	 0.02603307346376 
2036	 2.59124555782113E-02 
2037	 2.58301003847505E-02 
2038	 2.56458360172413E-02 
2039	 2.59611216690236E-02 
2040	 2.66058049352795E-02 
2041	 2.72781252513326E-02 
2042	 2.74567908261506E-02 
2043	 0.027040942025641 
2044	 2.63475405016625E-02 
2045	 2.62327526455797E-02 
2046	 2.65615183346937E-02 
2047	 2.64804111985969E-02 
2048	 2.64503063135474E-02 
2049	 2.64440734353112E-02 
2050	 2.59474687006589E-02 
2051	 0.025684678689084 
2052	 2.69012781317213E-02 
2053	 2.81578301745568E-02 
2054	 2.82163726394931E-02 
2055	 2.82272232094424E-02 
2056	 2.80271249009639E-02 
2057	 2.69771722373393E-02 
2058	 2.73499968115283E-02 
2059	 2.88288921763018E-02 
2060	 2.91295184785478E-02 
2061	 0.028455058140936 
2062	 2.88282819639698E-02 
2063	 2.93613399414784E-02 
2064	 2.95452665155055E-02 
2065	 2.98731584938201E-02 
2066	 3.07697170470113E-02 
2067	 3.06928002079424E-02 
2068	 2.99686520593763E-02 
2069	 2.95347024216193E-02 
2070	 0.029243887455955 
2071	 2.92393241115196E-02 
2072	 2.92780486958977E-02 
2073	 2.90646889454495E-02 
2074	 2.92196446428589E-02 
2075	 2.94682526637931E-02 
2076	 2.96336659610649E-02 
2077	 3.00292145392042E-02 
2078	 3.12023665654934E-02 
2079	 3.14376121139324E-02 
2080	 3.10271062816007E-02 
2081	 3.12160060371464E-02 
2082	 3.20265975440821E-02 
2083	 3.19389690740513E-02 
2084	 3.17441420076426E-02 
2085	 3.21838968184575E-02 
2086	 3.15543260911018E-02 
2087	 3.06639470483909E-02 
2088	 3.13248595367796E-02 
2089	 3.22497549650323E-02 
2090	 3.27473127546096E-02 
2091	 0.033545045047952 
2092	 3.38816235339747E-02 
2093	 3.36645523588868E-02 
2094	 3.34101050349543E-02 
2095	 0.032891848725086 
2096	 3.27822199134554E-02 
2097	 3.27135246773449E-02 
2098	 3.26237926519406E-02 
2099	 3.30657999615022E-02 
2100	 3.32724428022114E-02 
2101	 3.31485498561336E-02 
2102	 3.40640639184422E-02 
2103	 3.44755107768836E-02 
2104	 3.43796325465459E-02 
2105	 3.48531906992879E-02 
2106	 3.45092999515022E-02 
2107	 3.46349173319707E-02 
2108	 3.52896383737862E-02 
2109	 0.035485005787218 
2110	 3.55356751569926E-02 
2111	 3.55763308985488E-02 
2112	 3.51376457295768E-02 
2113	 3.49615315104612E-02 
2114	 3.47533501372837E-02 
2115	 3.50634324131764E-02 
2116	 3.52598654453796E-02 
2117	 3.55891272424498E-02 
2118	 3.68494532953152E-02 
2119	 0.037745038142004 
2120	 3.75415494076404E-02 
2121	 3.77328011492213E-02 
2122	 3.76955716252318E-02 
2123	 3.68311409884648E-02 
2124	 0.036670327208157 
2125	 3.74642112497171E-02 
2126	 3.78250552750351E-02 
2127	 3.78802578122476E-02 
2128	 3.78052465960158E-02 
2129	 3.74587625838669E-02 
2130	 3.75887973051997E-02 
2131	 3.80880772181269E-02 
2132	 3.84630552707192E-02 
2133	 3.93328087128788E-02 
2134	 3.95307390305015E-02 
2135	 0.039811486762216 
2136	 3.98897379324967E-02 
2137	 3.97752804947765E-02 
2138	 3.98535636967258E-02 
2139	 3.95133222753285E-02 
2140	 0.03933324857368 
2141	 3.97976589112658E-02 
2142	 3.96565754018194E-02 
2143	 3.98214867408016E-02 
2144	 4.01857975176819E-02 
2145	 0.040259330136651 
2146	 4.02288923155596E-02 
2147	 4.03663175661148E-02 
2148	 4.00344606800415E-02 
2149	 4.02369886837111E-02 
2150	 4.15487444750677E-02 
2151	 0.041882982424794 
2152	 4.20802480345366E-02 
2153	 4.16054351339854E-02 
2154	 4.12350629371815E-02 
2155	 4.08076522899123E-02 
2156	 0.041002583385208 
2157	 4.17514524688681E-02 
2158	 0.041828418458441 
2159	 0.041470219767883 
2160	 4.17068758184238E-02 
2161	 4.20087606865371E-02 
2162	 4.21945427438404E-02 
2163	 4.29143332083168E-02 
2164	 4.32225661674183E-02 
2165	 4.31087957649687E-02 
2166	 4.31155638703952E-02 
2167	 4.29023302243219E-02 
2168	 4.32660371252206E-02 
2169	 4.40899728784648E-02 
2170	 4.42943348187264E-02 
2171	 4.46086773653269E-02 
2172	 4.49406177735113E-02 
2173	 4.47677278287195E-02 
2174	 4.49795604350565E-02 
2175	 4.47826885380496E-02 
2176	 4.41134509400844E-02 
2177	 4.38082781253126E-02 
2178	 0.043270290283062 
2179	 4.29639018097142E-02 
2180	 4.31031036620492E-02 
2181	 4.30432801290391E-02 
2182	 0.042840730296918 
2183	 4.27895685777632E-02 
2184	 4.30291591800702E-02 
2185	 4.35036407268174E-02 
2186	 0.043893394433626 
2187	 4.39922687424454E-02 
2188	 4.48017589356406E-02 
2189	 0.045196811240426 
2190	 0.044206419197915 
2191	 4.42321475819673E-02 
2192	 4.52401374088473E-02 
2193	 4.55551659579419E-02 
2194	 4.59860100395053E-02 
2195	 4.64508978347347E-02 
2196	 4.70141628405623E-02 
2197	 0.046635737515593 
2198	 4.66540975647818E-02 
2199	 4.65498226687844E-02 
2200	 0.046404812828029 
2201	 4.60850824376714E-02 
2202	 4.56923145143004E-02 
2203	 4.63305407772854E-02 
2204	 4.70254764925802E-02 
2205	 4.70828969121003E-02 
2206	 0.046530857857279 
2207	 4.55676132130712E-02 
2208	 4.54318592185075E-02 
2209	 4.58376322944546E-02 
2210	 4.57690322547584E-02 
2211	 4.61821565937918E-02 
2212	 4.63711258058467E-02 
2213	 4.57179325283032E-02 
2214	 4.57820936791022E-02 
2215	 0.046767403187322 
2216	 4.72209310908374E-02 
2217	 4.71785453509902E-02 
2218	 4.74056017187262E-02 
2219	 4.82159222078766E-02 
2220	 4.84373386196338E-02 
2221	 0.048391465514066 
2222	 4.82572049078287E-02 
2223	 4.79476089859136E-02 
2224	 4.72353196107217E-02 
2225	 4.70624088207826E-02 
2226	 4.73830694970643E-02 
2227	 0.04684904741003 
2228	 4.64200473590359E-02 
2229	 4.69221326821552E-02 
2230	 4.70815229485415E-02 
2231	 0.047926322213621 
2232	 4.77457323246557E-02 
2233	 0.045056835698022 
2234	 4.44307864200941E-02 
2235	 4.62659763687628E-02 
2236	 4.66180693697051E-02 
2237	 4.60585363636557E-02 
2238	 4.52936130662918E-02 
2239	 4.55936964281554E-02 
2240	 4.47207585278302E-02 
2241	 4.45082257703644E-02 
2242	 4.67546449475348E-02 
2243	 4.67860773408474E-02 
2244	 4.46863242338018E-02 
2245	 4.35781721700319E-02 
2246	 4.25340706776756E-02 
2247	 0.042013536224993 
2248	 4.13805833056232E-02 
2249	 4.10702738078685E-02 
2250	 4.16487940582087E-02 
2251	 4.20936800980736E-02 
2252	 4.15399564570991E-02 
2253	 4.10514298274859E-02 
2254	 4.11055294263465E-02 
2255	 4.12240333302025E-02 
2256	 4.08071544470874E-02 
2257	 0.040265970334282 
2258	 4.03960162747238E-02 
2259	 3.97251976154533E-02 
2260	 3.91897600673819E-02 
2261	 3.90288156657415E-02 
2262	 3.83297559034917E-02 
2263	 3.81431834888428E-02 
2264	 3.84163680527744E-02 
2265	 3.91560265485469E-02 
2266	 3.90160407422532E-02 
2267	 3.76554190978292E-02 
2268	 3.71236748399784E-02 
2269	 3.71787535853569E-02 
2270	 3.76280487964891E-02 
2271	 3.75925468537288E-02 
2272	 0.037495778122723 
2273	 3.68942987102198E-02 
2274	 0.036914281917265 
2275	 3.74539006735495E-02 
2276	 3.68617861134196E-02 
2277	 3.48724008998409E-02 
2278	 3.52948619173079E-02 
2279	 3.74237974566208E-02 
2280	 3.72616637111255E-02 
2281	 3.69683584163504E-02 
2282	 3.72159896624621E-02 
2283	 3.60092395144486E-02 
2284	 3.51230429841463E-02 
2285	 3.62612901892117E-02 
2286	 0.036275920374431 
2287	 3.45163048938843E-02 
2288	 3.24995825542473E-02 
2289	 3.30665109122859E-02 
2290	 3.42944665427436E-02 
2291	 3.38543163973803E-02 
2292	 0.033669670110018 
2293	 3.45242676828953E-02 
2294	 0.034809601787005 
2295	 3.46398725041601E-02 
2296	 3.46951776297322E-02 
2297	 3.50556556368797E-02 
2298	 3.38912633366789E-02 
2299	 3.25995894638223E-02 
2300	 3.31068114930025E-02 
2301	 3.36503960243026E-02 
2302	 3.41277976903657E-02 
2303	 0.034806866964122 
2304	 3.49213163493209E-02 
2305	 0.033394058895159 
2306	 3.13462656606997E-02 
2307	 3.24417044099928E-02 
2308	 3.33072686368216E-02 
2309	 3.07074786590247E-02 
2310	 2.97402393589555E-02 
2311	 2.97354728859322E-02 
2312	 0.028046615251101 
2313	 2.79187581959543E-02 
2314	 3.05073085307018E-02 
2315	 3.10892894503173E-02 
2316	 2.90079140117726E-02 
2317	 3.08888889315205E-02 
2318	 3.24032881847232E-02 
2319	 3.22125490794507E-02 
2320	 3.11921080691516E-02 
2321	 3.21324606452399E-02 
2322	 3.21362641438551E-02 
2323	 3.16819698905964E-02 
2324	 0.032156805807781 
2325	 3.27691664783493E-02 
2326	 3.34473575754284E-02 
2327	 3.29862167905848E-02 
2328	 3.12617927853692E-02 
2329	 3.08056386581085E-02 
2330	 3.09853519401652E-02 
2331	 3.09511849331981E-02 
2332	 3.15030173895922E-02 
2333	 3.21999684217389E-02 
2334	 0.033620791571831 
2335	 3.16279127909565E-02 
2336	 2.60482015317109E-02 
2337	 2.65995109913219E-02 
2338	 2.89851475473793E-02 
2339	 2.79811772745923E-02 
2340	 2.83488692185668E-02 
2341	 3.18932215669838E-02 
2342	 2.87422301145146E-02 
2343	 2.23107442297599E-02 
2344	 2.18567463448471E-02 
2345	 2.46443790638852E-02 
2346	 2.48982217815734E-02 
2347	 0.024463535355846 
2348	 2.38814144589297E-02 
2349	 2.28174021029711E-02 
2350	 2.44978346106099E-02 
2351	 2.63120426965109E-02 
2352	 2.36107033865957E-02 
2353	 2.16532353776783E-02 
2354	 2.11248764045786E-02 
2355	 1.82763903962344E-02 
2356	 2.00143388106427E-02 
2357	 0.024301890756702 
2358	 2.18703138021818E-02 
2359	 1.96880371491468E-02 
2360	 2.21135449829721E-02 
2361	 2.20197399522131E-02 
2362	 1.94779751818897E-02 
2363	 0.0195468255066 
2364	 2.25517025762759E-02 
2365	 2.16731463081477E-02 
2366	 2.01867341771676E-02 
2367	 2.57831309759607E-02 
2368	 2.75532164882167E-02 
2369	 2.35589987511554E-02 
2370	 2.52728371655589E-02 
2371	 2.86133167697613E-02 
2372	 2.60458024718444E-02 
2373	 2.35620077579999E-02 
2374	 2.36347634963638E-02 
2375	 1.91811924630146E-02 
2376	 1.60808816617502E-02 
2377	 0.01709631476779 
2378	 1.79647227034438E-02 
2379	 2.39151861403712E-02 
2380	 3.04654918031527E-02 
2381	 3.28535628934593E-02 
2382	 3.14639819650879E-02 
2383	 2.58990643625373E-02 
2384	 1.84570792574392E-02 
2385	 1.67343603270961E-02 
2386	 2.38606743077327E-02 
2387	 2.48780844250348E-02 
2388	 2.13706863749366E-02 
2389	 2.08638571023573E-02 
2390	 1.66270002546002E-02 
2391	 1.26010491175843E-02 
2392	 0.014724306128182 
2393	 2.17490632364689E-02 
2394	 0.023882950357433 
2395	 1.55583924367457E-02 
2396	 1.07277209037243E-02 
2397	 1.45476060396292E-02 
2398	 1.20876819196396E-02 
2399	 1.01891570348903E-02 
2400	 1.66636794528086E-02 
2401	 9.6328303030047E-03 
2402	-2.93349998141521E-03 
2403	 3.46599260359406E-03 
2404	 1.31731268568353E-02 
2405	 1.37650508550079E-02 
2406	 1.86259785967166E-02 
2407	 2.51985211676953E-02 
2408	 2.53171827816273E-02 
2409	 2.36408855113777E-02 
2410	 2.08508383515227E-02 
2411	 2.30529648712279E-02 
2412	 0.026306799947371 
2413	 2.60966718813772E-02 
2414	 3.35918954143519E-02 
2415	 3.41201151015724E-02 
2416	 2.94350667292108E-02 
2417	 2.97232789649153E-02 
2418	 2.87430199251902E-02 
2419	 3.82526900652981E-02 
2420	 3.65127424904831E-02 
2421	 1.76145244214981E-02 
2422	 1.65388991715211E-02 
2423	 2.06941749754456E-02 
2424	 2.57708828800623E-02 
2425	 3.82644059273563E-02 
2426	 3.17808345724126E-02 
2427	 0.014871126946796 
2428	 0.013153915991595 
2429	 1.88182070524712E-02 
2430	 2.12637085996077E-02 
2431	 1.85958641927149E-02 
2432	 6.06012293156875E-03 
2433	-1.59035751870554E-03 
2434	 6.37012213843274E-03 
2435	 8.78828163852836E-03 
2436	 1.07466482585744E-02 
2437	 1.60812570462895E-02 
2438	 6.17711693264974E-03 
2439	 0.013025276257107 
2440	 2.82176315989691E-02 
2441	 1.36703620628455E-02 
2442	 7.33041564532791E-03 
2443	 3.54923261763384E-03 
2444	-1.32556678006374E-02 
2445	-9.80129965427829E-03 
2446	 3.67892192137283E-03 
2447	 1.56721185579216E-02 
2448	 2.93479225947448E-02 
2449	 3.99265867341304E-02 
2450	 3.09308552969184E-02 
2451	 1.45788782389557E-02 
2452	 1.80082958670544E-02 
2453	 0.023072722241984 
2454	 4.05719996183263E-02 
2455	 4.64689973388958E-02 
2456	 2.40811130478572E-02 
2457	 1.14366984758152E-02 
2458	 7.49964825497336E-03 
2459	 1.90719801225379E-02 
2460	 2.43663010459154E-02 
2461	 1.18989208577546E-02 
2462	 1.03194701796413E-02 
2463	 1.74002618947894E-03 
2464	 9.94090378515963E-03 
2465	 3.19446127600859E-02 
2466	 8.97659722484063E-03 
2467	 1.3616101189787E-03 
2468	 8.68625638777593E-03 
2469	-9.4381748395927E-03 
2470	-2.77470532794785E-02 
2471	-3.93879645012345E-02 
2472	-7.60464318966479E-02 
2473	-7.50602033920639E-02 
2474	-3.69485689535325E-02 
2475	-2.81833782151448E-02 
2476	-6.48521223779214E-03 
2477	 2.36606398785603E-03 
2478	-2.76758780180562E-02 
2479	-3.88573842164613E-02 
2480	-1.23495170856633E-02 
2481	-0.041857183936247 
2482	-1.22322194551022E-02 
2483	 0.106312132390436 
2484	 8.93456330056232E-02 
2485	 0.06979809244144 
2486	 0.159232040811606 
2487	 7.49637641405887E-02 
2488	-5.44005758153807E-02 
2489	-7.05211966088575E-02 
2490	-0.18164496114513 
2491	-8.92781402757888E-02 
2492	 0.289429990709936 
2493	 0.271757860546281 
2494	 0.264555192014304 
2495	 0.141835593356034 
2496	-0.270135258873993 
2497	-0.209134999747429 
2498	 0.049856771744226 
2499	 0.055174560316124 
2500	 9.36030949844464E-02 
