Wavelength	09/27/123 at 12:16:28
350	 9.16378476276696E-03 
351	 8.90241691305519E-03 
352	 8.82085630192101E-03 
353	 8.68320233958333E-03 
354	 8.20812702024932E-03 
355	 8.78989360165168E-03 
356	 9.37180813560286E-03 
357	 9.29930227037922E-03 
358	 9.17710668409906E-03 
359	 9.32686303349607E-03 
360	 9.45813079743281E-03 
361	 9.09656746301216E-03 
362	 9.07806919022776E-03 
363	 9.23226276810643E-03 
364	 9.28943577896805E-03 
365	 8.93288289211849E-03 
366	 9.08151705687672E-03 
367	 9.44287002063307E-03 
368	 9.26856191808083E-03 
369	 9.52578871087586E-03 
370	 9.61362084851979E-03 
371	 9.23233421281479E-03 
372	 9.1309491213584E-03 
373	 9.26604995871791E-03 
374	 9.49978347469944E-03 
375	 9.61429188413891E-03 
376	 9.5401938547179E-03 
377	 9.60435975721264E-03 
378	 9.88254206356899E-03 
379	 9.76711517032513E-03 
380	 9.66387416526396E-03 
381	 9.6772590941909E-03 
382	 9.75797885022228E-03 
383	 9.70560236741091E-03 
384	 9.74006991638242E-03 
385	 9.93277822368332E-03 
386	 9.91157424968172E-03 
387	 9.91146234993704E-03 
388	 9.98240924990822E-03 
389	 1.00972827962347E-02 
390	 1.02890679350932E-02 
391	 1.03967413848959E-02 
392	 1.03654992600942E-02 
393	 1.03663319480652E-02 
394	 1.02827504448464E-02 
395	 1.02084360958586E-02 
396	 1.02911676636359E-02 
397	 1.04563375425039E-02 
398	 1.06306532325225E-02 
399	 1.07473967327667E-02 
400	 1.07314817223145E-02 
401	 1.07122156519929E-02 
402	 0.010686286878846 
403	 0.010625228650886 
404	 1.07019763739892E-02 
405	 1.07675734245793E-02 
406	 1.07820485362925E-02 
407	 1.09723759477232E-02 
408	 1.10437362804385E-02 
409	 1.10465439642957E-02 
410	 1.11511426216043E-02 
411	 1.13754786479457E-02 
412	 1.15310912165741E-02 
413	 1.15532680143631E-02 
414	 1.15944772567637E-02 
415	 1.17193346539959E-02 
416	 1.18734242882069E-02 
417	 0.011958380148531 
418	 1.19589195965656E-02 
419	 1.20099626498929E-02 
420	 1.21698160051442E-02 
421	 1.23704547096948E-02 
422	 1.24852724066517E-02 
423	 1.25505850941618E-02 
424	 1.26634698565408E-02 
425	 1.28574356889225E-02 
426	 1.29684680060221E-02 
427	 1.29702080415857E-02 
428	 1.30645931292109E-02 
429	 1.32530086387711E-02 
430	 1.34158786784334E-02 
431	 1.34332716261196E-02 
432	 1.34735128780545E-02 
433	 1.35316579005674E-02 
434	 1.35953920958598E-02 
435	 0.013657200522668 
436	 0.013804403981145 
437	 1.39638817634896E-02 
438	 1.40420016529719E-02 
439	 1.41256691942442E-02 
440	 1.42365634414592E-02 
441	 1.43349518495553E-02 
442	 1.43004044025875E-02 
443	 1.43770506281819E-02 
444	 1.45163075180802E-02 
445	 1.46082734902388E-02 
446	 1.47121460553844E-02 
447	 0.014815786742761 
448	 1.49220760021445E-02 
449	 1.50598462909915E-02 
450	 1.51279031836295E-02 
451	 1.51575795116901E-02 
452	 1.52129434399829E-02 
453	 1.53126742402381E-02 
454	 1.53854664065189E-02 
455	 1.54144159414902E-02 
456	 1.54509738052811E-02 
457	 1.55579905596239E-02 
458	 1.56825852510673E-02 
459	 1.57504613469892E-02 
460	 1.57458714187997E-02 
461	 0.015752353816863 
462	 0.015803180765812 
463	 1.58729839496578E-02 
464	 1.59358496498812E-02 
465	 1.59917369477164E-02 
466	 1.60475895587872E-02 
467	 1.61076368492177E-02 
468	 1.61467096888946E-02 
469	 1.61846439542859E-02 
470	 1.62788457085404E-02 
471	 1.63109341667425E-02 
472	 1.63318047277988E-02 
473	 1.63946456198878E-02 
474	 1.64277582033565E-02 
475	 1.64938106262749E-02 
476	 1.65694435453219E-02 
477	 1.65696139104593E-02 
478	 1.65981862600052E-02 
479	 1.66428938220131E-02 
480	 1.66855740399889E-02 
481	 1.67585310178902E-02 
482	 1.68453871354947E-02 
483	 1.69277399242978E-02 
484	 1.69858411151451E-02 
485	 1.70167592013766E-02 
486	 1.70950762926736E-02 
487	 1.72376226356627E-02 
488	 1.72737309382786E-02 
489	 1.73536738661853E-02 
490	 1.74917215040957E-02 
491	 1.76256149285504E-02 
492	 1.76924531363027E-02 
493	 1.77795207531562E-02 
494	 1.79410316608755E-02 
495	 1.81159997862559E-02 
496	 1.83174848585639E-02 
497	 1.85217189535516E-02 
498	 1.87110941964791E-02 
499	 1.90641740613689E-02 
500	 1.94492138680909E-02 
501	 1.97780357074533E-02 
502	 2.01040500785341E-02 
503	 2.04498609891759E-02 
504	 2.08605766989267E-02 
505	 2.13724204817763E-02 
506	 2.19222026818558E-02 
507	 2.24763843537899E-02 
508	 2.30446459470208E-02 
509	 2.36935902755599E-02 
510	 0.024369665211442 
511	 2.51087802146075E-02 
512	 0.025957936975302 
513	 2.68501534373408E-02 
514	 2.78190757308475E-02 
515	 2.88676809740584E-02 
516	 2.99468501745754E-02 
517	 3.11369546921605E-02 
518	 3.24063425900432E-02 
519	 3.36803066420854E-02 
520	 3.49283610944203E-02 
521	 3.61459463983758E-02 
522	 3.73741387677015E-02 
523	 3.86768542839654E-02 
524	 3.99652685201958E-02 
525	 4.12097230332737E-02 
526	 4.24019539046879E-02 
527	 0.043552582941897 
528	 0.044665402663376 
529	 4.57192968654832E-02 
530	 4.66997170715179E-02 
531	 4.75567197130519E-02 
532	 4.83998715689286E-02 
533	 4.92787545218114E-02 
534	 5.00450843334115E-02 
535	 5.07315152671752E-02 
536	 0.051341807531348 
537	 5.18719001237841E-02 
538	 0.052391756848203 
539	 5.29255831119963E-02 
540	 5.34568055770883E-02 
541	 5.38998031066154E-02 
542	 5.43083697897183E-02 
543	 0.054712478184018 
544	 5.51247504188986E-02 
545	 5.54731183947242E-02 
546	 5.57866450078208E-02 
547	 5.60985245844365E-02 
548	 5.64323401311899E-02 
549	 5.67453590900191E-02 
550	 5.70036252021209E-02 
551	 5.71867258829886E-02 
552	 5.73227860162018E-02 
553	 0.057389524725213 
554	 5.73604681006923E-02 
555	 5.72066478756958E-02 
556	 5.69895189550272E-02 
557	 0.056729274922749 
558	 5.64338671821353E-02 
559	 5.61045435954887E-02 
560	 5.57068081710729E-02 
561	 5.52746687735114E-02 
562	 5.48934857472814E-02 
563	 5.44232129454834E-02 
564	 5.38828886840256E-02 
565	 0.053309770659958 
566	 5.26779326701284E-02 
567	 5.20790904710471E-02 
568	 5.14669761678265E-02 
569	 5.07137005923602E-02 
570	 4.99527362175093E-02 
571	 0.049235767057262 
572	 4.85673570697484E-02 
573	 4.78677782691724E-02 
574	 4.72095445796014E-02 
575	 4.65897703002519E-02 
576	 4.59936523467579E-02 
577	 4.54995223159697E-02 
578	 4.50356582679508E-02 
579	 4.45723687545505E-02 
580	 4.41651109209263E-02 
581	 4.37914399215106E-02 
582	 4.34376808778239E-02 
583	 4.30914128309364E-02 
584	 4.27307428102972E-02 
585	 4.23774854624366E-02 
586	 4.20830693623285E-02 
587	 4.19192073091215E-02 
588	 4.16771213418754E-02 
589	 4.14086498164761E-02 
590	 4.12062187067915E-02 
591	 0.040997893684649 
592	 4.07987376769339E-02 
593	 4.06416594244561E-02 
594	 0.040571960294442 
595	 4.04702218100276E-02 
596	 4.03629680711321E-02 
597	 4.02688627929335E-02 
598	 4.01272982361582E-02 
599	 3.99905201249582E-02 
600	 3.98770120615205E-02 
601	 3.97790756827307E-02 
602	 3.96129204249937E-02 
603	 3.93937207469236E-02 
604	 3.91543859421421E-02 
605	 3.89409892267855E-02 
606	 3.86059864205507E-02 
607	 3.82145449073584E-02 
608	 3.78701932131735E-02 
609	 3.75328468642408E-02 
610	 3.71446961526157E-02 
611	 3.67333321297073E-02 
612	 3.63978854252861E-02 
613	 3.59693865506177E-02 
614	 3.55683182559921E-02 
615	 3.52872824412689E-02 
616	 3.49497305780332E-02 
617	 3.46414619749132E-02 
618	 3.43708230243351E-02 
619	 3.40976173568683E-02 
620	 3.38907863071293E-02 
621	 3.37148782434367E-02 
622	 3.35517476987706E-02 
623	 3.34474460190747E-02 
624	 3.33697794234354E-02 
625	 3.33162793538311E-02 
626	 0.033287655397887 
627	 3.32443576763887E-02 
628	 3.31871986735433E-02 
629	 3.31351466734872E-02 
630	 3.31219951321711E-02 
631	 3.30902103645722E-02 
632	 3.30255201305571E-02 
633	 3.29265332599596E-02 
634	 0.032797614362989 
635	 3.26175928170684E-02 
636	 3.23794940705335E-02 
637	 3.20919390371743E-02 
638	 3.17894093932228E-02 
639	 3.14600450794626E-02 
640	 3.10988315378724E-02 
641	 3.07379342274389E-02 
642	 3.03263050490438E-02 
643	 2.98918680490849E-02 
644	 2.94833118886253E-02 
645	 2.90880963525353E-02 
646	 2.87452927930517E-02 
647	 2.84406363525383E-02 
648	 2.80892796562439E-02 
649	 2.78066905242279E-02 
650	 2.75561284054557E-02 
651	 2.73006101164848E-02 
652	 2.71407531606301E-02 
653	 2.69531382302183E-02 
654	 2.67415390299803E-02 
655	 2.65769410328393E-02 
656	 2.63830841238934E-02 
657	 2.60847718865828E-02 
658	 2.57095106031092E-02 
659	 2.53912104084697E-02 
660	 0.025041489141231 
661	 2.46866554473071E-02 
662	 0.024365223843897 
663	 0.024023158328254 
664	 2.37383074431334E-02 
665	 2.35094110391191E-02 
666	 2.32454647587173E-02 
667	 2.30575319120365E-02 
668	 2.29092455054658E-02 
669	 2.27770565249548E-02 
670	 2.27707774555165E-02 
671	 2.27688040364766E-02 
672	 2.27367202538482E-02 
673	 2.27033820986134E-02 
674	 2.27911376958443E-02 
675	 2.29371479647599E-02 
676	 2.30683593270937E-02 
677	 2.31283712646795E-02 
678	 2.32478859742509E-02 
679	 2.34730367131006E-02 
680	 2.37937683508979E-02 
681	 0.024093625973691 
682	 2.44583568211979E-02 
683	 2.49422134420888E-02 
684	 2.55680081081943E-02 
685	 2.63564399052346E-02 
686	 2.74456815229435E-02 
687	 2.88968680190358E-02 
688	 3.02940189751366E-02 
689	 0.031877732514664 
690	 3.37175355103476E-02 
691	 3.58030443131568E-02 
692	 3.83331421624644E-02 
693	 4.13200573818165E-02 
694	 4.46920997360014E-02 
695	 4.82457345375643E-02 
696	 5.20780592333147E-02 
697	 5.61761719609535E-02 
698	 6.05974340108841E-02 
699	 0.065243198621017 
700	 7.01299319549056E-02 
701	 7.52130083498161E-02 
702	 8.04159539027206E-02 
703	 8.56270148996344E-02 
704	 9.09050576050337E-02 
705	 9.63132780638566E-02 
706	 0.101753433653557 
707	 0.107300026924029 
708	 0.112968508367794 
709	 0.11874101779146 
710	 0.124495678337487 
711	 0.130342311351003 
712	 0.136357031318201 
713	 0.142512206638175 
714	 0.148605251813948 
715	 0.154584239720432 
716	 0.160688524760026 
717	 0.167119972962928 
718	 0.173863466621493 
719	 0.180736346063915 
720	 0.187321843543091 
721	 0.193418179814039 
722	 0.199177827352412 
723	 0.205204994002759 
724	 0.211417663879983 
725	 0.217477339152086 
726	 0.223202610045888 
727	 0.228734575585715 
728	 0.234162563955433 
729	 0.239456703353918 
730	 0.244507957983526 
731	 0.24923374434806 
732	 0.253756814072591 
733	 0.257998614737469 
734	 0.261984129487191 
735	 0.2657444894598 
736	 0.269429808428177 
737	 0.272885946572201 
738	 0.276074628813988 
739	 0.279121435576229 
740	 0.281999183024783 
741	 0.284673170510914 
742	 0.287133460818846 
743	 0.289459392755644 
744	 0.291616645406176 
745	 0.293587665989156 
746	 0.29536165127454 
747	 0.297071962050541 
748	 0.298669887564611 
749	 0.300123034387867 
750	 0.301446652378844 
751	 0.302715121965698 
752	 0.303905453113809 
753	 0.304992674035833 
754	 0.306017766506729 
755	 0.307012460199552 
756	 0.307986531400838 
757	 0.308967170669576 
758	 0.310019095837231 
759	 0.311328989688772 
760	 0.313138771578028 
761	 0.314987339925435 
762	 0.315427229348176 
763	 0.315311065785412 
764	 0.315374861030156 
765	 0.315296690565089 
766	 0.315257315104179 
767	 0.31533789179519 
768	 0.31556658508124 
769	 0.315837603341783 
770	 0.316106948654583 
771	 0.316385647964531 
772	 0.316733223585739 
773	 0.317133853885144 
774	 0.317546688048235 
775	 0.317941929914118 
776	 0.318321162593863 
777	 0.318668903271928 
778	 0.318996218728266 
779	 0.319327852722283 
780	 0.319726990378095 
781	 0.320112372244507 
782	 0.320455907305551 
783	 0.320771092759448 
784	 0.321102117883797 
785	 0.321442409472653 
786	 0.32177172590045 
787	 0.322066890029323 
788	 0.322356755675917 
789	 0.322672502892017 
790	 0.323024749296838 
791	 0.32336349043035 
792	 0.323760409646039 
793	 0.324163128971233 
794	 0.324494035111717 
795	 0.324838579941113 
796	 0.325148118178818 
797	 0.325432347770901 
798	 0.325753548616348 
799	 0.326074090693503 
800	 0.326406637285568 
801	 0.326729936228754 
802	 0.326957331622692 
803	 0.327322367815102 
804	 0.327734234016173 
805	 0.328055466256039 
806	 0.328320996603454 
807	 0.328544747041439 
808	 0.328805491620975 
809	 0.32916035404777 
810	 0.329374193021138 
811	 0.329555062158206 
812	 0.329726507824863 
813	 0.329812718028718 
814	 0.329993247852463 
815	 0.330224074543443 
816	 0.330487782491913 
817	 0.330919873449699 
818	 0.331329894745011 
819	 0.331682165285514 
820	 0.33198109830585 
821	 0.332144963224273 
822	 0.332315635631539 
823	 0.33259790604535 
824	 0.333019089674491 
825	 0.333352715981836 
826	 0.333594181109925 
827	 0.333797910032376 
828	 0.334040846508494 
829	 0.334248353239894 
830	 0.334439955433281 
831	 0.334659153852066 
832	 0.334957514319197 
833	 0.335287848720533 
834	 0.335604553589434 
835	 0.335894225923799 
836	 0.336186911221886 
837	 0.336520933647257 
838	 0.336824077641731 
839	 0.337019720484542 
840	 0.337287344957638 
841	 0.337592240489808 
842	 0.337901595190381 
843	 0.338191798967866 
844	 0.338509986237884 
845	 0.338782531278927 
846	 0.339005171359995 
847	 0.339288473552046 
848	 0.33950846844543 
849	 0.339766385393133 
850	 0.340120072598547 
851	 0.340401406065736 
852	 0.340628165494747 
853	 0.340823194503177 
854	 0.341050243263363 
855	 0.341467753526165 
856	 0.341826897750936 
857	 0.342047652334448 
858	 0.342174972344331 
859	 0.342316677825942 
860	 0.342648654335413 
861	 0.343085405870762 
862	 0.34333025779299 
863	 0.343528826758529 
864	 0.343652538531721 
865	 0.343738167811494 
866	 0.343967744952243 
867	 0.344294998556561 
868	 0.344657638066771 
869	 0.344982974956877 
870	 0.345188366442805 
871	 0.345417558490401 
872	 0.345624121812282 
873	 0.345756448852248 
874	 0.345921146742923 
875	 0.346146031964952 
876	 0.346433092868777 
877	 0.346739286434876 
878	 0.346978556905656 
879	 0.347054569613966 
880	 0.347079394281417 
881	 0.347314032775105 
882	 0.34757154211595 
883	 0.347837604180486 
884	 0.348056216184346 
885	 0.348125987925316 
886	 0.348215925147465 
887	 0.348380859611256 
888	 0.348605236773066 
889	 0.348762390618279 
890	 0.348742649004282 
891	 0.348743888524447 
892	 0.348875812688907 
893	 0.348802577271901 
894	 0.348663534497504 
895	 0.348461502741125 
896	 0.34823324423623 
897	 0.348295317544873 
898	 0.348464657547787 
899	 0.348652116805605 
900	 0.348834076793354 
901	 0.349055819995607 
902	 0.349180296397143 
903	 0.349216376852013 
904	 0.34925508379571 
905	 0.349309691951145 
906	 0.349326846874321 
907	 0.349359325542911 
908	 0.349533632010136 
909	 0.349667632733734 
910	 0.349539948777146 
911	 0.349300686890702 
912	 0.349539629775598 
913	 0.349486895059678 
914	 0.3494255616944 
915	 0.349641760847009 
916	 0.350007159264856 
917	 0.350232304544386 
918	 0.350302089444891 
919	 0.350332510244604 
920	 0.350567419214884 
921	 0.350658931901937 
922	 0.350594704681617 
923	 0.350444999202609 
924	 0.350138569341689 
925	 0.350125726067251 
926	 0.349795759257015 
927	 0.34840720736719 
928	 0.347282666265785 
929	 0.346700324783595 
930	 0.346125049935175 
931	 0.344555219563117 
932	 0.342770092031645 
933	 0.341271781513044 
934	 0.340463819960713 
935	 0.340385252742628 
936	 0.340221653604341 
937	 0.340513992747487 
938	 0.340945634229651 
939	 0.34068494967465 
940	 0.340955177528393 
941	 0.34073818635054 
942	 0.339784357950418 
943	 0.338831554090452 
944	 0.33866070872244 
945	 0.337531933012953 
946	 0.335592522848382 
947	 0.335573727681832 
948	 0.335073688020002 
949	 0.3342147712072 
950	 0.333261537916662 
951	 0.332121595596923 
952	 0.331504935953696 
953	 0.330601448906856 
954	 0.329322555747127 
955	 0.329102870993449 
956	 0.328158921745659 
957	 0.32723116274807 
958	 0.326884415279146 
959	 0.326311164628795 
960	 0.32635755184389 
961	 0.326798736626234 
962	 0.327134914033782 
963	 0.326891917298712 
964	 0.326364969002125 
965	 0.326094422296254 
966	 0.326199342922944 
967	 0.32570529062107 
968	 0.326142834607518 
969	 0.326994939768403 
970	 0.327246506581808 
971	 0.326175778600212 
972	 0.325639654861942 
973	 0.326128107159032 
974	 0.327123732874229 
975	 0.326731813133799 
976	 0.326749608160856 
977	 0.327211489693399 
978	 0.327579379479683 
979	 0.32770122541385 
980	 0.32767972614497 
981	 0.327675714407246 
982	 0.327914717514795 
983	 0.328807405461828 
984	 0.32939224745497 
985	 0.329744384527324 
986	 0.330194249392313 
987	 0.330400568371446 
988	 0.330415986022196 
989	 0.330792497625028 
990	 0.331838521276225 
991	 0.332382055975089 
992	 0.332430140794583 
993	 0.332692730204448 
994	 0.333656137756256 
995	 0.33381490241801 
996	 0.334193934597264 
997	 0.334541134140358 
998	 0.334431382557668 
999	 0.334907715558665 
1000	 0.335459841343264 
1001	 0.343430906914017 
1002	 0.344012471467504 
1003	 0.344578838438263 
1004	 0.345031721754502 
1005	 0.345228066466253 
1006	 0.345706073980618 
1007	 0.346228631444653 
1008	 0.346824813678068 
1009	 0.347579590121448 
1010	 0.348260788571439 
1011	 0.348872474949326 
1012	 0.34936708899061 
1013	 0.349934537885376 
1014	 0.350621761330055 
1015	 0.351244451858028 
1016	 0.352098419395265 
1017	 0.352885772241855 
1018	 0.353746238957919 
1019	 0.354303107408379 
1020	 0.354791596655734 
1021	 0.35522921489767 
1022	 0.355598275163579 
1023	 0.356274449250555 
1024	 0.357212966758946 
1025	 0.358016546312814 
1026	 0.358619770562554 
1027	 0.35921624977375 
1028	 0.359828061639953 
1029	 0.360456134899211 
1030	 0.361096651294998 
1031	 0.361697454322233 
1032	 0.362249667764802 
1033	 0.362811032773546 
1034	 0.363333012878146 
1035	 0.363966639614659 
1036	 0.364710027627169 
1037	 0.365318775949511 
1038	 0.366095616853144 
1039	 0.366645911636143 
1040	 0.366977960894882 
1041	 0.367600341431456 
1042	 0.367984121615105 
1043	 0.368366022042967 
1044	 0.368901067780169 
1045	 0.369646501247701 
1046	 0.370092882937853 
1047	 0.370605077675698 
1048	 0.37125706214438 
1049	 0.371672480713673 
1050	 0.372056085457172 
1051	 0.372406498616852 
1052	 0.372705153631799 
1053	 0.373035054775721 
1054	 0.373362047062489 
1055	 0.373738605801387 
1056	 0.374129617770566 
1057	 0.374468964973113 
1058	 0.374771295097444 
1059	 0.375086424827825 
1060	 0.375408999419373 
1061	 0.375639141432721 
1062	 0.375907940216886 
1063	 0.376225658125107 
1064	 0.376630041360388 
1065	 0.377054473256144 
1066	 0.377347385944819 
1067	 0.377657322277968 
1068	 0.377839801696422 
1069	 0.378026761099498 
1070	 0.378223291828689 
1071	 0.378530573821423 
1072	 0.378712766849575 
1073	 0.378766925251931 
1074	 0.378828875778676 
1075	 0.378922692738303 
1076	 0.378918600164005 
1077	 0.378766809784913 
1078	 0.378857127997061 
1079	 0.37891788851027 
1080	 0.378862910520593 
1081	 0.378924287293941 
1082	 0.379036380094982 
1083	 0.379031993275989 
1084	 0.378961135715972 
1085	 0.378867938821063 
1086	 0.378626373628063 
1087	 0.378516413702772 
1088	 0.378407452671383 
1089	 0.378367446071284 
1090	 0.378417951882328 
1091	 0.378513250728289 
1092	 0.378399621693494 
1093	 0.378183859569113 
1094	 0.377944383425741 
1095	 0.377601854059486 
1096	 0.377386821709221 
1097	 0.377290784878566 
1098	 0.377107817902522 
1099	 0.376931777373551 
1100	 0.37669008035678 
1101	 0.376462031166823 
1102	 0.37611799180409 
1103	 0.375532312698564 
1104	 0.37522144435645 
1105	 0.375032464359027 
1106	 0.374710375255221 
1107	 0.374534087556754 
1108	 0.374281460712672 
1109	 0.373694592309258 
1110	 0.373132019479786 
1111	 0.372595553952167 
1112	 0.371993928604039 
1113	 0.371447471751851 
1114	 0.370981285043536 
1115	 0.370357179710536 
1116	 0.369658939336902 
1117	 0.368956648061452 
1118	 0.367992066456935 
1119	 0.367252483919378 
1120	 0.367104848907031 
1121	 0.366221153820842 
1122	 0.364981322166534 
1123	 0.363678928830432 
1124	 0.362075399394559 
1125	 0.35968544494429 
1126	 0.357917849924358 
1127	 0.356726351081764 
1128	 0.354888829503272 
1129	 0.353036081292485 
1130	 0.351127213737908 
1131	 0.349082530937179 
1132	 0.347170891998642 
1133	 0.345535553207822 
1134	 0.34375487868916 
1135	 0.342025951507711 
1136	 0.340189075765265 
1137	 0.338452949900259 
1138	 0.336440246526944 
1139	 0.334246484538461 
1140	 0.33185768459278 
1141	 0.329611665346468 
1142	 0.327195116365938 
1143	 0.324923187221397 
1144	 0.322989834298364 
1145	 0.320537536726379 
1146	 0.317781865608501 
1147	 0.31532226498973 
1148	 0.312702220109819 
1149	 0.310326578977201 
1150	 0.308343357942979 
1151	 0.306196796288189 
1152	 0.303991309243998 
1153	 0.302001361262985 
1154	 0.299994776384623 
1155	 0.298305310164613 
1156	 0.297002953815211 
1157	 0.295626491301691 
1158	 0.294566862936635 
1159	 0.293820843056321 
1160	 0.292953569642804 
1161	 0.292049395385237 
1162	 0.291450049333019 
1163	 0.291013659219889 
1164	 0.29049005910951 
1165	 0.290151350853085 
1166	 0.28966248474817 
1167	 0.288880883452175 
1168	 0.288369760893724 
1169	 0.288042704439549 
1170	 0.287610101501455 
1171	 0.287111537933231 
1172	 0.28688952982045 
1173	 0.286416185324952 
1174	 0.285719560284356 
1175	 0.285233016860855 
1176	 0.284733332604204 
1177	 0.284340036692505 
1178	 0.284170601914276 
1179	 0.283711286800232 
1180	 0.283065733860519 
1181	 0.282617650900868 
1182	 0.282071621187211 
1183	 0.281652107455316 
1184	 0.281532637603622 
1185	 0.281176730637999 
1186	 0.280634420608545 
1187	 0.280203982180442 
1188	 0.279697162716279 
1189	 0.279376634151267 
1190	 0.279190284726075 
1191	 0.279026758734459 
1192	 0.27884620916787 
1193	 0.278646187562794 
1194	 0.278467522138073 
1195	 0.278158233531521 
1196	 0.278097027524633 
1197	 0.278263063594668 
1198	 0.27823418420087 
1199	 0.278168088763239 
1200	 0.278248959600631 
1201	 0.278258251817485 
1202	 0.278397054571244 
1203	 0.278837797283005 
1204	 0.279032911925006 
1205	 0.279056306161823 
1206	 0.279248236710176 
1207	 0.279379661640107 
1208	 0.279708780901072 
1209	 0.280194932769118 
1210	 0.280594622367062 
1211	 0.281037337257639 
1212	 0.281387440586143 
1213	 0.281780510586762 
1214	 0.282387404002341 
1215	 0.282938135865067 
1216	 0.283523369215292 
1217	 0.284154760053872 
1218	 0.284839404269253 
1219	 0.285432326782593 
1220	 0.286009378888243 
1221	 0.286607361312285 
1222	 0.287183735833623 
1223	 0.287775030456413 
1224	 0.288339027276328 
1225	 0.28903090469602 
1226	 0.289761450256526 
1227	 0.290370634281968 
1228	 0.290944505624239 
1229	 0.291542296928877 
1230	 0.29210406313103 
1231	 0.292647602803108 
1232	 0.293313214333875 
1233	 0.294010252238656 
1234	 0.294679175359171 
1235	 0.29532048110845 
1236	 0.295841401939463 
1237	 0.296236787037423 
1238	 0.296695418569255 
1239	 0.297014470387717 
1240	 0.297486509158235 
1241	 0.298148477190827 
1242	 0.298677784304774 
1243	 0.299195406684562 
1244	 0.299705315463241 
1245	 0.300094682420211 
1246	 0.300445894609326 
1247	 0.300882885496469 
1248	 0.301413959385584 
1249	 0.301872691970842 
1250	 0.302208450535693 
1251	 0.302571035530691 
1252	 0.302833610674819 
1253	 0.302981944474686 
1254	 0.303307955309089 
1255	 0.303774804483262 
1256	 0.304055457046098 
1257	 0.304370431228381 
1258	 0.304878089310794 
1259	 0.305195075143371 
1260	 0.305286637945639 
1261	 0.305545870802031 
1262	 0.305905467601542 
1263	 0.306073971880276 
1264	 0.306175244192938 
1265	 0.306469114620635 
1266	 0.306632934486992 
1267	 0.306672008017732 
1268	 0.306993999046032 
1269	 0.307113365892101 
1270	 0.307096335783449 
1271	 0.307220797346915 
1272	 0.307110689788477 
1273	 0.306943904623933 
1274	 0.30676762896006 
1275	 0.306707141955563 
1276	 0.306779979739192 
1277	 0.306675447733761 
1278	 0.306640799457994 
1279	 0.306528023712978 
1280	 0.30628911582824 
1281	 0.305873246150586 
1282	 0.305635752607878 
1283	 0.30541803058592 
1284	 0.305059099496291 
1285	 0.304853556489419 
1286	 0.304494037474423 
1287	 0.304021831909611 
1288	 0.303769697357423 
1289	 0.303321662539992 
1290	 0.302893945102268 
1291	 0.302488022137237 
1292	 0.301693559410444 
1293	 0.301119414053348 
1294	 0.300646163461598 
1295	 0.299977830403215 
1296	 0.299580318563748 
1297	 0.29902363093831 
1298	 0.298132028543993 
1299	 0.29729160495039 
1300	 0.296252326454503 
1301	 0.295170774815979 
1302	 0.294447695221051 
1303	 0.293585854736596 
1304	 0.292666919026837 
1305	 0.291796917824434 
1306	 0.291049170189635 
1307	 0.290012344040084 
1308	 0.288634958714157 
1309	 0.28740877401894 
1310	 0.286043645347428 
1311	 0.284500558257208 
1312	 0.283269873267673 
1313	 0.28214371560717 
1314	 0.280760171973201 
1315	 0.279218853855207 
1316	 0.277607804600204 
1317	 0.276101361289345 
1318	 0.27470386298868 
1319	 0.27306646252813 
1320	 0.271440184334057 
1321	 0.269921063914997 
1322	 0.268056899765159 
1323	 0.266187569387141 
1324	 0.264643800588731 
1325	 0.263038589825021 
1326	 0.261261454323068 
1327	 0.259362118069168 
1328	 0.257419632356438 
1329	 0.255465337003535 
1330	 0.253466398250326 
1331	 0.25146799793878 
1332	 0.249686755563572 
1333	 0.247790434364035 
1334	 0.245711458358479 
1335	 0.243739079187474 
1336	 0.24182601084036 
1337	 0.24024250092089 
1338	 0.23860796096791 
1339	 0.236813954712373 
1340	 0.235647478933584 
1341	 0.2340374195096 
1342	 0.232119278892807 
1343	 0.231291179095672 
1344	 0.230297366640881 
1345	 0.22912638672618 
1346	 0.228722506160994 
1347	 0.227697794673566 
1348	 0.225784128836908 
1349	 0.224251906297832 
1350	 0.223147970429111 
1351	 0.222025728786269 
1352	 0.221416927450793 
1353	 0.221646375170726 
1354	 0.221001865270118 
1355	 0.218528818333923 
1356	 0.216206039687593 
1357	 0.213533683373005 
1358	 0.209195138793606 
1359	 0.204929572959632 
1360	 0.204260552496616 
1361	 0.202696538843182 
1362	 0.188132739350911 
1363	 0.180095835053393 
1364	 0.193015693070372 
1365	 0.176639953335576 
1366	 0.157172853680324 
1367	 0.163105983622603 
1368	 8.15998285330761E-02 
1369	 4.46639115852881E-02 
1370	 0.14182234844767 
1371	 0.187462462843918 
1372	 0.151510940182503 
1373	 0.152348524979818 
1374	 0.159406028084877 
1375	 0.12159430090852 
1376	 0.148537710044765 
1377	 0.168306878632569 
1378	 0.143732176100452 
1379	 0.127643599803433 
1380	 0.142176974272721 
1381	 0.179940753342435 
1382	 0.143971633263316 
1383	 0.128395853853474 
1384	 0.151708246064007 
1385	 0.114110357999221 
1386	 0.117534655323807 
1387	 0.140293797593434 
1388	 9.12473522644433E-02 
1389	 6.96544890325182E-02 
1390	 4.81778063778413E-02 
1391	 7.09438865694737E-02 
1392	 7.94803104448137E-02 
1393	 9.30835457097543E-02 
1394	 9.83794139490227E-02 
1395	 7.29300892643125E-02 
1396	 6.51155583312807E-02 
1397	 7.91286899632912E-02 
1398	 0.084740594120258 
1399	 8.10615665941767E-02 
1400	 7.36833432589574E-02 
1401	 6.37126009372457E-02 
1402	 6.10046171857931E-02 
1403	 7.48587848415875E-02 
1404	 7.60362430052564E-02 
1405	 6.56794332767679E-02 
1406	 6.28031424664879E-02 
1407	 5.40355441322443E-02 
1408	 5.59754126900034E-02 
1409	 6.86091864622283E-02 
1410	 6.46216620744937E-02 
1411	 5.84752627474715E-02 
1412	 5.59633707182822E-02 
1413	 0.048206226662525 
1414	 0.048388385791411 
1415	 5.50163116580768E-02 
1416	 5.33778034224966E-02 
1417	 4.87449622942711E-02 
1418	 4.66301687446955E-02 
1419	 4.49716947148326E-02 
1420	 4.71579784343107E-02 
1421	 5.07938140961549E-02 
1422	 4.98947589999634E-02 
1423	 4.76740148739902E-02 
1424	 4.70949852941942E-02 
1425	 4.56665572263518E-02 
1426	 4.50337561203421E-02 
1427	 4.58123450848686E-02 
1428	 4.73870445150132E-02 
1429	 4.64586926191079E-02 
1430	 4.50935864397029E-02 
1431	 4.42690188872739E-02 
1432	 4.41824730638542E-02 
1433	 4.41252495210078E-02 
1434	 4.35452984612571E-02 
1435	 4.41764083727003E-02 
1436	 4.46989794839949E-02 
1437	 4.44205839050705E-02 
1438	 4.50771949661119E-02 
1439	 4.56983173215895E-02 
1440	 4.47356171888607E-02 
1441	 4.34033808432654E-02 
1442	 4.30447031731401E-02 
1443	 4.28848967653773E-02 
1444	 4.22465478406261E-02 
1445	 4.23545262851863E-02 
1446	 4.30398338343582E-02 
1447	 4.31087332477551E-02 
1448	 4.32593930207193E-02 
1449	 4.32624391095626E-02 
1450	 4.28386975245566E-02 
1451	 4.30134787571994E-02 
1452	 4.32619063597452E-02 
1453	 4.30295702711706E-02 
1454	 4.30719206690513E-02 
1455	 0.042981180329952 
1456	 4.27610575212208E-02 
1457	 4.29468336521053E-02 
1458	 4.31395486221527E-02 
1459	 4.31655600003902E-02 
1460	 4.29589204930682E-02 
1461	 0.042943135660773 
1462	 4.31718603373662E-02 
1463	 4.31454923788997E-02 
1464	 4.31545458298532E-02 
1465	 4.35463731310358E-02 
1466	 4.38186509721661E-02 
1467	 4.36518109053171E-02 
1468	 4.39894155320697E-02 
1469	 4.48704307171129E-02 
1470	 4.52578933253321E-02 
1471	 4.53270865109955E-02 
1472	 4.58072365133273E-02 
1473	 4.66057604938109E-02 
1474	 4.63372053020689E-02 
1475	 0.046302113638255 
1476	 4.71457953878354E-02 
1477	 0.047319224552829 
1478	 0.047511881646986 
1479	 0.048432422482269 
1480	 4.89151880825392E-02 
1481	 4.89534987694062E-02 
1482	 4.95194625906211E-02 
1483	 5.01791621446064E-02 
1484	 5.06028726507503E-02 
1485	 0.051233939566874 
1486	 5.16379831937302E-02 
1487	 5.18206620313952E-02 
1488	 5.21546343798709E-02 
1489	 5.26018337007152E-02 
1490	 5.33089263116697E-02 
1491	 5.39221289126547E-02 
1492	 5.41366087779657E-02 
1493	 5.45250702058524E-02 
1494	 5.51522013141652E-02 
1495	 5.56232005434287E-02 
1496	 0.056189267830425 
1497	 5.67956918311466E-02 
1498	 5.70831756440365E-02 
1499	 5.74729454926783E-02 
1500	 5.81717767739987E-02 
1501	 5.88154239018353E-02 
1502	 0.059372353307121 
1503	 5.98773426586175E-02 
1504	 6.03147226209367E-02 
1505	 6.08929263454329E-02 
1506	 6.15607871894352E-02 
1507	 6.20796269242515E-02 
1508	 6.26456871174682E-02 
1509	 6.32467949926038E-02 
1510	 6.37361963684535E-02 
1511	 6.43918158236874E-02 
1512	 6.50316181954593E-02 
1513	 6.54769844404362E-02 
1514	 6.60641600973262E-02 
1515	 6.68465509115616E-02 
1516	 6.76655820858279E-02 
1517	 6.83475536106372E-02 
1518	 6.88472153664328E-02 
1519	 6.93413437838943E-02 
1520	 6.99238011574857E-02 
1521	 7.06686241424719E-02 
1522	 7.15552844918934E-02 
1523	 7.21568585857203E-02 
1524	 7.25224952966852E-02 
1525	 7.30578272058773E-02 
1526	 7.36109017681174E-02 
1527	 7.42275815473017E-02 
1528	 7.49533653887646E-02 
1529	 0.075579319703537 
1530	 7.61441247025169E-02 
1531	 7.67591261529001E-02 
1532	 7.74351052903099E-02 
1533	 7.81455842672553E-02 
1534	 7.89333855740001E-02 
1535	 0.079592851310179 
1536	 0.080228154767278 
1537	 8.07784037347444E-02 
1538	 8.11609477327823E-02 
1539	 8.17602415854203E-02 
1540	 0.082506129412379 
1541	 8.31401386130949E-02 
1542	 0.083915685218982 
1543	 8.45649509652837E-02 
1544	 8.49902926989935E-02 
1545	 8.57434845470199E-02 
1546	 8.63845361380412E-02 
1547	 8.67383570347078E-02 
1548	 8.73650009147186E-02 
1549	 0.088031217654659 
1550	 8.85680797142629E-02 
1551	 8.93477318140864E-02 
1552	 9.00829703085881E-02 
1553	 9.05099258911724E-02 
1554	 9.12067712950527E-02 
1555	 9.19815158618514E-02 
1556	 9.25009789676498E-02 
1557	 0.093216723848364 
1558	 9.37791687606388E-02 
1559	 9.41708713436299E-02 
1560	 9.50067332486874E-02 
1561	 9.57120569578029E-02 
1562	 9.61001241188042E-02 
1563	 9.67209673237481E-02 
1564	 9.72160750715279E-02 
1565	 9.75169780243266E-02 
1566	 9.82152606211932E-02 
1567	 9.91189657446724E-02 
1568	 9.97002995374534E-02 
1569	 0.100187952141026 
1570	 0.100857802647887 
1571	 0.10137673471787 
1572	 0.101831573870296 
1573	 0.102539048834707 
1574	 0.103020050866526 
1575	 0.103371770971074 
1576	 0.104072659258388 
1577	 0.10462189933811 
1578	 0.105137409312162 
1579	 0.105875312020521 
1580	 0.106281741271556 
1581	 0.106711916827482 
1582	 0.10736628660033 
1583	 0.107814966834302 
1584	 0.108341758276804 
1585	 0.108915445068715 
1586	 0.10928949329852 
1587	 0.109640393874513 
1588	 0.110095563408363 
1589	 0.110703494547809 
1590	 0.111220277068993 
1591	 0.111808326049443 
1592	 0.11251733138734 
1593	 0.112818107197361 
1594	 0.113254323997422 
1595	 0.11396727428092 
1596	 0.114311962904918 
1597	 0.114705708842046 
1598	 0.115374572041806 
1599	 0.115815106055318 
1600	 0.116141713184124 
1601	 0.116780936724569 
1602	 0.117410732493793 
1603	 0.117749740296521 
1604	 0.118236889327637 
1605	 0.118814449765211 
1606	 0.119116922387914 
1607	 0.119478081215479 
1608	 0.119961565634153 
1609	 0.120396877080469 
1610	 0.120916664048799 
1611	 0.121420191166902 
1612	 0.121832402902153 
1613	 0.122267432316253 
1614	 0.122692710320304 
1615	 0.123131326800726 
1616	 0.123570773475223 
1617	 0.123829596340126 
1618	 0.12413221030231 
1619	 0.124524042358654 
1620	 0.124653615205631 
1621	 0.124913491551842 
1622	 0.125443564832034 
1623	 0.125671408109741 
1624	 0.125947254460195 
1625	 0.126377631865937 
1626	 0.126445132399708 
1627	 0.12652492584665 
1628	 0.12692262974479 
1629	 0.127281902049017 
1630	 0.127446478965922 
1631	 0.127648852119022 
1632	 0.127873662848925 
1633	 0.128093978119401 
1634	 0.128521353118209 
1635	 0.128930072634775 
1636	 0.129243520385703 
1637	 0.129528944337886 
1638	 0.129757055635117 
1639	 0.130107096674655 
1640	 0.130288329610627 
1641	 0.130384709475977 
1642	 0.130744244592607 
1643	 0.130949074653687 
1644	 0.131201621597127 
1645	 0.131610824654077 
1646	 0.131583593514267 
1647	 0.131624706101629 
1648	 0.131912604268792 
1649	 0.131954775057994 
1650	 0.1323190959144 
1651	 0.132811830459708 
1652	 0.132750555327614 
1653	 0.132871681817863 
1654	 0.133094660427062 
1655	 0.132892572501246 
1656	 0.132945950078067 
1657	 0.132978659215351 
1658	 0.132740669118031 
1659	 0.132769680963923 
1660	 0.132956982296446 
1661	 0.133128353076324 
1662	 0.133068822227756 
1663	 0.132850921561523 
1664	 0.132576113223766 
1665	 0.132252760625248 
1666	 0.132296036111632 
1667	 0.132482446424116 
1668	 0.132387089651311 
1669	 0.132235577806925 
1670	 0.131947126833709 
1671	 0.131595294478541 
1672	 0.131495820208919 
1673	 0.131391010381365 
1674	 0.131377033030338 
1675	 0.131321700071365 
1676	 0.130865869965201 
1677	 0.130410826241454 
1678	 0.129982857844465 
1679	 0.129686736055355 
1680	 0.129709989394794 
1681	 0.129697315632363 
1682	 0.129413610797107 
1683	 0.12877847941733 
1684	 0.127936813380074 
1685	 0.127364777351498 
1686	 0.127118171708189 
1687	 0.126830816709909 
1688	 0.126624509086649 
1689	 0.126435874433558 
1690	 0.125978875613693 
1691	 0.125486948183228 
1692	 0.125079821872987 
1693	 0.124598894504769 
1694	 0.124079255912208 
1695	 0.123822430546411 
1696	 0.123631180441901 
1697	 0.123103867467323 
1698	 0.122682477316453 
1699	 0.122377673318241 
1700	 0.121893482635672 
1701	 0.121553092728942 
1702	 0.121142115766967 
1703	 0.120769529186071 
1704	 0.120375010578523 
1705	 0.120076287185934 
1706	 0.119935840169306 
1707	 0.119669397770022 
1708	 0.119551585923922 
1709	 0.119150057762235 
1710	 0.11826661826609 
1711	 0.11784876652824 
1712	 0.117534084478473 
1713	 0.11721658272403 
1714	 0.117398664280652 
1715	 0.11720616960499 
1716	 0.116623311156471 
1717	 0.11611706361882 
1718	 0.115435049763132 
1719	 0.115085825117276 
1720	 0.114972964305935 
1721	 0.114783384219417 
1722	 0.114847245312514 
1723	 0.114563541106437 
1724	 0.113839850710067 
1725	 0.113552583761368 
1726	 0.113362341503576 
1727	 0.113239064730495 
1728	 0.113519257635195 
1729	 0.11343598910083 
1730	 0.11318771593252 
1731	 0.11297977665184 
1732	 0.112544311724943 
1733	 0.112348174563956 
1734	 0.112264587815187 
1735	 0.112127122560997 
1736	 0.11216101885133 
1737	 0.112039475631907 
1738	 0.111821811907946 
1739	 0.111575524723533 
1740	 0.111208077365124 
1741	 0.111018301677644 
1742	 0.110908044996255 
1743	 0.110656442445792 
1744	 0.110523162492967 
1745	 0.110112274476891 
1746	 0.109414396456853 
1747	 0.108992649859937 
1748	 0.108498050783918 
1749	 0.108200328736973 
1750	 0.108076768662778 
1751	 0.10768143793437 
1752	 0.107750021373967 
1753	 0.107326637773489 
1754	 0.106973529766788 
1755	 0.106883264371049 
1756	 0.106276099377899 
1757	 0.105913547789765 
1758	 0.105648382994898 
1759	 0.105014683983035 
1760	 0.104789485066379 
1761	 0.104523384806915 
1762	 0.103968382385671 
1763	 0.103766836697136 
1764	 0.103360337074991 
1765	 0.103137583372136 
1766	 0.103287509094581 
1767	 0.10287200859559 
1768	 0.102471757224292 
1769	 0.102050722075988 
1770	 0.101438331696835 
1771	 0.101590863569225 
1772	 0.101478597094301 
1773	 0.101225143401232 
1774	 0.10110217688834 
1775	 0.101043653439581 
1776	 0.100760190739662 
1777	 0.100376097240157 
1778	 0.100157622562009 
1779	 9.95870462482885E-02 
1780	 9.94946874594692E-02 
1781	 0.100172284802679 
1782	 0.100251858366276 
1783	 0.100224036734747 
1784	 0.100218187450472 
1785	 9.98456596268373E-02 
1786	 9.96367425017421E-02 
1787	 9.95128895411568E-02 
1788	 9.95097825200611E-02 
1789	 9.97480387998156E-02 
1790	 9.94952209258924E-02 
1791	 9.87088494710718E-02 
1792	 9.87690321622521E-02 
1793	 9.92677900454725E-02 
1794	 9.91996763917366E-02 
1795	 9.96019638344689E-02 
1796	 0.100044102896784 
1797	 9.95814813983928E-02 
1798	 9.92981538757263E-02 
1799	 0.100031656003289 
1800	 9.97434818653154E-02 
1801	 9.76882311654344E-02 
1802	 9.75164120124257E-02 
1803	 9.84789882433228E-02 
1804	 9.90493297269252E-02 
1805	 0.100663145353023 
1806	 0.101742824013266 
1807	 0.102805329331269 
1808	 0.102605517849763 
1809	 0.101754131807913 
1810	 9.85975037172027E-02 
1811	 9.55830631194385E-02 
1812	 9.40613053677741E-02 
1813	 9.05754719878253E-02 
1814	 8.91241109096657E-02 
1815	 9.09704961358595E-02 
1816	 9.63294907695247E-02 
1817	 9.70753026924064E-02 
1818	 9.76286638381801E-02 
1819	 9.76942294647182E-02 
1820	 9.32042289002407E-02 
1821	 9.31868762819462E-02 
1822	 9.76598103493304E-02 
1823	 9.96023388928873E-02 
1824	 9.66438356475288E-02 
1825	 0.105484279615549 
1826	 0.131570524184663 
1827	 0.146521959920822 
1828	 0.175391580755819 
1829	 0.192489540618682 
1830	 0.165691957967229 
1831	 0.187757996752031 
1832	 0.154212735240482 
1833	 0.191023984589356 
1834	 0.418492547682844 
1835	 0.667908805740052 
1836	 0.653971428346869 
1837	 0.726506257068589 
1838	 0.402420359164859 
1839	 2.53704360512588E-02 
1840	-0.105441444225292 
1841	-0.64091305114726 
1842	-0.568054917113549 
1843	 0.733597740424713 
1844	 0.96046484992526 
1845	 5.67797684311297 
1846	-30.0262571290105 
1847	 2.13084102899808 
1848	-1.16214604158034 
1849	-0.489463427186798 
1850	 0.405053445896445 
1851	 0.532444542433112 
1852	 1.48820411836416 
1853	 1.77620132049978 
1854	 7.33900863764421 
1855	 4.42047054047162 
1856	 9.23817670729363E-02 
1857	-0.198967688625244 
1858	-1.49733249040117 
1859	-6.99316587731349 
1860	-3.60779234419991 
1861	 15.6938229637414 
1862	 7.01205922429341 
1863	 0.187462605934698 
1864	 0.306089959068642 
1865	 0.655597511055379 
1866	 0.707988518899197 
1867	 1.71450955353219 
1868	 2.46273692697988 
1869	 0.949243169408318 
1870	 0.142725491269401 
1871	 1.37807398577857E-02 
1872	 0.917093683968914 
1873	 0.428795225220604 
1874	 0.234337986412733 
1875	 0.274355119995694 
1876	 9.10141437483289E-02 
1877	 5.25949341933037E-02 
1878	 0.103062348875432 
1879	 0.150826415060874 
1880	 0.275208198662401 
1881	 0.348941100454697 
1882	 0.312917973763203 
1883	 0.344998045484998 
1884	 0.281733356710515 
1885	 7.72168924747684E-02 
1886	-0.273685904778981 
1887	-0.124277159969669 
1888	 0.113285371837868 
1889	 7.50795143753815E-02 
1890	 5.87249007412372E-02 
1891	 9.25494483394352E-02 
1892	 1.42531017453345E-02 
1893	-1.08666762112525E-02 
1894	 0.159354185310878 
1895	 0.244885704519546 
1896	 0.291579404003257 
1897	 0.155388966378238 
1898	 0.179215924610072 
1899	 0.268321978253786 
1900	 0.118594681615546 
1901	 0.001001569219995 
1902	 5.39346681851956E-02 
1903	 0.310180741087872 
1904	 0.291361616951623 
1905	 0.225054275446932 
1906	 0.257617185509444 
1907	 0.448931972187228 
1908	 0.458935081112066 
1909	 0.324356621664453 
1910	 0.210241035475017 
1911	 6.46036534040186E-02 
1912	-0.102479172277495 
1913	-0.151518886874736 
1914	-2.12078693201579E-02 
1915	 1.25616523213788E-02 
1916	 4.12944008467471E-02 
1917	-4.05685402038358E-02 
1918	-6.63297853537627E-02 
1919	-2.72427892680032E-02 
1920	 3.12336147223544E-02 
1921	 7.05895820585984E-02 
1922	 0.10174241356135 
1923	 9.51009352646627E-02 
1924	 7.11596440541839E-02 
1925	 6.02663106148702E-03 
1926	-6.54929940131419E-03 
1927	 1.61606849372286E-02 
1928	 1.92221640085839E-02 
1929	 0.015594183907085 
1930	 0.011803645366695 
1931	-8.26290545473535E-03 
1932	-1.96156519364205E-02 
1933	-1.27411477504177E-02 
1934	 1.13756915214333E-02 
1935	 2.15501664776752E-02 
1936	 3.44762846733785E-02 
1937	 2.55304808780175E-02 
1938	 2.99945372455917E-02 
1939	 3.29843101451783E-02 
1940	 1.74942419273375E-02 
1941	 1.97706795661328E-02 
1942	 2.37978646006545E-02 
1943	 0.01314121396277 
1944	 1.27315314617334E-02 
1945	 2.08298260765828E-02 
1946	 2.24438338256175E-02 
1947	 0.020920578908551 
1948	 1.86726632639664E-02 
1949	 1.87986635062467E-02 
1950	 1.78978179326801E-02 
1951	 1.54900848212936E-02 
1952	 1.45583939326725E-02 
1953	 1.62082166367599E-02 
1954	 1.55778339827331E-02 
1955	 1.39079262041421E-02 
1956	 1.48407814226537E-02 
1957	 1.65498913184639E-02 
1958	 1.74635057741669E-02 
1959	 1.83722112910876E-02 
1960	 1.73533346748284E-02 
1961	 1.60806006291703E-02 
1962	 1.66463839766668E-02 
1963	 1.67517477946212E-02 
1964	 1.78580020735142E-02 
1965	 1.87090347196522E-02 
1966	 1.82823739432676E-02 
1967	 1.89348604473786E-02 
1968	 1.91237795495114E-02 
1969	 1.90271962328198E-02 
1970	 1.93695982522405E-02 
1971	 2.01440859958298E-02 
1972	 1.96658763443202E-02 
1973	 1.90254172408252E-02 
1974	 1.90095392177308E-02 
1975	 1.89121154575167E-02 
1976	 1.95092494148641E-02 
1977	 2.02017833335761E-02 
1978	 1.95591029923072E-02 
1979	 1.91953971890902E-02 
1980	 1.92388201299592E-02 
1981	 1.89907390423665E-02 
1982	 1.92301968206404E-02 
1983	 2.07186010531488E-02 
1984	 2.21295621836739E-02 
1985	 2.19034913905199E-02 
1986	 2.11706443533932E-02 
1987	 2.08502175527927E-02 
1988	 2.05792056563541E-02 
1989	 2.06145433082693E-02 
1990	 2.13800953582591E-02 
1991	 2.19013872339006E-02 
1992	 2.22105438729966E-02 
1993	 2.26729114494592E-02 
1994	 2.32362883091014E-02 
1995	 0.023230623023502 
1996	 2.29141805166315E-02 
1997	 2.31760484963708E-02 
1998	 0.022774750499794 
1999	 0.022384747246109 
2000	 2.20631888373678E-02 
2001	 2.11930649586287E-02 
2002	 2.17243252335864E-02 
2003	 0.022810354782659 
2004	 2.41989326197539E-02 
2005	 2.60408519870634E-02 
2006	 0.02662134618626 
2007	 2.43530860196061E-02 
2008	 0.023624165741766 
2009	 2.33447881426078E-02 
2010	 2.26511825296708E-02 
2011	 2.13772644921572E-02 
2012	 2.01675466146537E-02 
2013	 2.03214945422157E-02 
2014	 2.20118985066134E-02 
2015	 2.43920062052822E-02 
2016	 2.59508093947904E-02 
2017	 2.60061370203363E-02 
2018	 0.025486749787321 
2019	 2.54361199235473E-02 
2020	 2.52299385912447E-02 
2021	 2.53337785797045E-02 
2022	 2.56932147721051E-02 
2023	 0.026229229862489 
2024	 2.64393382479149E-02 
2025	 0.025997663760796 
2026	 2.59703316264641E-02 
2027	 2.60118716039016E-02 
2028	 0.026227698063565 
2029	 2.69644013450877E-02 
2030	 2.75496195396761E-02 
2031	 2.72287393440815E-02 
2032	 2.71756988344167E-02 
2033	 2.67795347915975E-02 
2034	 2.70307478422368E-02 
2035	 2.77036419508865E-02 
2036	 2.80504024174965E-02 
2037	 2.81693391077553E-02 
2038	 2.76825537597427E-02 
2039	 2.69543075316516E-02 
2040	 2.66526804840718E-02 
2041	 2.70408444710761E-02 
2042	 2.75435333028495E-02 
2043	 2.76215226922291E-02 
2044	 2.77764050881563E-02 
2045	 2.81078978634841E-02 
2046	 2.86231901260107E-02 
2047	 0.028790320344592 
2048	 2.90215415282676E-02 
2049	 2.90674377833542E-02 
2050	 2.87278319909112E-02 
2051	 2.84434184699381E-02 
2052	 0.028342456891988 
2053	 2.85024391282694E-02 
2054	 2.88067230425099E-02 
2055	 2.87515682192148E-02 
2056	 2.88377448920295E-02 
2057	 2.90067008084753E-02 
2058	 2.95065405936633E-02 
2059	 0.030310832058371 
2060	 3.04047881244304E-02 
2061	 2.99140765452459E-02 
2062	 3.00133774161176E-02 
2063	 2.96878763347901E-02 
2064	 2.97839026201502E-02 
2065	 3.03468504112682E-02 
2066	 3.12644821027131E-02 
2067	 3.21482800740183E-02 
2068	 3.21890358121765E-02 
2069	 3.14817124019438E-02 
2070	 0.031646009651737 
2071	 3.20559118401958E-02 
2072	 3.20679240530433E-02 
2073	 0.03245553708222 
2074	 3.32669676762294E-02 
2075	 3.34028104085515E-02 
2076	 3.25304383515138E-02 
2077	 3.24504918384608E-02 
2078	 3.25374502622009E-02 
2079	 3.27696338647445E-02 
2080	 3.32426346272388E-02 
2081	 3.37733879303692E-02 
2082	 3.39189833414875E-02 
2083	 3.34952175596882E-02 
2084	 3.31759929311131E-02 
2085	 3.37991492629443E-02 
2086	 3.46482974141706E-02 
2087	 3.50468791480327E-02 
2088	 3.52837510887656E-02 
2089	 3.51641270570935E-02 
2090	 3.50917892565343E-02 
2091	 0.03512402434505 
2092	 3.51871963861927E-02 
2093	 3.49433344513608E-02 
2094	 3.48901863421261E-02 
2095	 3.48903011608641E-02 
2096	 3.50819764147769E-02 
2097	 3.54969353951618E-02 
2098	 3.60139240666068E-02 
2099	 3.57530030093117E-02 
2100	 0.035238954459735 
2101	 3.55981328270751E-02 
2102	 3.59359141316021E-02 
2103	 3.63100530545234E-02 
2104	 3.72476245054886E-02 
2105	 3.72516966420367E-02 
2106	 3.68466872087573E-02 
2107	 3.70246668705067E-02 
2108	 3.80158488355509E-02 
2109	 3.80990555126438E-02 
2110	 3.77081618355017E-02 
2111	 3.76646217667211E-02 
2112	 3.71745041657261E-02 
2113	 3.71998588852426E-02 
2114	 3.75851151776707E-02 
2115	 3.84838297272507E-02 
2116	 3.88756870494439E-02 
2117	 3.89167600603904E-02 
2118	 0.039189825266578 
2119	 3.90281239466148E-02 
2120	 3.90461204755318E-02 
2121	 3.95212371216026E-02 
2122	 0.039707316341819 
2123	 4.03095248437417E-02 
2124	 4.05771225969047E-02 
2125	 4.06058601361695E-02 
2126	 4.07253090651463E-02 
2127	 4.08633463796297E-02 
2128	 4.07684159225704E-02 
2129	 4.04254898571986E-02 
2130	 4.07532428931506E-02 
2131	 4.11668347133803E-02 
2132	 4.13161826714001E-02 
2133	 4.17578618579078E-02 
2134	 0.042606529842199 
2135	 4.18181095812543E-02 
2136	 4.17134047728988E-02 
2137	 4.22832818887978E-02 
2138	 4.19328786020063E-02 
2139	 4.14949600703006E-02 
2140	 4.17102522367572E-02 
2141	 4.23519471956532E-02 
2142	 4.22998100676879E-02 
2143	 4.23216202507502E-02 
2144	 4.29705231740774E-02 
2145	 4.31551713734103E-02 
2146	 4.22227610154526E-02 
2147	 4.23841157669863E-02 
2148	 4.36059713674458E-02 
2149	 4.37037488336142E-02 
2150	 4.31964185393309E-02 
2151	 4.36170833352124E-02 
2152	 4.44631005095418E-02 
2153	 4.42252466675446E-02 
2154	 4.41706113117117E-02 
2155	 4.51341014534449E-02 
2156	 4.49498515285258E-02 
2157	 4.45391683795103E-02 
2158	 4.47984295063915E-02 
2159	 4.46949866928429E-02 
2160	 0.044683200678235 
2161	 4.47677994505039E-02 
2162	 4.45608688584423E-02 
2163	 4.45840340375022E-02 
2164	 4.48134835964741E-02 
2165	 4.49849881617758E-02 
2166	 4.48970872151233E-02 
2167	 4.47180850690605E-02 
2168	 4.51650898113427E-02 
2169	 4.60772658026602E-02 
2170	 4.60447234403607E-02 
2171	 0.045926404293532 
2172	 4.63960321047221E-02 
2173	 4.65082577644337E-02 
2174	 4.58755583283526E-02 
2175	 4.69588104739962E-02 
2176	 4.82677730203118E-02 
2177	 4.82263173244396E-02 
2178	 4.87453656659595E-02 
2179	 4.89231126394616E-02 
2180	 4.83369934907421E-02 
2181	 4.85728256475118E-02 
2182	 4.79906895665191E-02 
2183	 4.71921431014057E-02 
2184	 4.73990542921804E-02 
2185	 4.71264060409103E-02 
2186	 4.57184461949179E-02 
2187	 4.61339978037919E-02 
2188	 4.81735763832455E-02 
2189	 4.85780787636296E-02 
2190	 4.90465111942967E-02 
2191	 4.98028607323914E-02 
2192	 4.98343739316867E-02 
2193	 4.98912235256655E-02 
2194	 5.02584806382523E-02 
2195	 5.05417867491956E-02 
2196	 5.06586994276604E-02 
2197	 5.04209370828534E-02 
2198	 4.90701052544529E-02 
2199	 4.94013979117264E-02 
2200	 5.02854818258747E-02 
2201	 5.00642470706842E-02 
2202	 5.08473149444617E-02 
2203	 0.052070403300409 
2204	 5.14971507409711E-02 
2205	 5.07767426192352E-02 
2206	 5.07362771384402E-02 
2207	 4.98860341805778E-02 
2208	 4.91961848143626E-02 
2209	 4.98119555751903E-02 
2210	 5.00094608600776E-02 
2211	 5.10495753614325E-02 
2212	 5.08015109286562E-02 
2213	 4.91607062649791E-02 
2214	 4.89638319680973E-02 
2215	 4.92039434076523E-02 
2216	 4.93523242488242E-02 
2217	 5.04313994988909E-02 
2218	 5.08220008820144E-02 
2219	 5.04833594935304E-02 
2220	 5.01764929670423E-02 
2221	 4.97226915027996E-02 
2222	 4.98529289370786E-02 
2223	 4.98045267966543E-02 
2224	 4.93166303774342E-02 
2225	 4.86497299415995E-02 
2226	 4.85870119269162E-02 
2227	 4.92670359655155E-02 
2228	 4.95821719035177E-02 
2229	 4.98926859715728E-02 
2230	 5.08947903054862E-02 
2231	 5.13023789600888E-02 
2232	 5.09994557648136E-02 
2233	 5.10095847920369E-02 
2234	 5.05026163533128E-02 
2235	 4.94017046060679E-02 
2236	 4.90396668133555E-02 
2237	 4.87978161267845E-02 
2238	 4.92069304673747E-02 
2239	 4.94429209776086E-02 
2240	 5.01768581115871E-02 
2241	 4.94863874783216E-02 
2242	 4.77176302283073E-02 
2243	 4.75539334482884E-02 
2244	 4.74285995130318E-02 
2245	 4.66969097554655E-02 
2246	 4.69542040767288E-02 
2247	 4.69702757466688E-02 
2248	 4.55281232569615E-02 
2249	 4.46003652239209E-02 
2250	 4.40269186911016E-02 
2251	 0.04493389195045 
2252	 4.53835333847224E-02 
2253	 4.59933682886124E-02 
2254	 4.71262195683831E-02 
2255	 4.71255181985191E-02 
2256	 0.045374445651949 
2257	 4.32815878673425E-02 
2258	 4.24034839022966E-02 
2259	 4.21263500472907E-02 
2260	 4.16923536620146E-02 
2261	 4.14822188261929E-02 
2262	 0.041573403305755 
2263	 4.11659478180792E-02 
2264	 3.94891989268888E-02 
2265	 3.85906214127283E-02 
2266	 4.00969964331549E-02 
2267	 4.03415754035002E-02 
2268	 0.039507621018989 
2269	 3.97598555661399E-02 
2270	 3.97811329844912E-02 
2271	 0.040191226143981 
2272	 3.93600047306978E-02 
2273	 3.80046911607397E-02 
2274	 3.83033664934109E-02 
2275	 3.83729764723648E-02 
2276	 3.80453778276072E-02 
2277	 4.01505072233686E-02 
2278	 4.03190713038256E-02 
2279	 3.70148512317245E-02 
2280	 3.63514679639136E-02 
2281	 3.73851300135274E-02 
2282	 3.75528591105922E-02 
2283	 3.85782695189588E-02 
2284	 3.85302315109742E-02 
2285	 3.73316558464074E-02 
2286	 3.72862410399801E-02 
2287	 3.80244653442647E-02 
2288	 3.66487368514601E-02 
2289	 3.67344424235347E-02 
2290	 3.75009902691882E-02 
2291	 3.58275211828885E-02 
2292	 3.61873495141567E-02 
2293	 3.87951869769053E-02 
2294	 3.81061510710444E-02 
2295	 3.64520421078737E-02 
2296	 3.66107162669274E-02 
2297	 3.63877133290406E-02 
2298	 3.48577294077834E-02 
2299	 3.43901277997015E-02 
2300	 0.036416452419999 
2301	 3.64181592924066E-02 
2302	 3.36382308219447E-02 
2303	 3.22225437897982E-02 
2304	 3.13821969830744E-02 
2305	 3.07353416906881E-02 
2306	 3.17459798140445E-02 
2307	 3.25539424312869E-02 
2308	 3.21316877200411E-02 
2309	 3.09068947767135E-02 
2310	 0.029838871975838 
2311	 0.030937185755484 
2312	 3.36420773554554E-02 
2313	 3.37392182933463E-02 
2314	 3.09832846697878E-02 
2315	 3.00852737377803E-02 
2316	 2.98365604707443E-02 
2317	 2.97266174547081E-02 
2318	 3.17258711327982E-02 
2319	 3.16616907045302E-02 
2320	 2.83041777244726E-02 
2321	 2.77668550600294E-02 
2322	 2.89605671098607E-02 
2323	 0.028716918995493 
2324	 2.92750871846983E-02 
2325	 0.029203643635305 
2326	 2.71820109326068E-02 
2327	 2.61191271322975E-02 
2328	 2.61433758971684E-02 
2329	 2.56042608065017E-02 
2330	 2.38873206264259E-02 
2331	 2.38690644007521E-02 
2332	 2.58165322879104E-02 
2333	 2.62200377364503E-02 
2334	 2.53865415541746E-02 
2335	 2.63264703552637E-02 
2336	 2.81340623272906E-02 
2337	 2.86328663247816E-02 
2338	 3.06126332338285E-02 
2339	 0.0312925931369 
2340	 3.04896145186697E-02 
2341	 0.02779432849921 
2342	 2.63919942491498E-02 
2343	 2.77660802300744E-02 
2344	 0.026436814868335 
2345	 2.48837358176423E-02 
2346	 2.84107131255256E-02 
2347	 3.05117249130043E-02 
2348	 3.06628760210995E-02 
2349	 3.18418535428712E-02 
2350	 2.94170483223962E-02 
2351	 0.02627597871043 
2352	 2.74381878872724E-02 
2353	 3.18592974308475E-02 
2354	 3.33188639228207E-02 
2355	 3.02228519598192E-02 
2356	 2.95129211278749E-02 
2357	 2.91653814706826E-02 
2358	 3.05223202602413E-02 
2359	 0.03318814632628 
2360	 2.92286448228716E-02 
2361	 2.35772901599494E-02 
2362	 2.09736772271078E-02 
2363	 2.16260109865263E-02 
2364	 0.026724620639241 
2365	 2.91876506129793E-02 
2366	 2.71924213766494E-02 
2367	 2.53952438089208E-02 
2368	 2.22436153332665E-02 
2369	 2.13776814803697E-02 
2370	 1.90069143914607E-02 
2371	 1.58066034700348E-02 
2372	 0.017476169765539 
2373	 1.56226609984102E-02 
2374	 1.53417457223861E-02 
2375	 0.017889973025599 
2376	 1.92251665766461E-02 
2377	 0.020873496789593 
2378	 2.28552340212038E-02 
2379	 2.63604825667122E-02 
2380	 2.22079658751322E-02 
2381	 1.53330379483715E-02 
2382	 1.92984721216468E-02 
2383	 2.08270423691601E-02 
2384	 1.20349306218641E-02 
2385	 1.16295394317903E-02 
2386	 1.90298563832761E-02 
2387	 1.65592734578219E-02 
2388	 1.44664513244707E-02 
2389	 0.021181403095295 
2390	 1.95219055124224E-02 
2391	 1.86396253923295E-02 
2392	 3.20466804460443E-02 
2393	 3.67868807624954E-02 
2394	 3.06353100152051E-02 
2395	 2.72783546238779E-02 
2396	 2.34724648996816E-02 
2397	 2.37225051965657E-02 
2398	 2.69028066126981E-02 
2399	 2.39167067792609E-02 
2400	 2.26755228143546E-02 
2401	 1.64908622671237E-02 
2402	 6.38287045808882E-03 
2403	 1.29373039015159E-02 
2404	 1.84662004028707E-02 
2405	 1.60737866022047E-02 
2406	 1.91425119404105E-02 
2407	 1.41727679447912E-02 
2408	 7.03680794608537E-03 
2409	 9.59581433216307E-03 
2410	 0.015276477289409 
2411	 2.18105315285272E-02 
2412	 3.15820824359284E-02 
2413	 3.54877568466909E-02 
2414	 2.56011657230793E-02 
2415	 1.99420436657881E-02 
2416	 1.12351506102401E-02 
2417	 3.0471721993226E-03 
2418	 1.75174235225813E-02 
2419	 2.99119119017466E-02 
2420	 3.10775908795889E-02 
2421	 2.52393586402817E-02 
2422	 9.41215095527127E-03 
2423	 8.22798335965478E-03 
2424	 8.67084764057844E-03 
2425	 6.18944987937741E-04 
2426	 1.55376169640603E-02 
2427	 2.02684805634769E-02 
2428	 1.80371202002966E-03 
2429	 1.03283763338911E-02 
2430	 2.42663661866402E-02 
2431	 1.54095099742288E-02 
2432	 2.88624418273001E-02 
2433	 4.84663643832205E-02 
2434	 2.96484235718858E-02 
2435	 1.27732380743236E-02 
2436	 6.35563433715245E-04 
2437	-1.85269289742234E-02 
2438	-1.97421750465853E-02 
2439	-8.26516075819077E-03 
2440	-4.42200773332022E-03 
2441	-6.2642269764029E-03 
2442	-7.6618481311429E-04 
2443	 7.24062723709643E-04 
2444	 1.11218375787731E-02 
2445	 2.26069797734255E-02 
2446	 1.06197978927809E-02 
2447	 4.84242691509364E-03 
2448	-6.17372129046738E-03 
2449	-8.17626854993198E-03 
2450	 2.48667926747115E-02 
2451	 3.77920352047725E-02 
2452	 0.025549123268855 
2453	 1.64234018480296E-02 
2454	 6.68279059535932E-03 
2455	 9.21879882145767E-03 
2456	 0.026806866276085 
2457	 4.16116324521326E-02 
2458	 0.035247495082523 
2459	 0.013047328297989 
2460	-4.95982463360051E-03 
2461	-6.11893980434497E-03 
2462	-5.95443880689153E-03 
2463	-1.40519186843074E-02 
2464	-1.50134639711572E-02 
2465	-3.04448865157848E-03 
2466	 1.40137689819417E-02 
2467	 3.74931795277121E-02 
2468	 6.60554285262898E-02 
2469	 6.83904326233506E-02 
2470	 4.28153584356987E-02 
2471	 3.21340738688752E-02 
2472	 2.32750767293375E-02 
2473	 1.96755353662988E-02 
2474	-2.70133710007838E-03 
2475	-1.16967614872886E-02 
2476	-6.25822971840042E-03 
2477	 9.51948380838679E-04 
2478	 6.46715794126286E-02 
2479	 4.42423188664927E-02 
2480	 1.72655521918275E-02 
2481	 3.90901104962976E-02 
2482	 6.12087969734507E-03 
2483	 1.68467880028054E-02 
2484	 5.58125998226455E-02 
2485	 4.29888052344907E-02 
2486	-3.64072072576172E-02 
2487	-0.110131713040359 
2488	-0.194483334329046 
2489	-0.287983007155273 
2490	-8.52161203136948E-02 
2491	 0.224926713155831 
2492	 0.534336027293339 
2493	 0.376784060180355 
2494	 5.60841819961251E-02 
2495	-0.22223638616596 
2496	-0.288313014225846 
2497	 1.51348677726521E-03 
2498	 0.251517573793233 
2499	 0.344316282731049 
2500	 0.446289911355223 
