Wavelength	09/27/123 at 12:17:10
350	 8.38847961514258E-03 
351	 8.24517716467693E-03 
352	 8.33066132273542E-03 
353	 8.31746434245146E-03 
354	 7.86056310215156E-03 
355	 8.02460024863999E-03 
356	 8.35647888080157E-03 
357	 8.47789017299498E-03 
358	 8.48405739426246E-03 
359	 8.5367658277527E-03 
360	 8.59705353176788E-03 
361	 8.57135762560736E-03 
362	 8.83358629645781E-03 
363	 9.02974186660415E-03 
364	 8.9801159124581E-03 
365	 9.01032617825745E-03 
366	 8.97611237092995E-03 
367	 8.83888919155436E-03 
368	 8.64711832174108E-03 
369	 8.88514644417716E-03 
370	 9.02673376549201E-03 
371	 8.85522259126821E-03 
372	 9.16015140882022E-03 
373	 9.19368431458241E-03 
374	 9.00695305038547E-03 
375	 9.01900736490075E-03 
376	 8.97984978667495E-03 
377	 9.10474686528821E-03 
378	 9.40188643059625E-03 
379	 9.28014089541404E-03 
380	 9.22141224160403E-03 
381	 9.30162254528451E-03 
382	 9.40552606563923E-03 
383	 9.48131413447754E-03 
384	 9.67838199800087E-03 
385	 9.92878022704354E-03 
386	 9.57511051697129E-03 
387	 9.59316536087234E-03 
388	 9.83598583375197E-03 
389	 9.7478859870081E-03 
390	 9.9320371908289E-03 
391	 1.01129230696736E-02 
392	 1.01228657203544E-02 
393	 1.01394967436052E-02 
394	 1.02387054024226E-02 
395	 1.03370848160334E-02 
396	 1.03125342367662E-02 
397	 1.03000007541767E-02 
398	 1.04011235998822E-02 
399	 1.06171004501424E-02 
400	 1.08316520470042E-02 
401	 1.08667491150088E-02 
402	 1.08359098329529E-02 
403	 1.09268555234263E-02 
404	 1.09261711032256E-02 
405	 1.10015795284153E-02 
406	 0.011186236840654 
407	 1.12013134589521E-02 
408	 1.12945505988958E-02 
409	 1.14589662778432E-02 
410	 1.15971305369204E-02 
411	 1.16859232035907E-02 
412	 1.17789692011996E-02 
413	 1.19194526305596E-02 
414	 1.21301596839351E-02 
415	 1.23375071519052E-02 
416	 1.24556941456945E-02 
417	 1.24423858173799E-02 
418	 1.25691963293934E-02 
419	 1.27293454813977E-02 
420	 1.28740284840189E-02 
421	 0.013119185215315 
422	 1.32483304138257E-02 
423	 1.32899069270856E-02 
424	 1.33604404557962E-02 
425	 1.34910470419289E-02 
426	 1.36328304170945E-02 
427	 1.37493768276452E-02 
428	 1.38303730889018E-02 
429	 1.39686957414345E-02 
430	 0.014093086990024 
431	 1.41121266480945E-02 
432	 1.41591389003653E-02 
433	 1.42663193834944E-02 
434	 1.43966149713173E-02 
435	 1.44270837025221E-02 
436	 1.45668451231307E-02 
437	 1.47412144002215E-02 
438	 1.48253677491166E-02 
439	 1.49344190987185E-02 
440	 1.50370905176609E-02 
441	 1.51143269130373E-02 
442	 1.51706879063817E-02 
443	 1.52806559158233E-02 
444	 1.54102571831734E-02 
445	 1.55039350061314E-02 
446	 1.55745798221313E-02 
447	 1.56623112591113E-02 
448	 1.57860728230515E-02 
449	 1.59401305797946E-02 
450	 1.60896851700095E-02 
451	 1.61799592494826E-02 
452	 1.61883203975315E-02 
453	 1.62612724165512E-02 
454	 1.63434079526703E-02 
455	 1.64022784400692E-02 
456	 1.64434285763821E-02 
457	 1.65311294831197E-02 
458	 1.66382034207283E-02 
459	 1.67197725108281E-02 
460	 1.67773039684686E-02 
461	 1.68060832282988E-02 
462	 1.68263540176493E-02 
463	 1.68820619907139E-02 
464	 1.69368848798007E-02 
465	 1.70292641263193E-02 
466	 1.71723882115521E-02 
467	 1.72155239909632E-02 
468	 1.72306836196548E-02 
469	 1.72757992843149E-02 
470	 0.017386481434345 
471	 1.74522036425626E-02 
472	 1.75106361260347E-02 
473	 1.75991198508707E-02 
474	 1.76372366398505E-02 
475	 1.76839295730179E-02 
476	 1.77474117601059E-02 
477	 1.77962105646944E-02 
478	 1.78455250188529E-02 
479	 1.79092887492676E-02 
480	 1.79890573819782E-02 
481	 1.80484774840664E-02 
482	 1.81105097729271E-02 
483	 1.81838389506913E-02 
484	 1.82662997062357E-02 
485	 0.01834483698986 
486	 1.84540034467712E-02 
487	 0.018595291370903 
488	 1.86593911734189E-02 
489	 1.87675851181484E-02 
490	 1.89171881348899E-02 
491	 1.90419388338444E-02 
492	 1.91520560929809E-02 
493	 0.019284027592948 
494	 1.94560696913052E-02 
495	 0.019631858615816 
496	 1.98869098359992E-02 
497	 2.01719044469832E-02 
498	 2.04003007152544E-02 
499	 2.07308117526534E-02 
500	 2.10775316803426E-02 
501	 2.14025221748672E-02 
502	 2.18103951904205E-02 
503	 2.22103796497075E-02 
504	 2.26170017329936E-02 
505	 2.30894799427014E-02 
506	 2.36949249383202E-02 
507	 2.43161143667478E-02 
508	 2.49051089065665E-02 
509	 2.55283241266583E-02 
510	 2.62534537847644E-02 
511	 2.70956450525641E-02 
512	 2.80273175132928E-02 
513	 2.89098168559284E-02 
514	 2.98681059314737E-02 
515	 3.09393207752838E-02 
516	 3.20240296203769E-02 
517	 3.32002975715712E-02 
518	 3.44285829666378E-02 
519	 3.56402114333423E-02 
520	 3.68526963131352E-02 
521	 3.80714837326611E-02 
522	 3.93045182028335E-02 
523	 4.05470333216434E-02 
524	 4.17618211862918E-02 
525	 4.29584774140663E-02 
526	 4.41438074098107E-02 
527	 4.52802579111975E-02 
528	 4.63452980572656E-02 
529	 0.047322205532709 
530	 4.82264465193776E-02 
531	 4.91066080568098E-02 
532	 0.049951045224622 
533	 5.07397416351237E-02 
534	 5.14937392553084E-02 
535	 5.22033939522633E-02 
536	 5.28352931331856E-02 
537	 5.33509007661849E-02 
538	 5.38249981534458E-02 
539	 5.43253632743883E-02 
540	 5.48564604288595E-02 
541	 5.52939453167696E-02 
542	 5.57158825424356E-02 
543	 0.056142972920023 
544	 0.056565457343829 
545	 5.68928024372639E-02 
546	 5.72259533901284E-02 
547	 5.75944865027702E-02 
548	 5.78816267969111E-02 
549	 5.81665242883163E-02 
550	 0.058432299805215 
551	 5.86384747086108E-02 
552	 5.87937988004732E-02 
553	 5.88655233810198E-02 
554	 5.88537498939393E-02 
555	 5.87997670908566E-02 
556	 5.86849664191021E-02 
557	 5.84987855827033E-02 
558	 5.82459920468026E-02 
559	 5.79784150908829E-02 
560	 0.057652041885628 
561	 5.72914909047123E-02 
562	 5.69748769662379E-02 
563	 0.056541744234798 
564	 5.60491425580057E-02 
565	 5.55605580543231E-02 
566	 5.50017529687291E-02 
567	 5.44850456513044E-02 
568	 5.39473809145334E-02 
569	 5.32316969022021E-02 
570	 5.25971021692358E-02 
571	 5.20217603383593E-02 
572	 5.14477781062391E-02 
573	 5.08274310889543E-02 
574	 5.02429227735592E-02 
575	 4.96990314704996E-02 
576	 4.91847784907872E-02 
577	 4.87857797880737E-02 
578	 4.83729743506869E-02 
579	 4.79188790219236E-02 
580	 4.75889629093359E-02 
581	 4.72149210546028E-02 
582	 4.68554995971303E-02 
583	 4.65955849347958E-02 
584	 4.62538871271618E-02 
585	 4.59705845841825E-02 
586	 4.57844480024057E-02 
587	 4.56016715461626E-02 
588	 4.53984350505356E-02 
589	 0.04518916318521 
590	 4.49958973291911E-02 
591	 4.47707044032524E-02 
592	 4.45785886737095E-02 
593	 4.44485404081461E-02 
594	 4.43861390583902E-02 
595	 4.43003947921868E-02 
596	 4.41850020801523E-02 
597	 4.40586014421339E-02 
598	 4.39580231201889E-02 
599	 4.38782700696572E-02 
600	 4.37821313043921E-02 
601	 4.36325268323174E-02 
602	 0.043519623470392 
603	 4.33616311424882E-02 
604	 4.31336159731015E-02 
605	 4.29182348031782E-02 
606	 4.25803541598274E-02 
607	 4.22331658600339E-02 
608	 4.19988174005527E-02 
609	 4.16851915102046E-02 
610	 4.12965210909016E-02 
611	 4.08908133443111E-02 
612	 4.05584119983886E-02 
613	 4.01670443874517E-02 
614	 3.97886773988617E-02 
615	 3.94876190065574E-02 
616	 3.91751891416056E-02 
617	 3.89025698770317E-02 
618	 3.86588153884553E-02 
619	 3.83961910225862E-02 
620	 3.81876273094008E-02 
621	 3.80300913204117E-02 
622	 3.79015999688845E-02 
623	 3.77644389899551E-02 
624	 3.76720859994818E-02 
625	 3.76130191457502E-02 
626	 3.75587974837373E-02 
627	 3.75386086851105E-02 
628	 3.75202543391068E-02 
629	 3.74938043398671E-02 
630	 3.74784584651668E-02 
631	 0.037483162994725 
632	 3.74330966172674E-02 
633	 3.72794187851254E-02 
634	 3.71207430867185E-02 
635	 0.036954984348722 
636	 3.67467898997083E-02 
637	 3.64453903778623E-02 
638	 3.60847301335399E-02 
639	 3.57183539419125E-02 
640	 3.53633002638698E-02 
641	 0.034960864065894 
642	 3.45283311428773E-02 
643	 3.40654591184452E-02 
644	 3.35807640019977E-02 
645	 3.31801834951084E-02 
646	 3.27861034553767E-02 
647	 3.23819252359321E-02 
648	 3.20327602636946E-02 
649	 3.17821536024103E-02 
650	 3.15510114712659E-02 
651	 3.12787539851912E-02 
652	 3.10780284982977E-02 
653	 3.08509603809077E-02 
654	 3.06067182951571E-02 
655	 3.04073841849477E-02 
656	 3.01877642699048E-02 
657	 2.99026609309275E-02 
658	 2.95512931147755E-02 
659	 2.91439609206452E-02 
660	 2.87566744546607E-02 
661	 2.83853659115162E-02 
662	 2.79980520254819E-02 
663	 2.76339930403175E-02 
664	 2.72734943213819E-02 
665	 2.69309794109889E-02 
666	 2.66446061699294E-02 
667	 0.026404274114717 
668	 2.61987066269824E-02 
669	 2.60355374827006E-02 
670	 2.59880877240393E-02 
671	 2.59695760269982E-02 
672	 2.59281865950278E-02 
673	 2.58566213215674E-02 
674	 2.59314360084058E-02 
675	 2.60279372943798E-02 
676	 2.60841004663542E-02 
677	 2.61738093116054E-02 
678	 2.63163396434551E-02 
679	 0.026551538337773 
680	 0.026893877145628 
681	 2.72571058004065E-02 
682	 2.76468957143401E-02 
683	 2.81534857234926E-02 
684	 2.89098005286669E-02 
685	 2.98081568942281E-02 
686	 3.10488790816482E-02 
687	 3.27096641598364E-02 
688	 3.41794448243831E-02 
689	 3.58372650136331E-02 
690	 0.037830320225387 
691	 4.01430234416115E-02 
692	 4.27291957589625E-02 
693	 4.57421604401876E-02 
694	 4.91638494185352E-02 
695	 5.27443914391052E-02 
696	 5.65813685954575E-02 
697	 6.06157169420596E-02 
698	 6.48907920360288E-02 
699	 6.93992355368677E-02 
700	 7.40784243708966E-02 
701	 7.88615845443233E-02 
702	 8.36838502555839E-02 
703	 8.84653941988378E-02 
704	 9.32641732754783E-02 
705	 9.81482172969829E-02 
706	 0.103046470413876 
707	 0.108065924794299 
708	 0.113142683338372 
709	 0.118200235495834 
710	 0.123186231693 
711	 0.128263084255914 
712	 0.133473383729454 
713	 0.13873355083439 
714	 0.143947828113217 
715	 0.148994935421433 
716	 0.154051815781693 
717	 0.159361645871807 
718	 0.164896311921142 
719	 0.170521111608491 
720	 0.175926497482042 
721	 0.181014402336135 
722	 0.185697354154873 
723	 0.190480390225822 
724	 0.1954235373022 
725	 0.200223075489173 
726	 0.204762172220947 
727	 0.209152121445511 
728	 0.213419623328684 
729	 0.217520763240931 
730	 0.221436890846603 
731	 0.225151999380032 
732	 0.228692416746861 
733	 0.231949316653037 
734	 0.235002154018012 
735	 0.237971779327318 
736	 0.240857563994725 
737	 0.243549344883727 
738	 0.246022201788403 
739	 0.248352704757162 
740	 0.250586388092356 
741	 0.25267611507445 
742	 0.254578458583966 
743	 0.256344214462736 
744	 0.257996570470305 
745	 0.259548360308335 
746	 0.260985161456286 
747	 0.262280627158397 
748	 0.263491907160497 
749	 0.264640563071308 
750	 0.265694471093594 
751	 0.266719977716546 
752	 0.267679151667106 
753	 0.268541523255275 
754	 0.269365575767273 
755	 0.270208253830166 
756	 0.271022457829876 
757	 0.271760886261241 
758	 0.272618758670985 
759	 0.273906132885735 
760	 0.275804548158333 
761	 0.277256217500351 
762	 0.277664304262253 
763	 0.277593577496339 
764	 0.277546055638774 
765	 0.27747524973892 
766	 0.277386790042702 
767	 0.277396408898388 
768	 0.277592114390365 
769	 0.277834968536576 
770	 0.27813298091234 
771	 0.278454962962079 
772	 0.278749878573954 
773	 0.279112211272249 
774	 0.279525173853476 
775	 0.279942263411401 
776	 0.280301161563374 
777	 0.280619272766677 
778	 0.280938660201271 
779	 0.281298580003971 
780	 0.281719771292609 
781	 0.282076638062099 
782	 0.282376914084295 
783	 0.282711468454317 
784	 0.283088086767874 
785	 0.283444403953785 
786	 0.283747999063048 
787	 0.284022417132817 
788	 0.284310880601831 
789	 0.284642784107217 
790	 0.285031929915186 
791	 0.285477238565392 
792	 0.285863551098635 
793	 0.286204130353867 
794	 0.286558887298774 
795	 0.286885664731486 
796	 0.287213200073783 
797	 0.287541462979163 
798	 0.287847389037015 
799	 0.288138096706032 
800	 0.288450213232246 
801	 0.288790348028568 
802	 0.289110980555819 
803	 0.289495996369752 
804	 0.289883642544973 
805	 0.290209252036618 
806	 0.290536197852016 
807	 0.290847042493479 
808	 0.291170531234668 
809	 0.291517357175175 
810	 0.291696523684494 
811	 0.291770911952935 
812	 0.29185170463206 
813	 0.292074452871993 
814	 0.292287555447753 
815	 0.292592453103289 
816	 0.293034704256787 
817	 0.29346826563739 
818	 0.29377342056983 
819	 0.294011347005127 
820	 0.294297805467545 
821	 0.294701299141317 
822	 0.295081725919252 
823	 0.295374835058546 
824	 0.295598277824693 
825	 0.295965905461863 
826	 0.296353499353277 
827	 0.296639694453693 
828	 0.296747024978364 
829	 0.297032465630794 
830	 0.297327549403212 
831	 0.297562345708503 
832	 0.297985841228848 
833	 0.29834929885018 
834	 0.298635176639501 
835	 0.298910168126685 
836	 0.299251735736538 
837	 0.299626277447097 
838	 0.299977522346056 
839	 0.300260305257946 
840	 0.300557792843959 
841	 0.300848463959501 
842	 0.301137709714313 
843	 0.301451020106002 
844	 0.301831273763888 
845	 0.302136316411228 
846	 0.302374013388579 
847	 0.302779285470458 
848	 0.303106217391458 
849	 0.30340654238376 
850	 0.303719073047383 
851	 0.303862672812831 
852	 0.304213306700633 
853	 0.304634126304148 
854	 0.304898437278656 
855	 0.305156614188338 
856	 0.305463996931311 
857	 0.305782508179029 
858	 0.306037759399534 
859	 0.306283423692585 
860	 0.306560104064019 
861	 0.306868080329692 
862	 0.307174182260425 
863	 0.307440673966107 
864	 0.307730045193417 
865	 0.308037738146599 
866	 0.308265915429264 
867	 0.308420480566498 
868	 0.308662413105164 
869	 0.309058769254065 
870	 0.309397675231626 
871	 0.309668294532573 
872	 0.309833779598547 
873	 0.30992403827235 
874	 0.310141193624956 
875	 0.31045937044417 
876	 0.310838883395457 
877	 0.311208485843065 
878	 0.311473099011814 
879	 0.311627281068604 
880	 0.311782914594304 
881	 0.312104911761574 
882	 0.312207898959833 
883	 0.312386655924024 
884	 0.312749430562338 
885	 0.313092446399497 
886	 0.313309058456414 
887	 0.31336767007125 
888	 0.313397529135183 
889	 0.313718878206284 
890	 0.313863190790426 
891	 0.313856546930638 
892	 0.313831223118385 
893	 0.313867268196568 
894	 0.313770087031162 
895	 0.313686943410572 
896	 0.313828244170694 
897	 0.314027228166622 
898	 0.314283890703779 
899	 0.314469519304365 
900	 0.314510152679387 
901	 0.314980224357522 
902	 0.315160444174484 
903	 0.314994991274781 
904	 0.314951945741878 
905	 0.315506244229318 
906	 0.315940796241584 
907	 0.315938355413972 
908	 0.315721889448528 
909	 0.315522983425106 
910	 0.315526484528824 
911	 0.315761979310716 
912	 0.316055633054759 
913	 0.316114638532547 
914	 0.316278909555618 
915	 0.316677377324607 
916	 0.316815216165853 
917	 0.316837279833613 
918	 0.316889909363632 
919	 0.317102354095058 
920	 0.317590480978584 
921	 0.317882247126391 
922	 0.317876230623075 
923	 0.317636447335746 
924	 0.317284840802399 
925	 0.317109655800954 
926	 0.316711514498882 
927	 0.315646940404299 
928	 0.31503598671351 
929	 0.314747822090011 
930	 0.314099217536196 
931	 0.312293237052885 
932	 0.311026893872193 
933	 0.309439236648939 
934	 0.308343053535207 
935	 0.309392778121524 
936	 0.309439684641529 
937	 0.308923713387813 
938	 0.30845347678605 
939	 0.308425494327749 
940	 0.309287533575399 
941	 0.309506207938731 
942	 0.308777511923424 
943	 0.308170684746879 
944	 0.308146409999334 
945	 0.307290962601263 
946	 0.305663194360579 
947	 0.305372181181579 
948	 0.30502025661263 
949	 0.304464874657827 
950	 0.303682776267847 
951	 0.302607478956599 
952	 0.302412481135715 
953	 0.301764258485286 
954	 0.300358612646793 
955	 0.300213278561746 
956	 0.300109805006238 
957	 0.299711787455229 
958	 0.299166464271399 
959	 0.299082637629198 
960	 0.298864426104255 
961	 0.298420105643828 
962	 0.298101981755668 
963	 0.298840884702192 
964	 0.299589330422464 
965	 0.299769535462747 
966	 0.29932281731381 
967	 0.298961767006126 
968	 0.298711598978963 
969	 0.299079591709259 
970	 0.300120710769615 
971	 0.300478481027996 
972	 0.300617389535299 
973	 0.300864565553358 
974	 0.301211269200952 
975	 0.300733192328084 
976	 0.300475454308822 
977	 0.300830300642615 
978	 0.301635388200838 
979	 0.301890320607604 
980	 0.302075109386024 
981	 0.302196428185653 
982	 0.30229044361141 
983	 0.303104868573451 
984	 0.303504220497844 
985	 0.303414003341435 
986	 0.303379806473406 
987	 0.304503542020883 
988	 0.305017004978812 
989	 0.305087565073245 
990	 0.305510682456618 
991	 0.306203984113203 
992	 0.306213923469927 
993	 0.30614774086687 
994	 0.306891712205482 
995	 0.307669913369742 
996	 0.308677564796313 
997	 0.309100085232279 
998	 0.308412653181581 
999	 0.308521664613778 
1000	 0.309525464786286 
1001	 0.315794664676922 
1002	 0.316442313089191 
1003	 0.317100332316204 
1004	 0.31770718391221 
1005	 0.318250654368929 
1006	 0.318805906398395 
1007	 0.319344353977527 
1008	 0.319876618728789 
1009	 0.320553917435038 
1010	 0.321024053821566 
1011	 0.321521324256837 
1012	 0.322194952262634 
1013	 0.322651038810858 
1014	 0.323248685568769 
1015	 0.323933848832135 
1016	 0.324484552637808 
1017	 0.325068000387421 
1018	 0.325691717532641 
1019	 0.326310357409296 
1020	 0.326718034782959 
1021	 0.327095747476099 
1022	 0.327602246876785 
1023	 0.328151774786011 
1024	 0.328822552979881 
1025	 0.329505880850783 
1026	 0.330191807371826 
1027	 0.330880409164404 
1028	 0.331435692919981 
1029	 0.332098062479244 
1030	 0.332750040522254 
1031	 0.333299096104393 
1032	 0.333715722266447 
1033	 0.334190986614591 
1034	 0.334662928551016 
1035	 0.335170054970414 
1036	 0.335662043529787 
1037	 0.336166711977118 
1038	 0.336807014360877 
1039	 0.337508463121665 
1040	 0.338055370895062 
1041	 0.33863733702381 
1042	 0.339184274963513 
1043	 0.339390090374842 
1044	 0.339727510997909 
1045	 0.340111819806921 
1046	 0.340449246981672 
1047	 0.340719349654904 
1048	 0.341272808881589 
1049	 0.341728323119189 
1050	 0.342272910903677 
1051	 0.342833426338686 
1052	 0.343268140228843 
1053	 0.343802970555693 
1054	 0.344192197309897 
1055	 0.344511866037056 
1056	 0.344713803697411 
1057	 0.344940750203106 
1058	 0.345051787156365 
1059	 0.345284314740513 
1060	 0.345527802763174 
1061	 0.345903226181575 
1062	 0.346305443286607 
1063	 0.346565543591064 
1064	 0.346991616291035 
1065	 0.347527966061039 
1066	 0.348036538798691 
1067	 0.3485048781091 
1068	 0.348727389637715 
1069	 0.348877420416391 
1070	 0.349009702574779 
1071	 0.348915906886168 
1072	 0.349041381517365 
1073	 0.349297615368641 
1074	 0.349462867698693 
1075	 0.349619073240502 
1076	 0.349902169808399 
1077	 0.350155166076409 
1078	 0.350358943301032 
1079	 0.350538966389376 
1080	 0.350750657347903 
1081	 0.350700680547705 
1082	 0.350602065339015 
1083	 0.350615658784031 
1084	 0.350561159958833 
1085	 0.350625258053791 
1086	 0.350907784787106 
1087	 0.350984818858595 
1088	 0.350952295757722 
1089	 0.351016985838215 
1090	 0.351059672923731 
1091	 0.351033699339937 
1092	 0.351160726756479 
1093	 0.35128593543967 
1094	 0.351145372416399 
1095	 0.350984713618784 
1096	 0.35081432618629 
1097	 0.350517571061942 
1098	 0.350284394842359 
1099	 0.350112910583084 
1100	 0.349882915369949 
1101	 0.349539739461574 
1102	 0.349357924743835 
1103	 0.349346591692426 
1104	 0.349138267301311 
1105	 0.348994209377481 
1106	 0.348702769882172 
1107	 0.348119879334445 
1108	 0.347583673552828 
1109	 0.347128844812597 
1110	 0.346577347801821 
1111	 0.346223904554291 
1112	 0.346106731672996 
1113	 0.34567624514281 
1114	 0.345206456347911 
1115	 0.344700343202334 
1116	 0.343931628663944 
1117	 0.3431982294262 
1118	 0.342454043921462 
1119	 0.341717889695239 
1120	 0.341041020038787 
1121	 0.340106290052514 
1122	 0.339189084817336 
1123	 0.338063058850689 
1124	 0.33671057998814 
1125	 0.334951119098053 
1126	 0.333362390260054 
1127	 0.331784648815134 
1128	 0.330324943154797 
1129	 0.329166217413202 
1130	 0.327696331351883 
1131	 0.32658518305008 
1132	 0.32491945892269 
1133	 0.322730570319925 
1134	 0.320997117974943 
1135	 0.31923721042426 
1136	 0.317629421529233 
1137	 0.316581615293955 
1138	 0.315059680920308 
1139	 0.313482614051812 
1140	 0.311440440834234 
1141	 0.309634266596405 
1142	 0.307740780000087 
1143	 0.305645394622644 
1144	 0.303505119697825 
1145	 0.301431383886638 
1146	 0.299137718719283 
1147	 0.297066268557925 
1148	 0.295308775195651 
1149	 0.293348779478822 
1150	 0.291301803825727 
1151	 0.289349603257419 
1152	 0.287264359639936 
1153	 0.285577647414122 
1154	 0.28404501608196 
1155	 0.282791703873227 
1156	 0.281714138037753 
1157	 0.280761902185757 
1158	 0.279936033663151 
1159	 0.279244562563208 
1160	 0.278534576468036 
1161	 0.277920268208625 
1162	 0.277367661223748 
1163	 0.27674403867751 
1164	 0.27631072639996 
1165	 0.276020484630675 
1166	 0.275697505194336 
1167	 0.275513427565057 
1168	 0.275184565474885 
1169	 0.274698179356498 
1170	 0.274354313935132 
1171	 0.274029128526885 
1172	 0.273686845881089 
1173	 0.273342098603404 
1174	 0.273063139810178 
1175	 0.272770274721504 
1176	 0.272390442066253 
1177	 0.27210803877443 
1178	 0.271992827853765 
1179	 0.2716934879446 
1180	 0.271262057657755 
1181	 0.270880665083901 
1182	 0.270381633368282 
1183	 0.270041564644924 
1184	 0.269842863387991 
1185	 0.269602513653936 
1186	 0.26941990826648 
1187	 0.269193389575061 
1188	 0.268952582536774 
1189	 0.268643999610394 
1190	 0.268483784316504 
1191	 0.268317264956619 
1192	 0.268164496815686 
1193	 0.268146085111306 
1194	 0.268029183668491 
1195	 0.267833685048892 
1196	 0.267762731100943 
1197	 0.267654944723684 
1198	 0.267715522583665 
1199	 0.268003311608798 
1200	 0.268130262263521 
1201	 0.268270957934079 
1202	 0.268418114897976 
1203	 0.268453603419537 
1204	 0.268592557778035 
1205	 0.268815256673591 
1206	 0.269045831723897 
1207	 0.269241651702213 
1208	 0.269595860949445 
1209	 0.270142862305071 
1210	 0.270634204545229 
1211	 0.271199260940415 
1212	 0.271665332183385 
1213	 0.271830435075683 
1214	 0.272143967823523 
1215	 0.27254007660859 
1216	 0.272939453388956 
1217	 0.273445676773289 
1218	 0.274150767848655 
1219	 0.274699031507016 
1220	 0.275223347720984 
1221	 0.27575572826603 
1222	 0.276227684000187 
1223	 0.276734081661091 
1224	 0.277249687315378 
1225	 0.277797031890501 
1226	 0.278327935724462 
1227	 0.279035694380016 
1228	 0.279717286777493 
1229	 0.280280363349714 
1230	 0.280781652740165 
1231	 0.281160293242494 
1232	 0.281614478847306 
1233	 0.282193468350056 
1234	 0.282652310366082 
1235	 0.283107130779491 
1236	 0.28360388074465 
1237	 0.284043155237864 
1238	 0.284444589160259 
1239	 0.284943947307413 
1240	 0.285405158724717 
1241	 0.285791036959357 
1242	 0.28620601722545 
1243	 0.286685728852578 
1244	 0.286997207221417 
1245	 0.287379470802291 
1246	 0.287740332972269 
1247	 0.288165595713965 
1248	 0.28866657217417 
1249	 0.288918595213189 
1250	 0.289136166481534 
1251	 0.289494401317225 
1252	 0.289851066856902 
1253	 0.290274410949376 
1254	 0.290701743442219 
1255	 0.29096167101759 
1256	 0.291134915968418 
1257	 0.291427627145935 
1258	 0.291874094606065 
1259	 0.292142927837659 
1260	 0.292362027780277 
1261	 0.292623238302205 
1262	 0.292804877058424 
1263	 0.292967491559691 
1264	 0.293276251792608 
1265	 0.293665006960825 
1266	 0.293783485802183 
1267	 0.293699400768979 
1268	 0.293751612444391 
1269	 0.293739492975048 
1270	 0.293653759036763 
1271	 0.2938105857267 
1272	 0.294004153297192 
1273	 0.293949672828858 
1274	 0.293953367720091 
1275	 0.294095706159121 
1276	 0.293972241887121 
1277	 0.293647762569574 
1278	 0.293378644369556 
1279	 0.293149663984538 
1280	 0.292927437939101 
1281	 0.292803507354829 
1282	 0.292543517945795 
1283	 0.292252651310553 
1284	 0.291889586249868 
1285	 0.291440428746806 
1286	 0.291144545451674 
1287	 0.29099925144928 
1288	 0.29073876875052 
1289	 0.290360952742813 
1290	 0.289964574448781 
1291	 0.289523925713871 
1292	 0.288976424840025 
1293	 0.288548434960838 
1294	 0.288252267685562 
1295	 0.28771711045806 
1296	 0.287114983633044 
1297	 0.286529871065794 
1298	 0.285724116446279 
1299	 0.285056668215722 
1300	 0.284557202738829 
1301	 0.283718140408442 
1302	 0.282690690347969 
1303	 0.281894468678019 
1304	 0.28116743906919 
1305	 0.2802597389382 
1306	 0.279340113265757 
1307	 0.278736294748005 
1308	 0.27785026245497 
1309	 0.276610001546074 
1310	 0.275724477237831 
1311	 0.274715723956209 
1312	 0.273295982152164 
1313	 0.272117830789563 
1314	 0.270884547999157 
1315	 0.269538844805147 
1316	 0.268407806067318 
1317	 0.267023166183331 
1318	 0.265513893520872 
1319	 0.264059854358438 
1320	 0.262489280694083 
1321	 0.261040696930699 
1322	 0.259757631514668 
1323	 0.258355074623174 
1324	 0.256651657096877 
1325	 0.255056096217344 
1326	 0.25356132556337 
1327	 0.251844878499034 
1328	 0.250439786439194 
1329	 0.248983776919048 
1330	 0.247128680215992 
1331	 0.244816681910275 
1332	 0.242869838630524 
1333	 0.241204391062015 
1334	 0.239271762392785 
1335	 0.23780603926108 
1336	 0.236452565043033 
1337	 0.234184311361433 
1338	 0.232290707340495 
1339	 0.231232720031867 
1340	 0.229803435522046 
1341	 0.228346226252795 
1342	 0.227350615461688 
1343	 0.226124773112986 
1344	 0.224706968466432 
1345	 0.223787618681389 
1346	 0.222995027118031 
1347	 0.221545061903023 
1348	 0.220005499746603 
1349	 0.219395691950446 
1350	 0.218670245987482 
1351	 0.217746946264202 
1352	 0.216816681740496 
1353	 0.214781872855046 
1354	 0.212608114277135 
1355	 0.210337107734002 
1356	 0.20800947800646 
1357	 0.208290326039965 
1358	 0.207170785024096 
1359	 0.204170879032669 
1360	 0.197792420657206 
1361	 0.194214708187655 
1362	 0.179952679730183 
1363	 0.160834898820187 
1364	 0.162738645961103 
1365	 0.155996023129756 
1366	 0.133224545670297 
1367	 0.138660432875629 
1368	 0.117874787656547 
1369	 8.67512344613732E-02 
1370	 0.124308289039439 
1371	 0.124748696358183 
1372	 7.48996695188026E-02 
1373	 0.124823435785784 
1374	 0.148448191228974 
1375	 0.100018222691263 
1376	 0.136249587958961 
1377	 9.98968619173378E-02 
1378	-9.45100810612288E-04 
1379	 4.01529489512061E-02 
1380	 6.92126871924342E-02 
1381	 5.79686517186665E-02 
1382	 6.97492424018338E-02 
1383	 4.52005009376786E-02 
1384	 0.042678114943583 
1385	 5.76636860032494E-02 
1386	 9.33028476834717E-02 
1387	 0.149715196212794 
1388	 0.141614436176297 
1389	 0.135794534629687 
1390	 0.11946043936319 
1391	 0.107712845183165 
1392	 0.07561426855814 
1393	 5.87963380833539E-02 
1394	 5.12533553387961E-02 
1395	 4.43839122779592E-02 
1396	 4.85094339453777E-02 
1397	 5.98653266241108E-02 
1398	 7.09721966085826E-02 
1399	 6.40437964658144E-02 
1400	 4.67187402707243E-02 
1401	 4.62603993576957E-02 
1402	 5.81959125101902E-02 
1403	 6.57154636571605E-02 
1404	 0.065524024193169 
1405	 6.51168535661756E-02 
1406	 6.28402718908861E-02 
1407	 5.36077925017745E-02 
1408	 5.47779391520603E-02 
1409	 6.02872582354119E-02 
1410	 5.65278316565963E-02 
1411	 0.055025969384369 
1412	 5.40842326521614E-02 
1413	 5.17499245528857E-02 
1414	 5.18451716758263E-02 
1415	 5.36576726449106E-02 
1416	 0.057977812558432 
1417	 5.83766842418366E-02 
1418	 5.45215861075816E-02 
1419	 5.35795073929229E-02 
1420	 5.20145974329685E-02 
1421	 5.00236012435119E-02 
1422	 5.06730266829004E-02 
1423	 5.08508309907366E-02 
1424	 5.15175389269824E-02 
1425	 5.24250471159883E-02 
1426	 5.20962528441374E-02 
1427	 5.15254396895286E-02 
1428	 5.11055733355469E-02 
1429	 0.050553078633275 
1430	 5.03481716902785E-02 
1431	 5.11299956657162E-02 
1432	 0.051831584740613 
1433	 0.051457290319011 
1434	 5.03878365298554E-02 
1435	 4.95986073942181E-02 
1436	 4.94632286119337E-02 
1437	 4.92928230602741E-02 
1438	 4.86825358716091E-02 
1439	 4.90112511777986E-02 
1440	 4.90682890596231E-02 
1441	 4.82359538641581E-02 
1442	 4.90229074135724E-02 
1443	 0.049851923720817 
1444	 4.93923592640911E-02 
1445	 4.90501381166069E-02 
1446	 4.84973987952898E-02 
1447	 4.77810664040867E-02 
1448	 4.81636542700973E-02 
1449	 4.91600835828236E-02 
1450	 4.94129387698151E-02 
1451	 4.90414305068615E-02 
1452	 4.84637133840712E-02 
1453	 4.81849286605797E-02 
1454	 4.90519678305983E-02 
1455	 4.97885821953896E-02 
1456	 4.93750972450913E-02 
1457	 4.91465047599871E-02 
1458	 4.87811717753637E-02 
1459	 4.81534155460126E-02 
1460	 4.86280834662188E-02 
1461	 4.94633480211048E-02 
1462	 4.93295172919105E-02 
1463	 4.90652215018358E-02 
1464	 4.94994373959223E-02 
1465	 4.98638079010945E-02 
1466	 5.00565419425118E-02 
1467	 5.02495193971861E-02 
1468	 5.01648840345182E-02 
1469	 5.03191713221755E-02 
1470	 5.04893151234925E-02 
1471	 5.08096565513763E-02 
1472	 5.12353123257668E-02 
1473	 5.17993458509547E-02 
1474	 5.17691599798535E-02 
1475	 5.20332009033253E-02 
1476	 5.30478855585563E-02 
1477	 0.053546120576657 
1478	 5.40920045074071E-02 
1479	 5.46749363886596E-02 
1480	 5.47168789301903E-02 
1481	 5.52050514367916E-02 
1482	 5.57421852815034E-02 
1483	 5.59025288788394E-02 
1484	 5.64634615291649E-02 
1485	 5.69406600032326E-02 
1486	 5.72265991216981E-02 
1487	 5.79033386402566E-02 
1488	 5.84742606669421E-02 
1489	 5.89377258765465E-02 
1490	 5.96158660973588E-02 
1491	 6.00828762250356E-02 
1492	 6.04721095343031E-02 
1493	 6.10585592046572E-02 
1494	 6.16963512827772E-02 
1495	 6.22748840274061E-02 
1496	 6.25840504047126E-02 
1497	 6.29131981394532E-02 
1498	 6.34701026039968E-02 
1499	 6.38796184807821E-02 
1500	 6.44583518481791E-02 
1501	 6.52278280661439E-02 
1502	 6.56617846718906E-02 
1503	 0.066092395801148 
1504	 6.66668405863381E-02 
1505	 6.72354320034851E-02 
1506	 0.067851090136772 
1507	 6.84843210054187E-02 
1508	 6.91291703990559E-02 
1509	 6.95428230706575E-02 
1510	 0.070018222571207 
1511	 7.08296832103109E-02 
1512	 7.14546761338702E-02 
1513	 0.072016110957131 
1514	 7.26866808390182E-02 
1515	 7.31696969591476E-02 
1516	 7.36970950045061E-02 
1517	 7.44041029556239E-02 
1518	 7.49778692484985E-02 
1519	 7.54916675841544E-02 
1520	 7.62030405060762E-02 
1521	 7.69384782905875E-02 
1522	 7.76353748905735E-02 
1523	 7.83253603632384E-02 
1524	 7.88689443940664E-02 
1525	 7.93755825353542E-02 
1526	 8.00681385055122E-02 
1527	 8.07628256221274E-02 
1528	 8.12023567302219E-02 
1529	 8.16506883519085E-02 
1530	 8.22630285437679E-02 
1531	 8.28557605965054E-02 
1532	 8.34826743496419E-02 
1533	 8.41541479945402E-02 
1534	 8.49109689167594E-02 
1535	 8.55248796388312E-02 
1536	 8.60379021172219E-02 
1537	 8.66633694485484E-02 
1538	 8.73269252349834E-02 
1539	 8.79438123852378E-02 
1540	 8.84891320547718E-02 
1541	 8.92590906623424E-02 
1542	 9.00455729668009E-02 
1543	 9.05976163374701E-02 
1544	 9.12932936273722E-02 
1545	 9.19540273892813E-02 
1546	 9.23626088327749E-02 
1547	 0.092978614100603 
1548	 9.36697430504812E-02 
1549	 9.42261026714346E-02 
1550	 9.48894766060389E-02 
1551	 0.095471911870121 
1552	 0.095889662543269 
1553	 9.64284750458924E-02 
1554	 9.70568789456667E-02 
1555	 9.77293153710048E-02 
1556	 0.098493833229731 
1557	 9.92277871962837E-02 
1558	 9.99457785487793E-02 
1559	 0.100428153605229 
1560	 0.100774795234549 
1561	 0.101395357119392 
1562	 0.101990883456916 
1563	 0.10243851770677 
1564	 0.103043320482434 
1565	 0.103632905341124 
1566	 0.103961710007592 
1567	 0.104557787256093 
1568	 0.105342943499572 
1569	 0.105869644036787 
1570	 0.1064834951246 
1571	 0.107078440923579 
1572	 0.107542115108297 
1573	 0.108026753758854 
1574	 0.108546070424573 
1575	 0.109180029112051 
1576	 0.109766135531058 
1577	 0.110304631075909 
1578	 0.11089320715019 
1579	 0.111409753285791 
1580	 0.111935706743825 
1581	 0.112602777037387 
1582	 0.113169084183935 
1583	 0.113555836093458 
1584	 0.113926577867418 
1585	 0.114364279863689 
1586	 0.114980816627948 
1587	 0.115685700241248 
1588	 0.11631072594883 
1589	 0.116712118075095 
1590	 0.116912780519858 
1591	 0.117198363475024 
1592	 0.117770101501695 
1593	 0.118453283773938 
1594	 0.11904270798298 
1595	 0.119654870145312 
1596	 0.120081873349608 
1597	 0.120393575437102 
1598	 0.120985645717471 
1599	 0.121493752319858 
1600	 0.121788650623524 
1601	 0.122221204131795 
1602	 0.122755307788829 
1603	 0.123132336800623 
1604	 0.123529160999625 
1605	 0.124027469531723 
1606	 0.124329763561152 
1607	 0.124749908015509 
1608	 0.125294981049422 
1609	 0.125622361576837 
1610	 0.125915657565013 
1611	 0.126301881959045 
1612	 0.126780576902583 
1613	 0.127321382539472 
1614	 0.127933385296643 
1615	 0.128403832053309 
1616	 0.128643736767091 
1617	 0.128985054375815 
1618	 0.129323229106515 
1619	 0.129573062958023 
1620	 0.130012800661008 
1621	 0.130480848665126 
1622	 0.130863432754391 
1623	 0.131175309886318 
1624	 0.131237186680166 
1625	 0.131311929352612 
1626	 0.131578456585748 
1627	 0.131918549482033 
1628	 0.132305631779846 
1629	 0.132617320380031 
1630	 0.132860196834388 
1631	 0.133171252561481 
1632	 0.133499227362657 
1633	 0.13370523174737 
1634	 0.133894401045847 
1635	 0.134134375155176 
1636	 0.134413289231271 
1637	 0.134876733967038 
1638	 0.135239360412784 
1639	 0.135293267164952 
1640	 0.135481874519824 
1641	 0.135821059090162 
1642	 0.136106101143779 
1643	 0.136447813308426 
1644	 0.136751234862596 
1645	 0.136823489888914 
1646	 0.136914357471949 
1647	 0.137133065971522 
1648	 0.137259025317755 
1649	 0.137342387355051 
1650	 0.137501894729527 
1651	 0.137777815634226 
1652	 0.137887137047236 
1653	 0.13784230027423 
1654	 0.137903054683067 
1655	 0.137832110987769 
1656	 0.137823564153808 
1657	 0.138097708914356 
1658	 0.138299855362497 
1659	 0.138333393045228 
1660	 0.138326798203598 
1661	 0.138358742599317 
1662	 0.138161080412484 
1663	 0.137991726098923 
1664	 0.138109463189509 
1665	 0.137886414958704 
1666	 0.137660647956066 
1667	 0.137710680869127 
1668	 0.137345051968052 
1669	 0.136979052596151 
1670	 0.137143588339667 
1671	 0.137065499917447 
1672	 0.13683140818038 
1673	 0.136876885898301 
1674	 0.136591412259518 
1675	 0.136108192694885 
1676	 0.135924361585299 
1677	 0.135815373839502 
1678	 0.135464896415288 
1679	 0.135203866032098 
1680	 0.135209583441768 
1681	 0.134827890978741 
1682	 0.134265347607897 
1683	 0.134085662579922 
1684	 0.133779762100091 
1685	 0.133505141974908 
1686	 0.133515682180259 
1687	 0.133158470821987 
1688	 0.132517032386968 
1689	 0.131960809554841 
1690	 0.131526032636548 
1691	 0.131260554611521 
1692	 0.131067842504097 
1693	 0.130816050148653 
1694	 0.13044307292129 
1695	 0.13008437528739 
1696	 0.129872039352341 
1697	 0.129569340842878 
1698	 0.129139568121643 
1699	 0.128786142082752 
1700	 0.128277812572487 
1701	 0.127896804030636 
1702	 0.127787956018085 
1703	 0.12754444915257 
1704	 0.127406488410243 
1705	 0.127067128427567 
1706	 0.126461509016297 
1707	 0.126089175032685 
1708	 0.125676961356379 
1709	 0.125370708304795 
1710	 0.125428500350372 
1711	 0.125228033868283 
1712	 0.124855393287217 
1713	 0.12447528997504 
1714	 0.123840032161577 
1715	 0.123471918461098 
1716	 0.123278235867176 
1717	 0.123146287872684 
1718	 0.123391255127274 
1719	 0.123238674120991 
1720	 0.122771302558602 
1721	 0.122439107282992 
1722	 0.121915363051233 
1723	 0.121513370491239 
1724	 0.121360365192396 
1725	 0.121168926686041 
1726	 0.120855205527157 
1727	 0.120720672590934 
1728	 0.120755039441883 
1729	 0.120586009813444 
1730	 0.120529504480593 
1731	 0.120303200718331 
1732	 0.11977117173975 
1733	 0.11955214719089 
1734	 0.119339292752379 
1735	 0.119179123696303 
1736	 0.119329303527271 
1737	 0.119132897030185 
1738	 0.118738612555329 
1739	 0.118571129906745 
1740	 0.118418392854376 
1741	 0.1180512771734 
1742	 0.117746678713009 
1743	 0.117237865106801 
1744	 0.116290475217805 
1745	 0.115935392068003 
1746	 0.115756820157571 
1747	 0.115673945309291 
1748	 0.116066133238542 
1749	 0.115893313025974 
1750	 0.115602422828986 
1751	 0.114887267138437 
1752	 0.114108786000516 
1753	 0.113626433574395 
1754	 0.113218425951156 
1755	 0.113248247056654 
1756	 0.113219744754061 
1757	 0.112867971017646 
1758	 0.112581886464019 
1759	 0.112186963810857 
1760	 0.111701684466011 
1761	 0.111391157067514 
1762	 0.111182811852371 
1763	 0.110751996051385 
1764	 0.110403951958829 
1765	 0.110274632583991 
1766	 0.109885631862358 
1767	 0.109675436485195 
1768	 0.109563069467486 
1769	 0.109049694090446 
1770	 0.108862074017784 
1771	 0.10873104699618 
1772	 0.10856254652034 
1773	 0.108610172395479 
1774	 0.108341999360406 
1775	 0.107652878621644 
1776	 0.107404624034999 
1777	 0.107267508347047 
1778	 0.107105119570355 
1779	 0.107153785833338 
1780	 0.107316695437971 
1781	 0.107596039437981 
1782	 0.107630617201876 
1783	 0.108012104134532 
1784	 0.10794087446862 
1785	 0.107058574153311 
1786	 0.106654246939667 
1787	 0.106372648471382 
1788	 0.106004044276482 
1789	 0.105582484270854 
1790	 0.105442164172335 
1791	 0.105465230755645 
1792	 0.105361631691012 
1793	 0.105397802174173 
1794	 0.105598410048896 
1795	 0.105908894087674 
1796	 0.106144435663822 
1797	 0.106738898834056 
1798	 0.107013658662958 
1799	 0.106915509859205 
1800	 0.106545577194057 
1801	 0.10566219351973 
1802	 0.105787111726116 
1803	 0.10618320299208 
1804	 0.105845680016222 
1805	 0.106237279740317 
1806	 0.106211419640813 
1807	 0.10422188425363 
1808	 0.104664500482717 
1809	 0.107759632606363 
1810	 0.11017830093221 
1811	 0.111684210628257 
1812	 0.110818376315065 
1813	 0.106660059125834 
1814	 0.100957877595941 
1815	 0.100409320631709 
1816	 0.105607495949393 
1817	 0.110531113465446 
1818	 0.116644112156772 
1819	 0.119895384554976 
1820	 0.117865782013116 
1821	 0.115721120047102 
1822	 0.10239559822679 
1823	 9.99135811428304E-02 
1824	 0.111051861111867 
1825	 0.113015466728247 
1826	 0.133589332272707 
1827	 0.135150274702555 
1828	 8.82046714049489E-02 
1829	 7.24528095505992E-02 
1830	 6.08162719295204E-02 
1831	 7.02982426002464E-02 
1832	-5.00732211476337E-03 
1833	-1.01884912046665E-02 
1834	 0.310639292280134 
1835	 0.586771665927833 
1836	 0.285458374915306 
1837	 0.253436434842018 
1838	-6.36050249980976E-02 
1839	-0.224569707505569 
1840	-0.330343145598524 
1841	-0.168845117534034 
1842	-0.098036609054484 
1843	 1.41647223302672E-02 
1844	 0.163379410593101 
1845	 3.3197439834838 
1846	-21.8092420211375 
1847	 2.27971584345177 
1848	 4.83850405256046 
1849	 2.03333967067186 
1850	 0.568894214504873 
1851	 0.25947290740172 
1852	-1.74969370201815 
1853	-2.11986816373148 
1854	-7.6569082537 
1855	-5.39837638544872 
1856	-0.371100367919535 
1857	 0.487379762823694 
1858	 2.36284946250048 
1859	 7.62283313635003 
1860	 5.40877777617094 
1861	 11.3330612910975 
1862	 2.78041208956764 
1863	-2.99250719992609E-02 
1864	-6.05854262371971E-02 
1865	 0.23996020875782 
1866	 0.223623500197189 
1867	 0.335490340131239 
1868	 5.01364668619907E-02 
1869	-0.38142621150232 
1870	-0.515293830686462 
1871	-0.476285151749361 
1872	 0.719210080555702 
1873	 0.671370851865912 
1874	-0.091728680300029 
1875	 6.38755114544701E-03 
1876	 0.17395589266841 
1877	 0.205656558051426 
1878	 0.410623092093774 
1879	 0.944327566731446 
1880	 0.736647640041329 
1881	-9.01188886736966E-03 
1882	-9.23628608643294E-02 
1883	-0.203983530294717 
1884	-0.224216258106152 
1885	 2.31005824346742E-02 
1886	 9.38309510351816E-02 
1887	-0.140326575496422 
1888	-2.72719720968484E-03 
1889	 2.17451776738172E-02 
1890	-9.96909517766872E-02 
1891	-8.07735341987625E-02 
1892	 4.68508295070531E-02 
1893	 4.30281295548851E-02 
1894	 3.05244336610762E-02 
1895	 3.43603332842223E-02 
1896	-3.68461964432374E-02 
1897	-0.163511075011956 
1898	-5.52372811447528E-02 
1899	 0.203711829763521 
1900	 0.257810667918334 
1901	 5.68461055442211E-02 
1902	-0.012286098827226 
1903	-0.518889052956169 
1904	-0.469003183577938 
1905	 9.63767067505575E-03 
1906	 0.342989377697852 
1907	 0.49337453062494 
1908	 0.373862466936592 
1909	 0.325820458436485 
1910	 0.344068918742105 
1911	 0.108360546217138 
1912	 4.24592349653855E-03 
1913	 2.78517445792077E-02 
1914	 5.42364328867982E-02 
1915	 5.67971622407084E-02 
1916	 0.163045502389017 
1917	 0.184703650175793 
1918	 8.04387175377454E-02 
1919	-1.83547168784553E-02 
1920	 1.03375331592465E-02 
1921	 5.74498167296898E-02 
1922	 5.82344306598148E-02 
1923	 7.25685274463159E-02 
1924	 6.17703373590985E-02 
1925	 1.46936524902848E-02 
1926	-2.85530010142164E-02 
1927	-4.09514970844348E-02 
1928	-2.59588912001512E-02 
1929	-5.88821162167804E-04 
1930	 7.28052215063695E-03 
1931	 0.022859344817431 
1932	 0.025011867130072 
1933	 5.78659462790627E-03 
1934	 7.40703526416732E-03 
1935	 1.17379366822333E-02 
1936	 2.22577320852785E-02 
1937	 2.35175449604613E-02 
1938	 2.41621520326791E-02 
1939	 2.34377877410301E-02 
1940	 2.11353809951717E-02 
1941	 0.020993655917234 
1942	 1.95092427403026E-02 
1943	 1.58180667972797E-02 
1944	 0.016367171729026 
1945	 1.69225866708085E-02 
1946	 1.54178143540438E-02 
1947	 0.016215875391361 
1948	 1.66739014287571E-02 
1949	 1.09092986157061E-02 
1950	 8.8875021990249E-03 
1951	 1.28407897257443E-02 
1952	 1.58786278811271E-02 
1953	 1.93775991783491E-02 
1954	 2.14736850281998E-02 
1955	 2.24168278278805E-02 
1956	 2.46642306366129E-02 
1957	 2.51056187910953E-02 
1958	 2.45073389625977E-02 
1959	 2.27844223763754E-02 
1960	 2.13038046070829E-02 
1961	 2.11460176783387E-02 
1962	 2.23529584110154E-02 
1963	 2.35224547175321E-02 
1964	 2.40823552832075E-02 
1965	 2.37408814182088E-02 
1966	 2.29498663409971E-02 
1967	 2.32983011351537E-02 
1968	 2.46522424674368E-02 
1969	 2.46714587947005E-02 
1970	 2.42524200615928E-02 
1971	 2.35295672238943E-02 
1972	 2.38595988986473E-02 
1973	 2.43118492107949E-02 
1974	 2.48756565903075E-02 
1975	 2.57500153298455E-02 
1976	 2.57548709774157E-02 
1977	 2.41957850266891E-02 
1978	 2.31900205052195E-02 
1979	 2.40776279603309E-02 
1980	 0.025096982774656 
1981	 2.55811207382208E-02 
1982	 2.56715235566265E-02 
1983	 2.56637117058712E-02 
1984	 2.48707280620128E-02 
1985	 2.41856083233595E-02 
1986	 2.46726100555338E-02 
1987	 0.025797534713023 
1988	 2.59823013420112E-02 
1989	 2.55140844511936E-02 
1990	 2.51399602692025E-02 
1991	 2.49433889374804E-02 
1992	 2.52046444464562E-02 
1993	 2.54045092656635E-02 
1994	 2.62207919421813E-02 
1995	 2.64002749941729E-02 
1996	 0.026076982210395 
1997	 2.57155131441719E-02 
1998	 2.61233885299532E-02 
1999	 2.74144989889114E-02 
2000	 2.81267706978292E-02 
2001	 2.77900486771455E-02 
2002	 2.79691029150705E-02 
2003	 2.79161313619915E-02 
2004	 2.87113795859651E-02 
2005	 3.18090735973769E-02 
2006	 3.23395768772299E-02 
2007	 2.92553606626169E-02 
2008	 2.86083519092676E-02 
2009	 2.77499902948869E-02 
2010	 2.77984644427135E-02 
2011	 2.76415259642831E-02 
2012	 2.91556613002123E-02 
2013	 2.87634355313147E-02 
2014	 2.64621133290838E-02 
2015	 2.66927857457633E-02 
2016	 2.85861147523117E-02 
2017	 2.92665556958077E-02 
2018	 2.85414211416147E-02 
2019	 2.88001543882434E-02 
2020	 2.90191667491409E-02 
2021	 2.95644716008625E-02 
2022	 3.06016249183292E-02 
2023	 3.13482980218032E-02 
2024	 3.13675920243439E-02 
2025	 3.17409016058749E-02 
2026	 3.21489576382378E-02 
2027	 3.20649566509895E-02 
2028	 3.21144329111852E-02 
2029	 3.19942965479902E-02 
2030	 3.18932358746229E-02 
2031	 3.22971149452555E-02 
2032	 3.23055231046329E-02 
2033	 3.25180286811469E-02 
2034	 3.24762041410251E-02 
2035	 3.19255844883819E-02 
2036	 3.16618736411847E-02 
2037	 3.17092380617458E-02 
2038	 3.18716034332104E-02 
2039	 3.20126287727569E-02 
2040	 3.18674636375801E-02 
2041	 3.17920010787546E-02 
2042	 3.20815518755819E-02 
2043	 3.24420315643372E-02 
2044	 3.27479431219539E-02 
2045	 3.29469030376992E-02 
2046	 3.34586103696003E-02 
2047	 3.36742229458552E-02 
2048	 3.32898141028453E-02 
2049	 3.32944500010925E-02 
2050	 3.35816474390126E-02 
2051	 3.35422658107788E-02 
2052	 3.37474513852487E-02 
2053	 3.44753290493946E-02 
2054	 0.034757154219561 
2055	 3.47052821757895E-02 
2056	 3.49862154662933E-02 
2057	 3.55021926478487E-02 
2058	 3.59116868299679E-02 
2059	 3.63106218766878E-02 
2060	 3.65533896935486E-02 
2061	 3.61566891555157E-02 
2062	 0.036058808761953 
2063	 3.62190921159941E-02 
2064	 3.64354449848791E-02 
2065	 3.66939903445624E-02 
2066	 3.67321854400316E-02 
2067	 3.70022866244078E-02 
2068	 3.74015908422189E-02 
2069	 3.78508989007352E-02 
2070	 3.77019942083342E-02 
2071	 3.72883159887872E-02 
2072	 3.69605592264488E-02 
2073	 3.67089844587922E-02 
2074	 0.037229414388297 
2075	 3.72810658941986E-02 
2076	 3.72571516002544E-02 
2077	 3.75230027448321E-02 
2078	 3.76350128662669E-02 
2079	 3.78919612342825E-02 
2080	 3.86295275433726E-02 
2081	 3.93062033519605E-02 
2082	 3.93484546154809E-02 
2083	 3.92042382120697E-02 
2084	 0.038751764503879 
2085	 3.89277209898255E-02 
2086	 3.95520783533638E-02 
2087	 3.96632441208089E-02 
2088	 3.97821227904141E-02 
2089	 3.99771901241109E-02 
2090	 4.01320193843799E-02 
2091	 4.00928941222203E-02 
2092	 4.00682733039616E-02 
2093	 4.01584835782358E-02 
2094	 4.02099737873754E-02 
2095	 3.96413088296572E-02 
2096	 3.99902911406522E-02 
2097	 4.11573607908223E-02 
2098	 4.20228194819909E-02 
2099	 4.19960216278337E-02 
2100	 4.17548067486265E-02 
2101	 4.18173805173635E-02 
2102	 4.18050461837745E-02 
2103	 4.21937801933354E-02 
2104	 4.27986928468695E-02 
2105	 4.29961456762104E-02 
2106	 4.28362683854627E-02 
2107	 4.28286124569885E-02 
2108	 4.33106329074461E-02 
2109	 4.34510668939238E-02 
2110	 4.31384698043712E-02 
2111	 0.04309378771188 
2112	 0.04275789576194 
2113	 0.042975352588303 
2114	 4.36633521535105E-02 
2115	 4.44006850101951E-02 
2116	 4.43993121228319E-02 
2117	 4.44467621878795E-02 
2118	 4.48758954611873E-02 
2119	 4.47890457051009E-02 
2120	 4.48389665405114E-02 
2121	 4.61993792944742E-02 
2122	 4.66676231611759E-02 
2123	 4.57410481902318E-02 
2124	 4.55490220720645E-02 
2125	 4.55272496714586E-02 
2126	 4.55632763828021E-02 
2127	 4.55489877737204E-02 
2128	 4.58398510637858E-02 
2129	 4.66947536535735E-02 
2130	 4.69406560742434E-02 
2131	 4.67280315369251E-02 
2132	 4.70209023750649E-02 
2133	 4.77265030711958E-02 
2134	 4.73191544660956E-02 
2135	 4.75363284274049E-02 
2136	 4.85680621993029E-02 
2137	 4.87532351956942E-02 
2138	 4.86732914868665E-02 
2139	 4.83360368587373E-02 
2140	 4.85884708439075E-02 
2141	 4.90663178382536E-02 
2142	 4.91725818792135E-02 
2143	 4.94133998878428E-02 
2144	 4.99121639364198E-02 
2145	 4.99196661039125E-02 
2146	 4.96951387110025E-02 
2147	 4.94346218368251E-02 
2148	 4.86797913055878E-02 
2149	 0.048571743962382 
2150	 4.86486980867918E-02 
2151	 4.87813109661564E-02 
2152	 0.049348853606798 
2153	 4.97830727113039E-02 
2154	 5.05819269275019E-02 
2155	 5.09627827695694E-02 
2156	 5.13290054931195E-02 
2157	 5.16543775657973E-02 
2158	 5.06060912624981E-02 
2159	 4.99674369323306E-02 
2160	 5.01511605703088E-02 
2161	 5.03802369497173E-02 
2162	 5.13258033145011E-02 
2163	 5.19275168321066E-02 
2164	 5.22115629840955E-02 
2165	 5.21161261154037E-02 
2166	 5.21144279458896E-02 
2167	 5.18220055182532E-02 
2168	 5.20533924806438E-02 
2169	 0.052443930712395 
2170	 5.26859796007484E-02 
2171	 5.32832770391258E-02 
2172	 5.34213967526333E-02 
2173	 5.32819528589407E-02 
2174	 5.30043466000599E-02 
2175	 5.30403762160043E-02 
2176	 5.33582418812664E-02 
2177	 0.053245970771575 
2178	 5.36046671080149E-02 
2179	 5.42678637694455E-02 
2180	 5.40565718470203E-02 
2181	 5.37373172863887E-02 
2182	 5.42724327899687E-02 
2183	 5.43066619415981E-02 
2184	 5.36533140556214E-02 
2185	 5.37204173257005E-02 
2186	 5.43979314619729E-02 
2187	 5.46244597562395E-02 
2188	 5.50295092899327E-02 
2189	 5.50860857103592E-02 
2190	 5.45278269793707E-02 
2191	 5.41436737952694E-02 
2192	 5.36096035563717E-02 
2193	 5.38462482816763E-02 
2194	 5.44442190646381E-02 
2195	 5.50964258834732E-02 
2196	 5.69044195893875E-02 
2197	 5.71160052071216E-02 
2198	 5.60124755723295E-02 
2199	 0.056116690380457 
2200	 0.056349332200874 
2201	 5.56227331077864E-02 
2202	 0.05613066576047 
2203	 5.74320504544573E-02 
2204	 5.72192272276349E-02 
2205	 5.66722893559389E-02 
2206	 5.67093886465132E-02 
2207	 5.63032104781867E-02 
2208	 5.56530586836113E-02 
2209	 5.65001128090783E-02 
2210	 5.66619263622355E-02 
2211	 5.65296899388901E-02 
2212	 5.59715964332163E-02 
2213	 5.45745432021628E-02 
2214	 5.47652422543885E-02 
2215	 5.62487789090755E-02 
2216	 5.65566758953265E-02 
2217	 5.71905679241837E-02 
2218	 5.75346700618075E-02 
2219	 5.65845304226665E-02 
2220	 5.62467912245753E-02 
2221	 5.66802425122172E-02 
2222	 5.68063578531999E-02 
2223	 5.62343664561803E-02 
2224	 5.53433126443653E-02 
2225	 5.50889216794512E-02 
2226	 5.51472966308862E-02 
2227	 5.47600997809755E-02 
2228	 5.44059925567156E-02 
2229	 5.43092062933021E-02 
2230	 5.43960321845507E-02 
2231	 5.42971002064032E-02 
2232	 5.49329930336312E-02 
2233	 5.57326410634175E-02 
2234	 5.58602698810601E-02 
2235	 5.64104537238866E-02 
2236	 5.62509569954461E-02 
2237	 5.58070843195419E-02 
2238	 5.43647976663822E-02 
2239	 5.39162745859467E-02 
2240	 5.32354831904713E-02 
2241	 5.31542602347029E-02 
2242	 5.48596876973523E-02 
2243	 5.43650010431301E-02 
2244	 0.052548377487987 
2245	 0.051812817115082 
2246	 4.95019950910085E-02 
2247	 4.85268564196904E-02 
2248	 4.99098897844549E-02 
2249	 0.050804977297814 
2250	 5.24856739469587E-02 
2251	 5.21014331678904E-02 
2252	 5.13896189242055E-02 
2253	 0.049468983401257 
2254	 4.89429316970408E-02 
2255	 4.96593500072259E-02 
2256	 4.88868359097702E-02 
2257	 4.81217962508056E-02 
2258	 4.73483075441702E-02 
2259	 4.57229543898922E-02 
2260	 4.64556999185239E-02 
2261	 4.82149183856177E-02 
2262	 4.75016275652821E-02 
2263	 4.69348751419581E-02 
2264	 4.69453032004667E-02 
2265	 4.69485644100121E-02 
2266	 4.67094213126463E-02 
2267	 4.58256685625435E-02 
2268	 4.61962712475182E-02 
2269	 4.63310097214918E-02 
2270	 4.45141880217328E-02 
2271	 4.37515589815905E-02 
2272	 4.35829155323151E-02 
2273	 4.27001939828288E-02 
2274	 4.20376903801303E-02 
2275	 4.35303909861377E-02 
2276	 4.30958768886949E-02 
2277	 3.99461249588886E-02 
2278	 4.00412979134349E-02 
2279	 4.29202886834943E-02 
2280	 4.22928789767479E-02 
2281	 4.04025693377921E-02 
2282	 4.05777734867828E-02 
2283	 3.93170535298036E-02 
2284	 3.83868105299013E-02 
2285	 4.07277316339487E-02 
2286	 4.07371267813711E-02 
2287	 3.76200060987199E-02 
2288	 3.67150834030414E-02 
2289	 3.89507318725901E-02 
2290	 4.11288798410771E-02 
2291	 4.25781760904189E-02 
2292	 4.27137037598242E-02 
2293	 4.06732671986522E-02 
2294	 0.039170201639735 
2295	 4.02016365003984E-02 
2296	 4.02898572773425E-02 
2297	 3.97472718973246E-02 
2298	 3.91361253273832E-02 
2299	 3.76876925698739E-02 
2300	 3.76406334126797E-02 
2301	 3.85338179674667E-02 
2302	 3.86489275133117E-02 
2303	 3.71462218058222E-02 
2304	 0.035271467547036 
2305	 3.55458862656893E-02 
2306	 3.63824659006766E-02 
2307	 3.42374421927411E-02 
2308	 3.15569129111043E-02 
2309	 3.17219840000291E-02 
2310	 3.22364274899268E-02 
2311	 3.29875695802106E-02 
2312	 3.63000481531661E-02 
2313	 3.85659405278706E-02 
2314	 3.65643922815106E-02 
2315	 3.58170498744235E-02 
2316	 0.037714229272734 
2317	 3.72206058856924E-02 
2318	 3.48321944277221E-02 
2319	 3.44086475261681E-02 
2320	 3.55941580392023E-02 
2321	 0.035792657219718 
2322	 3.64187298631504E-02 
2323	 3.64997914371573E-02 
2324	 3.58553667858199E-02 
2325	 3.57661893710557E-02 
2326	 0.03512212057167 
2327	 3.42571166226089E-02 
2328	 3.37091497147601E-02 
2329	 3.35623267079805E-02 
2330	 3.29464565335871E-02 
2331	 3.42395781653842E-02 
2332	 3.89803334911594E-02 
2333	 3.83823213361229E-02 
2334	 3.40662957767347E-02 
2335	 3.36005701170533E-02 
2336	 3.24769001561026E-02 
2337	 3.13457059765422E-02 
2338	 3.38629341354281E-02 
2339	 3.40424504227302E-02 
2340	 3.12722801275621E-02 
2341	 2.94280212179385E-02 
2342	 3.28360466763325E-02 
2343	 3.35807256060066E-02 
2344	 2.93044398520694E-02 
2345	 2.74779657882585E-02 
2346	 3.13372946410685E-02 
2347	 3.33808665329108E-02 
2348	 3.33045095108217E-02 
2349	 3.41674832691374E-02 
2350	 0.029053530765054 
2351	 2.28960902428517E-02 
2352	 2.58801843483559E-02 
2353	 3.16751959323198E-02 
2354	 3.12252765003744E-02 
2355	 2.83112506481951E-02 
2356	 3.08836590451771E-02 
2357	 3.30029255682619E-02 
2358	 3.16906590401648E-02 
2359	 3.22988877807177E-02 
2360	 3.01401098803113E-02 
2361	 2.74959038945805E-02 
2362	 2.97984995722188E-02 
2363	 2.95145826248863E-02 
2364	 2.77897016027138E-02 
2365	 2.87795716387662E-02 
2366	 2.84767590747219E-02 
2367	 2.76568597355091E-02 
2368	 2.61719995319385E-02 
2369	 2.56436369526182E-02 
2370	 2.52111485834045E-02 
2371	 2.26332322680374E-02 
2372	 2.51171750490145E-02 
2373	 2.75664370438696E-02 
2374	 2.54101071839249E-02 
2375	 2.58575026328262E-02 
2376	 2.38737485187425E-02 
2377	 2.41654193052915E-02 
2378	 2.96289597033207E-02 
2379	 3.25158957997803E-02 
2380	 0.0324322534686 
2381	 2.65895294899449E-02 
2382	 2.34669212581574E-02 
2383	 2.78278296717997E-02 
2384	 3.35101821548723E-02 
2385	 3.54516590116767E-02 
2386	 3.22987041617905E-02 
2387	 3.12218875940602E-02 
2388	 3.31946687369704E-02 
2389	 3.07169473045247E-02 
2390	 2.63878918937916E-02 
2391	 2.80244550934748E-02 
2392	 3.15204115670699E-02 
2393	 3.09315683809789E-02 
2394	 3.04018128696012E-02 
2395	 2.69021931448078E-02 
2396	 1.85563013920571E-02 
2397	 2.08292353021422E-02 
2398	 2.93428873687564E-02 
2399	 2.95715469960681E-02 
2400	 0.027711402578663 
2401	 2.73012934913375E-02 
2402	 2.07504935452459E-02 
2403	 1.62943690267468E-02 
2404	 2.10900333365816E-02 
2405	 2.35778805171285E-02 
2406	 2.15671072949344E-02 
2407	 1.74668053607283E-02 
2408	 1.51368618522744E-02 
2409	 8.82409610308634E-03 
2410	 7.96608246701899E-03 
2411	 1.96867248692933E-02 
2412	 1.32529279515312E-02 
2413	 6.79861688623381E-03 
2414	 2.03192989462126E-02 
2415	 2.43478225180358E-02 
2416	 1.82153958252978E-02 
2417	 1.60776300503051E-02 
2418	 8.46293368413818E-03 
2419	 3.16866837413887E-03 
2420	 1.56199094961269E-02 
2421	 1.71715401650333E-02 
2422	 3.69141248220774E-03 
2423	 4.08592957073628E-03 
2424	 9.23640487099417E-03 
2425	 1.84414385818212E-02 
2426	 2.89576237362387E-02 
2427	 1.97243631236243E-02 
2428	 1.11795041352966E-02 
2429	 9.16784552250729E-03 
2430	 4.25700243445175E-03 
2431	 1.11901922179607E-02 
2432	 1.72765892834057E-02 
2433	 8.64314901451162E-03 
2434	-2.48992166010607E-03 
2435	-2.67146991078734E-03 
2436	 3.75626855315821E-04 
2437	 2.23276119489129E-03 
2438	 2.13028077497481E-02 
2439	 2.71073498510016E-02 
2440	-2.68656644068473E-03 
2441	-9.05827839551079E-03 
2442	-4.56793827096302E-03 
2443	-8.23779376209695E-03 
2444	 1.59092656920625E-02 
2445	 2.03636686273616E-02 
2446	-1.59106750103742E-03 
2447	-6.86240998142011E-03 
2448	-2.18825819822281E-02 
2449	-3.72535503194283E-02 
2450	-1.20865789867482E-02 
2451	 1.37367065153853E-02 
2452	 2.13856584681472E-02 
2453	 3.35530181768576E-02 
2454	 2.16695783668052E-02 
2455	-5.84534045189264E-03 
2456	-1.61398967813552E-02 
2457	-9.57027428800023E-04 
2458	 1.55034288025353E-02 
2459	 2.16640608862029E-02 
2460	 4.22130816672963E-02 
2461	 4.55488727075814E-02 
2462	 2.70653573161661E-02 
2463	 2.15448044360592E-02 
2464	 2.02930875660303E-02 
2465	 1.66169390645851E-02 
2466	 3.37081002446051E-03 
2467	 1.25718615173309E-03 
2468	 3.04070347010647E-03 
2469	 9.59095016833847E-04 
2470	 0.033211935180056 
2471	 3.48179738052933E-02 
2472	-7.66662200358966E-03 
2473	-1.51260935697009E-02 
2474	-2.89634119396084E-02 
2475	-2.31166698240194E-02 
2476	 3.83842251057961E-02 
2477	 4.51948585661025E-02 
2478	 3.57474011375552E-02 
2479	 2.54356953777248E-02 
2480	-2.35568180264127E-02 
2481	-1.6600180640703E-03 
2482	-1.15331344605444E-02 
2483	-0.107013668259555 
2484	-0.041526247720813 
2485	 0.024286734983497 
2486	-1.72046359910418E-02 
2487	 0.129994025528911 
2488	 0.187757129306184 
2489	 0.134282051744882 
2490	 0.35833116103442 
2491	 0.341227221265957 
2492	 0.174621292108716 
2493	 4.61158322958045E-02 
2494	-0.239402548217956 
2495	-0.260064968420628 
2496	-0.25784735482535 
2497	-0.29184308254856 
2498	-0.267393444584699 
2499	-0.330535018660306 
2500	-0.183250763541909 
