Wavelength	09/27/123 at 12:16:35
350	 8.32794705832524E-03 
351	 8.1870387660983E-03 
352	 8.31079567692557E-03 
353	 8.36178321373579E-03 
354	 7.95750172970906E-03 
355	 8.34001262607581E-03 
356	 8.77848863189352E-03 
357	 8.75939582337388E-03 
358	 8.59012722143452E-03 
359	 8.50872366692215E-03 
360	 8.48203131040002E-03 
361	 8.36939247779336E-03 
362	 8.39080099291695E-03 
363	 8.47978933378261E-03 
364	 8.57174496405321E-03 
365	 8.70669676448171E-03 
366	 8.56619348404582E-03 
367	 8.33261195702766E-03 
368	 8.3895857990524E-03 
369	 8.49624004419275E-03 
370	 8.61438733312644E-03 
371	 8.70761141775412E-03 
372	 8.67056560537751E-03 
373	 8.68590731975583E-03 
374	 8.68066102200083E-03 
375	 8.49829217343062E-03 
376	 8.58164152760772E-03 
377	 8.70276833545513E-03 
378	 8.69605277519716E-03 
379	 8.72728975690642E-03 
380	 8.74113953861569E-03 
381	 8.8246517502657E-03 
382	 9.09347076337626E-03 
383	 9.2448901131354E-03 
384	 9.30986907359368E-03 
385	 9.30360082852003E-03 
386	 9.05059918839497E-03 
387	 9.12516794666662E-03 
388	 9.38057459066448E-03 
389	 9.38445959621282E-03 
390	 9.32825162891812E-03 
391	 9.3805964066934E-03 
392	 9.57166087177163E-03 
393	 9.71981410547041E-03 
394	 9.65435130548455E-03 
395	 9.45677511930939E-03 
396	 9.31909686297525E-03 
397	 9.30933882757369E-03 
398	 9.50965803871575E-03 
399	 9.80217229876741E-03 
400	 9.73053182095226E-03 
401	 9.69112228518833E-03 
402	 9.69262412683021E-03 
403	 9.63839214682223E-03 
404	 9.69985879746171E-03 
405	 9.79502426624828E-03 
406	 9.87972778009021E-03 
407	 1.00266929065788E-02 
408	 1.01500555575481E-02 
409	 1.01940531721065E-02 
410	 1.01475091850921E-02 
411	 1.02094505552813E-02 
412	 1.03209476766213E-02 
413	 1.04444801944057E-02 
414	 0.010627886243309 
415	 1.07956153299084E-02 
416	 0.010879853987162 
417	 1.08485276206958E-02 
418	 1.08747598079919E-02 
419	 1.09537563067146E-02 
420	 1.10610121183123E-02 
421	 1.11725488089349E-02 
422	 1.12679945983999E-02 
423	 1.13958363390528E-02 
424	 1.15990631682541E-02 
425	 1.17061864060708E-02 
426	 1.17673094983822E-02 
427	 1.18389162430622E-02 
428	 1.19605144115958E-02 
429	 1.20810140127674E-02 
430	 1.21303778056096E-02 
431	 1.20816796166097E-02 
432	 1.21781357161292E-02 
433	 1.22885294069344E-02 
434	 1.23463121376596E-02 
435	 1.24009595127304E-02 
436	 1.25131964878838E-02 
437	 1.26325652548182E-02 
438	 1.26982982738922E-02 
439	 1.28131381602064E-02 
440	 1.29015343588159E-02 
441	 1.29231158011939E-02 
442	 1.28883838475909E-02 
443	 1.29751329541238E-02 
444	 1.31358377625896E-02 
445	 1.32642355492036E-02 
446	 1.33435593191397E-02 
447	 1.34400856547624E-02 
448	 1.35552256426755E-02 
449	 1.36054199709459E-02 
450	 0.013696312273297 
451	 1.37800588509933E-02 
452	 1.37952266979225E-02 
453	 1.38396621140859E-02 
454	 1.38893386747099E-02 
455	 0.013936266106719 
456	 1.39972882022655E-02 
457	 1.41284828632636E-02 
458	 1.42541939766676E-02 
459	 1.42918197616057E-02 
460	 1.42872728358993E-02 
461	 1.43032399804829E-02 
462	 0.014345039687091 
463	 1.43563259037905E-02 
464	 1.43972476539518E-02 
465	 0.014480018213203 
466	 1.45834202778672E-02 
467	 1.46142216298278E-02 
468	 1.46157230855459E-02 
469	 1.46172473661153E-02 
470	 1.46344850595793E-02 
471	 1.47594106156685E-02 
472	 1.49059982122718E-02 
473	 1.49722876371255E-02 
474	 1.49292069954518E-02 
475	 1.49585053966354E-02 
476	 1.50444818220575E-02 
477	 1.50237089013937E-02 
478	 1.50796258299645E-02 
479	 1.51428351303384E-02 
480	 1.51539705454895E-02 
481	 1.52269237634973E-02 
482	 1.53063287100865E-02 
483	 1.53667706149234E-02 
484	 0.015404627788625 
485	 0.015435537173383 
486	 0.015513513109605 
487	 1.56539853914852E-02 
488	 1.57691490516527E-02 
489	 1.58308394557977E-02 
490	 1.58739272909106E-02 
491	 1.59654672603373E-02 
492	 1.60845922555322E-02 
493	 1.62226437980244E-02 
494	 1.63733589200892E-02 
495	 1.65334744304964E-02 
496	 1.67028232312632E-02 
497	 0.016863521721098 
498	 1.70084780135347E-02 
499	 1.72955564449901E-02 
500	 1.76173310402019E-02 
501	 1.79099487678373E-02 
502	 1.82495746644269E-02 
503	 1.85710185933959E-02 
504	 1.88960356452756E-02 
505	 1.92860730443565E-02 
506	 1.98239023377808E-02 
507	 2.03778987880017E-02 
508	 2.08879065319052E-02 
509	 2.14143957450472E-02 
510	 2.20421588397433E-02 
511	 2.27638317439612E-02 
512	 2.35379095394626E-02 
513	 2.43372362385804E-02 
514	 2.51688306825059E-02 
515	 2.60460957983503E-02 
516	 2.69823539765509E-02 
517	 2.79903974138941E-02 
518	 2.90813311561437E-02 
519	 3.02206953042753E-02 
520	 3.12733513342045E-02 
521	 0.032316465680796 
522	 3.34057549684293E-02 
523	 3.45574016406851E-02 
524	 0.035690730396667 
525	 3.67468371260781E-02 
526	 3.77214141440054E-02 
527	 0.038765551968066 
528	 3.97525456253775E-02 
529	 4.06284190712937E-02 
530	 4.14229429839599E-02 
531	 0.042211143621067 
532	 4.29849485568786E-02 
533	 4.37065160039664E-02 
534	 4.43288492985248E-02 
535	 4.49163070040565E-02 
536	 4.54626075149836E-02 
537	 4.59238587528524E-02 
538	 4.63175304960791E-02 
539	 4.67472859977255E-02 
540	 4.72296565977521E-02 
541	 4.75679139775757E-02 
542	 4.79140966135177E-02 
543	 4.82747383615293E-02 
544	 4.86075019054672E-02 
545	 4.89600250788221E-02 
546	 4.92467225771057E-02 
547	 4.94487087296582E-02 
548	 4.96646325364874E-02 
549	 4.99104238332162E-02 
550	 5.01522932545264E-02 
551	 0.050336601346993 
552	 5.04296864049947E-02 
553	 5.04429908730631E-02 
554	 5.03862205025368E-02 
555	 5.02617273121867E-02 
556	 0.05009531709521 
557	 0.049889918038144 
558	 4.96390789342896E-02 
559	 4.93164749233393E-02 
560	 4.89742038363801E-02 
561	 4.86387101317354E-02 
562	 0.048303875197135 
563	 0.047889828748648 
564	 4.74108362871448E-02 
565	 0.046902181016642 
566	 4.63886577678128E-02 
567	 4.58882589713337E-02 
568	 4.53586799266471E-02 
569	 4.47238098787685E-02 
570	 4.40732191713914E-02 
571	 4.34373807026113E-02 
572	 4.28260274358071E-02 
573	 4.22118455651376E-02 
574	 4.16603829373987E-02 
575	 4.11723278793227E-02 
576	 4.07224463841128E-02 
577	 4.02836652824532E-02 
578	 3.98328838946836E-02 
579	 3.93970479789126E-02 
580	 3.90787231730742E-02 
581	 3.87180428335847E-02 
582	 3.83643986613494E-02 
583	 3.80984085669418E-02 
584	 3.77861374566743E-02 
585	 3.74711312060167E-02 
586	 3.72126850041107E-02 
587	 3.70705053656878E-02 
588	 3.69198338489261E-02 
589	 3.67268516620907E-02 
590	 3.65053356435268E-02 
591	 3.62956201720965E-02 
592	 0.036106168638888 
593	 3.59529620655169E-02 
594	 3.58622121930811E-02 
595	 3.57978402765275E-02 
596	 3.57087326243963E-02 
597	 3.55835682332607E-02 
598	 3.55051763395632E-02 
599	 3.54225603622724E-02 
600	 3.53135513270532E-02 
601	 3.51743052688491E-02 
602	 3.50362630613986E-02 
603	 3.48885001186954E-02 
604	 3.47136705681839E-02 
605	 3.44919674851382E-02 
606	 3.41896792826671E-02 
607	 3.38873675047004E-02 
608	 3.36615698897038E-02 
609	 3.34136223633357E-02 
610	 3.30924799771406E-02 
611	 3.27327297704794E-02 
612	 3.24399033052449E-02 
613	 3.20910345120661E-02 
614	 3.17485169765799E-02 
615	 3.14715864499164E-02 
616	 3.11959966729738E-02 
617	 0.030926586810799 
618	 3.06885363894186E-02 
619	 3.05025150727053E-02 
620	 3.03139376314339E-02 
621	 3.01549737545026E-02 
622	 3.00390871478656E-02 
623	 2.99230109103185E-02 
624	 2.98680995153831E-02 
625	 2.98444327614557E-02 
626	 2.97951821903958E-02 
627	 0.029721729015941 
628	 2.97043516430105E-02 
629	 2.97274512265332E-02 
630	 2.96595375290893E-02 
631	 2.96456876693307E-02 
632	 2.95998725038106E-02 
633	 2.94524815504956E-02 
634	 2.93778147665861E-02 
635	 2.92770380994541E-02 
636	 2.91011434930998E-02 
637	 2.88470918777603E-02 
638	 2.85928164843502E-02 
639	 0.02832242503138 
640	 2.80143455055637E-02 
641	 2.76639765437041E-02 
642	 2.73445807772002E-02 
643	 2.70225111227931E-02 
644	 2.66413749414283E-02 
645	 2.62922551340197E-02 
646	 2.59852206837016E-02 
647	 2.57162104137014E-02 
648	 2.54658428963272E-02 
649	 2.52703660252286E-02 
650	 2.50907145541343E-02 
651	 2.48931856746139E-02 
652	 2.47259158650024E-02 
653	 2.45554015559692E-02 
654	 2.43808237336512E-02 
655	 0.024212818009694 
656	 2.40470868987862E-02 
657	 0.023807405668215 
658	 2.34886863739402E-02 
659	 2.31692948715952E-02 
660	 2.28578666288689E-02 
661	 2.25892079644611E-02 
662	 2.23710998713174E-02 
663	 2.20909060033224E-02 
664	 2.18310191502031E-02 
665	 2.16269997721959E-02 
666	 2.14482396993844E-02 
667	 2.13045757293276E-02 
668	 2.11679405006328E-02 
669	 2.10358435955698E-02 
670	 2.09960104221184E-02 
671	 2.10222627097297E-02 
672	 2.10403230596414E-02 
673	 2.09837336481518E-02 
674	 0.021069067082208 
675	 2.11741389740074E-02 
676	 2.12437159880082E-02 
677	 2.13708132944601E-02 
678	 2.14987582658768E-02 
679	 2.16754904033521E-02 
680	 2.19491043985089E-02 
681	 2.22619075946109E-02 
682	 0.022579562716993 
683	 2.29556665864371E-02 
684	 0.023503548726805 
685	 2.42416960925346E-02 
686	 2.52879566764092E-02 
687	 2.66487931889663E-02 
688	 2.78042850598441E-02 
689	 2.91166014064563E-02 
690	 0.030679793126132 
691	 3.24714173492047E-02 
692	 3.46369472932145E-02 
693	 3.72098673795383E-02 
694	 4.01234404471608E-02 
695	 4.31698000635587E-02 
696	 0.04644629273648 
697	 0.04993795114683 
698	 5.37184742890313E-02 
699	 5.78213877065011E-02 
700	 6.20809953550374E-02 
701	 6.64548882657177E-02 
702	 7.09474712959421E-02 
703	 7.54262769368368E-02 
704	 7.99954179508504E-02 
705	 8.47062934869824E-02 
706	 8.94040195780551E-02 
707	 9.42286158284469E-02 
708	 9.91655736636662E-02 
709	 0.104169559768068 
710	 0.109164510225444 
711	 0.114256360709959 
712	 0.119519287447434 
713	 0.124931399192 
714	 0.130299638772295 
715	 0.135567229191827 
716	 0.140946957277623 
717	 0.146637660716577 
718	 0.152577044571381 
719	 0.158607497571992 
720	 0.164400965299406 
721	 0.169857846552108 
722	 0.174995736531732 
723	 0.180340486719673 
724	 0.185860917386723 
725	 0.191245319492663 
726	 0.196368682412463 
727	 0.201347577064248 
728	 0.206187651153007 
729	 0.210828430781363 
730	 0.215292306769812 
731	 0.219589500686867 
732	 0.223691588531313 
733	 0.227478117790555 
734	 0.231037263497573 
735	 0.234500740365289 
736	 0.237854577876324 
737	 0.241025159573827 
738	 0.243971929120108 
739	 0.246676110991966 
740	 0.249256753254062 
741	 0.251681796180576 
742	 0.2539103930788 
743	 0.256006125758729 
744	 0.257958650797917 
745	 0.259773573356435 
746	 0.261448110559898 
747	 0.263013224338057 
748	 0.264445392064941 
749	 0.265759044864781 
750	 0.267022781770535 
751	 0.26818543410059 
752	 0.269243807794801 
753	 0.270216787745693 
754	 0.271148177081563 
755	 0.272066637916179 
756	 0.272943678423078 
757	 0.273795620668027 
758	 0.275038494439294 
759	 0.276795096115816 
760	 0.278897907137864 
761	 0.279819428950636 
762	 0.279903620797851 
763	 0.279832851405028 
764	 0.279861982778934 
765	 0.279615822099741 
766	 0.279508280542717 
767	 0.279592645247273 
768	 0.279823696701705 
769	 0.280082858041278 
770	 0.280381260067467 
771	 0.28071721449271 
772	 0.281081509473474 
773	 0.281475163778908 
774	 0.281844600216457 
775	 0.282173180988042 
776	 0.282527006473098 
777	 0.282842658751904 
778	 0.283152643016019 
779	 0.28350320443156 
780	 0.283903154727398 
781	 0.284249261682771 
782	 0.284542369212838 
783	 0.284851899259705 
784	 0.285212533927218 
785	 0.285549862851748 
786	 0.285836705530805 
787	 0.286128676295631 
788	 0.286461289856559 
789	 0.286807827126066 
790	 0.28713363212539 
791	 0.287425518208228 
792	 0.287735831813678 
793	 0.288070511366928 
794	 0.288412281463934 
795	 0.288738309742454 
796	 0.289061648996364 
797	 0.289385927213669 
798	 0.289706080650372 
799	 0.290000137782742 
800	 0.290300954866625 
801	 0.290623750411019 
802	 0.290944187187636 
803	 0.291266362138526 
804	 0.291609158435359 
805	 0.291956459929578 
806	 0.292158191023222 
807	 0.292401326398282 
808	 0.292724138102946 
809	 0.293059067780507 
810	 0.293282804368926 
811	 0.293476418022912 
812	 0.293661804802633 
813	 0.293792701493572 
814	 0.293964726832204 
815	 0.294210060578438 
816	 0.294550412950875 
817	 0.295030177894132 
818	 0.295242668931049 
819	 0.295382950330109 
820	 0.295707067965646 
821	 0.296033896799725 
822	 0.296336958172646 
823	 0.296640497738131 
824	 0.296970153041062 
825	 0.29716467455659 
826	 0.297498960399401 
827	 0.297913372302122 
828	 0.298036814493806 
829	 0.298184570111166 
830	 0.298402578701678 
831	 0.298679398273941 
832	 0.298985065175029 
833	 0.299275149193475 
834	 0.299512327349389 
835	 0.299726914334431 
836	 0.300095087233858 
837	 0.300437357355847 
838	 0.300686124644609 
839	 0.300871315386751 
840	 0.301240213988262 
841	 0.301627416670704 
842	 0.301958702172052 
843	 0.302252604554846 
844	 0.302546241412204 
845	 0.302823818686316 
846	 0.303075962100371 
847	 0.303317883685716 
848	 0.303576929084885 
849	 0.303856874911942 
850	 0.304147669270966 
851	 0.304416095937968 
852	 0.304671746964852 
853	 0.304933383642402 
854	 0.305216576975926 
855	 0.305485201502827 
856	 0.305706236047898 
857	 0.305925519169041 
858	 0.306214149973271 
859	 0.306558838533495 
860	 0.30685271857618 
861	 0.30709435924342 
862	 0.307388482067424 
863	 0.307757725834136 
864	 0.308034514940229 
865	 0.308190338504724 
866	 0.308461922055434 
867	 0.30861390091955 
868	 0.308724590033229 
869	 0.308925391740155 
870	 0.309298960310386 
871	 0.309641241292548 
872	 0.309844689031199 
873	 0.309933215965351 
874	 0.310216725739455 
875	 0.310406162186397 
876	 0.310606254396528 
877	 0.311021237377293 
878	 0.31128989036538 
879	 0.311393759897327 
880	 0.311471102986364 
881	 0.311750902945379 
882	 0.31204686732269 
883	 0.312323016896295 
884	 0.312537929646136 
885	 0.312643970983825 
886	 0.312800475526397 
887	 0.312894733133037 
888	 0.312892117332121 
889	 0.312944338068656 
890	 0.313020265646001 
891	 0.313154883261103 
892	 0.313355894653007 
893	 0.313568703699562 
894	 0.313646656788352 
895	 0.313525749194953 
896	 0.313313406548262 
897	 0.313589123437107 
898	 0.313772635220901 
899	 0.313808031726974 
900	 0.31390770825329 
901	 0.313948635278445 
902	 0.314193436933377 
903	 0.314429767479388 
904	 0.314233295470296 
905	 0.314308066424685 
906	 0.31470670928484 
907	 0.315088497862535 
908	 0.314861165244823 
909	 0.314833861699758 
910	 0.314787458807623 
911	 0.314676936891245 
912	 0.314879594409688 
913	 0.314829785400198 
914	 0.31485305321143 
915	 0.315144447721594 
916	 0.315326052554256 
917	 0.315502744747147 
918	 0.315650099301702 
919	 0.315739766538484 
920	 0.315800537386378 
921	 0.316000177384442 
922	 0.316094301445604 
923	 0.315842639941243 
924	 0.315454624445866 
925	 0.315115603187038 
926	 0.314765483019305 
927	 0.314257078012876 
928	 0.313633735121318 
929	 0.313531954457949 
930	 0.313490808355032 
931	 0.312442883494708 
932	 0.311797897338256 
933	 0.310565532387707 
934	 0.309164169932558 
935	 0.30899605314792 
936	 0.308465697614738 
937	 0.307900212036315 
938	 0.307531920872041 
939	 0.307367306231292 
940	 0.3076191355216 
941	 0.307733595902273 
942	 0.307386279614626 
943	 0.306643797643644 
944	 0.306381293738904 
945	 0.305697047020579 
946	 0.304289398071077 
947	 0.302979270853594 
948	 0.302171532156461 
949	 0.301698064104278 
950	 0.301194509663793 
951	 0.300320821651287 
952	 0.299941372612517 
953	 0.299457140553433 
954	 0.298557278382039 
955	 0.297818380529853 
956	 0.297179242488768 
957	 0.296488937652614 
958	 0.295872829885744 
959	 0.295957454702078 
960	 0.295542118254476 
961	 0.294814588542464 
962	 0.294311387461067 
963	 0.294498262137861 
964	 0.294894743668882 
965	 0.294990603886985 
966	 0.294632431555078 
967	 0.294407703125139 
968	 0.294502520660626 
969	 0.294700626866684 
970	 0.294769620074097 
971	 0.294854130884355 
972	 0.294520937403755 
973	 0.294462997387616 
974	 0.295053591454533 
975	 0.294567366081391 
976	 0.294443397859582 
977	 0.294897874212075 
978	 0.295611823794843 
979	 0.296141271220227 
980	 0.296538879856341 
981	 0.296541055296672 
982	 0.296197538474604 
983	 0.296948721603872 
984	 0.29707584153039 
985	 0.296866103005486 
986	 0.297199926835542 
987	 0.298082459003273 
988	 0.29867195408762 
989	 0.299293357752401 
990	 0.300276383248198 
991	 0.300082696548605 
992	 0.300098410604594 
993	 0.300519224684853 
994	 0.300987068245824 
995	 0.301210822198943 
996	 0.301595795354985 
997	 0.301985468039482 
998	 0.302122796576005 
999	 0.30229402558289 
1000	 0.302745715825098 
1001	 0.302941124323164 
1002	 0.303312549887999 
1003	 0.303876734563488 
1004	 0.304388580869076 
1005	 0.304820204555243 
1006	 0.305457126194839 
1007	 0.306283120384481 
1008	 0.306947149376171 
1009	 0.307626586952941 
1010	 0.308302372209489 
1011	 0.308998055797267 
1012	 0.309406785503965 
1013	 0.309719429425628 
1014	 0.310226657937557 
1015	 0.31062487734924 
1016	 0.311236439029084 
1017	 0.311820061066725 
1018	 0.312549591272307 
1019	 0.313101468769712 
1020	 0.313648557115521 
1021	 0.314101736449076 
1022	 0.314684421832817 
1023	 0.31541780594112 
1024	 0.316126146680888 
1025	 0.316889556656996 
1026	 0.317544712248671 
1027	 0.318117406662003 
1028	 0.318766984898238 
1029	 0.319348801099897 
1030	 0.319835142417878 
1031	 0.320303756113531 
1032	 0.320735618179305 
1033	 0.321101628201139 
1034	 0.321515667864096 
1035	 0.32208572016734 
1036	 0.322697754885935 
1037	 0.323215285730962 
1038	 0.323628561801527 
1039	 0.324073594592033 
1040	 0.324522865477933 
1041	 0.32493826737835 
1042	 0.325408817101259 
1043	 0.325907147123821 
1044	 0.326430229332638 
1045	 0.326976399183062 
1046	 0.327495101927854 
1047	 0.328025054734977 
1048	 0.328487239826082 
1049	 0.328750997511752 
1050	 0.329213195436829 
1051	 0.32982584622341 
1052	 0.330343576443551 
1053	 0.330759139971706 
1054	 0.331014063297467 
1055	 0.331251999221036 
1056	 0.331477876938661 
1057	 0.331612108221813 
1058	 0.331699912012811 
1059	 0.33188953799863 
1060	 0.331996462350187 
1061	 0.332097446339637 
1062	 0.332580065412512 
1063	 0.333218287911436 
1064	 0.333836766076884 
1065	 0.334211885517522 
1066	 0.334354664803776 
1067	 0.33447087922547 
1068	 0.334576953038093 
1069	 0.334809275722899 
1070	 0.334960916940308 
1071	 0.33516083818859 
1072	 0.335297275390513 
1073	 0.335348056337939 
1074	 0.335421690290045 
1075	 0.335509206600325 
1076	 0.335636678256698 
1077	 0.335776576039721 
1078	 0.335805726811744 
1079	 0.335877584819904 
1080	 0.336019155811327 
1081	 0.336024715462283 
1082	 0.336174389233077 
1083	 0.336282927966342 
1084	 0.336429993783512 
1085	 0.336440881736221 
1086	 0.336396388848656 
1087	 0.336317795739698 
1088	 0.33607911983208 
1089	 0.336010847093642 
1090	 0.335996082710353 
1091	 0.335987529848705 
1092	 0.336080627859123 
1093	 0.336076270628103 
1094	 0.335895758262028 
1095	 0.335766576566234 
1096	 0.335602012427245 
1097	 0.33531870971102 
1098	 0.33512691702287 
1099	 0.334991445979683 
1100	 0.33483639899649 
1101	 0.334748729762019 
1102	 0.334539760153535 
1103	 0.334342729600379 
1104	 0.33403119323335 
1105	 0.333366699239937 
1106	 0.332993395772941 
1107	 0.332821310116899 
1108	 0.332469921788049 
1109	 0.332231355047204 
1110	 0.332290085940094 
1111	 0.331886290628681 
1112	 0.331108272181493 
1113	 0.330519533161966 
1114	 0.329619875305919 
1115	 0.329032989441704 
1116	 0.328882000109732 
1117	 0.328269326009982 
1118	 0.327502380129503 
1119	 0.326740078514624 
1120	 0.325673242758766 
1121	 0.324587306592249 
1122	 0.323624371246276 
1123	 0.322504741237508 
1124	 0.321254556888635 
1125	 0.319733497265847 
1126	 0.318451501438997 
1127	 0.317629903470768 
1128	 0.316003230207591 
1129	 0.314360682947048 
1130	 0.312360177624326 
1131	 0.309528118540488 
1132	 0.307615675730102 
1133	 0.306175661903822 
1134	 0.304623931455965 
1135	 0.303717407199693 
1136	 0.302239321722974 
1137	 0.300334289403223 
1138	 0.29859730779398 
1139	 0.297000051025781 
1140	 0.294880620380354 
1141	 0.292963077753048 
1142	 0.291173224730719 
1143	 0.28908951260187 
1144	 0.286918178389592 
1145	 0.28453840000746 
1146	 0.281771447219176 
1147	 0.279536034529793 
1148	 0.277277468426142 
1149	 0.275322559953682 
1150	 0.274022014665056 
1151	 0.2723045070575 
1152	 0.270629465670606 
1153	 0.268815753007022 
1154	 0.266648482494656 
1155	 0.264846465912575 
1156	 0.263498492631795 
1157	 0.262187601860276 
1158	 0.261173618952157 
1159	 0.260598655527651 
1160	 0.259891431679968 
1161	 0.259144481795757 
1162	 0.258621232613576 
1163	 0.258373403381681 
1164	 0.257850681097571 
1165	 0.257164601590404 
1166	 0.256708074031501 
1167	 0.256186748971089 
1168	 0.255785934585035 
1169	 0.255683455171483 
1170	 0.255407314544041 
1171	 0.25508383311954 
1172	 0.254673758711393 
1173	 0.254189151705715 
1174	 0.25367862559869 
1175	 0.253346505381166 
1176	 0.253095452623229 
1177	 0.252747669621995 
1178	 0.252517819134978 
1179	 0.252159066875982 
1180	 0.251604082991155 
1181	 0.251144145348169 
1182	 0.250661580853895 
1183	 0.250304317609701 
1184	 0.250070192638297 
1185	 0.249738346185701 
1186	 0.249399266248866 
1187	 0.249099471447556 
1188	 0.24871494756289 
1189	 0.248379955701491 
1190	 0.248342436322759 
1191	 0.248429010068284 
1192	 0.248301174402019 
1193	 0.248106314554199 
1194	 0.247998506966917 
1195	 0.247718243747505 
1196	 0.247656833384091 
1197	 0.247897005688983 
1198	 0.247874439806239 
1199	 0.247700204299771 
1200	 0.247718322236778 
1201	 0.247684408910549 
1202	 0.247791139824376 
1203	 0.248137579935745 
1204	 0.24833603346854 
1205	 0.248494663309385 
1206	 0.248727113987359 
1207	 0.248772589215697 
1208	 0.249016067918133 
1209	 0.249535280995732 
1210	 0.249952723891625 
1211	 0.250429079787751 
1212	 0.25085245103529 
1213	 0.251099590694234 
1214	 0.251455089647674 
1215	 0.251918999790653 
1216	 0.252577521853347 
1217	 0.253112386279313 
1218	 0.253613797675681 
1219	 0.254160277377326 
1220	 0.254720659864054 
1221	 0.255232404354041 
1222	 0.255775379099386 
1223	 0.256348342469511 
1224	 0.256873889743948 
1225	 0.25739886431489 
1226	 0.257982728821275 
1227	 0.258625339958178 
1228	 0.259186076110126 
1229	 0.259692636082311 
1230	 0.260363767676105 
1231	 0.260916147500934 
1232	 0.261405654455868 
1233	 0.262054209989788 
1234	 0.262461604117527 
1235	 0.262829239468066 
1236	 0.263327039229936 
1237	 0.263938652108731 
1238	 0.264349675964023 
1239	 0.264735838512679 
1240	 0.265175031424836 
1241	 0.265482856164852 
1242	 0.265845265137439 
1243	 0.266319256135266 
1244	 0.266776488586873 
1245	 0.267033840702978 
1246	 0.267422730270037 
1247	 0.26795181409361 
1248	 0.268412177426724 
1249	 0.268773797505188 
1250	 0.269104171846399 
1251	 0.269352322334544 
1252	 0.269653044986325 
1253	 0.270169471353689 
1254	 0.270610734262416 
1255	 0.270908436112934 
1256	 0.271093949815695 
1257	 0.271314745276575 
1258	 0.271478280127307 
1259	 0.271701247523437 
1260	 0.271978471246091 
1261	 0.27223253817489 
1262	 0.272508475321719 
1263	 0.272639440706412 
1264	 0.27283629948661 
1265	 0.273019331671161 
1266	 0.273222715745875 
1267	 0.273503442853527 
1268	 0.27364538575201 
1269	 0.273750659872173 
1270	 0.273731478751289 
1271	 0.273539279066334 
1272	 0.273525518193738 
1273	 0.273592984421109 
1274	 0.273616258536342 
1275	 0.27366626419841 
1276	 0.27353397221967 
1277	 0.273348980386546 
1278	 0.27337473326075 
1279	 0.273276170261275 
1280	 0.27304543524523 
1281	 0.272728680730858 
1282	 0.272489934726616 
1283	 0.272104004975375 
1284	 0.271821529392096 
1285	 0.271687213699025 
1286	 0.271500261340663 
1287	 0.27125363712222 
1288	 0.27082210739498 
1289	 0.270389859090821 
1290	 0.270034037885787 
1291	 0.269399544685763 
1292	 0.268800867479463 
1293	 0.268441976156004 
1294	 0.267952989390212 
1295	 0.267548845479202 
1296	 0.267265990478206 
1297	 0.266631467022842 
1298	 0.265746671433748 
1299	 0.265015183398082 
1300	 0.264251734003067 
1301	 0.263391325705837 
1302	 0.262822533392524 
1303	 0.262100124548257 
1304	 0.261154053231165 
1305	 0.260246688251975 
1306	 0.259426065986791 
1307	 0.258468404967725 
1308	 0.257217947234384 
1309	 0.256283268061604 
1310	 0.255364885907989 
1311	 0.254113726988807 
1312	 0.252972478195649 
1313	 0.251767342816646 
1314	 0.250307940110177 
1315	 0.249065398983342 
1316	 0.247847320761691 
1317	 0.246474423046925 
1318	 0.245260546061249 
1319	 0.243683860077889 
1320	 0.241937260748111 
1321	 0.240702467010895 
1322	 0.239202139048281 
1323	 0.237672435692925 
1324	 0.236515594981591 
1325	 0.234882650474854 
1326	 0.233268398258879 
1327	 0.231855792853569 
1328	 0.230137061028992 
1329	 0.228403672418186 
1330	 0.226616483126877 
1331	 0.224709732277255 
1332	 0.22281256636654 
1333	 0.221174744717966 
1334	 0.219458468064512 
1335	 0.217936745759143 
1336	 0.216357354727293 
1337	 0.214379433826522 
1338	 0.212898984375622 
1339	 0.211404354405734 
1340	 0.209693576997502 
1341	 0.208795723112168 
1342	 0.207925003746453 
1343	 0.206703398596906 
1344	 0.205963232640485 
1345	 0.205155786813571 
1346	 0.203853382096511 
1347	 0.203197921236982 
1348	 0.202726298185002 
1349	 0.201228981613397 
1350	 0.200070714668106 
1351	 0.199625830074962 
1352	 0.198878800606764 
1353	 0.198515219630294 
1354	 0.197440619780393 
1355	 0.196242103730317 
1356	 0.195859746138335 
1357	 0.194980094527544 
1358	 0.195531680175501 
1359	 0.195938210132157 
1360	 0.194298470059769 
1361	 0.189426086981724 
1362	 0.191040531257717 
1363	 0.187675119941227 
1364	 0.179809429976854 
1365	 0.189103836234911 
1366	 0.190379873975979 
1367	 0.19512725327579 
1368	 0.213462953305726 
1369	 0.148119395031804 
1370	 8.96971322806551E-02 
1371	 0.138984378110835 
1372	 0.200280345242117 
1373	 0.227711404877703 
1374	 0.206090734973926 
1375	 0.169970486046457 
1376	 0.156639133425396 
1377	 0.118932309329992 
1378	 0.157298733712185 
1379	 0.169333464023936 
1380	 7.47484848354233E-02 
1381	 7.87755254346488E-02 
1382	 9.14581182686252E-02 
1383	 6.23413624213981E-02 
1384	 0.121850809294382 
1385	 0.147109513350267 
1386	 0.144132878085737 
1387	 0.15667173973111 
1388	 0.118621560993341 
1389	 0.107278708650549 
1390	 9.88756581738311E-02 
1391	 9.89625261814581E-02 
1392	 8.89998940851006E-02 
1393	 9.91544676964223E-02 
1394	 9.00904036976975E-02 
1395	 6.37354901949623E-02 
1396	 7.60936190163016E-02 
1397	 9.46180420415104E-02 
1398	 7.46092890311406E-02 
1399	 7.88530521720878E-02 
1400	 8.48512618849255E-02 
1401	 6.32022343912635E-02 
1402	 7.22096319491445E-02 
1403	 7.70934687354522E-02 
1404	 6.00808962007652E-02 
1405	 5.47694209303772E-02 
1406	 5.11352976951611E-02 
1407	 4.66897939597349E-02 
1408	 4.68815730356339E-02 
1409	 4.78404467706326E-02 
1410	 4.91970709230747E-02 
1411	 5.03416214880414E-02 
1412	 0.053334648920449 
1413	 5.49007420895346E-02 
1414	 5.15264639225099E-02 
1415	 4.92474147210296E-02 
1416	 4.68593433231247E-02 
1417	 4.22080047243259E-02 
1418	 4.20593728224286E-02 
1419	 4.44293933113203E-02 
1420	 4.40275883948549E-02 
1421	 4.43608500427391E-02 
1422	 4.50735490694561E-02 
1423	 4.30848276745057E-02 
1424	 4.28538418439924E-02 
1425	 4.45778399960398E-02 
1426	 4.45873629788827E-02 
1427	 4.38337171422096E-02 
1428	 4.36310955368898E-02 
1429	 4.35692546252945E-02 
1430	 4.21565902112425E-02 
1431	 0.042211188537709 
1432	 4.37362654321469E-02 
1433	 0.043117942951023 
1434	 4.16978753685405E-02 
1435	 4.10496099401016E-02 
1436	 0.039928112929349 
1437	 4.01173576640665E-02 
1438	 4.15114321153175E-02 
1439	 4.19430931391421E-02 
1440	 4.14292590248326E-02 
1441	 4.05096330007518E-02 
1442	 4.04316927670258E-02 
1443	 4.08030346774353E-02 
1444	 4.05022609942625E-02 
1445	 4.02053038730114E-02 
1446	 3.98982528023819E-02 
1447	 3.94976510300049E-02 
1448	 3.92732863802516E-02 
1449	 3.90787723046374E-02 
1450	 3.90951474093779E-02 
1451	 3.95766546375301E-02 
1452	 4.01102574863813E-02 
1453	 4.03228855723571E-02 
1454	 4.03264510055221E-02 
1455	 3.96807224080369E-02 
1456	 3.91306490752555E-02 
1457	 3.98226917416908E-02 
1458	 4.04420676382899E-02 
1459	 4.03249116921099E-02 
1460	 4.05365948744592E-02 
1461	 4.05653480348501E-02 
1462	 4.01710248503262E-02 
1463	 4.05158954875886E-02 
1464	 4.08951806079074E-02 
1465	 4.06849023786027E-02 
1466	 4.09242827351842E-02 
1467	 4.13636962602683E-02 
1468	 0.041255432708326 
1469	 4.13651579032518E-02 
1470	 4.16465954652526E-02 
1471	 4.19190234977187E-02 
1472	 4.19283999249725E-02 
1473	 4.24964292433901E-02 
1474	 4.30558160521723E-02 
1475	 4.31554770281659E-02 
1476	 4.34399310201248E-02 
1477	 0.043985935236332 
1478	 4.44046101499824E-02 
1479	 4.45987172928758E-02 
1480	 4.48236424021945E-02 
1481	 4.50249676487601E-02 
1482	 4.54198826559861E-02 
1483	 4.61748387233571E-02 
1484	 4.67345162186806E-02 
1485	 4.72618334264029E-02 
1486	 4.76966360006945E-02 
1487	 4.77261134054614E-02 
1488	 4.80847332464015E-02 
1489	 0.048638840730842 
1490	 4.90589981723387E-02 
1491	 4.96866562786772E-02 
1492	 5.02112102319569E-02 
1493	 5.06387588396137E-02 
1494	 5.10903740150491E-02 
1495	 5.15001340525666E-02 
1496	 5.20271201605372E-02 
1497	 5.24692620153287E-02 
1498	 5.26615842290353E-02 
1499	 5.28494959574862E-02 
1500	 5.32810529226607E-02 
1501	 5.37501123672578E-02 
1502	 5.42367405398704E-02 
1503	 5.50311653654997E-02 
1504	 5.56459784978724E-02 
1505	 0.055912666602707 
1506	 5.64035492741657E-02 
1507	 5.69526189455357E-02 
1508	 5.74934033128509E-02 
1509	 5.80952300183002E-02 
1510	 0.058571126049587 
1511	 5.90028537998387E-02 
1512	 5.94696718100219E-02 
1513	 6.01491162698241E-02 
1514	 0.060855074437128 
1515	 0.061461435132981 
1516	 6.21535586382491E-02 
1517	 6.26506853165097E-02 
1518	 6.29862661824305E-02 
1519	 6.34634227717298E-02 
1520	 6.39285539504118E-02 
1521	 6.45212198242561E-02 
1522	 6.52285117814758E-02 
1523	 6.57738262619497E-02 
1524	 6.63860958087418E-02 
1525	 6.69473400429574E-02 
1526	 6.74917195036568E-02 
1527	 6.82278542203103E-02 
1528	 0.068789773839918 
1529	 0.069258773876323 
1530	 6.99001587559637E-02 
1531	 7.04503747005615E-02 
1532	 7.08245380437312E-02 
1533	 7.14466542354188E-02 
1534	 7.23226269458319E-02 
1535	 7.28416459560768E-02 
1536	 0.073299062096206 
1537	 7.38704315757548E-02 
1538	 7.43081075736682E-02 
1539	 7.46723410261201E-02 
1540	 7.53515767540606E-02 
1541	 7.61049396618255E-02 
1542	 7.66315913756473E-02 
1543	 7.71411688267292E-02 
1544	 7.78121618442446E-02 
1545	 7.83963943957803E-02 
1546	 7.89587455857805E-02 
1547	 7.96577452815031E-02 
1548	 8.01954993056729E-02 
1549	 8.05802090780497E-02 
1550	 8.10887289436801E-02 
1551	 8.16467679630676E-02 
1552	 8.21381055567588E-02 
1553	 8.26614126770559E-02 
1554	 0.083316300523665 
1555	 0.083948798985819 
1556	 0.08448677512089 
1557	 8.50828478000995E-02 
1558	 8.56171513506874E-02 
1559	 8.60083719604992E-02 
1560	 0.086509356386332 
1561	 8.72026499018524E-02 
1562	 8.77693104889668E-02 
1563	 8.81193088737479E-02 
1564	 8.85868789312635E-02 
1565	 8.90607525114282E-02 
1566	 8.95018615729672E-02 
1567	 9.01458731599171E-02 
1568	 9.07382173863832E-02 
1569	 9.13222810224828E-02 
1570	 9.18582576926362E-02 
1571	 9.21946550145747E-02 
1572	 0.092665544825695 
1573	 0.093099144789399 
1574	 9.35999071093386E-02 
1575	 9.43497078050506E-02 
1576	 9.48914720424353E-02 
1577	 9.53008139392576E-02 
1578	 9.57449675537009E-02 
1579	 9.62475106186524E-02 
1580	 9.68154880760324E-02 
1581	 9.73767084258814E-02 
1582	 9.79504358110707E-02 
1583	 0.098414951709026 
1584	 0.098878784499929 
1585	 9.93796085924693E-02 
1586	 9.98194238995437E-02 
1587	 0.100233464445284 
1588	 0.100567017960156 
1589	 0.100931882549521 
1590	 0.101369087833546 
1591	 0.101781679772327 
1592	 0.10226191799933 
1593	 0.102793101467396 
1594	 0.103279763143475 
1595	 0.103754656100759 
1596	 0.1042958494973 
1597	 0.104943871127239 
1598	 0.105359027515189 
1599	 0.105623862518649 
1600	 0.106174172672182 
1601	 0.106468054693293 
1602	 0.106644563676064 
1603	 0.107312507670263 
1604	 0.107708919686441 
1605	 0.107863151631712 
1606	 0.108428627953796 
1607	 0.108925446723607 
1608	 0.109218463891752 
1609	 0.109637374729925 
1610	 0.110035457503987 
1611	 0.110307126061542 
1612	 0.110616617974178 
1613	 0.111026779553348 
1614	 0.111303276655626 
1615	 0.11158990407107 
1616	 0.11214467236528 
1617	 0.112430896549386 
1618	 0.112650081397671 
1619	 0.113190898084043 
1620	 0.113473541637609 
1621	 0.11375815926516 
1622	 0.11426664221541 
1623	 0.114335377590044 
1624	 0.114300453918573 
1625	 0.114805241239363 
1626	 0.115249140402873 
1627	 0.115413838310454 
1628	 0.115777668445599 
1629	 0.115886380438303 
1630	 0.115711997852648 
1631	 0.116051352664697 
1632	 0.116560450218652 
1633	 0.116697584307144 
1634	 0.116956533540172 
1635	 0.117326007777782 
1636	 0.117471781879716 
1637	 0.117861743729583 
1638	 0.118252370722662 
1639	 0.118238261478986 
1640	 0.118258482290686 
1641	 0.118397379638492 
1642	 0.118793324081591 
1643	 0.119254706845084 
1644	 0.119510606839929 
1645	 0.11968738745529 
1646	 0.1195878566397 
1647	 0.119705786174777 
1648	 0.120125403623543 
1649	 0.120179403499094 
1650	 0.120287435306931 
1651	 0.120464855583607 
1652	 0.120317280672787 
1653	 0.12037198131611 
1654	 0.120587188922136 
1655	 0.120578948627005 
1656	 0.120676747044647 
1657	 0.120895209465079 
1658	 0.120852733414785 
1659	 0.12079973753105 
1660	 0.12083824415837 
1661	 0.120775916669968 
1662	 0.120812774159801 
1663	 0.120792624718771 
1664	 0.120617296206689 
1665	 0.12047418460664 
1666	 0.12020706202329 
1667	 0.120099852227802 
1668	 0.120175396768177 
1669	 0.11988983347869 
1670	 0.119702763525717 
1671	 0.119548502222483 
1672	 0.119160804094066 
1673	 0.119091224211256 
1674	 0.118966100761668 
1675	 0.118854356024178 
1676	 0.118880875281099 
1677	 0.11848461685244 
1678	 0.11811756013754 
1679	 0.117851636856147 
1680	 0.11735063653373 
1681	 0.117154237262252 
1682	 0.117073823906951 
1683	 0.116567050807075 
1684	 0.116034360800698 
1685	 0.115629125014728 
1686	 0.115327074007057 
1687	 0.115191838706259 
1688	 0.1149353343046 
1689	 0.114583445260867 
1690	 0.114023112209365 
1691	 0.113401691277064 
1692	 0.113047744391285 
1693	 0.112748525809493 
1694	 0.112489265606645 
1695	 0.112213691019872 
1696	 0.111838237189215 
1697	 0.11141659343803 
1698	 0.111225482555633 
1699	 0.111099393954044 
1700	 0.110940850282581 
1701	 0.110962169359598 
1702	 0.110263145051611 
1703	 0.109838248682084 
1704	 0.109408228657475 
1705	 0.108996584304992 
1706	 0.108878496886894 
1707	 0.108617147278785 
1708	 0.108103049976831 
1709	 0.107806915834632 
1710	 0.107665851765397 
1711	 0.107347297051478 
1712	 0.107075441518409 
1713	 0.106808432069839 
1714	 0.106420703165533 
1715	 0.106059525238565 
1716	 0.105704409200273 
1717	 0.105351176733526 
1718	 0.104895329227394 
1719	 0.104668084514471 
1720	 0.10469705716858 
1721	 0.104580181686327 
1722	 0.104594140136887 
1723	 0.104341339670195 
1724	 0.10375008360082 
1725	 0.10344623946398 
1726	 0.103095893913119 
1727	 0.102894047223652 
1728	 0.103044952116436 
1729	 0.102894585742136 
1730	 0.102696532712158 
1731	 0.102408907275231 
1732	 0.101704132107907 
1733	 0.101547045134207 
1734	 0.101716240492416 
1735	 0.101623815176658 
1736	 0.101828488184608 
1737	 0.101800284439182 
1738	 0.101358532448075 
1739	 0.101168225348611 
1740	 0.101224570456305 
1741	 0.100881564080287 
1742	 0.100291910336925 
1743	 0.100021859764312 
1744	 9.96489871932329E-02 
1745	 9.94562105710087E-02 
1746	 9.96302253688408E-02 
1747	 9.93863753467453E-02 
1748	 9.89161967971517E-02 
1749	 9.86314953431394E-02 
1750	 9.83063456475655E-02 
1751	 9.80414586343321E-02 
1752	 9.79759109818533E-02 
1753	 9.77791713364178E-02 
1754	 0.097103178950652 
1755	 9.64931022119675E-02 
1756	 9.61800355534391E-02 
1757	 0.095937226029297 
1758	 9.58842106400013E-02 
1759	 9.55958208500087E-02 
1760	 9.49290179882845E-02 
1761	 9.44928799524729E-02 
1762	 9.42883338522363E-02 
1763	 9.41124173204811E-02 
1764	 9.40091975804771E-02 
1765	 9.40261019033446E-02 
1766	 9.36743481505801E-02 
1767	 9.31765825745095E-02 
1768	 9.32283724588536E-02 
1769	 9.28834343312506E-02 
1770	 9.22344149942462E-02 
1771	 9.22013174994113E-02 
1772	 9.21378630524116E-02 
1773	 9.23523100674803E-02 
1774	 9.23487049203562E-02 
1775	 9.22152560782936E-02 
1776	 9.22110214827063E-02 
1777	 9.18948439161743E-02 
1778	 9.17964084369082E-02 
1779	 9.22070341580735E-02 
1780	 9.22076807088874E-02 
1781	 9.22148681421353E-02 
1782	 9.19956579515608E-02 
1783	 9.10151459205483E-02 
1784	 9.07945239879365E-02 
1785	 9.08637921421869E-02 
1786	 9.08405900056427E-02 
1787	 9.16308724827176E-02 
1788	 9.15545743158231E-02 
1789	 9.07009195400694E-02 
1790	 0.090263299352067 
1791	 8.94016743534147E-02 
1792	 8.91181440912694E-02 
1793	 8.91852844731077E-02 
1794	 0.089615661801776 
1795	 9.10415052177795E-02 
1796	 9.14151047080204E-02 
1797	 9.17694488868527E-02 
1798	 9.15973103821469E-02 
1799	 9.01280421954251E-02 
1800	 8.91665581380889E-02 
1801	 0.087986211286395 
1802	 8.74738522911334E-02 
1803	 0.087092514638229 
1804	 8.76880653334007E-02 
1805	 9.00950592130122E-02 
1806	 9.09162400565105E-02 
1807	 9.14353284620679E-02 
1808	 9.23609834753299E-02 
1809	 9.24779617284331E-02 
1810	 9.49940420049259E-02 
1811	 0.095599897780393 
1812	 9.42778673758223E-02 
1813	 9.64723708083551E-02 
1814	 9.38722992934414E-02 
1815	 9.17068439799162E-02 
1816	 9.15116845461972E-02 
1817	 8.62180295560948E-02 
1818	 9.23074533747442E-02 
1819	 9.69630651222821E-02 
1820	 0.105499541596648 
1821	 0.113230075048653 
1822	 0.116753211109425 
1823	 0.12291345828676 
1824	 0.132297436232701 
1825	 0.139863439519513 
1826	 0.153190576986092 
1827	 0.155098703938235 
1828	 0.130397867931547 
1829	 0.120371471413515 
1830	 0.103502630139605 
1831	 1.34962969923404E-02 
1832	 7.88184458767308E-02 
1833	 0.109694627347057 
1834	 0.494993106526737 
1835	 0.905829120984826 
1836	 4.53137609768889E-02 
1837	-3.05352765914036E-02 
1838	 0.172148438671758 
1839	 0.673168302590698 
1840	 1.01337136070371 
1841	 1.24970477297416 
1842	 1.29002764483691 
1843	-0.162284482358443 
1844	-0.427832291950116 
1845	-1.36697869993313 
1846	 4.14318754394321 
1847	 0.855659891965401 
1848	 2.29670877038462 
1849	 1.75192482033636 
1850	 0.768809768726387 
1851	 0.883194017283813 
1852	 2.73088837811783 
1853	 3.08909046303244 
1854	 9.27703566147696 
1855	 6.24017863153201 
1856	 0.502173833175457 
1857	 0.474622099842186 
1858	 1.86233301516211 
1859	 4.22461899071676 
1860	 2.23597756537608 
1861	 10.75728755023 
1862	 3.06457057014177 
1863	-0.18996884917076 
1864	-0.329514559017202 
1865	-0.737477143051641 
1866	-0.72784206771571 
1867	-0.315207316775371 
1868	 0.101147798976512 
1869	 0.20291522262003 
1870	 0.405940659731842 
1871	 0.67545768811278 
1872	 1.29821607616048 
1873	 1.04223189693191 
1874	 0.914122823651125 
1875	 0.866176776090306 
1876	 0.82249774309624 
1877	 0.181484002406468 
1878	 0.040543851949186 
1879	 5.81629266665542E-02 
1880	-3.73751711668651E-02 
1881	-4.70747204159725E-02 
1882	 2.36822002133098E-02 
1883	 9.01102986073138E-02 
1884	 0.126859277673175 
1885	 0.393376898523843 
1886	 0.277722021217686 
1887	-5.96889053476561E-02 
1888	-0.119568165985448 
1889	-0.210972790689983 
1890	-0.129196298648235 
1891	-0.105132825265783 
1892	 2.62569632031958E-02 
1893	 3.47856399835593E-02 
1894	-0.104018548928663 
1895	-0.151248192160929 
1896	-0.251218211982285 
1897	-5.74284798429133E-02 
1898	 0.142330110036644 
1899	 0.289902595032336 
1900	 0.448511101362632 
1901	 0.135336117814513 
1902	-2.45368336140095E-02 
1903	-0.390801000438945 
1904	-0.459947362744577 
1905	-0.311695509641182 
1906	-0.166006699887329 
1907	 9.34056870944114E-02 
1908	 0.155621156567537 
1909	 0.134640837710529 
1910	 0.251265572144125 
1911	 0.116463227084699 
1912	-1.79796421080237E-02 
1913	-3.12938097628996E-02 
1914	-1.38001080852418E-02 
1915	-3.96451098745232E-03 
1916	 3.75742383389715E-02 
1917	 0.091651170609701 
1918	 7.19143486072788E-02 
1919	 2.58365904819582E-02 
1920	 2.05841878198752E-02 
1921	 3.45925286581944E-02 
1922	 4.6015212036045E-03 
1923	 9.35652084495858E-03 
1924	 2.18274027340894E-02 
1925	 0.044903067858217 
1926	 1.06106633494879E-02 
1927	-4.92981086508145E-03 
1928	 1.10135902663123E-02 
1929	 8.82379832013396E-03 
1930	 0.024979543280118 
1931	 4.95429864363369E-02 
1932	 3.86142132388932E-02 
1933	 0.028325723121226 
1934	 2.96779125458598E-02 
1935	 2.85927660697475E-02 
1936	 2.53942141937102E-02 
1937	 4.11500973977032E-02 
1938	 5.11384165347377E-02 
1939	 3.60939374388218E-02 
1940	 2.99383137144415E-02 
1941	 2.63528499681084E-02 
1942	 1.59783304437827E-02 
1943	 1.81559205520321E-02 
1944	 2.45461847498045E-02 
1945	 2.13239261569576E-02 
1946	 0.019643092584968 
1947	 1.80558841103502E-02 
1948	 1.83228224149723E-02 
1949	 1.49661690576072E-02 
1950	 1.37902690605708E-02 
1951	 1.73342953313214E-02 
1952	 1.79742894752122E-02 
1953	 0.018144441109336 
1954	 2.06634444689237E-02 
1955	 1.90961877838495E-02 
1956	 1.72737899670493E-02 
1957	 1.68264103001094E-02 
1958	 1.65648731749571E-02 
1959	 1.66871742728461E-02 
1960	 1.80173024411528E-02 
1961	 1.61237125488704E-02 
1962	 0.014446605353965 
1963	 1.53986970909293E-02 
1964	 0.015735449344977 
1965	 1.63380853835805E-02 
1966	 1.76097779994739E-02 
1967	 1.73171823710441E-02 
1968	 1.61090969108803E-02 
1969	 1.60699665977895E-02 
1970	 1.68766573489133E-02 
1971	 1.77970611889527E-02 
1972	 1.77830550559022E-02 
1973	 1.76857081837787E-02 
1974	 1.79229834524712E-02 
1975	 1.77618249975406E-02 
1976	 0.017643233898392 
1977	 1.83150970237417E-02 
1978	 0.019107425187322 
1979	 1.91738149434611E-02 
1980	 0.018492516319872 
1981	 1.85642562176047E-02 
1982	 1.88175447687497E-02 
1983	 0.019187412354669 
1984	 1.90667603574899E-02 
1985	 1.92738936811255E-02 
1986	 1.92754655546721E-02 
1987	 1.87079860275784E-02 
1988	 1.87970066896969E-02 
1989	 1.95376408021985E-02 
1990	 1.97049911414389E-02 
1991	 1.96847740691374E-02 
1992	 2.01623165530612E-02 
1993	 2.03083978859647E-02 
1994	 2.05822707393182E-02 
1995	 2.05616288662763E-02 
1996	 2.02711656709434E-02 
1997	 1.91610767957455E-02 
1998	 1.92885135671895E-02 
1999	 1.98594936450102E-02 
2000	 0.020012067034097 
2001	 2.04928983350208E-02 
2002	 2.02088971975503E-02 
2003	 1.99413536748071E-02 
2004	 2.12270464341824E-02 
2005	 2.19066733434551E-02 
2006	 2.20195800775961E-02 
2007	 0.021520443419696 
2008	 2.15692203035008E-02 
2009	 2.09743517078273E-02 
2010	 2.05862599342489E-02 
2011	 2.11168048829592E-02 
2012	 2.00226549445999E-02 
2013	 2.09862232773992E-02 
2014	 0.023511221386499 
2015	 2.37495697903606E-02 
2016	 2.45332149820875E-02 
2017	 2.44301689509689E-02 
2018	 2.29806254475201E-02 
2019	 2.27336062510219E-02 
2020	 2.38183780259718E-02 
2021	 2.42737318010172E-02 
2022	 2.46997032808545E-02 
2023	 0.024566363862291 
2024	 2.45145473164309E-02 
2025	 2.47973920210697E-02 
2026	 2.45503949952744E-02 
2027	 2.42846384233227E-02 
2028	 2.46997734631281E-02 
2029	 2.51618074988684E-02 
2030	 2.52449455816343E-02 
2031	 2.54673583304465E-02 
2032	 2.55118272549557E-02 
2033	 2.51237511103905E-02 
2034	 2.49466207304007E-02 
2035	 0.024625994238168 
2036	 2.48883988570273E-02 
2037	 2.56487326425813E-02 
2038	 2.61672208959165E-02 
2039	 2.61889416504179E-02 
2040	 2.64433406287836E-02 
2041	 2.65706131767715E-02 
2042	 2.62886797481556E-02 
2043	 2.64308632306044E-02 
2044	 0.026734745343405 
2045	 2.68326710882267E-02 
2046	 2.66413026647485E-02 
2047	 2.66329517323498E-02 
2048	 2.63305729827512E-02 
2049	 2.65208492927865E-02 
2050	 2.72749706432047E-02 
2051	 2.73524199327556E-02 
2052	 2.65759143934704E-02 
2053	 2.70260827876177E-02 
2054	 2.69170248415073E-02 
2055	 0.026585597438944 
2056	 2.75142442785367E-02 
2057	 2.84977178135301E-02 
2058	 2.79113311286376E-02 
2059	 2.69861178804999E-02 
2060	 2.72747856394654E-02 
2061	 2.82319321170375E-02 
2062	 2.84926855387439E-02 
2063	 2.97294410095756E-02 
2064	 3.04039689719391E-02 
2065	 3.04359987503047E-02 
2066	 2.98869268202891E-02 
2067	 2.98891761842487E-02 
2068	 2.95449997394332E-02 
2069	 2.94827669036496E-02 
2070	 2.90441891463409E-02 
2071	 0.029131036147564 
2072	 3.02975056713518E-02 
2073	 3.00041868143587E-02 
2074	 2.91468912765477E-02 
2075	 2.92238339423249E-02 
2076	 2.94268262912731E-02 
2077	 2.95657308063623E-02 
2078	 3.05642064642878E-02 
2079	 3.10256079873694E-02 
2080	 3.13498252241022E-02 
2081	 3.08706080613782E-02 
2082	 3.10815827432853E-02 
2083	 3.12502323346195E-02 
2084	 3.11849840041379E-02 
2085	 3.16286458046148E-02 
2086	 3.17164545178138E-02 
2087	 3.15885760592501E-02 
2088	 3.19493334816709E-02 
2089	 3.22147819473455E-02 
2090	 3.21670209246088E-02 
2091	 3.16875653873209E-02 
2092	 3.19357295259123E-02 
2093	 0.032448360766254 
2094	 3.24214303476352E-02 
2095	 3.25209293401797E-02 
2096	 3.25472009045871E-02 
2097	 0.032000990009993 
2098	 3.19755444381645E-02 
2099	 3.23006840163892E-02 
2100	 3.23817735305024E-02 
2101	 3.24662109059147E-02 
2102	 3.23424553630802E-02 
2103	 3.23646880319405E-02 
2104	 3.28619627909294E-02 
2105	 3.32948133124914E-02 
2106	 3.37769936490032E-02 
2107	 3.41302526992808E-02 
2108	 3.44955259093855E-02 
2109	 3.46097262696316E-02 
2110	 0.034145764820353 
2111	 3.44733518593359E-02 
2112	 3.52925922165925E-02 
2113	 3.56725491417439E-02 
2114	 3.62145431614533E-02 
2115	 3.70145336066903E-02 
2116	 3.70316466873494E-02 
2117	 0.036634134860182 
2118	 3.68300375819489E-02 
2119	 3.72482505348288E-02 
2120	 3.70417870024636E-02 
2121	 3.69158830347933E-02 
2122	 3.72115649788253E-02 
2123	 3.69671796377437E-02 
2124	 0.036914706440364 
2125	 0.037289368712857 
2126	 3.73770969466107E-02 
2127	 3.68544013516792E-02 
2128	 3.70323724987982E-02 
2129	 3.80960716052616E-02 
2130	 3.81311299221203E-02 
2131	 3.75097545972104E-02 
2132	 3.75099762906892E-02 
2133	 3.73260158595516E-02 
2134	 3.71282429002723E-02 
2135	 3.70847792796195E-02 
2136	 3.78920904370951E-02 
2137	 3.87726785962767E-02 
2138	 3.87112182384501E-02 
2139	 3.87473630173485E-02 
2140	 3.94708173059555E-02 
2141	 3.99288316905135E-02 
2142	 3.92585090126055E-02 
2143	 3.93960091820017E-02 
2144	 4.04664687092394E-02 
2145	 4.07948621876577E-02 
2146	 4.07784458110357E-02 
2147	 4.09500277954546E-02 
2148	 4.07831076022932E-02 
2149	 4.06965735692844E-02 
2150	 4.09504354177637E-02 
2151	 4.06923593602507E-02 
2152	 3.99898260320733E-02 
2153	 3.97487199973516E-02 
2154	 3.95197382017626E-02 
2155	 3.99158738835078E-02 
2156	 0.040329230676577 
2157	 4.03057703265816E-02 
2158	 4.06978724866552E-02 
2159	 4.03198402003834E-02 
2160	 3.96538602921586E-02 
2161	 0.040128972683226 
2162	 4.05226567655069E-02 
2163	 4.04418988274649E-02 
2164	 4.05856395752895E-02 
2165	 0.041437035913828 
2166	 4.19510165411594E-02 
2167	 4.24600053466701E-02 
2168	 4.24565044399727E-02 
2169	 4.19803666911703E-02 
2170	 4.19738574157676E-02 
2171	 4.16668289802716E-02 
2172	 4.12410214808484E-02 
2173	 4.08886531349724E-02 
2174	 4.15334459913778E-02 
2175	 4.19983525585131E-02 
2176	 4.19087208689252E-02 
2177	 4.27134599338998E-02 
2178	 0.04418473440363 
2179	 4.43477605085117E-02 
2180	 4.34539502888728E-02 
2181	 4.31552392669933E-02 
2182	 4.32487963899674E-02 
2183	 4.32547340388422E-02 
2184	 0.043975356557012 
2185	 4.43259734376905E-02 
2186	 4.42079730938353E-02 
2187	 4.44128132090367E-02 
2188	 4.53476936082244E-02 
2189	 4.55457742650745E-02 
2190	 4.51166600838375E-02 
2191	 4.51806729836841E-02 
2192	 4.51531496481315E-02 
2193	 4.50873776774902E-02 
2194	 4.54898985068468E-02 
2195	 4.56692578903815E-02 
2196	 4.56543838628096E-02 
2197	 4.52174991784151E-02 
2198	 4.55921270764248E-02 
2199	 4.59309519673743E-02 
2200	 4.55350910744607E-02 
2201	 4.47759209567727E-02 
2202	 4.40675583455242E-02 
2203	 4.39027006635228E-02 
2204	 4.41959621039211E-02 
2205	 4.57321025155575E-02 
2206	 4.71026982720848E-02 
2207	 4.67802720134948E-02 
2208	 4.65247735119895E-02 
2209	 4.63225128890204E-02 
2210	 4.64940616072073E-02 
2211	 4.64208187200889E-02 
2212	 4.66012141096564E-02 
2213	 4.80642715510762E-02 
2214	 4.78310610277797E-02 
2215	 4.56176675074415E-02 
2216	 4.55205837201135E-02 
2217	 4.65044525909778E-02 
2218	 4.61606792686514E-02 
2219	 4.63294761700396E-02 
2220	 0.045991823661981 
2221	 4.39944482001265E-02 
2222	 4.29526570550078E-02 
2223	 4.44044747965945E-02 
2224	 0.044816639720279 
2225	 4.35926497166136E-02 
2226	 4.31590345932894E-02 
2227	 4.37107738053123E-02 
2228	 4.42067394281579E-02 
2229	 0.044882675085319 
2230	 4.48115279505061E-02 
2231	 4.42657100944639E-02 
2232	 4.41012108106535E-02 
2233	 4.45706727750022E-02 
2234	 4.58415789759001E-02 
2235	 4.56961748035442E-02 
2236	 4.45183323849581E-02 
2237	 4.39956941255283E-02 
2238	 4.39047783376832E-02 
2239	 4.36993727337421E-02 
2240	 4.32669468911282E-02 
2241	 4.30946797478398E-02 
2242	 0.043660707437197 
2243	 4.35854332441951E-02 
2244	 4.30274279807215E-02 
2245	 4.27259335417432E-02 
2246	 4.20967981555382E-02 
2247	 4.15345605986991E-02 
2248	 4.10600601258048E-02 
2249	 4.09738875586487E-02 
2250	 4.12316508124359E-02 
2251	 0.040962950421807 
2252	 4.04630914299142E-02 
2253	 4.20920188257663E-02 
2254	 4.21982023535401E-02 
2255	 4.11515449913399E-02 
2256	 4.19858768366511E-02 
2257	 4.03585718228825E-02 
2258	 3.81825166315998E-02 
2259	 3.86149190133549E-02 
2260	 3.90659134615241E-02 
2261	 3.89730563211673E-02 
2262	 3.92332589083532E-02 
2263	 4.07869249393527E-02 
2264	 4.12261464150228E-02 
2265	 3.90859155918429E-02 
2266	 3.82177784581136E-02 
2267	 0.037968375928913 
2268	 3.61938421203085E-02 
2269	 3.60101450838164E-02 
2270	 3.66601025390426E-02 
2271	 3.56838295121728E-02 
2272	 3.49875091091178E-02 
2273	 3.42027204040794E-02 
2274	 3.41921730073519E-02 
2275	 3.47597654988538E-02 
2276	 3.43360943576943E-02 
2277	 3.40021925511952E-02 
2278	 0.033966002524347 
2279	 3.25877362481689E-02 
2280	 3.18926859536804E-02 
2281	 3.27443007269905E-02 
2282	 3.25397356814283E-02 
2283	 3.11049354175603E-02 
2284	 3.14952137210973E-02 
2285	 0.033277622630944 
2286	 3.36834658711432E-02 
2287	 3.41579484107199E-02 
2288	 3.47114031798637E-02 
2289	 3.49381414809136E-02 
2290	 3.28968691057378E-02 
2291	 0.030905852096025 
2292	 3.10642209728191E-02 
2293	 3.12397302817157E-02 
2294	 3.13104457255902E-02 
2295	 3.22038690847005E-02 
2296	 3.12404075950978E-02 
2297	 2.92274957837032E-02 
2298	 2.84116284390007E-02 
2299	 2.81122553343003E-02 
2300	 2.97211379257888E-02 
2301	 3.25791590886904E-02 
2302	 3.41538698278552E-02 
2303	 3.30100190655154E-02 
2304	 2.97549486807175E-02 
2305	 0.026863006220454 
2306	 2.62924689338483E-02 
2307	 2.85535626898939E-02 
2308	 3.06278250578346E-02 
2309	 3.02170007390266E-02 
2310	 2.95836017346007E-02 
2311	 2.91800359509274E-02 
2312	 0.028226003950395 
2313	 2.87367116671078E-02 
2314	 2.97993272739675E-02 
2315	 2.94268418469337E-02 
2316	 2.81920517568013E-02 
2317	 2.69506491130545E-02 
2318	 0.024843650925978 
2319	 2.46843021218219E-02 
2320	 2.66727426747173E-02 
2321	 2.75767765502002E-02 
2322	 2.94852083795789E-02 
2323	 2.97240249091081E-02 
2324	 2.74389351539384E-02 
2325	 2.70965799992914E-02 
2326	 0.028358649427197 
2327	 2.76097569796888E-02 
2328	 2.53330637634984E-02 
2329	 2.50410041193159E-02 
2330	 2.53092730072809E-02 
2331	 2.54515116804476E-02 
2332	 2.64146884324634E-02 
2333	 2.74891068083347E-02 
2334	 2.87003899403861E-02 
2335	 2.78665563991837E-02 
2336	 2.73734168388465E-02 
2337	 2.65881178267152E-02 
2338	 2.20981294687903E-02 
2339	 2.11784087549593E-02 
2340	 2.28882279580019E-02 
2341	 2.40365490549497E-02 
2342	 2.20373538878081E-02 
2343	 0.019323161904052 
2344	 2.05321078794721E-02 
2345	 2.16264303857668E-02 
2346	 2.54530973012711E-02 
2347	 3.22536229375562E-02 
2348	 3.14807713899789E-02 
2349	 2.64607257209804E-02 
2350	 2.36933836092101E-02 
2351	 0.023299813120228 
2352	 2.54389779023317E-02 
2353	 2.71326329097138E-02 
2354	 2.79299137307537E-02 
2355	 2.52963786626996E-02 
2356	 1.97628473470359E-02 
2357	 1.80109509485588E-02 
2358	 2.04708268307793E-02 
2359	 2.22424752075448E-02 
2360	 2.04232803218632E-02 
2361	 1.94741385270449E-02 
2362	 1.75010646678458E-02 
2363	 1.73681332589753E-02 
2364	 2.31239978108805E-02 
2365	 2.60547934074635E-02 
2366	 2.51948570442367E-02 
2367	 2.20759219573064E-02 
2368	 2.01635475019816E-02 
2369	 2.07713126190094E-02 
2370	 2.30732832996157E-02 
2371	 3.08068376909727E-02 
2372	 3.12107538902876E-02 
2373	 2.13965581853439E-02 
2374	 1.76413259579166E-02 
2375	 1.60522425291057E-02 
2376	 1.65350989238538E-02 
2377	 2.40316686520663E-02 
2378	 0.026383738856731 
2379	 2.29083376321682E-02 
2380	 2.39525675627495E-02 
2381	 2.89405855517591E-02 
2382	 3.09206977146252E-02 
2383	 2.94206695662476E-02 
2384	 2.52531029283395E-02 
2385	 2.30067232798677E-02 
2386	 3.04292839616247E-02 
2387	 3.57588290929886E-02 
2388	 0.03018172122775 
2389	 2.09880540627901E-02 
2390	 1.86982056336592E-02 
2391	 2.17721194784156E-02 
2392	 2.41105423104064E-02 
2393	 3.15463033967642E-02 
2394	 3.16153866380362E-02 
2395	 1.58367802782832E-02 
2396	 0.010814713523378 
2397	 1.97182784758545E-02 
2398	 2.28320212749196E-02 
2399	 2.67124189219307E-02 
2400	 3.08343279761375E-02 
2401	 2.50045523774544E-02 
2402	 2.08683800394973E-02 
2403	 2.40740246966042E-02 
2404	 2.97190611101296E-02 
2405	 2.96738111144183E-02 
2406	 2.18220863415856E-02 
2407	 1.94752815310754E-02 
2408	 1.67452136607607E-02 
2409	 1.03078737220061E-02 
2410	 6.99402895571418E-03 
2411	 4.80916819384227E-03 
2412	 1.57525810041677E-02 
2413	 2.55101097610923E-02 
2414	 2.16674773444831E-02 
2415	 2.47969920222602E-02 
2416	 2.57488948552002E-02 
2417	 2.39789259442307E-02 
2418	 0.033794246714953 
2419	 0.036629207382113 
2420	 2.52382680242677E-02 
2421	 1.59661240581996E-02 
2422	 0.017038244206622 
2423	 0.015375493205389 
2424	 8.75399528348478E-03 
2425	 1.30716434526645E-02 
2426	 1.58044062535171E-02 
2427	 1.31427056866675E-02 
2428	 2.20904792080761E-02 
2429	 1.95840912065816E-02 
2430	 1.34580113778853E-03 
2431	 1.52666789758347E-03 
2432	 3.25963983660988E-03 
2433	 2.53725428177399E-05 
2434	 1.90041443424286E-02 
2435	 3.01088121398515E-02 
2436	 1.93971424575656E-02 
2437	 1.10262490554539E-02 
2438	 7.13749552259069E-03 
2439	 4.65458890871773E-03 
2440	 7.69595417986098E-03 
2441	 1.76373290779749E-02 
2442	 1.97284357613825E-02 
2443	 1.50042984551566E-02 
2444	 1.37389608186309E-02 
2445	 1.00335479597585E-02 
2446	 1.00933863541006E-02 
2447	 7.32037617282914E-03 
2448	 1.77751046036337E-02 
2449	 3.53079379788041E-02 
2450	 1.17826623361248E-02 
2451	-9.55105587458323E-04 
2452	-3.97182213050367E-03 
2453	-3.43083507830896E-02 
2454	-1.93462297118235E-02 
2455	-3.70494060904856E-03 
2456	-2.45708658281355E-02 
2457	-9.04844169748643E-04 
2458	 0.015147440439201 
2459	 1.41266921190626E-02 
2460	 3.83294306350415E-02 
2461	 3.22801581375942E-02 
2462	 3.16461118282307E-02 
2463	 4.15265619132115E-02 
2464	 2.35610921886025E-02 
2465	 2.41902040349478E-02 
2466	 2.26312617082058E-02 
2467	 5.30123429194468E-03 
2468	 1.89903729347894E-02 
2469	 2.05471006858017E-02 
2470	 1.26782032923568E-02 
2471	 1.50836389414045E-02 
2472	 2.48770329729175E-02 
2473	 2.74549966017325E-02 
2474	 4.37547655209064E-02 
2475	 6.33982706708443E-02 
2476	 5.21012916288587E-02 
2477	 4.75062405920588E-02 
2478	 8.71032549766941E-02 
2479	 2.75134490648983E-02 
2480	-3.19319912844927E-02 
2481	 1.14414142918643E-02 
2482	 3.56666399512451E-02 
2483	 5.54335163614429E-02 
2484	 0.144888107964654 
2485	 0.141576992657012 
2486	-1.57260672051689E-02 
2487	-9.89847662610842E-02 
2488	-0.107289245259328 
2489	-0.250906464452985 
2490	-0.286272095012944 
2491	-0.248611085803826 
2492	-0.483006358728073 
2493	-0.38144561494719 
2494	-1.43752707854293E-02 
2495	 2.79117428490271E-02 
2496	 4.64798671158934E-02 
2497	 2.09325244128495E-02 
2498	-0.238083456383801 
2499	-0.165733793030486 
2500	 2.50248299340103E-04 
