Wavelength	09/27/123 at 12:35:08
350	 2.37501879872998E-02 
351	 2.38360300632009E-02 
352	 2.42506633915831E-02 
353	 2.44858033554868E-02 
354	 2.40180785492574E-02 
355	 2.43206466293357E-02 
356	 2.45164336639107E-02 
357	 2.42096199244971E-02 
358	 2.45172303821746E-02 
359	 2.47197467689122E-02 
360	 2.48126788112713E-02 
361	 2.50512289692552E-02 
362	 2.51098609710521E-02 
363	 2.51499217446108E-02 
364	 0.025270637833567 
365	 2.53450511685413E-02 
366	 2.53485355030449E-02 
367	 2.52553821139435E-02 
368	 0.025087160387831 
369	 2.52783221437476E-02 
370	 2.54672709531582E-02 
371	 2.54510507558819E-02 
372	 0.025593897482217 
373	 2.57653379730809E-02 
374	 2.58742768267783E-02 
375	 2.58477116696008E-02 
376	 2.57146741185923E-02 
377	 2.58208749310451E-02 
378	 2.62306704571218E-02 
379	 2.63040812200409E-02 
380	 2.63816303464042E-02 
381	 2.65722575230769E-02 
382	 2.68720764917151E-02 
383	 2.71646617331126E-02 
384	 2.72970649576176E-02 
385	 2.72522172342847E-02 
386	 2.73012964757556E-02 
387	 0.027366782365217 
388	 2.74733918681503E-02 
389	 2.76694344678289E-02 
390	 2.79222716631446E-02 
391	 2.80157912978568E-02 
392	 0.027944705814037 
393	 2.81071729510755E-02 
394	 2.84061157858766E-02 
395	 2.86382058621677E-02 
396	 2.86201621497229E-02 
397	 2.87547095761653E-02 
398	 2.88614688326369E-02 
399	 2.89032668303491E-02 
400	 2.92042657536953E-02 
401	 2.93477775120451E-02 
402	 2.93760970816696E-02 
403	 2.94676785843947E-02 
404	 2.94668111452593E-02 
405	 0.029540739876567 
406	 2.97455242159625E-02 
407	 2.98967010449269E-02 
408	 3.00399390875516E-02 
409	 3.01587934913519E-02 
410	 3.02415315547618E-02 
411	 3.04377169428983E-02 
412	 3.06246811959154E-02 
413	 3.07524026568767E-02 
414	 3.09316932440706E-02 
415	 3.10973650597175E-02 
416	 3.12356804796215E-02 
417	 3.13477115833407E-02 
418	 3.14086719984946E-02 
419	 3.15216310093787E-02 
420	 0.031708978901998 
421	 0.031853744945045 
422	 3.19568591822249E-02 
423	 3.20834552131177E-02 
424	 3.23056197516551E-02 
425	 3.25527822773742E-02 
426	 0.032745565904819 
427	 3.28765979991739E-02 
428	 3.30433950617416E-02 
429	 3.32642068413517E-02 
430	 3.34745527739152E-02 
431	 0.033611652523862 
432	 3.38148910669445E-02 
433	 3.40309191963868E-02 
434	 3.42096286267927E-02 
435	 3.43166990220964E-02 
436	 3.44945737758336E-02 
437	 3.47366805476379E-02 
438	 3.49852991211939E-02 
439	 3.51975206087707E-02 
440	 3.54031491184804E-02 
441	 3.55874330473344E-02 
442	 3.56642255830933E-02 
443	 3.58561818054063E-02 
444	 0.036104806831166 
445	 3.62969782358205E-02 
446	 3.65051365788651E-02 
447	 3.67072799663392E-02 
448	 3.69074418144192E-02 
449	 3.71519389498855E-02 
450	 3.73698191742783E-02 
451	 0.037543223963167 
452	 3.76787034613613E-02 
453	 3.78114645573671E-02 
454	 3.79894205564668E-02 
455	 3.81880445940566E-02 
456	 3.82997923667267E-02 
457	 3.84629594890685E-02 
458	 0.038666886783247 
459	 3.88645939486689E-02 
460	 3.90410656765246E-02 
461	 3.91821978706166E-02 
462	 3.93002324100852E-02 
463	 3.94310903915548E-02 
464	 3.95894296396256E-02 
465	 3.97742907241049E-02 
466	 3.99680387328913E-02 
467	 4.01243290118343E-02 
468	 4.02208717164135E-02 
469	 4.03141163797465E-02 
470	 4.05258948272919E-02 
471	 4.07170399133147E-02 
472	 4.08750458410378E-02 
473	 4.10104621214599E-02 
474	 4.11037594370075E-02 
475	 4.12576038660115E-02 
476	 4.14366542043928E-02 
477	 4.15057703342925E-02 
478	 4.16315367994655E-02 
479	 4.18206359481791E-02 
480	 4.20340109749828E-02 
481	 4.21873488252485E-02 
482	 4.23652879562986E-02 
483	 4.25576693112698E-02 
484	 4.26932472967675E-02 
485	 0.042848289816288 
486	 4.30968740101584E-02 
487	 4.34212487128344E-02 
488	 4.35759592352815E-02 
489	 4.37275684125642E-02 
490	 4.39377105502759E-02 
491	 4.42002929352397E-02 
492	 4.43942071457676E-02 
493	 4.45916931212518E-02 
494	 4.48346079638199E-02 
495	 4.50320522620555E-02 
496	 4.52578316894514E-02 
497	 4.55221347182886E-02 
498	 4.57999160166152E-02 
499	 4.60352169952846E-02 
500	 4.62684389599035E-02 
501	 4.65246825723287E-02 
502	 0.046776197554564 
503	 4.70493708632354E-02 
504	 4.73097840152445E-02 
505	 4.75244541310454E-02 
506	 4.78193210876882E-02 
507	 4.81053037688289E-02 
508	 4.83413137084826E-02 
509	 4.85806116062437E-02 
510	 4.88344097051006E-02 
511	 4.91028844331202E-02 
512	 0.049379243372542 
513	 4.96567998936686E-02 
514	 4.99393980083906E-02 
515	 5.02164169278876E-02 
516	 5.04572681517562E-02 
517	 5.07367072634563E-02 
518	 0.051067269210703 
519	 5.14155797859225E-02 
520	 5.16754149249997E-02 
521	 5.19458225918927E-02 
522	 5.22698856278252E-02 
523	 5.26327478210436E-02 
524	 5.29818718815327E-02 
525	 5.32767782233329E-02 
526	 5.35276162095499E-02 
527	 5.38912494982395E-02 
528	 5.42532325524463E-02 
529	 5.45769355295405E-02 
530	 5.48955776084818E-02 
531	 5.52504068600388E-02 
532	 5.56341412705789E-02 
533	 5.60206263714946E-02 
534	 5.63647610841608E-02 
535	 5.67609965994851E-02 
536	 5.71603240732591E-02 
537	 5.74529086762517E-02 
538	 5.78264978866205E-02 
539	 0.058283274069636 
540	 5.87747043551962E-02 
541	 5.92047543989582E-02 
542	 5.96249765213105E-02 
543	 6.00497182249179E-02 
544	 0.060482494797522 
545	 6.09234679645068E-02 
546	 0.061357080289289 
547	 6.17912049104484E-02 
548	 6.22708079289234E-02 
549	 6.27482887708162E-02 
550	 6.32355433356974E-02 
551	 0.063753792034327 
552	 6.42481186133813E-02 
553	 6.47316689850938E-02 
554	 6.52143048277034E-02 
555	 0.065700087871838 
556	 6.62040397314728E-02 
557	 6.67322909373302E-02 
558	 6.72755164534461E-02 
559	 0.067791586656769 
560	 6.83075944643331E-02 
561	 6.88495846577917E-02 
562	 6.94444423149575E-02 
563	 7.00074070163632E-02 
564	 7.05145060140544E-02 
565	 0.070983311500868 
566	 7.14991517965761E-02 
567	 7.20727732584227E-02 
568	 0.072650657246016 
569	 7.31495594550637E-02 
570	 7.36887357578211E-02 
571	 7.42421152859129E-02 
572	 0.074762011046739 
573	 0.075208437988273 
574	 7.56849223655114E-02 
575	 7.61870280214313E-02 
576	 7.66614616360718E-02 
577	 7.71621085575912E-02 
578	 7.76637343560597E-02 
579	 7.81534656094425E-02 
580	 0.078649468248316 
581	 7.91286815659148E-02 
582	 7.95906158550368E-02 
583	 8.00387859302383E-02 
584	 8.04723953886604E-02 
585	 0.080903454394277 
586	 8.13582167768424E-02 
587	 8.18866428605808E-02 
588	 8.23783604133917E-02 
589	 8.28668541199551E-02 
590	 8.33579196623323E-02 
591	 0.083742119739985 
592	 8.41181445635309E-02 
593	 8.45391090459985E-02 
594	 8.50083557714869E-02 
595	 8.54829438300102E-02 
596	 8.59233440619748E-02 
597	 8.63278104891484E-02 
598	 8.67606650338595E-02 
599	 0.08719907816526 
600	 0.087622720040983 
601	 8.80242382322364E-02 
602	 8.84511694960956E-02 
603	 8.88558481351462E-02 
604	 8.92220696511213E-02 
605	 8.95871373570725E-02 
606	 8.99013327928711E-02 
607	 9.02311324574634E-02 
608	 9.06435508329924E-02 
609	 9.10459488096734E-02 
610	 9.13614309402518E-02 
611	 9.16162541025489E-02 
612	 9.19325606342665E-02 
613	 9.22139292752997E-02 
614	 9.25091677815961E-02 
615	 9.28610637214065E-02 
616	 9.32120124182415E-02 
617	 9.35643207581682E-02 
618	 9.38791339949822E-02 
619	 9.41209558325799E-02 
620	 9.43720672921347E-02 
621	 9.46808703053997E-02 
622	 9.50344197305124E-02 
623	 9.53114785491717E-02 
624	 0.09560262175336 
625	 9.59062781850932E-02 
626	 9.61936834520734E-02 
627	 9.64932256597739E-02 
628	 9.67957577930139E-02 
629	 9.70755384676576E-02 
630	 9.72967419802854E-02 
631	 9.75634860117724E-02 
632	 9.78266897897618E-02 
633	 9.80379761461334E-02 
634	 9.82806259155045E-02 
635	 9.85830936532501E-02 
636	 9.88801115190031E-02 
637	 9.90602342909313E-02 
638	 9.92576695369271E-02 
639	 9.95019972807393E-02 
640	 9.97827268605253E-02 
641	 0.100037185693524 
642	 0.100302299479979 
643	 0.100546781252224 
644	 0.100746880762881 
645	 0.101057810579745 
646	 0.101326391905859 
647	 0.101520628377223 
648	 0.101781103471353 
649	 0.102100034492021 
650	 0.102395723381804 
651	 0.102615574239886 
652	 0.102854150758942 
653	 0.103087094165296 
654	 0.103298971930701 
655	 0.103499342093016 
656	 0.103877970436032 
657	 0.104227253372026 
658	 0.104424065151041 
659	 0.104605749530868 
660	 0.10483940219843 
661	 0.105121086242459 
662	 0.10540731808061 
663	 0.105593719036385 
664	 0.105833161982722 
665	 0.106127061617834 
666	 0.106320574916298 
667	 0.106563299187087 
668	 0.106817529302032 
669	 0.10705355587836 
670	 0.107378787855535 
671	 0.107655675784577 
672	 0.107872943933367 
673	 0.108094783672969 
674	 0.108399896726816 
675	 0.108675088268065 
676	 0.108884981143789 
677	 0.109145065322781 
678	 0.109334031036784 
679	 0.109528575659169 
680	 0.109812702004739 
681	 0.110077247824495 
682	 0.110317812368805 
683	 0.110545681918505 
684	 0.110777755166761 
685	 0.110979754033241 
686	 0.111310523034766 
687	 0.111822015063231 
688	 0.112151474841159 
689	 0.112378157460234 
690	 0.112538494675495 
691	 0.112651962548321 
692	 0.112741691918445 
693	 0.112929299597714 
694	 0.11320737511791 
695	 0.113434490766495 
696	 0.113630229193237 
697	 0.113798398952357 
698	 0.113973247913201 
699	 0.114241200230836 
700	 0.114493630001449 
701	 0.114726308684905 
702	 0.114964783294067 
703	 0.115076561935236 
704	 0.115260094146707 
705	 0.115542024322553 
706	 0.11573014614308 
707	 0.115907627219976 
708	 0.116116855159364 
709	 0.116359020726239 
710	 0.116526323844187 
711	 0.116653522642683 
712	 0.116808541111501 
713	 0.117059545241149 
714	 0.117293918388058 
715	 0.117489194561778 
716	 0.117644158697341 
717	 0.117754932941807 
718	 0.117979486388798 
719	 0.118323635007841 
720	 0.118676823993935 
721	 0.118877811759591 
722	 0.118940239749944 
723	 0.118973731058082 
724	 0.119124507261636 
725	 0.11939579463506 
726	 0.119651940164691 
727	 0.119839047041006 
728	 0.120021586663239 
729	 0.120185087716807 
730	 0.120359052793023 
731	 0.120559862394627 
732	 0.120749993695951 
733	 0.120908589517312 
734	 0.121016573148934 
735	 0.121076799295919 
736	 0.121275934441271 
737	 0.121481941224257 
738	 0.121619977166217 
739	 0.121739001548699 
740	 0.121990605157101 
741	 0.122238188227626 
742	 0.122355367445727 
743	 0.122489662326146 
744	 0.122657544373376 
745	 0.122827839457151 
746	 0.122950212385458 
747	 0.12307047595525 
748	 0.123221797258559 
749	 0.123395200663449 
750	 0.123533728679801 
751	 0.123705222672636 
752	 0.12388161382349 
753	 0.124028894174338 
754	 0.124159445860376 
755	 0.124327939014832 
756	 0.12454825325688 
757	 0.124798348684741 
758	 0.124904164225049 
759	 0.12515305552557 
760	 0.125969451890574 
761	 0.127342688814607 
762	 0.12769920877306 
763	 0.127519282571931 
764	 0.127370238345956 
765	 0.127066092665714 
766	 0.126808586127075 
767	 0.126629831848696 
768	 0.126519900811993 
769	 0.126467357465798 
770	 0.126482933324266 
771	 0.126571398424417 
772	 0.126724871584432 
773	 0.126865131408452 
774	 0.126977815588114 
775	 0.127086326944556 
776	 0.12726456445707 
777	 0.12735464379833 
778	 0.127396586068052 
779	 0.127483094474543 
780	 0.127659577230526 
781	 0.127817314882935 
782	 0.127924570102775 
783	 0.128009784177971 
784	 0.12813526050565 
785	 0.128235947516125 
786	 0.128307092112892 
787	 0.128440837504908 
788	 0.128593180917624 
789	 0.128734044786071 
790	 0.128852353813328 
791	 0.128984432042015 
792	 0.129081831336644 
793	 0.129144133517227 
794	 0.129201290098923 
795	 0.129304688718023 
796	 0.129476373156852 
797	 0.129647540023556 
798	 0.129693399344619 
799	 0.129723721283997 
800	 0.129822873781629 
801	 0.129985656121981 
802	 0.130067051166337 
803	 0.130196150328748 
804	 0.130332814125749 
805	 0.130420768840635 
806	 0.130507382638326 
807	 0.130580741810646 
808	 0.130666892460203 
809	 0.130795133876747 
810	 0.130913868663817 
811	 0.130996592408199 
812	 0.13104717692657 
813	 0.131100903412166 
814	 0.131100117062356 
815	 0.13119730885485 
816	 0.131456480102238 
817	 0.131693715379439 
818	 0.131772219016802 
819	 0.131830113906627 
820	 0.131981309791645 
821	 0.131950649179162 
822	 0.131936265974737 
823	 0.132058122792108 
824	 0.132328349591028 
825	 0.13244745161042 
826	 0.132519538555545 
827	 0.132577250964164 
828	 0.13256948555959 
829	 0.132675730821176 
830	 0.132792382583364 
831	 0.132858483846525 
832	 0.132968009425743 
833	 0.133120744192307 
834	 0.133184023731649 
835	 0.133116821031704 
836	 0.133221338723956 
837	 0.133365313106928 
838	 0.133460615699442 
839	 0.133475883594059 
840	 0.133575480594605 
841	 0.133713411438535 
842	 0.133829817270877 
843	 0.133875100829735 
844	 0.133935404731569 
845	 0.134033518879473 
846	 0.134146377771919 
847	 0.134206587193134 
848	 0.13419496053964 
849	 0.13424565153965 
850	 0.134402693623621 
851	 0.134405111116455 
852	 0.134470709274989 
853	 0.134579047175505 
854	 0.134669815038259 
855	 0.13486010642347 
856	 0.135004766319568 
857	 0.135066652870664 
858	 0.135080585477911 
859	 0.135080781312674 
860	 0.135185114393214 
861	 0.135367843655877 
862	 0.135468557068159 
863	 0.135398323602754 
864	 0.13533398659515 
865	 0.135397054517672 
866	 0.135562085645562 
867	 0.135706125652607 
868	 0.135824627741406 
869	 0.135962893150834 
870	 0.136227392687896 
871	 0.136126528050625 
872	 0.135908525384003 
873	 0.135963891852914 
874	 0.136219420330826 
875	 0.136334406529887 
876	 0.136403190760716 
877	 0.136653190379809 
878	 0.13669531653743 
879	 0.136661058871401 
880	 0.136725813296094 
881	 0.137010061657033 
882	 0.137006828183879 
883	 0.137031544122101 
884	 0.137208657654926 
885	 0.13732392524631 
886	 0.137314396419157 
887	 0.137341885442707 
888	 0.137479356861019 
889	 0.137553985172828 
890	 0.137618204482582 
891	 0.137696368792775 
892	 0.137760758268192 
893	 0.13766236422966 
894	 0.137555405764991 
895	 0.137525811363861 
896	 0.137626511369868 
897	 0.137897500393235 
898	 0.138016379410492 
899	 0.138016291542745 
900	 0.138131822154791 
901	 0.138498289455411 
902	 0.138567730066506 
903	 0.138422475760452 
904	 0.138525788635017 
905	 0.138582642800843 
906	 0.138719170910697 
907	 0.138806345799585 
908	 0.138495588345444 
909	 0.138523170914197 
910	 0.138731773079395 
911	 0.13888853486072 
912	 0.138891379922954 
913	 0.138818700627128 
914	 0.138883535308163 
915	 0.139160080745575 
916	 0.139432007680556 
917	 0.139451207132458 
918	 0.13954258720854 
919	 0.139877526779195 
920	 0.139930279304583 
921	 0.139872450135168 
922	 0.139898942804714 
923	 0.140096644402184 
924	 0.140151593214448 
925	 0.140148245042802 
926	 0.139942412188297 
927	 0.139423091673207 
928	 0.139151547855751 
929	 0.138938882645787 
930	 0.138668543078289 
931	 0.138318546723456 
932	 0.138131247830965 
933	 0.137851043354841 
934	 0.137710549131862 
935	 0.138251631539558 
936	 0.138996704785677 
937	 0.139743849156645 
938	 0.140237698209335 
939	 0.140278792686214 
940	 0.140300575623328 
941	 0.14055484885971 
942	 0.140521104268521 
943	 0.139274055607884 
944	 0.139569751784351 
945	 0.139702016133509 
946	 0.139102198836368 
947	 0.139432004894477 
948	 0.140109134713336 
949	 0.140527112334384 
950	 0.140406809418007 
951	 0.139999625913885 
952	 0.140685687919877 
953	 0.141156769602587 
954	 0.140736003867947 
955	 0.140608343996148 
956	 0.141135937745311 
957	 0.141745567873473 
958	 0.14198418939423 
959	 0.142057368837426 
960	 0.141904043974532 
961	 0.1418668099681 
962	 0.142201251856291 
963	 0.142824369350298 
964	 0.14340459876228 
965	 0.14336054257003 
966	 0.142678972739049 
967	 0.142637582515838 
968	 0.142871358174841 
969	 0.143283270031288 
970	 0.14366780972874 
971	 0.143387776089979 
972	 0.14311044260862 
973	 0.143346224916823 
974	 0.144060592758506 
975	 0.143819437395406 
976	 0.143711774412112 
977	 0.143609418318358 
978	 0.14334208388885 
979	 0.144024788421079 
980	 0.144972848451805 
981	 0.145023609665814 
982	 0.143849654601503 
983	 0.144273596777534 
984	 0.144762725286679 
985	 0.144785619050103 
986	 0.144518079278428 
987	 0.145121485470664 
988	 0.145432530770397 
989	 0.145408110891869 
990	 0.145399361536457 
991	 0.145299288294786 
992	 0.145436195401015 
993	 0.145330816160492 
994	 0.144772838109943 
995	 0.145878401236219 
996	 0.146212681587535 
997	 0.145937464605405 
998	 0.145969461316057 
999	 0.145354556891535 
1000	 0.145189542596761 
1001	 0.152328897657721 
1002	 0.152408831502344 
1003	 0.152573124123992 
1004	 0.152729213961696 
1005	 0.152757219793484 
1006	 0.152906449412796 
1007	 0.153183478072786 
1008	 0.153475863883492 
1009	 0.153605458166317 
1010	 0.153675718570835 
1011	 0.153645209990203 
1012	 0.15353084533256 
1013	 0.153675921678969 
1014	 0.153869155780591 
1015	 0.153920886266523 
1016	 0.154055434991406 
1017	 0.154152309379989 
1018	 0.154125310501009 
1019	 0.154071236301786 
1020	 0.15420302267274 
1021	 0.154357229946791 
1022	 0.154445095841911 
1023	 0.154710037878004 
1024	 0.155012496353459 
1025	 0.155056842166531 
1026	 0.155089579301174 
1027	 0.155076010808718 
1028	 0.154833277906256 
1029	 0.154744835466175 
1030	 0.154672925778414 
1031	 0.154604740953723 
1032	 0.154444099548521 
1033	 0.154606044591292 
1034	 0.154740732572615 
1035	 0.154870909633072 
1036	 0.155156983538762 
1037	 0.155219127594289 
1038	 0.155378084897425 
1039	 0.155553625592985 
1040	 0.155447799955686 
1041	 0.155499707081592 
1042	 0.155507554126424 
1043	 0.155520886846169 
1044	 0.155642389293406 
1045	 0.155965693484721 
1046	 0.156114323607843 
1047	 0.156136559810443 
1048	 0.156286719329116 
1049	 0.156348595660891 
1050	 0.156348783169465 
1051	 0.156618950543314 
1052	 0.156752733897998 
1053	 0.156784806107715 
1054	 0.15702626024902 
1055	 0.157135337317781 
1056	 0.157010086732628 
1057	 0.156957644467085 
1058	 0.1568183299494 
1059	 0.156784571590953 
1060	 0.156738583130266 
1061	 0.156850286446705 
1062	 0.157011354434037 
1063	 0.157113591209559 
1064	 0.157192308923888 
1065	 0.15726267912 
1066	 0.157332430539109 
1067	 0.157349610766407 
1068	 0.157421586298503 
1069	 0.157618007991433 
1070	 0.157735019808449 
1071	 0.157928195589535 
1072	 0.15795591389296 
1073	 0.157753452010195 
1074	 0.157787741492236 
1075	 0.1578328870797 
1076	 0.157959016539261 
1077	 0.158331869758031 
1078	 0.15856020307051 
1079	 0.158581033981349 
1080	 0.158493701124912 
1081	 0.15835246689648 
1082	 0.158264287821962 
1083	 0.158236040473882 
1084	 0.158293095189855 
1085	 0.158356728028113 
1086	 0.158410801204048 
1087	 0.158527644395564 
1088	 0.158720589068593 
1089	 0.158883240346575 
1090	 0.159107979601812 
1091	 0.159291874212174 
1092	 0.159293759508195 
1093	 0.159320027859455 
1094	 0.159211980176794 
1095	 0.159012066531208 
1096	 0.159074331079233 
1097	 0.159326878897542 
1098	 0.159388769607912 
1099	 0.159538457780951 
1100	 0.159632879669947 
1101	 0.159596053286255 
1102	 0.159579139217846 
1103	 0.159591948035722 
1104	 0.15961760723914 
1105	 0.159561846436596 
1106	 0.159549170100817 
1107	 0.159646478102275 
1108	 0.159696069583403 
1109	 0.159749773241441 
1110	 0.159736853059077 
1111	 0.159769743628701 
1112	 0.159843541758637 
1113	 0.15986390249285 
1114	 0.159786249053647 
1115	 0.159879415267832 
1116	 0.16011654714612 
1117	 0.160190764589454 
1118	 0.160338941935456 
1119	 0.160395125640614 
1120	 0.160139257175997 
1121	 0.160054757998913 
1122	 0.160145981864505 
1123	 0.160127824189871 
1124	 0.160071407774549 
1125	 0.159899500861553 
1126	 0.160030386445065 
1127	 0.160336307369526 
1128	 0.160386020215973 
1129	 0.160501919017701 
1130	 0.160630732026484 
1131	 0.160504008579694 
1132	 0.160550974807699 
1133	 0.160982686798083 
1134	 0.161025895111836 
1135	 0.160728904501346 
1136	 0.160659489697774 
1137	 0.16045423566559 
1138	 0.16046446040537 
1139	 0.160836486220888 
1140	 0.160937370674033 
1141	 0.161151720327539 
1142	 0.161589243279495 
1143	 0.161550295417312 
1144	 0.161197234606658 
1145	 0.161150912656538 
1146	 0.160999221812909 
1147	 0.160889529493423 
1148	 0.160899322472174 
1149	 0.160991833332094 
1150	 0.161044239376161 
1151	 0.161123215928892 
1152	 0.161396708361279 
1153	 0.16156009362462 
1154	 0.161621235921162 
1155	 0.16172223266518 
1156	 0.161703569920638 
1157	 0.161558397819852 
1158	 0.161453761017325 
1159	 0.161096840069648 
1160	 0.161197997940021 
1161	 0.161543792238864 
1162	 0.161771294316913 
1163	 0.162242780895214 
1164	 0.162374278158421 
1165	 0.162256728370811 
1166	 0.162251212498879 
1167	 0.162176139191792 
1168	 0.162143087925361 
1169	 0.162099490052276 
1170	 0.1621771336934 
1171	 0.162322288217562 
1172	 0.162472273262471 
1173	 0.162640940120053 
1174	 0.16270694826111 
1175	 0.162703495404342 
1176	 0.162516632501511 
1177	 0.162482235695707 
1178	 0.162435631686869 
1179	 0.162511993445709 
1180	 0.162697205630888 
1181	 0.162803562380317 
1182	 0.163011930821421 
1183	 0.163059036671535 
1184	 0.162981004086413 
1185	 0.162955337399063 
1186	 0.162813714871051 
1187	 0.16281397932712 
1188	 0.162963430490998 
1189	 0.162965470874129 
1190	 0.163091560293488 
1191	 0.16321465288657 
1192	 0.163153247371751 
1193	 0.163167125335098 
1194	 0.163271655790177 
1195	 0.163451793552509 
1196	 0.1634904613106 
1197	 0.163561672899905 
1198	 0.163612604415526 
1199	 0.163511615852358 
1200	 0.163512160139717 
1201	 0.163667998059781 
1202	 0.163701438594688 
1203	 0.163606403558615 
1204	 0.163617265828357 
1205	 0.163701585329905 
1206	 0.163644217542476 
1207	 0.163743949920096 
1208	 0.163903193088094 
1209	 0.16385584878347 
1210	 0.164080741081394 
1211	 0.16428107762157 
1212	 0.164164225524446 
1213	 0.164188627440604 
1214	 0.164116720836386 
1215	 0.164097698391903 
1216	 0.164095711202283 
1217	 0.164135496020494 
1218	 0.164171098476911 
1219	 0.164248066709814 
1220	 0.164366439597832 
1221	 0.164415640578636 
1222	 0.164538475100164 
1223	 0.16459232118036 
1224	 0.164534960188315 
1225	 0.164507736423176 
1226	 0.164569392853056 
1227	 0.164558443688531 
1228	 0.164671901921916 
1229	 0.164798239863492 
1230	 0.164839960784789 
1231	 0.164926920773646 
1232	 0.164898532614522 
1233	 0.164750963184579 
1234	 0.164736510328844 
1235	 0.164787878084003 
1236	 0.164840815466805 
1237	 0.16503285111908 
1238	 0.165133163990971 
1239	 0.165148808375711 
1240	 0.165171051567816 
1241	 0.165222346324833 
1242	 0.165223435092188 
1243	 0.165111118091038 
1244	 0.165164655149944 
1245	 0.165384374172826 
1246	 0.165519449029872 
1247	 0.165628801525879 
1248	 0.165764000504254 
1249	 0.16572476415513 
1250	 0.165627166313746 
1251	 0.165752120672046 
1252	 0.165817714984527 
1253	 0.165752149872319 
1254	 0.165800308985096 
1255	 0.165868864359122 
1256	 0.165857872904053 
1257	 0.165938286257737 
1258	 0.166191434456142 
1259	 0.166315235580909 
1260	 0.166427216868031 
1261	 0.166522724692773 
1262	 0.166620992483225 
1263	 0.166509479264241 
1264	 0.166596077882113 
1265	 0.166717400235624 
1266	 0.166827360911823 
1267	 0.167007319753961 
1268	 0.166919250006286 
1269	 0.1668406890177 
1270	 0.166855383480289 
1271	 0.166885160301629 
1272	 0.167139901459382 
1273	 0.16728209735077 
1274	 0.167326474670895 
1275	 0.16744735209484 
1276	 0.167316622253704 
1277	 0.167180877760464 
1278	 0.167311808489162 
1279	 0.167355374666642 
1280	 0.167299592537637 
1281	 0.167271755459563 
1282	 0.167255591893281 
1283	 0.167128156424739 
1284	 0.166938407467193 
1285	 0.166956241077055 
1286	 0.166999689968815 
1287	 0.166946129263693 
1288	 0.166992994449928 
1289	 0.166910896177469 
1290	 0.166816257377239 
1291	 0.166892693600098 
1292	 0.166852051749342 
1293	 0.166859140973936 
1294	 0.167021524862032 
1295	 0.167097833222014 
1296	 0.167118257326454 
1297	 0.167145081862268 
1298	 0.167112553465715 
1299	 0.166990335992471 
1300	 0.166896315179381 
1301	 0.166971256963434 
1302	 0.16725343411477 
1303	 0.167433530681859 
1304	 0.167669630775721 
1305	 0.167695865308393 
1306	 0.167631860197215 
1307	 0.16747339799262 
1308	 0.16726809200988 
1309	 0.167459194830726 
1310	 0.167602709278615 
1311	 0.167540688420049 
1312	 0.167632981521926 
1313	 0.167561051321859 
1314	 0.167545736401647 
1315	 0.167711837863022 
1316	 0.167688093584003 
1317	 0.167677150071771 
1318	 0.167667843976314 
1319	 0.167680116620064 
1320	 0.167833655891356 
1321	 0.167853165712102 
1322	 0.167947823000995 
1323	 0.168127192897081 
1324	 0.167979313175102 
1325	 0.167860205870907 
1326	 0.167964425388028 
1327	 0.167857435472092 
1328	 0.16775875892534 
1329	 0.167890020218053 
1330	 0.167986091733242 
1331	 0.168000874347989 
1332	 0.168032551591466 
1333	 0.168072909093961 
1334	 0.167996720026562 
1335	 0.16779228927699 
1336	 0.167541477548157 
1337	 0.167591939951964 
1338	 0.167692623730025 
1339	 0.167724822113614 
1340	 0.167934429469187 
1341	 0.167916537586117 
1342	 0.167965018796877 
1343	 0.168330143557357 
1344	 0.168243993919267 
1345	 0.168063653346785 
1346	 0.168190401122306 
1347	 0.167669316746808 
1348	 0.166952811969733 
1349	 0.166906269605727 
1350	 0.166676055881515 
1351	 0.166538608088735 
1352	 0.166581298564775 
1353	 0.16597396840121 
1354	 0.165174922150094 
1355	 0.164441334877283 
1356	 0.164894633230683 
1357	 0.165486727427784 
1358	 0.164485142250315 
1359	 0.163682905447365 
1360	 0.160961561456259 
1361	 0.154187819237959 
1362	 0.150018634571888 
1363	 0.150402934559057 
1364	 0.143878838675451 
1365	 0.137699192002164 
1366	 0.123348907690725 
1367	 0.104275663862085 
1368	 0.109020774924549 
1369	 0.130010122761656 
1370	 0.142984707301207 
1371	 0.173788516879502 
1372	 0.20092373431284 
1373	 0.149657147335845 
1374	 0.115305439331204 
1375	 0.145627056598198 
1376	 0.148518888252618 
1377	 0.226257336735309 
1378	 0.318253835623364 
1379	 0.251536946029596 
1380	 0.197253465933108 
1381	 0.165166148950346 
1382	 8.13439776251921E-02 
1383	 7.94562840497003E-02 
1384	 0.130553195962457 
1385	 0.108052044547778 
1386	 0.125271345626434 
1387	 0.184500597782087 
1388	 0.165883240088606 
1389	 0.147417351917428 
1390	 0.131315351939935 
1391	 0.112146349998333 
1392	 8.60426488592537E-02 
1393	 0.119149406137755 
1394	 0.137153405198159 
1395	 0.132308007353472 
1396	 0.128141807273603 
1397	 0.108517707015068 
1398	 0.123420158914965 
1399	 0.162222489182781 
1400	 0.17357315021054 
1401	 0.172507434754439 
1402	 0.163626220524611 
1403	 0.141314198852642 
1404	 0.13617990170225 
1405	 0.152236578251311 
1406	 0.153372852463921 
1407	 0.146563702564449 
1408	 0.150278296125377 
1409	 0.151804841704331 
1410	 0.153229640561163 
1411	 0.163439406565638 
1412	 0.167037610960984 
1413	 0.160500258516201 
1414	 0.158159856160122 
1415	 0.160615268868092 
1416	 0.162127171114311 
1417	 0.162831380266447 
1418	 0.161988275751858 
1419	 0.157152091094163 
1420	 0.155921466843877 
1421	 0.159917248593341 
1422	 0.162012130427312 
1423	 0.164344222545612 
1424	 0.165122056768258 
1425	 0.162830257087821 
1426	 0.162128284789616 
1427	 0.161595310324662 
1428	 0.161744187407899 
1429	 0.163141896241266 
1430	 0.165087008287841 
1431	 0.165340723583336 
1432	 0.164485898252445 
1433	 0.163325583614302 
1434	 0.162697440902366 
1435	 0.163068093811036 
1436	 0.163871521046932 
1437	 0.164610202404926 
1438	 0.164577190644685 
1439	 0.163806957006315 
1440	 0.163939582730688 
1441	 0.164104172105072 
1442	 0.163791554849373 
1443	 0.163695078340815 
1444	 0.163631910140808 
1445	 0.163936199451153 
1446	 0.164184941302617 
1447	 0.164446500043316 
1448	 0.164720509279262 
1449	 0.164554624237788 
1450	 0.16447749772797 
1451	 0.164359846662301 
1452	 0.164324197250793 
1453	 0.164544537629538 
1454	 0.164635117441515 
1455	 0.164767182588048 
1456	 0.165037106760895 
1457	 0.165209938902902 
1458	 0.165082787071064 
1459	 0.165149005110932 
1460	 0.165511239671111 
1461	 0.165462967967983 
1462	 0.165192926386651 
1463	 0.165242791235228 
1464	 0.165382665947232 
1465	 0.165354626795856 
1466	 0.16565675549177 
1467	 0.166057956882547 
1468	 0.165570471495233 
1469	 0.165197775801514 
1470	 0.165354163176803 
1471	 0.165976183246434 
1472	 0.166008776375764 
1473	 0.165914189108288 
1474	 0.16588014706039 
1475	 0.165379357328727 
1476	 0.165344518969364 
1477	 0.16590626420473 
1478	 0.16600164710053 
1479	 0.165736065735656 
1480	 0.165591399763557 
1481	 0.165569612637954 
1482	 0.165827041136883 
1483	 0.16655848800264 
1484	 0.166921331801043 
1485	 0.166592862696102 
1486	 0.166649667797989 
1487	 0.166854703597506 
1488	 0.166723162406165 
1489	 0.166725510288493 
1490	 0.166624959086506 
1491	 0.166394624168488 
1492	 0.166538963796244 
1493	 0.167040309870438 
1494	 0.167524869181746 
1495	 0.167608757845732 
1496	 0.167426083670868 
1497	 0.167318958303546 
1498	 0.16737197646211 
1499	 0.167478941471514 
1500	 0.167496191751199 
1501	 0.167576322737537 
1502	 0.16765047016189 
1503	 0.167673445373708 
1504	 0.167904032963726 
1505	 0.168093135566656 
1506	 0.167912563999897 
1507	 0.167846684048957 
1508	 0.16807257720126 
1509	 0.16796744104711 
1510	 0.1679846399183 
1511	 0.168318742253453 
1512	 0.168348213171507 
1513	 0.168395179539927 
1514	 0.168524673188009 
1515	 0.168528109825513 
1516	 0.168493192275063 
1517	 0.16840024590658 
1518	 0.168383373926177 
1519	 0.168471134951243 
1520	 0.168553720086849 
1521	 0.168739187442198 
1522	 0.168824548046795 
1523	 0.168705817281951 
1524	 0.168780740685582 
1525	 0.168932566851181 
1526	 0.169084431201127 
1527	 0.169299684045818 
1528	 0.169282718745068 
1529	 0.169019515840828 
1530	 0.168864498586387 
1531	 0.168920467258474 
1532	 0.169242090555054 
1533	 0.169276459505048 
1534	 0.169345719818306 
1535	 0.169430141919922 
1536	 0.16926475456087 
1537	 0.16928401394532 
1538	 0.169491773317198 
1539	 0.169698145323679 
1540	 0.169763593899867 
1541	 0.16979635181272 
1542	 0.169861952452052 
1543	 0.169832645097571 
1544	 0.169695037944188 
1545	 0.169692797486044 
1546	 0.169677180743169 
1547	 0.169645403433291 
1548	 0.16990439354444 
1549	 0.170030315516285 
1550	 0.169837530343441 
1551	 0.169893279392526 
1552	 0.169959397164106 
1553	 0.169816045378894 
1554	 0.17000753537035 
1555	 0.170199143695953 
1556	 0.170018617407103 
1557	 0.170027884038426 
1558	 0.170184584554902 
1559	 0.17017860717663 
1560	 0.17028794135549 
1561	 0.170289343709119 
1562	 0.17003458355892 
1563	 0.170009757590455 
1564	 0.170095756775425 
1565	 0.170160422872379 
1566	 0.170346207668964 
1567	 0.170552862505673 
1568	 0.170699643366778 
1569	 0.170821947628903 
1570	 0.170920257434032 
1571	 0.170919739559086 
1572	 0.170832794349289 
1573	 0.170723656634432 
1574	 0.170804485956762 
1575	 0.170953230782254 
1576	 0.170895760938991 
1577	 0.170832857294491 
1578	 0.17080251249417 
1579	 0.170778879820451 
1580	 0.170995352338165 
1581	 0.171296942217848 
1582	 0.17133810369857 
1583	 0.171118971930899 
1584	 0.171063955323502 
1585	 0.171149146170444 
1586	 0.170985482480566 
1587	 0.170978371824046 
1588	 0.171147219690585 
1589	 0.171034779387776 
1590	 0.170986294613757 
1591	 0.171282990086298 
1592	 0.17138370053524 
1593	 0.171256528492063 
1594	 0.171354873468594 
1595	 0.171468022974024 
1596	 0.171631172369442 
1597	 0.17177799819396 
1598	 0.171754575293946 
1599	 0.171906525191112 
1600	 0.17187247658598 
1601	 0.171737984515964 
1602	 0.17186391266119 
1603	 0.171784012054059 
1604	 0.171787368007527 
1605	 0.172027728217384 
1606	 0.172135405690965 
1607	 0.17224157992821 
1608	 0.172175140870783 
1609	 0.171986058011005 
1610	 0.172017810497725 
1611	 0.172108876908431 
1612	 0.172234053377902 
1613	 0.172286538829766 
1614	 0.172152605948583 
1615	 0.172104884655976 
1616	 0.172122641631692 
1617	 0.172165336535953 
1618	 0.172230629885663 
1619	 0.172207862828591 
1620	 0.172279398959033 
1621	 0.172353784412439 
1622	 0.172353895768357 
1623	 0.172431684733153 
1624	 0.172324096596197 
1625	 0.172198474998306 
1626	 0.172459828903195 
1627	 0.172654465185597 
1628	 0.172586790102444 
1629	 0.172609455775232 
1630	 0.172499780351757 
1631	 0.172279032986283 
1632	 0.172411314301658 
1633	 0.172544756558026 
1634	 0.172548502994358 
1635	 0.172764899349704 
1636	 0.172931218316081 
1637	 0.172932205134837 
1638	 0.17284861318583 
1639	 0.17278002151136 
1640	 0.17280812861444 
1641	 0.172793550474112 
1642	 0.172837806985458 
1643	 0.172876766222372 
1644	 0.172804919170202 
1645	 0.172821478184679 
1646	 0.172805885714072 
1647	 0.172729973517596 
1648	 0.172696861040474 
1649	 0.172636784963014 
1650	 0.172684905656726 
1651	 0.172731721743439 
1652	 0.172708558438309 
1653	 0.172801451656788 
1654	 0.172941906412139 
1655	 0.172957417755622 
1656	 0.172764083718694 
1657	 0.172684309375957 
1658	 0.172871540346496 
1659	 0.172927656068696 
1660	 0.17294333189895 
1661	 0.172949153969543 
1662	 0.172435749829627 
1663	 0.172053759304638 
1664	 0.172359438307752 
1665	 0.172604240530403 
1666	 0.17276953545208 
1667	 0.173040699584241 
1668	 0.172994612919417 
1669	 0.172684700317941 
1670	 0.172590446280409 
1671	 0.172692579258375 
1672	 0.172600877371397 
1673	 0.172622176131679 
1674	 0.172858094558065 
1675	 0.172887069062152 
1676	 0.172934391489471 
1677	 0.17298905748043 
1678	 0.172874478240163 
1679	 0.172938200559134 
1680	 0.173078094200032 
1681	 0.173161247825209 
1682	 0.173209467427244 
1683	 0.172963400173927 
1684	 0.172721710376445 
1685	 0.172751840598761 
1686	 0.172806354398655 
1687	 0.172964291983962 
1688	 0.173030503572126 
1689	 0.172940571956808 
1690	 0.172897860781751 
1691	 0.172849819491236 
1692	 0.172806459650286 
1693	 0.172860300470544 
1694	 0.173029375999392 
1695	 0.173028605824507 
1696	 0.17300145104526 
1697	 0.173077186674993 
1698	 0.173051039990371 
1699	 0.173070378179216 
1700	 0.173169502891369 
1701	 0.173103669930304 
1702	 0.172918330348284 
1703	 0.172937115584372 
1704	 0.17316776467437 
1705	 0.173285607142945 
1706	 0.173507442816342 
1707	 0.1735143842088 
1708	 0.173259302942172 
1709	 0.173177973697647 
1710	 0.173019218319684 
1711	 0.172946915634104 
1712	 0.173013274536536 
1713	 0.173059339863252 
1714	 0.173277553063041 
1715	 0.173358349852837 
1716	 0.173330461500577 
1717	 0.173340384198076 
1718	 0.173160427688907 
1719	 0.173126517838318 
1720	 0.173347222000214 
1721	 0.173342124679769 
1722	 0.173333508853167 
1723	 0.173234723740787 
1724	 0.172779660499901 
1725	 0.172715685662596 
1726	 0.172862379082619 
1727	 0.172928046065954 
1728	 0.1732383167346 
1729	 0.173284956732046 
1730	 0.173117476976843 
1731	 0.173002363610798 
1732	 0.172731492563596 
1733	 0.172753247896127 
1734	 0.172942910582034 
1735	 0.172986155873852 
1736	 0.173176019288364 
1737	 0.173272099688969 
1738	 0.173253862350451 
1739	 0.173275236198087 
1740	 0.173291629142288 
1741	 0.173204020692344 
1742	 0.173059179016312 
1743	 0.17291914079775 
1744	 0.172622093631592 
1745	 0.172751930158149 
1746	 0.173034267246471 
1747	 0.173214334359561 
1748	 0.173810811740081 
1749	 0.173895603389735 
1750	 0.173595165800415 
1751	 0.173715000631198 
1752	 0.173409097070265 
1753	 0.173514617035927 
1754	 0.173688274669447 
1755	 0.173438562124719 
1756	 0.17333026207884 
1757	 0.173382173206065 
1758	 0.173416537357875 
1759	 0.173325692707278 
1760	 0.173522379442834 
1761	 0.173495712499562 
1762	 0.173197448860736 
1763	 0.173219517013618 
1764	 0.173110351215488 
1765	 0.173062951101725 
1766	 0.172884319490403 
1767	 0.172723559907895 
1768	 0.173212777129879 
1769	 0.173826977207642 
1770	 0.174251302536059 
1771	 0.174388616986812 
1772	 0.174360214964002 
1773	 0.173549899410653 
1774	 0.173327965856546 
1775	 0.1734703695684 
1776	 0.173581057861815 
1777	 0.174178002236555 
1778	 0.174349922849246 
1779	 0.174293758786173 
1780	 0.174131540085556 
1781	 0.173377383786125 
1782	 0.173206182998587 
1783	 0.17322073360909 
1784	 0.17354587969969 
1785	 0.175085915890629 
1786	 0.175133328143022 
1787	 0.174025126060012 
1788	 0.173674986223614 
1789	 0.172443905509794 
1790	 0.172288244328334 
1791	 0.173783888988772 
1792	 0.174472566202626 
1793	 0.175088196367703 
1794	 0.175497464021152 
1795	 0.175928317090001 
1796	 0.175706973435192 
1797	 0.174481305678571 
1798	 0.174110016219323 
1799	 0.173537877811906 
1800	 0.173519630039537 
1801	 0.174945898345239 
1802	 0.174918837646549 
1803	 0.173886636479624 
1804	 0.173503935476757 
1805	 0.172700199323124 
1806	 0.172084093788197 
1807	 0.171971145504929 
1808	 0.171694870788738 
1809	 0.17081731191585 
1810	 0.172458946339455 
1811	 0.175105898462393 
1812	 0.178607488017039 
1813	 0.180104093805156 
1814	 0.177509060225886 
1815	 0.173941498310517 
1816	 0.172672050035627 
1817	 0.16610964148149 
1818	 0.166744141578079 
1819	 0.167269873536154 
1820	 0.167418687321494 
1821	 0.170408288504259 
1822	 0.183482648183876 
1823	 0.185419705085289 
1824	 0.181376765430895 
1825	 0.172935287883325 
1826	 0.134152236224242 
1827	 0.112796644894478 
1828	 9.68186858511443E-02 
1829	 9.28470216362245E-02 
1830	 0.130965185920176 
1831	 0.242238350557772 
1832	 0.259509600159359 
1833	 0.269537612227154 
1834	 0.28163720851789 
1835	 0.351195925376952 
1836	 0.399467843914267 
1837	 0.437917374711993 
1838	 0.350736880633954 
1839	 0.377879691017644 
1840	 0.76169254266581 
1841	 0.998961538388589 
1842	 1.22129724922448 
1843	 0.896365761808604 
1844	 1.17869904352553 
1845	 9.1952794522622 
1846	-41.8412158013998 
1847	 2.41443059636867 
1848	 9.89290876863689 
1849	 3.51672189765092 
1850	 0.128457260362246 
1851	 9.99773121540085E-02 
1852	 1.44051253939611 
1853	 1.42232508289575 
1854	 7.2358145195279 
1855	 6.07281904762555 
1856	 0.747074224006404 
1857	 0.104838574655098 
1858	 0.499868130235605 
1859	 3.4004156517468 
1860	 1.70245418842144 
1861	-2.19540715117976 
1862	-0.54900269493585 
1863	 4.01298744290338E-03 
1864	 7.44924836243095E-02 
1865	 1.03822664992853 
1866	 1.25869197036395 
1867	 0.781210120814242 
1868	-0.147919064416717 
1869	-0.626609887876933 
1870	-0.376998040343146 
1871	-0.199217890443577 
1872	 1.57523357780251 
1873	 1.69776935743094 
1874	 0.963090299848188 
1875	 0.874755707996481 
1876	 0.695613595365069 
1877	 0.479334817534878 
1878	 0.40506195313709 
1879	 0.586807669779452 
1880	 0.581032077446252 
1881	 0.495094861919321 
1882	 0.539713076307692 
1883	 0.710480602708934 
1884	 0.628505257753407 
1885	 0.447192565495918 
1886	 0.40470177584091 
1887	 0.395864188639573 
1888	 0.348742712900624 
1889	 0.427550883092552 
1890	 0.497310011478147 
1891	 0.489377546256618 
1892	 0.327836585551526 
1893	 0.276903218862387 
1894	 0.273265260949828 
1895	 0.278498000471386 
1896	 0.333448002949426 
1897	 0.359658349226322 
1898	 0.289277182458832 
1899	 0.186896935218692 
1900	 0.255352948190806 
1901	 0.359392818101617 
1902	 0.536149617484439 
1903	 1.1409620861521 
1904	 1.2098065596873 
1905	 0.787513506753865 
1906	 0.826577658292766 
1907	 1.04756692559245 
1908	 0.771156044513242 
1909	 0.50055174670196 
1910	 0.304476341183837 
1911	 0.103217393358814 
1912	 9.29484451843614E-02 
1913	 9.52789606751046E-02 
1914	 0.215442918396409 
1915	 0.22800852212818 
1916	 0.204081773848761 
1917	 0.201723815161281 
1918	 0.211726269301118 
1919	 0.252142003907913 
1920	 0.255305163951758 
1921	 0.212106479970579 
1922	 0.169214770042707 
1923	 0.16506376227032 
1924	 0.164829648736725 
1925	 0.188082567946341 
1926	 0.182436680839409 
1927	 0.157520129465264 
1928	 0.135943806980691 
1929	 0.143142389814399 
1930	 0.169522227350136 
1931	 0.172532513973393 
1932	 0.17259727608909 
1933	 0.16775973952719 
1934	 0.145536839143874 
1935	 0.142848953460274 
1936	 0.152045882640351 
1937	 0.17089563542819 
1938	 0.168087133201857 
1939	 0.163314578005269 
1940	 0.163125106815072 
1941	 0.157711713071397 
1942	 0.157829591209613 
1943	 0.159886262713958 
1944	 0.159114336296776 
1945	 0.157601451294677 
1946	 0.159190245804998 
1947	 0.161366949978844 
1948	 0.166862382583428 
1949	 0.168015772729348 
1950	 0.16665181785868 
1951	 0.164930239959883 
1952	 0.162841651069424 
1953	 0.163161497991725 
1954	 0.165542092174968 
1955	 0.169073618612672 
1956	 0.170304379192351 
1957	 0.168211365228149 
1958	 0.168239143443951 
1959	 0.168781390872291 
1960	 0.169499322086531 
1961	 0.169175354275287 
1962	 0.170023154641813 
1963	 0.171020880418252 
1964	 0.169626750635496 
1965	 0.16758953542228 
1966	 0.167805602970969 
1967	 0.167193157433529 
1968	 0.166075284792932 
1969	 0.166043803844528 
1970	 0.167033667309044 
1971	 0.166566678643389 
1972	 0.165736070469129 
1973	 0.16641111803791 
1974	 0.166832190154929 
1975	 0.167135925604865 
1976	 0.167847464862046 
1977	 0.168123709404402 
1978	 0.168164436037897 
1979	 0.168467934517842 
1980	 0.168491648237772 
1981	 0.167909500177976 
1982	 0.167956353178231 
1983	 0.167827633492922 
1984	 0.16816713003557 
1985	 0.16865680890988 
1986	 0.16943480873739 
1987	 0.169938238739371 
1988	 0.169620056425031 
1989	 0.169436156482285 
1990	 0.169546716239729 
1991	 0.169819632863224 
1992	 0.17006963683427 
1993	 0.170130787483246 
1994	 0.170359936127364 
1995	 0.170751137759271 
1996	 0.170932357786401 
1997	 0.171012202557194 
1998	 0.17211447003016 
1999	 0.17206137822943 
2000	 0.171973800147225 
2001	 0.172034772126611 
2002	 0.172974116749526 
2003	 0.176175368583535 
2004	 0.177098082646599 
2005	 0.176548090326656 
2006	 0.177024320747868 
2007	 0.176018688891163 
2008	 0.175502166532542 
2009	 0.175840487949223 
2010	 0.176987929917956 
2011	 0.177874925093453 
2012	 0.177190426958672 
2013	 0.177294429840608 
2014	 0.178333994594309 
2015	 0.177412421950864 
2016	 0.176094223354406 
2017	 0.176528240268691 
2018	 0.177872770532979 
2019	 0.177605993932513 
2020	 0.17694481032046 
2021	 0.176706212977213 
2022	 0.176176290045189 
2023	 0.174706869940306 
2024	 0.173949841022393 
2025	 0.173832361567979 
2026	 0.17344467361669 
2027	 0.172650180593258 
2028	 0.172418827604377 
2029	 0.173320600553528 
2030	 0.17333747936443 
2031	 0.172868210009813 
2032	 0.172652516825819 
2033	 0.1723115936474 
2034	 0.172177997313202 
2035	 0.171998109411348 
2036	 0.172384938927235 
2037	 0.172684600113772 
2038	 0.171900133125811 
2039	 0.171384229239177 
2040	 0.171425064278366 
2041	 0.171275111415567 
2042	 0.171852102173989 
2043	 0.172024055188591 
2044	 0.171407475081745 
2045	 0.171586651435193 
2046	 0.172433622325904 
2047	 0.172570027824982 
2048	 0.17268175226379 
2049	 0.172862927576785 
2050	 0.172775606278624 
2051	 0.172158124035046 
2052	 0.172197156650282 
2053	 0.173301572980494 
2054	 0.173753225107644 
2055	 0.173638613291369 
2056	 0.172827638136787 
2057	 0.171667072447155 
2058	 0.171302862678284 
2059	 0.171667720037354 
2060	 0.171806692772529 
2061	 0.172930556736464 
2062	 0.173135909706365 
2063	 0.172464706273955 
2064	 0.172279105291051 
2065	 0.172116879739201 
2066	 0.172389431806538 
2067	 0.17234168082504 
2068	 0.171262961699434 
2069	 0.171470362397909 
2070	 0.172271686161505 
2071	 0.171582005084224 
2072	 0.171626235281928 
2073	 0.171805140882575 
2074	 0.171191534198665 
2075	 0.170934845593443 
2076	 0.171364105165625 
2077	 0.171786366569478 
2078	 0.172270026302765 
2079	 0.172115713019341 
2080	 0.172034154697806 
2081	 0.171825734803843 
2082	 0.171066427851973 
2083	 0.170908856941345 
2084	 0.171279759174965 
2085	 0.171649549976005 
2086	 0.172119190539361 
2087	 0.171839415423174 
2088	 0.171863456369888 
2089	 0.172556917781092 
2090	 0.172586416961905 
2091	 0.172356148169935 
2092	 0.172128600284309 
2093	 0.171327527443747 
2094	 0.171094089289961 
2095	 0.171379421493306 
2096	 0.171326202477362 
2097	 0.171306607756612 
2098	 0.171158655710326 
2099	 0.171120636672311 
2100	 0.170788508941316 
2101	 0.170713069224643 
2102	 0.171323595470346 
2103	 0.171444968206721 
2104	 0.171085670812011 
2105	 0.171570847916981 
2106	 0.172285838513121 
2107	 0.172475608370113 
2108	 0.172729960293102 
2109	 0.173036558518241 
2110	 0.172788467283264 
2111	 0.172674771615632 
2112	 0.173117068390801 
2113	 0.173053223596374 
2114	 0.172401236978811 
2115	 0.172276380714936 
2116	 0.171802971169381 
2117	 0.171272208039896 
2118	 0.172031884085534 
2119	 0.172360009846582 
2120	 0.172495107855975 
2121	 0.173122505017488 
2122	 0.172681176913429 
2123	 0.171370997911938 
2124	 0.171219363386643 
2125	 0.171973440712938 
2126	 0.171869306453834 
2127	 0.171429557551605 
2128	 0.17198137914805 
2129	 0.172818888523989 
2130	 0.172772206567417 
2131	 0.173354600600516 
2132	 0.173630109341996 
2133	 0.173086731154806 
2134	 0.172068219365901 
2135	 0.171677238503175 
2136	 0.172015451895609 
2137	 0.17195648083895 
2138	 0.171671010499509 
2139	 0.172382168380396 
2140	 0.172697491345978 
2141	 0.172436815818926 
2142	 0.172625999134663 
2143	 0.172436294350913 
2144	 0.171638819504181 
2145	 0.171427735945947 
2146	 0.171429793487325 
2147	 0.171404815265633 
2148	 0.171734787504682 
2149	 0.171734351433972 
2150	 0.171375809477609 
2151	 0.171433988363518 
2152	 0.171574565337694 
2153	 0.171940694552121 
2154	 0.172207679525778 
2155	 0.172117204603865 
2156	 0.17143979440313 
2157	 0.171088027649868 
2158	 0.171607015730838 
2159	 0.17151462006499 
2160	 0.171082490791766 
2161	 0.170461730951096 
2162	 0.170471831915499 
2163	 0.170725178693329 
2164	 0.170486120163212 
2165	 0.170471926032555 
2166	 0.170736342239623 
2167	 0.170748123925662 
2168	 0.170648836841905 
2169	 0.170936304906788 
2170	 0.171014108076641 
2171	 0.170370232897356 
2172	 0.169995067061418 
2173	 0.169713502751653 
2174	 0.17031298343746 
2175	 0.170615592435111 
2176	 0.170289102290958 
2177	 0.169697240305504 
2178	 0.169691305133252 
2179	 0.169632947800851 
2180	 0.169032473901441 
2181	 0.169350220569052 
2182	 0.169484827051797 
2183	 0.168616355082846 
2184	 0.168156061687854 
2185	 0.168015850573798 
2186	 0.168074182953809 
2187	 0.167915764131617 
2188	 0.167744430242033 
2189	 0.168010074208236 
2190	 0.169139585621085 
2191	 0.168588248521063 
2192	 0.16631611207129 
2193	 0.166411578362284 
2194	 0.167478465001102 
2195	 0.167033105766809 
2196	 0.166926777752229 
2197	 0.168219855505961 
2198	 0.167489267586052 
2199	 0.165236057691637 
2200	 0.166146461442874 
2201	 0.167602898719531 
2202	 0.166497235542885 
2203	 0.165810310540718 
2204	 0.165730979356877 
2205	 0.165021669103058 
2206	 0.164664354900022 
2207	 0.164896759155388 
2208	 0.165935032438635 
2209	 0.166562324913134 
2210	 0.166691799917477 
2211	 0.167502398295012 
2212	 0.167986669625984 
2213	 0.167247751792113 
2214	 0.167117113171597 
2215	 0.16783445416062 
2216	 0.167860641819271 
2217	 0.166943000919681 
2218	 0.166874625283891 
2219	 0.167204100113566 
2220	 0.167431830282423 
2221	 0.167956162688176 
2222	 0.168653004899391 
2223	 0.167690115815268 
2224	 0.167038913462265 
2225	 0.167947949712213 
2226	 0.168123555310097 
2227	 0.167599245892989 
2228	 0.168394375028168 
2229	 0.169925736773271 
2230	 0.169232890915809 
2231	 0.167953845036024 
2232	 0.168339910485745 
2233	 0.167456011736631 
2234	 0.166677396328848 
2235	 0.167631416325629 
2236	 0.168353170736312 
2237	 0.168653621419688 
2238	 0.167894638901498 
2239	 0.167895789027286 
2240	 0.168375938363808 
2241	 0.168856598747369 
2242	 0.169459749071779 
2243	 0.169434954133269 
2244	 0.169273487326042 
2245	 0.169305373610307 
2246	 0.168910550429149 
2247	 0.168593282605643 
2248	 0.168507089345073 
2249	 0.168402254123231 
2250	 0.167595752067391 
2251	 0.168555699321712 
2252	 0.168677891742034 
2253	 0.167228602469981 
2254	 0.166813538068507 
2255	 0.166891469082643 
2256	 0.168226574136526 
2257	 0.1689544688102 
2258	 0.167855100324663 
2259	 0.167448767444481 
2260	 0.167152381308976 
2261	 0.167919103949708 
2262	 0.170025797170733 
2263	 0.170698447453541 
2264	 0.169255506503356 
2265	 0.167945859049012 
2266	 0.16849524701953 
2267	 0.16847968723618 
2268	 0.166579493327034 
2269	 0.165866570402124 
2270	 0.166779462226296 
2271	 0.167785114585145 
2272	 0.167748009392338 
2273	 0.16935825242148 
2274	 0.16916869893112 
2275	 0.165391186607922 
2276	 0.164283279039396 
2277	 0.16516162410475 
2278	 0.165428166200062 
2279	 0.166314058043416 
2280	 0.166388508208537 
2281	 0.165308511633961 
2282	 0.165302797314886 
2283	 0.166487812144484 
2284	 0.166161956066276 
2285	 0.163864193465948 
2286	 0.164658959431662 
2287	 0.16723199870112 
2288	 0.167647458560182 
2289	 0.166743436885849 
2290	 0.167506399189824 
2291	 0.168231854772383 
2292	 0.166683946035154 
2293	 0.165441195659646 
2294	 0.167250732884827 
2295	 0.16643399610956 
2296	 0.164425977595609 
2297	 0.165664536824565 
2298	 0.167651580523311 
2299	 0.169062770922353 
2300	 0.168871888387726 
2301	 0.169221866840282 
2302	 0.170217641681206 
2303	 0.169252214982787 
2304	 0.168208820588359 
2305	 0.167703512555187 
2306	 0.167116205678557 
2307	 0.166853996312579 
2308	 0.165593804557419 
2309	 0.164890808967715 
2310	 0.165923127111599 
2311	 0.165225922268126 
2312	 0.164452484127719 
2313	 0.164988408797041 
2314	 0.163691553172301 
2315	 0.164280362267539 
2316	 0.166782012280038 
2317	 0.166191482434444 
2318	 0.165899332012167 
2319	 0.166915830578512 
2320	 0.1681171418641 
2321	 0.168044708858096 
2322	 0.169631998525469 
2323	 0.16921695722594 
2324	 0.164348406001174 
2325	 0.163612333173624 
2326	 0.165404920126834 
2327	 0.166465546383928 
2328	 0.169550274135493 
2329	 0.169996733958877 
2330	 0.169214870048106 
2331	 0.168679157840896 
2332	 0.165441297652321 
2333	 0.164457812010018 
2334	 0.165623854681764 
2335	 0.165274197333635 
2336	 0.16566536678663 
2337	 0.165298753616393 
2338	 0.163089227964636 
2339	 0.161800809212963 
2340	 0.160077455890098 
2341	 0.159703617925361 
2342	 0.158379217901799 
2343	 0.156480853178093 
2344	 0.157505975392858 
2345	 0.16133100736985 
2346	 0.168713911277874 
2347	 0.17402993883677 
2348	 0.171249584578164 
2349	 0.167651084030463 
2350	 0.165961042909009 
2351	 0.163453218268143 
2352	 0.164145510935084 
2353	 0.164847751960696 
2354	 0.160781770760653 
2355	 0.161472536934831 
2356	 0.16690627829134 
2357	 0.167097871331418 
2358	 0.165337589288416 
2359	 0.164938423473273 
2360	 0.163438476686876 
2361	 0.164715531085378 
2362	 0.17080175598284 
2363	 0.174132977018326 
2364	 0.173882954388605 
2365	 0.172422962992644 
2366	 0.16981438149831 
2367	 0.16862279950327 
2368	 0.163991100466972 
2369	 0.160483171767174 
2370	 0.163770836456497 
2371	 0.16507496605104 
2372	 0.163993997250933 
2373	 0.163849921921293 
2374	 0.159760584378759 
2375	 0.155899409192272 
2376	 0.161427616027328 
2377	 0.164526275070231 
2378	 0.164317066392314 
2379	 0.16451210377693 
2380	 0.157493108559498 
2381	 0.156761030909296 
2382	 0.159151547690397 
2383	 0.155423237387927 
2384	 0.157397800957527 
2385	 0.16251993450169 
2386	 0.164278359887511 
2387	 0.168680885112263 
2388	 0.171407937236098 
2389	 0.165224806484101 
2390	 0.167397987741729 
2391	 0.17618577630887 
2392	 0.168531587891474 
2393	 0.160464567058222 
2394	 0.162978022491866 
2395	 0.160234480946415 
2396	 0.160712431032572 
2397	 0.166197564143532 
2398	 0.159100414473934 
2399	 0.149756188070808 
2400	 0.153935252077741 
2401	 0.163875972175876 
2402	 0.162879768007552 
2403	 0.158994167724125 
2404	 0.161501651414179 
2405	 0.159000953595761 
2406	 0.159267299938147 
2407	 0.161373528292646 
2408	 0.154284320330631 
2409	 0.155867543864283 
2410	 0.170723634094563 
2411	 0.174088185285146 
2412	 0.173916056574981 
2413	 0.179385400197246 
2414	 0.174966844328537 
2415	 0.177833346366947 
2416	 0.180346568007162 
2417	 0.166108782079283 
2418	 0.162329974922018 
2419	 0.162153735463466 
2420	 0.168411534927317 
2421	 0.182612058305565 
2422	 0.161165210994404 
2423	 0.142886388041634 
2424	 0.150345925534478 
2425	 0.145310094929764 
2426	 0.159576203987546 
2427	 0.184740607758513 
2428	 0.175348139037906 
2429	 0.155657798925389 
2430	 0.145022227078175 
2431	 0.147809910197939 
2432	 0.153954404773398 
2433	 0.150312917179136 
2434	 0.15321572381219 
2435	 0.150136656405074 
2436	 0.129755806018292 
2437	 0.130035252407662 
2438	 0.135696196070601 
2439	 0.126061081917891 
2440	 0.143098386053556 
2441	 0.165183461738537 
2442	 0.173179920257023 
2443	 0.172774318532021 
2444	 0.157759168028247 
2445	 0.151183707016743 
2446	 0.138309948489192 
2447	 0.133511683335683 
2448	 0.156190117586229 
2449	 0.160555336180681 
2450	 0.153797533163589 
2451	 0.169139565555401 
2452	 0.177157176344301 
2453	 0.170021530705642 
2454	 0.181194773954477 
2455	 0.183663230941681 
2456	 0.158207132904403 
2457	 0.142540861089374 
2458	 0.147920643886629 
2459	 0.157530884804821 
2460	 0.146350733463224 
2461	 0.137704808020584 
2462	 0.147457866046988 
2463	 0.145564076906156 
2464	 0.164617226582451 
2465	 0.176619946401982 
2466	 0.151488234342106 
2467	 0.134812874668384 
2468	 0.153171223029262 
2469	 0.153167293468357 
2470	 0.149438158121818 
2471	 0.142240423310914 
2472	 8.64453023106916E-02 
2473	 8.44512530189478E-02 
2474	 0.179266046739638 
2475	 0.201659011888759 
2476	 0.176765744425371 
2477	 0.187158864967151 
2478	 0.175605850520747 
2479	 0.193035771350409 
2480	 0.251356619972188 
2481	 0.200544050169957 
2482	 0.112534031524701 
2483	 0.129625003246951 
2484	 0.188233305647919 
2485	 0.361002330874923 
2486	 0.402015755739783 
2487	 0.190763552980456 
2488	 0.150025902713884 
2489	 8.51344891340812E-02 
2490	 0.131476982954983 
2491	 0.393417324415086 
2492	 0.376172864554472 
2493	 0.108326816140328 
2494	 0.144205371115091 
2495	 0.191045591222595 
2496	 4.95316852048311E-02 
2497	 2.63112411302233E-02 
2498	-2.72542511191848E-03 
2499	-4.68789785677086E-03 
2500	 0.271887454631027 
