Wavelength	09/27/123 at 12:35:15
350	 0.023024456899146 
351	 2.23415695071494E-02 
352	 2.25466190909408E-02 
353	 2.29937705820987E-02 
354	 2.24668499184209E-02 
355	 2.29568250740321E-02 
356	 2.34148070538923E-02 
357	 2.32341573372442E-02 
358	 2.33377476304463E-02 
359	 2.34662991138907E-02 
360	 2.35439132952373E-02 
361	 2.35697550003057E-02 
362	 2.36750403075386E-02 
363	 2.37670313146512E-02 
364	 2.37863177983528E-02 
365	 2.37821187245938E-02 
366	 2.37757622527857E-02 
367	 2.37861269103068E-02 
368	 2.38441264442078E-02 
369	 2.41625508749792E-02 
370	 2.43398448112631E-02 
371	 2.42153621174408E-02 
372	 2.43213737241619E-02 
373	 2.43904426873702E-02 
374	 2.43903135169707E-02 
375	 2.43991174402003E-02 
376	 2.44780077259436E-02 
377	 2.46957167632755E-02 
378	 2.49795632304579E-02 
379	 2.49285598304574E-02 
380	 2.48671897848893E-02 
381	 2.49760387754312E-02 
382	 2.53157574629289E-02 
383	 2.53553472991391E-02 
384	 2.54837014951343E-02 
385	 2.57986795084649E-02 
386	 2.54395028944214E-02 
387	 2.54733268736658E-02 
388	 2.58464159531698E-02 
389	 2.60301643176673E-02 
390	 2.60659289584117E-02 
391	 2.62233508703886E-02 
392	 2.65487826172014E-02 
393	 2.66261616227202E-02 
394	 2.67774270600984E-02 
395	 2.69118328900633E-02 
396	 2.68552511534268E-02 
397	 2.70467113328079E-02 
398	 2.72331774018105E-02 
399	 0.027292856711358 
400	 2.74143527192621E-02 
401	 2.76007250391488E-02 
402	 2.77598007174729E-02 
403	 2.77836359630671E-02 
404	 0.027770874989298 
405	 2.78012778836774E-02 
406	 2.79159509025479E-02 
407	 0.028107670750355 
408	 2.82792680255867E-02 
409	 2.84102084978354E-02 
410	 2.85098414117017E-02 
411	 2.85249243588106E-02 
412	 0.028625542545944 
413	 2.88722604295027E-02 
414	 2.91360081018182E-02 
415	 2.92895670958634E-02 
416	 2.93682279626326E-02 
417	 2.94591789388272E-02 
418	 2.94819794319504E-02 
419	 2.95311451090897E-02 
420	 2.96722999635981E-02 
421	 2.99255782067082E-02 
422	 3.00602827400199E-02 
423	 0.030144431118074 
424	 3.03339235126035E-02 
425	 3.05427271807246E-02 
426	 3.07371579754408E-02 
427	 3.09014268675788E-02 
428	 3.10349659006735E-02 
429	 3.12286313809816E-02 
430	 3.14222938303422E-02 
431	 3.15345222636605E-02 
432	 3.16799760974309E-02 
433	 3.18811176474826E-02 
434	 3.20903410165486E-02 
435	 3.21704337541645E-02 
436	 3.23544152659807E-02 
437	 3.26149388381135E-02 
438	 3.28470433669678E-02 
439	 3.30058261647965E-02 
440	 3.31584263511951E-02 
441	 3.33185106013457E-02 
442	 3.34155862602775E-02 
443	 3.36402381990374E-02 
444	 3.38760527377814E-02 
445	 3.39792498293037E-02 
446	 3.41483453468122E-02 
447	 3.43808053040468E-02 
448	 3.46242112623671E-02 
449	 3.47806505007554E-02 
450	 3.49718096232417E-02 
451	 3.51524786233481E-02 
452	 0.035262925624394 
453	 3.54168817850714E-02 
454	 3.55868086429424E-02 
455	 3.57411281210184E-02 
456	 3.58519614794842E-02 
457	 3.60167726867074E-02 
458	 3.62214242906202E-02 
459	 3.64173936171774E-02 
460	 3.65582493705957E-02 
461	 3.66454830173188E-02 
462	 3.67354867277152E-02 
463	 3.69339068728817E-02 
464	 3.70882730718118E-02 
465	 3.72191889461263E-02 
466	 3.73749442590457E-02 
467	 3.75368627326194E-02 
468	 3.76660361500444E-02 
469	 3.77677834374032E-02 
470	 3.78887954496714E-02 
471	 3.80185895740171E-02 
472	 0.038161197939477 
473	 3.83201824575035E-02 
474	 3.85039969625433E-02 
475	 3.86285736780942E-02 
476	 3.87046231270935E-02 
477	 3.88168216786132E-02 
478	 3.89432370297441E-02 
479	 3.91044736879224E-02 
480	 3.92994685859784E-02 
481	 3.94458769288895E-02 
482	 3.95482526978565E-02 
483	 3.96822571442124E-02 
484	 3.99563365460586E-02 
485	 4.01125215769265E-02 
486	 4.02924713309153E-02 
487	 4.05836503412494E-02 
488	 4.07457829059295E-02 
489	 4.09175831962704E-02 
490	 4.11310118862659E-02 
491	 4.13569592892651E-02 
492	 4.15288915993084E-02 
493	 4.17141819120995E-02 
494	 4.19477683318282E-02 
495	 4.21498759750601E-02 
496	 4.23631017944145E-02 
497	 4.25865439838392E-02 
498	 4.28082647003613E-02 
499	 4.30989925786899E-02 
500	 4.33757249519676E-02 
501	 4.35915675556972E-02 
502	 4.37940607348065E-02 
503	 4.39675888837957E-02 
504	 4.41652955372312E-02 
505	 4.44494724053821E-02 
506	 4.47784588987467E-02 
507	 4.50538470908439E-02 
508	 4.52474102291522E-02 
509	 4.54329659614768E-02 
510	 4.56838551761196E-02 
511	 4.59848290721834E-02 
512	 4.62798193210594E-02 
513	 4.64970395521351E-02 
514	 4.67156252703755E-02 
515	 4.69752349815056E-02 
516	 4.72533148829819E-02 
517	 4.75518949881647E-02 
518	 4.78777931113006E-02 
519	 4.82124564582439E-02 
520	 4.84594147570858E-02 
521	 0.048670336754975 
522	 4.89224685115324E-02 
523	 4.93068943461993E-02 
524	 4.96490166420473E-02 
525	 4.99328815546726E-02 
526	 5.01972842236807E-02 
527	 5.05272618306295E-02 
528	 5.08745386272204E-02 
529	 5.11964874192889E-02 
530	 5.14719616889648E-02 
531	 5.18174831076892E-02 
532	 0.052172261039272 
533	 5.24936183658181E-02 
534	 5.28882140680038E-02 
535	 5.32722988617706E-02 
536	 5.36169540661298E-02 
537	 5.39330525383892E-02 
538	 5.43139855429772E-02 
539	 5.47519938654835E-02 
540	 5.52065932325276E-02 
541	 5.55968445172327E-02 
542	 5.60205417693419E-02 
543	 5.64751076455887E-02 
544	 5.69168282195129E-02 
545	 5.73025321040253E-02 
546	 5.77157306913994E-02 
547	 5.81811106144468E-02 
548	 5.86068855388112E-02 
549	 0.059042765427079 
550	 5.95024061861194E-02 
551	 5.99858394477403E-02 
552	 0.060467523352191 
553	 6.09473694131527E-02 
554	 6.14218301974052E-02 
555	 6.18843225989418E-02 
556	 0.062365962399452 
557	 6.28632093893588E-02 
558	 0.063360956097061 
559	 0.06385518664902 
560	 6.43583649897283E-02 
561	 0.064892985273668 
562	 6.54913849619896E-02 
563	 6.60052198193844E-02 
564	 6.64844570363238E-02 
565	 6.69991671288321E-02 
566	 6.75396826961416E-02 
567	 6.80813753868082E-02 
568	 6.86062807992144E-02 
569	 6.91058449917484E-02 
570	 6.95958551343656E-02 
571	 0.070113204710063 
572	 7.06520506516546E-02 
573	 0.071120490656736 
574	 7.15707413421433E-02 
575	 7.20312592665016E-02 
576	 7.25170456401558E-02 
577	 7.30594128630854E-02 
578	 7.35640033030776E-02 
579	 0.073999412311136 
580	 7.44522351843063E-02 
581	 0.074902366357854 
582	 7.53356033753827E-02 
583	 7.57458309107575E-02 
584	 7.61858727052966E-02 
585	 0.076619295100822 
586	 7.70544930660627E-02 
587	 7.75621868770898E-02 
588	 7.80019761794603E-02 
589	 7.84292760727092E-02 
590	 7.88818668362581E-02 
591	 7.92550372056947E-02 
592	 7.96236797429039E-02 
593	 8.00383577853952E-02 
594	 8.05100965602237E-02 
595	 8.09246023353926E-02 
596	 8.13015528178212E-02 
597	 8.16806302885935E-02 
598	 0.082079728125431 
599	 8.24872357113931E-02 
600	 8.28923268363919E-02 
601	 8.32921008244162E-02 
602	 8.37013472654587E-02 
603	 8.40844774325662E-02 
604	 8.44335270220313E-02 
605	 8.47808207732495E-02 
606	 8.51132409625761E-02 
607	 8.54435011752904E-02 
608	 8.57892293620341E-02 
609	 8.61609436055466E-02 
610	 8.64841322615718E-02 
611	 8.67631579053917E-02 
612	 8.70803163957745E-02 
613	 8.73599658601144E-02 
614	 8.76481401992984E-02 
615	 0.087981243881438 
616	 0.08830004067677 
617	 8.85795824566608E-02 
618	 8.88334736671284E-02 
619	 8.91070630328816E-02 
620	 8.93835672545551E-02 
621	 8.96706780795975E-02 
622	 8.99694300136312E-02 
623	 9.02701897599259E-02 
624	 9.04952254440328E-02 
625	 9.07283468110375E-02 
626	 9.10692882283052E-02 
627	 0.091332768759302 
628	 9.15638604180522E-02 
629	 9.18026147480181E-02 
630	 9.20682773465046E-02 
631	 9.23191730798944E-02 
632	 9.25102535150843E-02 
633	 9.26537258321441E-02 
634	 9.29513611742995E-02 
635	 9.32466169489742E-02 
636	 9.34923135556635E-02 
637	 0.093719115244267 
638	 9.39085927707409E-02 
639	 9.41051982827322E-02 
640	 9.43390781339449E-02 
641	 9.45980660380431E-02 
642	 9.48273605422044E-02 
643	 9.50272475194534E-02 
644	 0.095226511768235 
645	 9.54496690473317E-02 
646	 9.56671100974699E-02 
647	 9.58908178950493E-02 
648	 9.61872727482651E-02 
649	 9.64382696232406E-02 
650	 9.66668979839942E-02 
651	 9.69142974010325E-02 
652	 9.71610174193945E-02 
653	 9.73294987658853E-02 
654	 9.74652735027727E-02 
655	 0.097702184367957 
656	 9.80882381965747E-02 
657	 9.83903699402328E-02 
658	 9.85246413358186E-02 
659	 9.87273257846093E-02 
660	 9.89479334068901E-02 
661	 9.91972610294806E-02 
662	 0.099487043850122 
663	 9.97498239280668E-02 
664	 9.99705562973453E-02 
665	 0.100145003900842 
666	 0.10028381911513 
667	 0.100550759532259 
668	 0.100829339340074 
669	 0.101020108468718 
670	 0.101231292469748 
671	 0.101492035134254 
672	 0.101752971582086 
673	 0.101942820088933 
674	 0.102193588686243 
675	 0.102477869272178 
676	 0.102728807361208 
677	 0.102854818477336 
678	 0.103064169736192 
679	 0.103341235269961 
680	 0.10360547667846 
681	 0.10379784166522 
682	 0.103942510514882 
683	 0.104117515325908 
684	 0.104414356256832 
685	 0.104609735207 
686	 0.104916931938039 
687	 0.105435496646968 
688	 0.105741116317338 
689	 0.105884346271847 
690	 0.105993159875241 
691	 0.106168132546843 
692	 0.10628721198547 
693	 0.106426820127566 
694	 0.106602827897098 
695	 0.106762448873253 
696	 0.106976661441035 
697	 0.107184355496648 
698	 0.107353040575644 
699	 0.107537163341312 
700	 0.107767733127348 
701	 0.108007391524254 
702	 0.108195273313108 
703	 0.108343427952134 
704	 0.108526327923659 
705	 0.108744971168649 
706	 0.108911671384927 
707	 0.109135998194339 
708	 0.109366387498561 
709	 0.109547051460178 
710	 0.109702266192306 
711	 0.1098210440285 
712	 0.109980959439869 
713	 0.110272463176307 
714	 0.11049850610254 
715	 0.110611948668748 
716	 0.110658727321571 
717	 0.110792222938857 
718	 0.111040638258017 
719	 0.111328603191788 
720	 0.111561395622177 
721	 0.111779743672786 
722	 0.111908893917836 
723	 0.11199850900373 
724	 0.112136335350528 
725	 0.112280804557391 
726	 0.112477748139789 
727	 0.112718472860276 
728	 0.112901496266467 
729	 0.113009480816578 
730	 0.113143453715428 
731	 0.113366718911778 
732	 0.113540889016707 
733	 0.113693628736991 
734	 0.113848996281778 
735	 0.114023473537199 
736	 0.114199797373842 
737	 0.114338448554625 
738	 0.114438638990911 
739	 0.114550102022017 
740	 0.114748323060501 
741	 0.114963963712315 
742	 0.115119714348542 
743	 0.115242358818406 
744	 0.115371544232878 
745	 0.115518764814165 
746	 0.115672007652995 
747	 0.1157927045535 
748	 0.115909139196842 
749	 0.116029806329663 
750	 0.116132195040298 
751	 0.116284241039748 
752	 0.11644185491255 
753	 0.116565468224675 
754	 0.116706723419671 
755	 0.116885148129782 
756	 0.117090623426622 
757	 0.117304643095493 
758	 0.117526585079032 
759	 0.117956589901491 
760	 0.118785592693264 
761	 0.119620060117311 
762	 0.119756675538093 
763	 0.11961073820686 
764	 0.119524271029083 
765	 0.119313628056877 
766	 0.119063479290409 
767	 0.118859368279821 
768	 0.118763049557239 
769	 0.118756382087616 
770	 0.118787752335682 
771	 0.118832205894218 
772	 0.118890436181717 
773	 0.118978190281423 
774	 0.119110943566098 
775	 0.119270896991929 
776	 0.119387413487473 
777	 0.119412414214753 
778	 0.119435777044861 
779	 0.119555707169316 
780	 0.119732632603737 
781	 0.119871448944998 
782	 0.119943713158962 
783	 0.119983243648199 
784	 0.120125465429973 
785	 0.120265567120574 
786	 0.120340298112866 
787	 0.12038095673696 
788	 0.120424115291098 
789	 0.120524327269505 
790	 0.120689733948977 
791	 0.120811650198668 
792	 0.120836309745564 
793	 0.120858465917982 
794	 0.12099397572838 
795	 0.121082818395152 
796	 0.121154566120861 
797	 0.121223954058935 
798	 0.121287339085493 
799	 0.121355946884145 
800	 0.121454040157424 
801	 0.121570226310637 
802	 0.121633847999355 
803	 0.121695431424711 
804	 0.121822035176633 
805	 0.122004405517925 
806	 0.121972246291183 
807	 0.121986037088899 
808	 0.12209749571106 
809	 0.12223281664098 
810	 0.122315675635538 
811	 0.122366065711917 
812	 0.122403354390067 
813	 0.122437339618311 
814	 0.122411900955058 
815	 0.1224502229745 
816	 0.122623733893125 
817	 0.122834245874496 
818	 0.122883084075063 
819	 0.122920771957768 
820	 0.123083755593805 
821	 0.123089302596523 
822	 0.123088356712246 
823	 0.123175709461053 
824	 0.123361445162261 
825	 0.123366588495369 
826	 0.123425754031635 
827	 0.123562873286227 
828	 0.123586340104785 
829	 0.123625388749943 
830	 0.123724788841092 
831	 0.123849460439518 
832	 0.123859463227054 
833	 0.123912951005185 
834	 0.123943459421525 
835	 0.123911194189356 
836	 0.12401507089784 
837	 0.124124005144287 
838	 0.124188579259279 
839	 0.124212389903189 
840	 0.124265158916256 
841	 0.124404271941216 
842	 0.124555921984084 
843	 0.124569089697406 
844	 0.124621388823184 
845	 0.124669368488773 
846	 0.1247127574522 
847	 0.124843539034125 
848	 0.124883174151772 
849	 0.124882499732384 
850	 0.124920279627729 
851	 0.12501672360507 
852	 0.125018023760527 
853	 0.124976766188315 
854	 0.125028105925946 
855	 0.125301845813424 
856	 0.125540776045141 
857	 0.125607725231458 
858	 0.125491839587 
859	 0.125361437494716 
860	 0.12550164810213 
861	 0.12578096733945 
862	 0.125739241438593 
863	 0.125813092457374 
864	 0.125803679146075 
865	 0.125685528477675 
866	 0.125818710310035 
867	 0.125964592144758 
868	 0.126043636435328 
869	 0.12608481828589 
870	 0.126281989895766 
871	 0.126333328386263 
872	 0.126280965959486 
873	 0.126260283986286 
874	 0.126259658665807 
875	 0.126394507403594 
876	 0.126610267285356 
877	 0.126756668210316 
878	 0.126747506173654 
879	 0.126653460040655 
880	 0.126625825538436 
881	 0.12681475976635 
882	 0.126814201483025 
883	 0.126915194146557 
884	 0.12715812996496 
885	 0.127212430205968 
886	 0.127135011891968 
887	 0.127117566908822 
888	 0.127217618867313 
889	 0.127200253847269 
890	 0.12726642730157 
891	 0.127368088252804 
892	 0.127426651045032 
893	 0.127488580726127 
894	 0.12740971825418 
895	 0.127173110430006 
896	 0.126948341852995 
897	 0.12738622652775 
898	 0.127776952415871 
899	 0.12781459417347 
900	 0.127611398250304 
901	 0.127903933394314 
902	 0.128122587524407 
903	 0.128110839233914 
904	 0.128052298195688 
905	 0.128004569840473 
906	 0.128085252887352 
907	 0.128165308246621 
908	 0.127925716634164 
909	 0.128003703944488 
910	 0.128077043901935 
911	 0.128036306258431 
912	 0.128257200256456 
913	 0.128366904705939 
914	 0.128438065024893 
915	 0.128535539808928 
916	 0.128537491774452 
917	 0.128658799586691 
918	 0.128868460767379 
919	 0.129049793436882 
920	 0.129065037052536 
921	 0.128916190050815 
922	 0.128745207736869 
923	 0.128726152584229 
924	 0.128989937414727 
925	 0.129285983082262 
926	 0.129253813591743 
927	 0.128672374994921 
928	 0.128230025617622 
929	 0.128154323342147 
930	 0.128339382482248 
931	 0.128352485339649 
932	 0.127781067441144 
933	 0.126727589218242 
934	 0.125930043284535 
935	 0.126326732540377 
936	 0.127382857501447 
937	 0.128035240636727 
938	 0.128078516223842 
939	 0.12804560335955 
940	 0.12827476529959 
941	 0.127957112378653 
942	 0.12725578493768 
943	 0.127312218071658 
944	 0.128192679895661 
945	 0.12872440879446 
946	 0.128511386509789 
947	 0.128419770073627 
948	 0.128182081882409 
949	 0.128111098725471 
950	 0.12816735053227 
951	 0.127808338134041 
952	 0.128493403877816 
953	 0.128873659914874 
954	 0.128521339246678 
955	 0.129274409380443 
956	 0.129543286857865 
957	 0.129256696421096 
958	 0.128814784640912 
959	 0.128747521230342 
960	 0.129846185462245 
961	 0.130604470855558 
962	 0.130221937702319 
963	 0.13033360345247 
964	 0.130959321249465 
965	 0.131447468082508 
966	 0.131293260495157 
967	 0.130707565053364 
968	 0.130784599233057 
969	 0.131397698444089 
970	 0.131931420197848 
971	 0.131597187440962 
972	 0.131008788137028 
973	 0.131111327428488 
974	 0.132101141473694 
975	 0.131667087725089 
976	 0.131111859433259 
977	 0.131205746953916 
978	 0.132061983520721 
979	 0.132446716748086 
980	 0.132297079542001 
981	 0.131840176533397 
982	 0.131586917536608 
983	 0.132575780764416 
984	 0.132559543214775 
985	 0.132382321496504 
986	 0.1332888322332 
987	 0.133370474752351 
988	 0.133620396786015 
989	 0.133979159196208 
990	 0.13397963610838 
991	 0.133284051358646 
992	 0.133195586642552 
993	 0.133626595785886 
994	 0.133852922541633 
995	 0.133285937392328 
996	 0.133308366758694 
997	 0.133542684061712 
998	 0.133150705615326 
999	 0.132607008217842 
1000	 0.132803658474672 
1001	 0.13740413341508 
1002	 0.137637307459069 
1003	 0.137830878371557 
1004	 0.137911166915434 
1005	 0.137761202960359 
1006	 0.137771743786073 
1007	 0.137811505542085 
1008	 0.137826470038073 
1009	 0.137945421492294 
1010	 0.138048441861297 
1011	 0.138000089794483 
1012	 0.137964665005381 
1013	 0.138015737258113 
1014	 0.13810943809242 
1015	 0.138319871333899 
1016	 0.138520833069717 
1017	 0.138612064631153 
1018	 0.138629195052423 
1019	 0.138567997219676 
1020	 0.13839085964868 
1021	 0.138394127160475 
1022	 0.138508377895043 
1023	 0.138477880932148 
1024	 0.138672767281804 
1025	 0.138776119033358 
1026	 0.138697225264708 
1027	 0.138897224044909 
1028	 0.139086767606481 
1029	 0.13912474934368 
1030	 0.13919571849464 
1031	 0.139310240288511 
1032	 0.139389283816583 
1033	 0.139401862558267 
1034	 0.139520082770884 
1035	 0.139736375518697 
1036	 0.139719624990235 
1037	 0.139726156719059 
1038	 0.139909323006127 
1039	 0.139938108724209 
1040	 0.139981875928687 
1041	 0.140052654257505 
1042	 0.140075199902166 
1043	 0.14009233579695 
1044	 0.140167406133173 
1045	 0.140329570151805 
1046	 0.140500254969282 
1047	 0.140538833293111 
1048	 0.140579723542361 
1049	 0.140561633695568 
1050	 0.14053936295735 
1051	 0.140548681049101 
1052	 0.140609533235433 
1053	 0.14060368315945 
1054	 0.140555484545062 
1055	 0.14063024167325 
1056	 0.140653150117941 
1057	 0.140687620067557 
1058	 0.140763718150009 
1059	 0.140897563430187 
1060	 0.141049204467636 
1061	 0.141150148862817 
1062	 0.14136956835593 
1063	 0.141554068424211 
1064	 0.141578844868452 
1065	 0.141543848702323 
1066	 0.141368310950114 
1067	 0.141297135418427 
1068	 0.141306767475997 
1069	 0.141397879185486 
1070	 0.141486968863054 
1071	 0.141742887052441 
1072	 0.141843344346617 
1073	 0.141814381605277 
1074	 0.141865488938305 
1075	 0.141974531019397 
1076	 0.142012312182327 
1077	 0.142029972679361 
1078	 0.142015918980943 
1079	 0.141900575331273 
1080	 0.141864072236826 
1081	 0.14190493725251 
1082	 0.142152498541386 
1083	 0.142308308603446 
1084	 0.142550536538726 
1085	 0.142662806545215 
1086	 0.142707559824409 
1087	 0.142714223175547 
1088	 0.142668865132707 
1089	 0.142650739305306 
1090	 0.142575745157327 
1091	 0.142499275860743 
1092	 0.142579503138438 
1093	 0.142710967028968 
1094	 0.142897642386936 
1095	 0.143063083413539 
1096	 0.143026553397436 
1097	 0.142768585452286 
1098	 0.14267239648195 
1099	 0.142380286590862 
1100	 0.14244059927235 
1101	 0.14286439470022 
1102	 0.143032677918615 
1103	 0.143343747051773 
1104	 0.143485971952031 
1105	 0.143420825476142 
1106	 0.143346768381459 
1107	 0.143249766424263 
1108	 0.143015918995322 
1109	 0.142794078960309 
1110	 0.142600112546498 
1111	 0.142455464718341 
1112	 0.142371012939452 
1113	 0.142316422802773 
1114	 0.142223512613479 
1115	 0.142333591080323 
1116	 0.142830155196119 
1117	 0.142978383285149 
1118	 0.143100063586485 
1119	 0.143168493974456 
1120	 0.142825758456352 
1121	 0.14266498488369 
1122	 0.142611044816046 
1123	 0.142585724486898 
1124	 0.142602190595717 
1125	 0.142707768820173 
1126	 0.142692561254092 
1127	 0.142646818566734 
1128	 0.14272314348348 
1129	 0.14260749266894 
1130	 0.142898956645733 
1131	 0.143888965001282 
1132	 0.143979113869395 
1133	 0.143640634426031 
1134	 0.143628785695242 
1135	 0.143201817844054 
1136	 0.143080715042304 
1137	 0.1435299107308 
1138	 0.14367052272795 
1139	 0.143715122578091 
1140	 0.143537416207842 
1141	 0.14359510637022 
1142	 0.143671787428054 
1143	 0.143761115753637 
1144	 0.143990021562599 
1145	 0.144027369350287 
1146	 0.143923219516913 
1147	 0.143952490620305 
1148	 0.144023093892274 
1149	 0.144010356658235 
1150	 0.143899115984727 
1151	 0.143961684366338 
1152	 0.144101312502947 
1153	 0.144151040907012 
1154	 0.144090968153708 
1155	 0.144445197251694 
1156	 0.144508034276111 
1157	 0.14437203793371 
1158	 0.144388998490857 
1159	 0.144435809844869 
1160	 0.144496295572503 
1161	 0.144571346648903 
1162	 0.144638157771393 
1163	 0.144737219812316 
1164	 0.144821252371004 
1165	 0.14488553076344 
1166	 0.144956270851596 
1167	 0.145072804540408 
1168	 0.14509156596395 
1169	 0.145015957203134 
1170	 0.145014711815907 
1171	 0.144963681249604 
1172	 0.145011691565904 
1173	 0.145086567113973 
1174	 0.145170751275803 
1175	 0.145252245522476 
1176	 0.145369015779987 
1177	 0.145383277132763 
1178	 0.145356163325027 
1179	 0.145358318819985 
1180	 0.145271527120515 
1181	 0.14525516641309 
1182	 0.145281908625823 
1183	 0.145337873262749 
1184	 0.145494638331606 
1185	 0.145530074699876 
1186	 0.145470168874809 
1187	 0.145517583716026 
1188	 0.145643882978172 
1189	 0.145579143873497 
1190	 0.145558019497052 
1191	 0.145633294367634 
1192	 0.145524092432407 
1193	 0.145479285913341 
1194	 0.145551427632581 
1195	 0.145787006655996 
1196	 0.145892199156294 
1197	 0.146075500981415 
1198	 0.146069284946745 
1199	 0.145844119333426 
1200	 0.145831010778656 
1201	 0.145813851631236 
1202	 0.145864343553079 
1203	 0.146095061322541 
1204	 0.146207044916436 
1205	 0.146291987083997 
1206	 0.146336811789976 
1207	 0.146305229468925 
1208	 0.146316219677897 
1209	 0.146273227514007 
1210	 0.146244203073981 
1211	 0.146266500092018 
1212	 0.146300385833644 
1213	 0.146430470034614 
1214	 0.146563379184635 
1215	 0.146601143487568 
1216	 0.146594059196076 
1217	 0.146595423681702 
1218	 0.146452217263585 
1219	 0.146512008625812 
1220	 0.146770701889664 
1221	 0.146875713260538 
1222	 0.147049366032799 
1223	 0.147059356545264 
1224	 0.146844890180065 
1225	 0.146720869340375 
1226	 0.14677580419287 
1227	 0.146768190618191 
1228	 0.146873933726153 
1229	 0.147058713441047 
1230	 0.146953148691911 
1231	 0.146905723746643 
1232	 0.147027598492909 
1233	 0.146939086503483 
1234	 0.14689857483716 
1235	 0.147087248957582 
1236	 0.147176864681468 
1237	 0.147238386837338 
1238	 0.14727762668973 
1239	 0.147258836649987 
1240	 0.147285275883759 
1241	 0.147316332343832 
1242	 0.147328323448437 
1243	 0.147345566140536 
1244	 0.147503301391671 
1245	 0.147507305489364 
1246	 0.14737512159335 
1247	 0.14738247554504 
1248	 0.147352069097145 
1249	 0.147372749943968 
1250	 0.147624866308569 
1251	 0.147773384203069 
1252	 0.147860137208678 
1253	 0.147904904125863 
1254	 0.147812085324373 
1255	 0.147762407657283 
1256	 0.147806551515696 
1257	 0.147868379451079 
1258	 0.147954675844381 
1259	 0.148078472299564 
1260	 0.148408094961642 
1261	 0.148440428582931 
1262	 0.148294142684072 
1263	 0.148247814665781 
1264	 0.148233244773577 
1265	 0.148242229486628 
1266	 0.148582099181228 
1267	 0.148873702831065 
1268	 0.148862526584728 
1269	 0.14877675339764 
1270	 0.148561707020975 
1271	 0.148502217466355 
1272	 0.148675093201581 
1273	 0.148712716318522 
1274	 0.148718845543812 
1275	 0.148696241761203 
1276	 0.148527973481467 
1277	 0.148443691340072 
1278	 0.148476143287478 
1279	 0.148529414675313 
1280	 0.148512601220524 
1281	 0.148411813484757 
1282	 0.148369812581626 
1283	 0.148292622066027 
1284	 0.148320427220015 
1285	 0.148439287615666 
1286	 0.148617599482944 
1287	 0.148593218660797 
1288	 0.148435849973446 
1289	 0.148313088457806 
1290	 0.148311123354918 
1291	 0.148480321371426 
1292	 0.148600116735707 
1293	 0.148563056488108 
1294	 0.148426781517195 
1295	 0.148358302376448 
1296	 0.148477282972526 
1297	 0.148637790154392 
1298	 0.14869675765345 
1299	 0.148628559635046 
1300	 0.148544695439796 
1301	 0.14850187574027 
1302	 0.148452236756163 
1303	 0.148416571669947 
1304	 0.148435443751321 
1305	 0.148401497453993 
1306	 0.148255088513339 
1307	 0.14840754077539 
1308	 0.148566732933665 
1309	 0.148591644910269 
1310	 0.148799286662483 
1311	 0.148697556478908 
1312	 0.148413923372254 
1313	 0.148465208302144 
1314	 0.148482634501024 
1315	 0.148552359563891 
1316	 0.148840468788481 
1317	 0.148941669658286 
1318	 0.148757533200543 
1319	 0.148559148656873 
1320	 0.148406370082643 
1321	 0.148311845540947 
1322	 0.148415758774559 
1323	 0.148698186476299 
1324	 0.148901784440558 
1325	 0.148722463496915 
1326	 0.14850167650823 
1327	 0.148435308499542 
1328	 0.148322749613841 
1329	 0.148559147008019 
1330	 0.148677574006487 
1331	 0.148975284322952 
1332	 0.148764974964205 
1333	 0.14850272224185 
1334	 0.148342620750325 
1335	 0.148133275182873 
1336	 0.148007438021734 
1337	 0.148293974436873 
1338	 0.148399889268754 
1339	 0.148160429240285 
1340	 0.148228003981949 
1341	 0.147920889125853 
1342	 0.147502454955779 
1343	 0.147752163476369 
1344	 0.147853475643339 
1345	 0.148033258424119 
1346	 0.148363774999273 
1347	 0.148085873781395 
1348	 0.147924781554513 
1349	 0.147791706807647 
1350	 0.146869393426923 
1351	 0.146514396607975 
1352	 0.147204156239456 
1353	 0.147084481912196 
1354	 0.147207017480187 
1355	 0.148616771434965 
1356	 0.148099470866511 
1357	 0.145915612785845 
1358	 0.146498985102867 
1359	 0.146020096886547 
1360	 0.141352429526086 
1361	 0.136440723408656 
1362	 0.149290539451016 
1363	 0.147580530835798 
1364	 0.147234877383638 
1365	 0.176685692776116 
1366	 0.152408220437318 
1367	 0.163325244132313 
1368	 0.208478232208084 
1369	 0.137015788075004 
1370	 0.114121394744416 
1371	 0.149428700745552 
1372	 0.199138893112638 
1373	 0.222897393781391 
1374	 0.191346715499007 
1375	 0.129116935298341 
1376	 2.06408128030518E-02 
1377	 6.79769052512545E-02 
1378	 0.210467179678678 
1379	 0.190595732006005 
1380	 0.166428144890609 
1381	 0.209868737074118 
1382	 0.223314518965759 
1383	 0.222727754865524 
1384	 0.213450514550098 
1385	 0.150061386438815 
1386	 6.01590125488971E-02 
1387	 5.88247775856003E-02 
1388	 0.145853041244109 
1389	 0.168183549689127 
1390	 0.178258922321542 
1391	 0.154229358436812 
1392	 0.150349227086041 
1393	 0.124597669924653 
1394	 0.128933334800991 
1395	 0.160790187295584 
1396	 0.160465154287803 
1397	 0.165576576102875 
1398	 0.170822440780859 
1399	 0.153236118528753 
1400	 0.134403902365106 
1401	 0.123275545502851 
1402	 0.118907836232042 
1403	 0.118032351133368 
1404	 0.133133635585847 
1405	 0.143966992078075 
1406	 0.136980703328883 
1407	 0.137579502985283 
1408	 0.135098315605774 
1409	 0.129827166164962 
1410	 0.13669021527083 
1411	 0.14044795061853 
1412	 0.138970244745411 
1413	 0.140980809554764 
1414	 0.141754903816564 
1415	 0.141774002359132 
1416	 0.144073016728658 
1417	 0.143497874578391 
1418	 0.141827432066133 
1419	 0.14175471802535 
1420	 0.141780460492599 
1421	 0.144405141019216 
1422	 0.146311394761423 
1423	 0.145242518673099 
1424	 0.144380515060885 
1425	 0.143682907621938 
1426	 0.143352259304641 
1427	 0.142953288327414 
1428	 0.143130477641561 
1429	 0.143989940835773 
1430	 0.144992509246814 
1431	 0.144539534897033 
1432	 0.144601713038682 
1433	 0.145731188275607 
1434	 0.145366298329796 
1435	 0.144610003956953 
1436	 0.145050967935974 
1437	 0.144605481071332 
1438	 0.144360186026085 
1439	 0.146063398885385 
1440	 0.146967037586867 
1441	 0.146749399453121 
1442	 0.14696172979557 
1443	 0.146857229668287 
1444	 0.146642536956821 
1445	 0.146712862495788 
1446	 0.14652711208376 
1447	 0.146030495137299 
1448	 0.145502066130818 
1449	 0.145870646489659 
1450	 0.146916398538585 
1451	 0.147415941292661 
1452	 0.147797552268969 
1453	 0.147914662131481 
1454	 0.146928274275279 
1455	 0.146368694894541 
1456	 0.146580637241587 
1457	 0.146673798783911 
1458	 0.147079484584623 
1459	 0.147182759504125 
1460	 0.147092301646082 
1461	 0.147397680939292 
1462	 0.147356701676705 
1463	 0.147218356046239 
1464	 0.147085013962568 
1465	 0.146826439473872 
1466	 0.146968112239941 
1467	 0.14739134380521 
1468	 0.147683307694102 
1469	 0.147521234307915 
1470	 0.147426478330206 
1471	 0.147053089380114 
1472	 0.147002041638695 
1473	 0.147287093065612 
1474	 0.147296181178074 
1475	 0.146993888761594 
1476	 0.1470943053531 
1477	 0.147072659397439 
1478	 0.147111489985215 
1479	 0.147656275740562 
1480	 0.147875512956874 
1481	 0.147744544501556 
1482	 0.147741513445146 
1483	 0.14782197534165 
1484	 0.147878630013137 
1485	 0.147792449484405 
1486	 0.147889092664531 
1487	 0.148380745045153 
1488	 0.148546991501381 
1489	 0.148398990246457 
1490	 0.148275145315877 
1491	 0.148058198931225 
1492	 0.148129209271169 
1493	 0.148520374320499 
1494	 0.148861136187436 
1495	 0.148912961285253 
1496	 0.148576830752302 
1497	 0.148317928974392 
1498	 0.148524428008888 
1499	 0.148796773706277 
1500	 0.148898230757655 
1501	 0.149095315339656 
1502	 0.149126017036256 
1503	 0.149095646791204 
1504	 0.149303770387557 
1505	 0.149253419374232 
1506	 0.149094892455298 
1507	 0.149049554295145 
1508	 0.149090888742855 
1509	 0.149336838021686 
1510	 0.149451189099118 
1511	 0.149448148634007 
1512	 0.149496681575954 
1513	 0.149599481083527 
1514	 0.149747340475472 
1515	 0.149776370867509 
1516	 0.149879388232697 
1517	 0.149902251633883 
1518	 0.149709900653265 
1519	 0.149868007488961 
1520	 0.150106600659755 
1521	 0.149965262329537 
1522	 0.14994068725778 
1523	 0.150119187185367 
1524	 0.150106730591311 
1525	 0.150080956218707 
1526	 0.150199060434299 
1527	 0.150194714828794 
1528	 0.150079957949091 
1529	 0.150174743810826 
1530	 0.150304509294907 
1531	 0.15032671332441 
1532	 0.150234303461735 
1533	 0.150277424115876 
1534	 0.150278003167495 
1535	 0.150346193076553 
1536	 0.150529055133404 
1537	 0.150617095027466 
1538	 0.15066026192766 
1539	 0.150841447020871 
1540	 0.150874718928488 
1541	 0.150736974808087 
1542	 0.150688289277421 
1543	 0.150718849138252 
1544	 0.150674469103579 
1545	 0.150813441150995 
1546	 0.150970827413219 
1547	 0.150711746443389 
1548	 0.150578155983748 
1549	 0.150613831555834 
1550	 0.150490202181549 
1551	 0.150672341714262 
1552	 0.151013255932028 
1553	 0.150993165314075 
1554	 0.150924644201959 
1555	 0.150945767066364 
1556	 0.150728234789908 
1557	 0.150732389323608 
1558	 0.151114540323696 
1559	 0.151262120972973 
1560	 0.151287051716074 
1561	 0.15140130473615 
1562	 0.151392180536416 
1563	 0.151290146432218 
1564	 0.151257704817741 
1565	 0.151220468586641 
1566	 0.15120088337073 
1567	 0.151216300119532 
1568	 0.15125616134957 
1569	 0.151430384129328 
1570	 0.151488289398789 
1571	 0.151491936307429 
1572	 0.151571597540478 
1573	 0.151543733345078 
1574	 0.151610813561689 
1575	 0.151726091406428 
1576	 0.151686853122663 
1577	 0.151659409176626 
1578	 0.151684652254935 
1579	 0.151694989855671 
1580	 0.151823494268305 
1581	 0.151959078446514 
1582	 0.151810637404159 
1583	 0.151650858863684 
1584	 0.151619376750611 
1585	 0.151564811879408 
1586	 0.151688467589735 
1587	 0.151835117126601 
1588	 0.15185345833767 
1589	 0.151798267830057 
1590	 0.151576699360749 
1591	 0.151624113608693 
1592	 0.151999823103854 
1593	 0.152204745458852 
1594	 0.152322196609653 
1595	 0.152316004097847 
1596	 0.152067669054366 
1597	 0.151979634543416 
1598	 0.152108296491001 
1599	 0.152255401289096 
1600	 0.152313095975294 
1601	 0.152182731148684 
1602	 0.152164176651527 
1603	 0.152264333631772 
1604	 0.152305930658026 
1605	 0.152492372196201 
1606	 0.152649511853586 
1607	 0.152581892912245 
1608	 0.152600196401124 
1609	 0.152737323398445 
1610	 0.152724805872985 
1611	 0.152789457929536 
1612	 0.152847856425135 
1613	 0.152586606004933 
1614	 0.152405437754267 
1615	 0.152425856344052 
1616	 0.152432703105574 
1617	 0.152440674571387 
1618	 0.152578039460444 
1619	 0.152652226047013 
1620	 0.152484117484776 
1621	 0.152495645893891 
1622	 0.152584626054677 
1623	 0.152472144404261 
1624	 0.152557263930709 
1625	 0.152706715263504 
1626	 0.152539844443918 
1627	 0.152416375245705 
1628	 0.152532798109465 
1629	 0.152504763670565 
1630	 0.152493489967783 
1631	 0.15281923297716 
1632	 0.15291313772485 
1633	 0.152824468118619 
1634	 0.15306407474786 
1635	 0.152996492659321 
1636	 0.152661177135964 
1637	 0.152666412534676 
1638	 0.152688486044951 
1639	 0.152730746641006 
1640	 0.152994972712201 
1641	 0.153110820999218 
1642	 0.153045579156296 
1643	 0.15306484145746 
1644	 0.152932461061361 
1645	 0.152857675103674 
1646	 0.15298337976158 
1647	 0.152856423135098 
1648	 0.152895367981037 
1649	 0.153074600752289 
1650	 0.152958120531229 
1651	 0.152976598992569 
1652	 0.153087178666184 
1653	 0.152925744788495 
1654	 0.152784015193678 
1655	 0.152848818779311 
1656	 0.152863080665722 
1657	 0.153002455830891 
1658	 0.153263070872034 
1659	 0.153279167109352 
1660	 0.153193992032471 
1661	 0.15312327712481 
1662	 0.153064365218707 
1663	 0.153030513021639 
1664	 0.152913514350082 
1665	 0.152952138882301 
1666	 0.153050508147783 
1667	 0.153111661685917 
1668	 0.153411203199219 
1669	 0.153485437475653 
1670	 0.153239114031348 
1671	 0.153110629499579 
1672	 0.152991748748732 
1673	 0.152854381842912 
1674	 0.152910983650473 
1675	 0.153078385171973 
1676	 0.153022456768657 
1677	 0.152941747103601 
1678	 0.153088099398621 
1679	 0.153092234220048 
1680	 0.153221042742907 
1681	 0.153453747170288 
1682	 0.153171468475397 
1683	 0.15301061947122 
1684	 0.153132312759176 
1685	 0.153044435433993 
1686	 0.15312261505282 
1687	 0.153326306427012 
1688	 0.153261823089103 
1689	 0.153188291530692 
1690	 0.153276356894017 
1691	 0.153330346897711 
1692	 0.153286943123632 
1693	 0.153249021437534 
1694	 0.153262017940413 
1695	 0.15324611838225 
1696	 0.153287879251468 
1697	 0.153335072853828 
1698	 0.153373918099709 
1699	 0.153489039759361 
1700	 0.153486321523222 
1701	 0.153637620187182 
1702	 0.153803899191833 
1703	 0.153883086647205 
1704	 0.154142006536145 
1705	 0.154052721541504 
1706	 0.153498800693943 
1707	 0.153381188682128 
1708	 0.153178178840633 
1709	 0.153224637426583 
1710	 0.153979342290089 
1711	 0.154075390732752 
1712	 0.153819219049548 
1713	 0.153737702942898 
1714	 0.153316636697991 
1715	 0.153206862048565 
1716	 0.153442720808134 
1717	 0.153517377275426 
1718	 0.153647416346017 
1719	 0.153659282865435 
1720	 0.153512035342416 
1721	 0.153551593459419 
1722	 0.15368450111437 
1723	 0.15366204752758 
1724	 0.153635616314912 
1725	 0.153573804546453 
1726	 0.153301905993319 
1727	 0.153246801222606 
1728	 0.153429210543747 
1729	 0.153592004441228 
1730	 0.153820294411843 
1731	 0.153863634568381 
1732	 0.153843334298357 
1733	 0.153746327246636 
1734	 0.15342272237968 
1735	 0.153350678225762 
1736	 0.153381017052628 
1737	 0.153475662111609 
1738	 0.153738749475782 
1739	 0.153811059980586 
1740	 0.153846086320984 
1741	 0.153805081669666 
1742	 0.153648244043141 
1743	 0.153692800435361 
1744	 0.153863925169768 
1745	 0.153815188410941 
1746	 0.153545045497539 
1747	 0.153711062779203 
1748	 0.154137395992004 
1749	 0.153976366236981 
1750	 0.153876700937397 
1751	 0.153429504281338 
1752	 0.15294347493539 
1753	 0.15320032743886 
1754	 0.153714451211024 
1755	 0.153954924764533 
1756	 0.153849311726241 
1757	 0.153805226340937 
1758	 0.153777340894255 
1759	 0.15367607052653 
1760	 0.153892499539483 
1761	 0.153989742586785 
1762	 0.154006132188768 
1763	 0.154182967706988 
1764	 0.15412682629505 
1765	 0.154053858496987 
1766	 0.153762660904712 
1767	 0.153230829974957 
1768	 0.15325693815975 
1769	 0.153574493594738 
1770	 0.153873289436993 
1771	 0.154537079007576 
1772	 0.154764376967496 
1773	 0.154498098012146 
1774	 0.154329074880554 
1775	 0.15395448587593 
1776	 0.153641015163161 
1777	 0.15339680092411 
1778	 0.153162229133939 
1779	 0.152640127106265 
1780	 0.15260922366907 
1781	 0.153084611162669 
1782	 0.153219137514037 
1783	 0.153673553184739 
1784	 0.153824480316049 
1785	 0.153407255684913 
1786	 0.153332838687822 
1787	 0.153528500210137 
1788	 0.153439060460477 
1789	 0.153042271199226 
1790	 0.152948296654977 
1791	 0.152535505060362 
1792	 0.152958636466801 
1793	 0.154825798034048 
1794	 0.155235021825618 
1795	 0.155421268613511 
1796	 0.155252212218703 
1797	 0.153223688451151 
1798	 0.15287349478126 
1799	 0.153753057918644 
1800	 0.153814094153827 
1801	 0.15465563056209 
1802	 0.154204973889692 
1803	 0.151785444532751 
1804	 0.150759188909856 
1805	 0.149638303726132 
1806	 0.148602142028636 
1807	 0.14827261594073 
1808	 0.149489465163451 
1809	 0.152341513605007 
1810	 0.153505924660023 
1811	 0.154989905049652 
1812	 0.150528091927589 
1813	 0.14675279070539 
1814	 0.149899930960412 
1815	 0.151030862004365 
1816	 0.152633810680483 
1817	 0.150558557471049 
1818	 0.144026891008112 
1819	 0.141067777032757 
1820	 0.144889978177098 
1821	 0.1474795265432 
1822	 0.152538364154261 
1823	 0.154360807579174 
1824	 0.151883742842342 
1825	 0.150128820891636 
1826	 0.148109145198327 
1827	 0.140030945383099 
1828	 0.117743844650191 
1829	 0.110262138305524 
1830	 0.1040431276722 
1831	 0.208883363173048 
1832	 0.287246419185355 
1833	 0.351606324495928 
1834	 0.497311858463473 
1835	 0.719680087771131 
1836	 0.603000577580072 
1837	 0.651753876896933 
1838	 0.344856410884379 
1839	 0.452635293005227 
1840	 0.456183809033535 
1841	 0.532551666730712 
1842	 0.801503475611911 
1843	 1.01611154477634 
1844	 1.19517085000397 
1845	 8.28243124897015 
1846	-36.7226425706676 
1847	 2.11829537566439 
1848	 1.37659183436179 
1849	-0.298257932880513 
1850	 0.538643996898952 
1851	 0.557122337058937 
1852	 1.21337138729324 
1853	 1.25626637598623 
1854	 3.31748143425487 
1855	 1.26373538193249 
1856	-0.131459682048924 
1857	-0.226211763818361 
1858	-0.253097724232505 
1859	 0.285096220693297 
1860	 0.995178000451526 
1861	 19.555718631269 
1862	 8.26653760723721 
1863	 0.169639299818528 
1864	 9.76120215073328E-02 
1865	 0.39379736373885 
1866	 0.443594336924405 
1867	 1.18331758330119 
1868	 1.33525012433103 
1869	 0.432560705997745 
1870	-5.50655621686336E-02 
1871	-0.353790728370308 
1872	-1.73998330922769 
1873	-1.07940091442868 
1874	 8.03230089928337E-02 
1875	 0.226842278145402 
1876	 0.377929674711717 
1877	 0.41983035830333 
1878	 0.302257090582661 
1879	 0.248924769060727 
1880	 0.203680435763412 
1881	 0.110469177652333 
1882	 0.179329062412646 
1883	 0.435934307561873 
1884	 0.45046941370949 
1885	 0.537046592384185 
1886	 0.470625896574739 
1887	 5.63097812536032E-02 
1888	-8.51215825981378E-02 
1889	 1.18444457161762E-02 
1890	 0.037889394494311 
1891	 4.98616675958557E-02 
1892	 0.227429424309548 
1893	 0.248997730011235 
1894	 5.35345653621566E-02 
1895	 7.40281016698224E-03 
1896	 2.13974859694298E-02 
1897	-1.42170691727827E-02 
1898	 0.114839665477795 
1899	 0.292065483983057 
1900	 0.524977591997923 
1901	 0.495056472246377 
1902	 0.428266006348579 
1903	 0.112122280698151 
1904	-2.11966837044962E-02 
1905	-0.154909941172423 
1906	-0.142234789598646 
1907	-0.119239864238066 
1908	-0.264073941030934 
1909	-0.253507268791435 
1910	-0.175973099342918 
1911	-0.016100163373042 
1912	 0.113986902843145 
1913	 0.117025257573199 
1914	-6.29868901306283E-03 
1915	 2.08448797008642E-02 
1916	 0.051705381849201 
1917	 7.06966716482575E-02 
1918	 0.173236005287099 
1919	 0.256742488456256 
1920	 0.24170691933006 
1921	 0.228684097416789 
1922	 0.221394418515613 
1923	 0.210584140991037 
1924	 0.2088860454388 
1925	 0.230239800256852 
1926	 0.236067481471697 
1927	 0.198332174022364 
1928	 0.162002107425864 
1929	 0.160614513483589 
1930	 0.186165947735699 
1931	 0.205245632483646 
1932	 0.200837711638168 
1933	 0.190764028525696 
1934	 0.172684647532475 
1935	 0.157461562612973 
1936	 0.1362655608072 
1937	 0.141591666468442 
1938	 0.149177791147869 
1939	 0.146865114314181 
1940	 0.150152797831235 
1941	 0.147861244234003 
1942	 0.141649206824019 
1943	 0.141495068064574 
1944	 0.139693384999815 
1945	 0.139290614455238 
1946	 0.141778802412958 
1947	 0.147763251893821 
1948	 0.145684816071349 
1949	 0.146117967104692 
1950	 0.152427498643325 
1951	 0.146473246909279 
1952	 0.142270369632247 
1953	 0.14902736856169 
1954	 0.151082837595538 
1955	 0.152025924400503 
1956	 0.154495523967299 
1957	 0.153365634098253 
1958	 0.153003668224722 
1959	 0.151344485603168 
1960	 0.152484030770222 
1961	 0.153906436355029 
1962	 0.15354361882641 
1963	 0.152227791272457 
1964	 0.151606910523044 
1965	 0.151351414651447 
1966	 0.151787152765382 
1967	 0.152093628780308 
1968	 0.152164591824718 
1969	 0.152176659392161 
1970	 0.152225189879846 
1971	 0.15185966563285 
1972	 0.151763310685219 
1973	 0.151797400677036 
1974	 0.151414508274737 
1975	 0.151101144215285 
1976	 0.150749924815204 
1977	 0.15058039932524 
1978	 0.151643468535526 
1979	 0.152415941571475 
1980	 0.152217070125436 
1981	 0.152106374260688 
1982	 0.152204650613704 
1983	 0.151845630313151 
1984	 0.152003723375863 
1985	 0.153377068026753 
1986	 0.153930823565936 
1987	 0.153309610756617 
1988	 0.153454850770268 
1989	 0.153180844079966 
1990	 0.152444476974879 
1991	 0.152695907558881 
1992	 0.152713741285264 
1993	 0.15290697439644 
1994	 0.153292050924997 
1995	 0.15344867928774 
1996	 0.153954830967774 
1997	 0.153851328320516 
1998	 0.152704502334221 
1999	 0.152629290882324 
2000	 0.154563040046955 
2001	 0.156031385689373 
2002	 0.156702752586116 
2003	 0.15733809001145 
2004	 0.156733163958856 
2005	 0.156834787297813 
2006	 0.157355380356099 
2007	 0.15969917523579 
2008	 0.160264876345265 
2009	 0.159917448370766 
2010	 0.159803749824261 
2011	 0.159517880598195 
2012	 0.159761522752264 
2013	 0.159834021577996 
2014	 0.159401911538509 
2015	 0.158016158342846 
2016	 0.1566584356258 
2017	 0.157492094026717 
2018	 0.159098976929822 
2019	 0.159501771338708 
2020	 0.160530458205252 
2021	 0.160136867130649 
2022	 0.158560180450471 
2023	 0.157219631726428 
2024	 0.156386796130963 
2025	 0.15610060741494 
2026	 0.156690757220286 
2027	 0.15693819826805 
2028	 0.157087068215801 
2029	 0.157284579719839 
2030	 0.157093667555387 
2031	 0.156993574424351 
2032	 0.156878365293609 
2033	 0.156567674452952 
2034	 0.156428176381522 
2035	 0.156496237825576 
2036	 0.156379860951036 
2037	 0.156364950546595 
2038	 0.156381692825932 
2039	 0.156160718546976 
2040	 0.156538610031071 
2041	 0.157241011760359 
2042	 0.156896314704029 
2043	 0.15672602464773 
2044	 0.157175287473344 
2045	 0.15706789245698 
2046	 0.155954864143361 
2047	 0.155934750074853 
2048	 0.156837497596943 
2049	 0.156749601502156 
2050	 0.156127295706466 
2051	 0.156551772738394 
2052	 0.15670370146528 
2053	 0.156317056962923 
2054	 0.156539293993288 
2055	 0.157011591169928 
2056	 0.157840734486607 
2057	 0.157848784586261 
2058	 0.156586973746028 
2059	 0.156523138869873 
2060	 0.156991026594059 
2061	 0.157683307557076 
2062	 0.15764646690067 
2063	 0.158513349944167 
2064	 0.159052360976563 
2065	 0.158657564896856 
2066	 0.157819390977833 
2067	 0.159120505925227 
2068	 0.159665725177897 
2069	 0.158688763235324 
2070	 0.158622699843161 
2071	 0.158821743015694 
2072	 0.157801870145737 
2073	 0.1570418372103 
2074	 0.157369173728544 
2075	 0.157287906336413 
2076	 0.15697977732391 
2077	 0.156860167572789 
2078	 0.156897707400617 
2079	 0.156972522059651 
2080	 0.157006629769551 
2081	 0.157295693814629 
2082	 0.157551711263524 
2083	 0.157056455702816 
2084	 0.156474896424675 
2085	 0.156683999729137 
2086	 0.157645366289852 
2087	 0.157990634970648 
2088	 0.157838670782855 
2089	 0.157634676212599 
2090	 0.157615533178283 
2091	 0.157224928980923 
2092	 0.157229671234623 
2093	 0.157878096956466 
2094	 0.157853475188709 
2095	 0.157348389974355 
2096	 0.157135115616529 
2097	 0.157008359612537 
2098	 0.15662563109407 
2099	 0.156311081224453 
2100	 0.156590595587721 
2101	 0.156371583287224 
2102	 0.155679900409601 
2103	 0.15641625721173 
2104	 0.156817717579527 
2105	 0.156615250442926 
2106	 0.157478500232053 
2107	 0.157956197760573 
2108	 0.157884251668543 
2109	 0.158001307851501 
2110	 0.158653921564186 
2111	 0.158728935438604 
2112	 0.158204651733089 
2113	 0.157735543629737 
2114	 0.156745648753668 
2115	 0.156742798911753 
2116	 0.156908036330805 
2117	 0.157317597477485 
2118	 0.158149503193716 
2119	 0.15834965494712 
2120	 0.157733389298776 
2121	 0.157326602559357 
2122	 0.157194541964091 
2123	 0.156934536249767 
2124	 0.156631846606843 
2125	 0.156267855715476 
2126	 0.156458556090086 
2127	 0.157080110895687 
2128	 0.15703942359083 
2129	 0.156829430762561 
2130	 0.157085482991536 
2131	 0.157325926385194 
2132	 0.157218271427817 
2133	 0.157453731197663 
2134	 0.157653366111324 
2135	 0.157076087384275 
2136	 0.156819914488225 
2137	 0.156917026633867 
2138	 0.15723668290909 
2139	 0.158049740744747 
2140	 0.158242362082356 
2141	 0.15831759777307 
2142	 0.158821389314817 
2143	 0.158873057562395 
2144	 0.158401561068024 
2145	 0.157917754124724 
2146	 0.157199304364753 
2147	 0.157061906671834 
2148	 0.156984798750664 
2149	 0.156696740141814 
2150	 0.156688495575383 
2151	 0.156635751001522 
2152	 0.156208304221262 
2153	 0.156212423110774 
2154	 0.156231816526524 
2155	 0.156049671279798 
2156	 0.156003645911608 
2157	 0.155855892239773 
2158	 0.155695746832885 
2159	 0.155670662017879 
2160	 0.156130388921742 
2161	 0.156783129073315 
2162	 0.156875293361125 
2163	 0.156612721148581 
2164	 0.156656282875092 
2165	 0.15614531391642 
2166	 0.155710783418554 
2167	 0.155801386817138 
2168	 0.155972581435679 
2169	 0.155446825596022 
2170	 0.154955033851607 
2171	 0.155218795269785 
2172	 0.155192292791521 
2173	 0.154649386866507 
2174	 0.154183782308748 
2175	 0.154686704104872 
2176	 0.154909907939173 
2177	 0.153916843019701 
2178	 0.153473470735636 
2179	 0.153962834280243 
2180	 0.153646172808342 
2181	 0.152545156766591 
2182	 0.152455728595007 
2183	 0.153004888815972 
2184	 0.153196193936749 
2185	 0.153022030383159 
2186	 0.153545455385344 
2187	 0.153684316753702 
2188	 0.152761273816963 
2189	 0.152163822177115 
2190	 0.152055259640993 
2191	 0.152207084998367 
2192	 0.152318759744241 
2193	 0.151983203498894 
2194	 0.151876714827931 
2195	 0.151964306994969 
2196	 0.151729429837275 
2197	 0.151132565196168 
2198	 0.151085384950743 
2199	 0.150920000822301 
2200	 0.151437952799029 
2201	 0.151795230157329 
2202	 0.151245567436257 
2203	 0.151051387438359 
2204	 0.150834256807401 
2205	 0.15006028843167 
2206	 0.149517211583428 
2207	 0.149919828851323 
2208	 0.150607609426617 
2209	 0.15093335659917 
2210	 0.15138035467911 
2211	 0.153152259682477 
2212	 0.153581237463414 
2213	 0.152192248802305 
2214	 0.152359595118086 
2215	 0.153851018271019 
2216	 0.153877037116864 
2217	 0.153523494489373 
2218	 0.153580592600096 
2219	 0.152720145384089 
2220	 0.152145592164706 
2221	 0.151890577015764 
2222	 0.152364396565789 
2223	 0.152768397078423 
2224	 0.152268326683484 
2225	 0.152228894643419 
2226	 0.152688129505702 
2227	 0.15159999959423 
2228	 0.151276091233936 
2229	 0.152839664456914 
2230	 0.153044764366949 
2231	 0.153102122509997 
2232	 0.154168666848862 
2233	 0.153697447701674 
2234	 0.153656020168492 
2235	 0.15460221821926 
2236	 0.154457676137386 
2237	 0.155031714172422 
2238	 0.156422072860065 
2239	 0.156300264394438 
2240	 0.155528901869564 
2241	 0.155412265467571 
2242	 0.154110864114372 
2243	 0.153668451240978 
2244	 0.15476768563784 
2245	 0.154812919709966 
2246	 0.153747421468328 
2247	 0.15383472823299 
2248	 0.154916858577583 
2249	 0.15494058264077 
2250	 0.154769543775943 
2251	 0.154919577348426 
2252	 0.154769837956377 
2253	 0.154485975598693 
2254	 0.154657765514692 
2255	 0.155117550490693 
2256	 0.154738850985878 
2257	 0.153593269599038 
2258	 0.153083556909716 
2259	 0.153481394393281 
2260	 0.153829661960046 
2261	 0.153485999715614 
2262	 0.152955463444989 
2263	 0.152364643816358 
2264	 0.152305927714312 
2265	 0.153317419073413 
2266	 0.154258385153564 
2267	 0.15433503941212 
2268	 0.154225998229212 
2269	 0.153065208474094 
2270	 0.152036324776531 
2271	 0.152430590101086 
2272	 0.152285854079219 
2273	 0.151346382586235 
2274	 0.151941474943889 
2275	 0.153854447008994 
2276	 0.154934095705783 
2277	 0.156254620000251 
2278	 0.157187414708243 
2279	 0.158629143047427 
2280	 0.158084743548202 
2281	 0.155569313352067 
2282	 0.155556184466816 
2283	 0.154998434652694 
2284	 0.154038182507571 
2285	 0.155489306737639 
2286	 0.155821887817406 
2287	 0.155029352919212 
2288	 0.153161272734581 
2289	 0.153037144432812 
2290	 0.151960059808974 
2291	 0.150569118737717 
2292	 0.154147669668866 
2293	 0.156456034670625 
2294	 0.15540392330057 
2295	 0.155665628622539 
2296	 0.154390375422656 
2297	 0.152398233980826 
2298	 0.154108359346484 
2299	 0.154548816947187 
2300	 0.151053574665868 
2301	 0.148768298327962 
2302	 0.149179175736592 
2303	 0.152345034106138 
2304	 0.155174912877582 
2305	 0.155726335993737 
2306	 0.155408502940447 
2307	 0.153424089320415 
2308	 0.153413543140641 
2309	 0.155711048137644 
2310	 0.155407689544555 
2311	 0.153493485690154 
2312	 0.152165964437527 
2313	 0.152324904480061 
2314	 0.154370775595617 
2315	 0.155691870051661 
2316	 0.1556290121361 
2317	 0.156763661387354 
2318	 0.156460050801545 
2319	 0.155862351695834 
2320	 0.156006421757154 
2321	 0.155855498343094 
2322	 0.153312895629597 
2323	 0.153549373214103 
2324	 0.157158181698106 
2325	 0.155968034470411 
2326	 0.151384974794116 
2327	 0.15152693419602 
2328	 0.152738719964789 
2329	 0.152269066898706 
2330	 0.154099679500711 
2331	 0.154738125075148 
2332	 0.151940629729383 
2333	 0.151102014856092 
2334	 0.152573215159776 
2335	 0.153733341230255 
2336	 0.155239956369321 
2337	 0.154555748311721 
2338	 0.151748399243063 
2339	 0.152115511280976 
2340	 0.152752675654065 
2341	 0.153700665618496 
2342	 0.155800802294295 
2343	 0.156953909386246 
2344	 0.154402133190733 
2345	 0.151908355215155 
2346	 0.150614251950817 
2347	 0.153114223369591 
2348	 0.156817432333477 
2349	 0.154464970892634 
2350	 0.153790666657697 
2351	 0.157330699234949 
2352	 0.156295790427259 
2353	 0.155137802209135 
2354	 0.157044681302773 
2355	 0.155714140287585 
2356	 0.155245136432183 
2357	 0.153711419835361 
2358	 0.150090448964291 
2359	 0.151840161877445 
2360	 0.151871437736895 
2361	 0.152482157525544 
2362	 0.158487127331153 
2363	 0.155690416583044 
2364	 0.148296414517264 
2365	 0.151891838181389 
2366	 0.154808226856551 
2367	 0.151000951619276 
2368	 0.154010571653943 
2369	 0.156475006798527 
2370	 0.152711195088056 
2371	 0.152752491784793 
2372	 0.15493113611061 
2373	 0.149952312276669 
2374	 0.146332629803249 
2375	 0.149164961492068 
2376	 0.144458360741329 
2377	 0.146185462021884 
2378	 0.158448960440892 
2379	 0.159061553105405 
2380	 0.158662133671983 
2381	 0.161134525086281 
2382	 0.151971238568429 
2383	 0.145279689833345 
2384	 0.151489981257007 
2385	 0.152095766832194 
2386	 0.150216702216653 
2387	 0.155523145868553 
2388	 0.152082893788389 
2389	 0.14623397206164 
2390	 0.148334797405711 
2391	 0.145840930323811 
2392	 0.137799160184928 
2393	 0.1383833403926 
2394	 0.141911539446727 
2395	 0.140562773087739 
2396	 0.143093142849003 
2397	 0.146874809672252 
2398	 0.14573713650274 
2399	 0.140258541153316 
2400	 0.142276001901611 
2401	 0.14867327438519 
2402	 0.142861174050883 
2403	 0.140770787330174 
2404	 0.147851456761564 
2405	 0.150179690053043 
2406	 0.156779773690285 
2407	 0.165739167541703 
2408	 0.167182802171583 
2409	 0.166247346595857 
2410	 0.157952021915807 
2411	 0.155326790826195 
2412	 0.158720927579815 
2413	 0.145390611184102 
2414	 0.142729500945196 
2415	 0.150137442357661 
2416	 0.147617898048798 
2417	 0.154732642565444 
2418	 0.160031925779696 
2419	 0.15559590795888 
2420	 0.150938660562973 
2421	 0.150765315561779 
2422	 0.153896913834213 
2423	 0.151082780754676 
2424	 0.144316412771772 
2425	 0.132308233004614 
2426	 0.131645234533425 
2427	 0.147641966791934 
2428	 0.156299207672474 
2429	 0.154404343026088 
2430	 0.156081187285175 
2431	 0.152361588380906 
2432	 0.148546585187308 
2433	 0.154470155081737 
2434	 0.139043009631553 
2435	 0.128585033438827 
2436	 0.151811674464183 
2437	 0.165922466059629 
2438	 0.171333165840796 
2439	 0.171328325341691 
2440	 0.145231232766185 
2441	 0.133447976740599 
2442	 0.139219679749893 
2443	 0.117705215511412 
2444	 0.11047751570881 
2445	 0.12157572282762 
2446	 0.118811305886598 
2447	 0.142491746198541 
2448	 0.159183380522516 
2449	 0.130827808365465 
2450	 0.12255949803118 
2451	 0.128892678427652 
2452	 0.120086200974016 
2453	 0.131476676225955 
2454	 0.139678610183001 
2455	 0.134533574934103 
2456	 0.144718724261196 
2457	 0.146048648346838 
2458	 0.141164235828307 
2459	 0.154010985656282 
2460	 0.158736974130629 
2461	 0.155552787256218 
2462	 0.168521097275179 
2463	 0.168818551863911 
2464	 0.166068367335435 
2465	 0.156821965925886 
2466	 0.1200146418 
2467	 0.119945556541182 
2468	 0.114730652194083 
2469	 0.109444603980466 
2470	 0.137043422786556 
2471	 0.138081722290109 
2472	 0.125229400242259 
2473	 0.135755319066482 
2474	 0.13771622652404 
2475	 0.163410017321649 
2476	 0.214246298319393 
2477	 0.222305386832026 
2478	 0.246796753059636 
2479	 0.184839170637711 
2480	 0.134418985224712 
2481	 0.111499787788188 
2482	 0.130416005425382 
2483	 0.229748431672788 
2484	 0.209919845787451 
2485	 0.21022874017012 
2486	 0.199571722411766 
2487	 2.34937784275906E-02 
2488	 0.101575078076404 
2489	 0.351946313813237 
2490	 0.273678290364715 
2491	 0.300182446334309 
2492	 0.552137508379748 
2493	 0.562276879559226 
2494	 0.634694568331198 
2495	 0.825467715313928 
2496	 0.819824115414664 
2497	 0.521775428730332 
2498	 0.398444250502097 
2499	 0.467483090443802 
2500	 0.251058947908008 
