Wavelength	09/27/123 at 12:35:33
350	 2.23448675098614E-02 
351	 2.20964010713895E-02 
352	 2.21841335221114E-02 
353	 2.22939927701628E-02 
354	 2.19874829251417E-02 
355	 2.24149651287263E-02 
356	 2.26706395989283E-02 
357	 2.23975109363729E-02 
358	 2.28294207270042E-02 
359	 2.29848338738032E-02 
360	 2.27519568700852E-02 
361	 2.24446662009481E-02 
362	 2.25752115056242E-02 
363	 2.28051023871694E-02 
364	 2.28620535167219E-02 
365	 0.022772392098785 
366	 2.28617999197231E-02 
367	 2.29833061456439E-02 
368	 2.28313866406519E-02 
369	 2.29814199233019E-02 
370	 0.023223936943295 
371	 2.33677013910387E-02 
372	 2.34652041961425E-02 
373	 2.36016705826292E-02 
374	 2.36815486653228E-02 
375	 2.35540544122105E-02 
376	 2.35705938287731E-02 
377	 2.37426810246716E-02 
378	 2.39754671142806E-02 
379	 2.40506446363684E-02 
380	 2.40145337757275E-02 
381	 2.40734862511378E-02 
382	 2.44730309139486E-02 
383	 2.48603936992391E-02 
384	 2.50865143800099E-02 
385	 2.50520020081021E-02 
386	 2.46157758690667E-02 
387	 2.45804592509154E-02 
388	 2.49038779238365E-02 
389	 2.51570537483766E-02 
390	 2.53403721406766E-02 
391	 2.56116518505064E-02 
392	 2.59408776975367E-02 
393	 2.58785031034029E-02 
394	 2.60086840344285E-02 
395	 2.61599296685365E-02 
396	 2.59843667871769E-02 
397	 2.61602412955444E-02 
398	 2.64542521796241E-02 
399	 2.66686727717467E-02 
400	 2.68104103122616E-02 
401	 2.68700872634735E-02 
402	 2.68944355220326E-02 
403	 2.69448735305001E-02 
404	 2.70036245706567E-02 
405	 2.70967226454683E-02 
406	 2.72153917795491E-02 
407	 2.72764128464838E-02 
408	 2.73713298379764E-02 
409	 2.75436126479145E-02 
410	 2.77930256792278E-02 
411	 2.79533913498354E-02 
412	 2.80723255557295E-02 
413	 2.82146438709503E-02 
414	 0.028452604360772 
415	 2.86053771370688E-02 
416	 2.86935812096711E-02 
417	 2.87980337934395E-02 
418	 0.028840936113949 
419	 2.89028077475961E-02 
420	 2.90401047951771E-02 
421	 2.92667613856909E-02 
422	 2.94294020831644E-02 
423	 2.95593392850037E-02 
424	 2.97483735227589E-02 
425	 2.99819818425121E-02 
426	 3.02000435128127E-02 
427	 3.03823826754369E-02 
428	 3.05768568400383E-02 
429	 3.07537517443209E-02 
430	 3.08834179290604E-02 
431	 3.09644998474703E-02 
432	 3.11456038557912E-02 
433	 3.13557336234343E-02 
434	 3.15344461840112E-02 
435	 0.031648079689068 
436	 3.18913653301074E-02 
437	 3.21686998268755E-02 
438	 3.23343752812333E-02 
439	 3.25065834341141E-02 
440	 3.26987201377904E-02 
441	 3.28808694882122E-02 
442	 3.29695132617674E-02 
443	 3.31640129426629E-02 
444	 3.33897560544465E-02 
445	 3.35398083441851E-02 
446	 3.37910532758018E-02 
447	 0.034012626686837 
448	 3.41649466365547E-02 
449	 0.034340788698466 
450	 3.45824393672784E-02 
451	 3.47993386245231E-02 
452	 3.49050538708483E-02 
453	 3.50447439310067E-02 
454	 3.52145095711453E-02 
455	 3.53920588602971E-02 
456	 3.55426104970906E-02 
457	 3.57039443691193E-02 
458	 3.58694778607922E-02 
459	 3.60248100841436E-02 
460	 3.61723222619633E-02 
461	 3.63056209039073E-02 
462	 3.64384303171217E-02 
463	 3.66014579007119E-02 
464	 3.67308641727429E-02 
465	 3.68716630678538E-02 
466	 3.70619437499429E-02 
467	 3.72056500446422E-02 
468	 3.73286882996108E-02 
469	 3.74585031159218E-02 
470	 3.76200327686766E-02 
471	 3.77652654916794E-02 
472	 3.79022192052064E-02 
473	 3.80422462497285E-02 
474	 3.81627229097769E-02 
475	 3.83109050481649E-02 
476	 3.84562857462157E-02 
477	 3.85171181959553E-02 
478	 3.86786432008425E-02 
479	 3.88809439147903E-02 
480	 3.90439148781216E-02 
481	 3.91612898837563E-02 
482	 3.93302681080603E-02 
483	 3.95652504101119E-02 
484	 3.98118628747689E-02 
485	 3.99656262474826E-02 
486	 4.01494017784639E-02 
487	 4.04270649019301E-02 
488	 0.040600239621881 
489	 4.07892692059604E-02 
490	 4.10196566016606E-02 
491	 4.12625001268982E-02 
492	 4.14545609709154E-02 
493	 4.16811732316096E-02 
494	 4.19686744079902E-02 
495	 4.21694000574073E-02 
496	 4.23361332203644E-02 
497	 4.25301337505523E-02 
498	 4.28124236609058E-02 
499	 4.31551165414069E-02 
500	 4.34689398142112E-02 
501	 4.37160301097767E-02 
502	 4.39601878819225E-02 
503	 4.41863008812511E-02 
504	 0.044429890303538 
505	 4.47288969752182E-02 
506	 4.50193093597306E-02 
507	 4.52836619348364E-02 
508	 4.55298997469337E-02 
509	 4.57968473007138E-02 
510	 4.60811435862623E-02 
511	 4.63774180317624E-02 
512	 4.66743444806971E-02 
513	 4.69429145393971E-02 
514	 4.72122950977543E-02 
515	 4.75120293912962E-02 
516	 4.78675725077347E-02 
517	 0.048185074210496 
518	 4.84837831510217E-02 
519	 4.87993823818844E-02 
520	 4.91167202465478E-02 
521	 4.93962894045466E-02 
522	 4.96733443374936E-02 
523	 5.00473082958632E-02 
524	 5.04529128748576E-02 
525	 5.08157159403543E-02 
526	 5.11073843957603E-02 
527	 5.14506374966193E-02 
528	 5.18156169795846E-02 
529	 5.21778108337549E-02 
530	 5.25289294338706E-02 
531	 5.29147894552571E-02 
532	 5.33106442714198E-02 
533	 5.37000150161675E-02 
534	 5.41405710458565E-02 
535	 5.45513258284889E-02 
536	 5.49197547411113E-02 
537	 5.52803772904751E-02 
538	 5.57187313745568E-02 
539	 5.62390076291757E-02 
540	 5.67884226089046E-02 
541	 5.72134758926955E-02 
542	 5.76849785061398E-02 
543	 5.81981119984192E-02 
544	 5.86840630794077E-02 
545	 5.91514944807499E-02 
546	 5.96198014230791E-02 
547	 6.01042081465787E-02 
548	 6.06068910169549E-02 
549	 6.11324039422526E-02 
550	 6.16758689159391E-02 
551	 6.22282564476511E-02 
552	 6.27641838683879E-02 
553	 6.32895108629875E-02 
554	 6.38069999879742E-02 
555	 6.43164933148145E-02 
556	 6.48382155702699E-02 
557	 6.54062098918623E-02 
558	 6.60269365948863E-02 
559	 6.65990348302706E-02 
560	 6.71832468714861E-02 
561	 6.78080375284818E-02 
562	 6.84743300674206E-02 
563	 0.069116039008996 
564	 6.97226396171454E-02 
565	 7.03160516159253E-02 
566	 7.09654230535477E-02 
567	 7.16616417778524E-02 
568	 7.23410664845241E-02 
569	 7.29188699095606E-02 
570	 7.35127724744112E-02 
571	 7.41271345959848E-02 
572	 7.47326618396558E-02 
573	 7.52768131030733E-02 
574	 7.58377861393987E-02 
575	 7.64106536759609E-02 
576	 0.076955705584647 
577	 7.75598354307173E-02 
578	 7.81072239797436E-02 
579	 7.85636866574074E-02 
580	 7.90533654661692E-02 
581	 7.95595558317375E-02 
582	 8.00693138829353E-02 
583	 8.05711334622965E-02 
584	 8.10994617606831E-02 
585	 8.16047562766545E-02 
586	 8.20961322119635E-02 
587	 8.26624673300316E-02 
588	 8.32311896654109E-02 
589	 8.38039289761342E-02 
590	 8.43513501105266E-02 
591	 8.48094086852517E-02 
592	 8.52346536705177E-02 
593	 8.56824744100425E-02 
594	 8.61836570126651E-02 
595	 8.66502241152142E-02 
596	 8.70839631181062E-02 
597	 8.75113033132799E-02 
598	 8.79609320703376E-02 
599	 8.84530192210344E-02 
600	 0.088950500114154 
601	 8.94047418825052E-02 
602	 8.98616993299559E-02 
603	 9.03102827734734E-02 
604	 9.07629934033902E-02 
605	 0.09127331233159 
606	 9.16866445939957E-02 
607	 9.20890376873195E-02 
608	 9.25896306976413E-02 
609	 9.30233712743978E-02 
610	 9.34376781938209E-02 
611	 9.38447328558511E-02 
612	 9.42163127179453E-02 
613	 9.45395580239095E-02 
614	 9.48738112474358E-02 
615	 9.52568936441537E-02 
616	 9.56223327301924E-02 
617	 9.59688320681061E-02 
618	 9.63092611612532E-02 
619	 9.66690150155339E-02 
620	 9.69505699479791E-02 
621	 9.72618408703862E-02 
622	 9.76506940180826E-02 
623	 9.80042335114596E-02 
624	 9.83375548001234E-02 
625	 9.86499106405187E-02 
626	 9.89381895945263E-02 
627	 9.91968261948647E-02 
628	 9.94958253953829E-02 
629	 0.099827793282273 
630	 0.10009592395714 
631	 0.100409654553388 
632	 0.100683960313311 
633	 0.100861990665744 
634	 0.101134364259368 
635	 0.101443058467843 
636	 0.101736222434317 
637	 0.101973522023655 
638	 0.102187723979222 
639	 0.102445702197382 
640	 0.102767641180992 
641	 0.103072553836762 
642	 0.103319650083041 
643	 0.103532008385429 
644	 0.103764010002603 
645	 0.104042829649235 
646	 0.104317098041793 
647	 0.104572751796651 
648	 0.10485077791142 
649	 0.105160272941803 
650	 0.105474287834311 
651	 0.105757351818719 
652	 0.105968530253612 
653	 0.106168951342641 
654	 0.106396300159462 
655	 0.106684563597837 
656	 0.107119610439366 
657	 0.107477122017799 
658	 0.107663402235626 
659	 0.107882255624172 
660	 0.108147219985686 
661	 0.108436098914227 
662	 0.108713578843927 
663	 0.108953585457882 
664	 0.109251438425175 
665	 0.109576841734162 
666	 0.109780775997801 
667	 0.110075486836959 
668	 0.110346560401895 
669	 0.110522159602249 
670	 0.110831056229383 
671	 0.111169634919172 
672	 0.111464555884116 
673	 0.111680742587342 
674	 0.111969763537429 
675	 0.11225001426652 
676	 0.112494380141469 
677	 0.112799544076 
678	 0.11304340511154 
679	 0.113272378658415 
680	 0.113554014150594 
681	 0.113845208944615 
682	 0.114073125329226 
683	 0.114279278622533 
684	 0.114577310937352 
685	 0.114871858731222 
686	 0.115304156912623 
687	 0.115878795913992 
688	 0.116097627817569 
689	 0.116277104162615 
690	 0.11643375881844 
691	 0.116518977402749 
692	 0.116699074996346 
693	 0.116967197874059 
694	 0.117246281432499 
695	 0.117402691256003 
696	 0.117582738751442 
697	 0.117805616314566 
698	 0.11806629599259 
699	 0.118326626726013 
700	 0.118588950171657 
701	 0.118833434837158 
702	 0.119042520497829 
703	 0.119245593515823 
704	 0.119497554165289 
705	 0.119776316810304 
706	 0.119970637418598 
707	 0.120215235609167 
708	 0.120472201438849 
709	 0.120684659818295 
710	 0.120833106944457 
711	 0.12100209014166 
712	 0.1212412458862 
713	 0.121561173885697 
714	 0.121835438919141 
715	 0.121996877453642 
716	 0.122091324792875 
717	 0.122311149852624 
718	 0.122581854421703 
719	 0.122863580735759 
720	 0.123115357846482 
721	 0.123321138869608 
722	 0.123485977189263 
723	 0.123637449455553 
724	 0.123795745085045 
725	 0.124043313291216 
726	 0.124264848963388 
727	 0.124437583767776 
728	 0.124679264341628 
729	 0.124927547640507 
730	 0.125162137487342 
731	 0.125364879523724 
732	 0.125491257477783 
733	 0.125675422038941 
734	 0.125902143603445 
735	 0.126086705276445 
736	 0.126302943374391 
737	 0.12650228653274 
738	 0.126670566032264 
739	 0.126853200436973 
740	 0.127034600525568 
741	 0.127229646950948 
742	 0.127435883593111 
743	 0.127580349062696 
744	 0.127725151278253 
745	 0.127883479103719 
746	 0.128043856471312 
747	 0.128243608751785 
748	 0.128419010308675 
749	 0.128541640802404 
750	 0.12864431512317 
751	 0.128823555311604 
752	 0.129040107201864 
753	 0.129225853346997 
754	 0.129331464610797 
755	 0.129481456872378 
756	 0.129688957583437 
757	 0.129927061546151 
758	 0.130271592291823 
759	 0.130979728376793 
760	 0.132144719654762 
761	 0.132803887839611 
762	 0.132892550046182 
763	 0.132714418670737 
764	 0.132474482559649 
765	 0.132115414630713 
766	 0.131810084272423 
767	 0.131632534674404 
768	 0.131593888560277 
769	 0.131544083593457 
770	 0.131549985418651 
771	 0.131612273400015 
772	 0.131675182206746 
773	 0.131768314028785 
774	 0.131882912344492 
775	 0.13201926109075 
776	 0.132211526278178 
777	 0.132285790702321 
778	 0.132332824990272 
779	 0.132467648008433 
780	 0.132562359386317 
781	 0.132655704965474 
782	 0.132745044472103 
783	 0.132812987032748 
784	 0.132963501013184 
785	 0.133094151621472 
786	 0.133154874643005 
787	 0.1331974986273 
788	 0.133307176193817 
789	 0.133430748919813 
790	 0.133517099437999 
791	 0.133622246815767 
792	 0.133707593433481 
793	 0.133790208549112 
794	 0.13389746977441 
795	 0.133978898267351 
796	 0.134046538069722 
797	 0.134111425824812 
798	 0.134183538569628 
799	 0.134295840132935 
800	 0.13437561206279 
801	 0.134399091403899 
802	 0.134451702813458 
803	 0.134569681198855 
804	 0.134680440605167 
805	 0.1347148868084 
806	 0.134715885712695 
807	 0.134778574175733 
808	 0.1349107441187 
809	 0.135052565205918 
810	 0.135087436363351 
811	 0.135121470697839 
812	 0.135182834176278 
813	 0.135205148784704 
814	 0.135281499375535 
815	 0.135341108883 
816	 0.135375136216082 
817	 0.135566986176957 
818	 0.135582569382314 
819	 0.135586021922347 
820	 0.135751357944715 
821	 0.135787258233585 
822	 0.135800472896279 
823	 0.135811626956957 
824	 0.135814009263715 
825	 0.135899353112003 
826	 0.136082612694409 
827	 0.136269415548876 
828	 0.136281501246632 
829	 0.136217663289876 
830	 0.136181752627121 
831	 0.136238541740145 
832	 0.136381243093578 
833	 0.136507512678428 
834	 0.136516018143923 
835	 0.136412621679211 
836	 0.136459081869862 
837	 0.136595271731781 
838	 0.136699733137856 
839	 0.136686883892416 
840	 0.136829914072036 
841	 0.136949237582473 
842	 0.136995302273299 
843	 0.137038351225483 
844	 0.137083765527598 
845	 0.137059559316728 
846	 0.137018915564347 
847	 0.137186164731907 
848	 0.137282142790936 
849	 0.137319595005922 
850	 0.137355315779101 
851	 0.13737838960025 
852	 0.137465195580783 
853	 0.137577095051031 
854	 0.137654791217342 
855	 0.137732235082697 
856	 0.137751792492595 
857	 0.137693964655012 
858	 0.137597253673338 
859	 0.137701505095423 
860	 0.137836636837837 
861	 0.137936265312098 
862	 0.138054710345024 
863	 0.138139832237664 
864	 0.138175149721004 
865	 0.138189255890281 
866	 0.138272782748141 
867	 0.138316127474674 
868	 0.13827219764806 
869	 0.138204224113664 
870	 0.138387960871847 
871	 0.138372726030833 
872	 0.138323973845802 
873	 0.138469984180773 
874	 0.138460244425288 
875	 0.138484536570705 
876	 0.138592265258317 
877	 0.138743383410091 
878	 0.138919382312085 
879	 0.138844832363894 
880	 0.138697219481275 
881	 0.138924598868668 
882	 0.138851562970129 
883	 0.138939482654892 
884	 0.139234699594606 
885	 0.139186638587997 
886	 0.139108898882663 
887	 0.13913005284203 
888	 0.139240493180783 
889	 0.139236190150687 
890	 0.139247572448908 
891	 0.139353114002764 
892	 0.139525008674195 
893	 0.139501134772805 
894	 0.139368481591251 
895	 0.139269139088066 
896	 0.139356932466502 
897	 0.139702443389077 
898	 0.139846413025815 
899	 0.139751036354718 
900	 0.139640927338454 
901	 0.139621412842366 
902	 0.139723565442498 
903	 0.139824728520077 
904	 0.139768329158939 
905	 0.139968895268337 
906	 0.140198928893275 
907	 0.140263332828425 
908	 0.140098159033538 
909	 0.140112640450385 
910	 0.140134632490791 
911	 0.140029617984416 
912	 0.139864758171593 
913	 0.139801112518195 
914	 0.140036427086556 
915	 0.140427420564269 
916	 0.140264298444847 
917	 0.140211417862844 
918	 0.140305656453931 
919	 0.140459614713183 
920	 0.140717302423203 
921	 0.14070166508134 
922	 0.140601244611303 
923	 0.140673147962895 
924	 0.140755873809591 
925	 0.140833332903934 
926	 0.140657751803389 
927	 0.14006800963276 
928	 0.139840342414297 
929	 0.139934975278197 
930	 0.140194842042513 
931	 0.14033871487042 
932	 0.140154818832044 
933	 0.139596648988807 
934	 0.139051392670929 
935	 0.139116132818091 
936	 0.139541454619834 
937	 0.139662077352272 
938	 0.139520198928236 
939	 0.139719096715372 
940	 0.140664679071979 
941	 0.140846744469219 
942	 0.140160160709722 
943	 0.139969147798103 
944	 0.140276519495822 
945	 0.140472491565437 
946	 0.140342128178729 
947	 0.140307353395227 
948	 0.139921637877312 
949	 0.139775004476792 
950	 0.140006192386704 
951	 0.13996549482772 
952	 0.140460584752737 
953	 0.140709608483774 
954	 0.140436016291319 
955	 0.140606560529043 
956	 0.14085628739053 
957	 0.140928032946656 
958	 0.140922189707915 
959	 0.141508126890344 
960	 0.141677889494129 
961	 0.141458459063995 
962	 0.141304762842436 
963	 0.141932545376377 
964	 0.142529486729114 
965	 0.142693008811519 
966	 0.142445235594803 
967	 0.142429642254033 
968	 0.1426124638228 
969	 0.14301545729384 
970	 0.143463336046958 
971	 0.143292815032091 
972	 0.142870045623211 
973	 0.142983391459333 
974	 0.143826566561124 
975	 0.143406311539901 
976	 0.143198318170904 
977	 0.143386784038085 
978	 0.143729610170208 
979	 0.144311299540566 
980	 0.143975924972697 
981	 0.143370650696108 
982	 0.143511301842711 
983	 0.144292653968558 
984	 0.144228326195513 
985	 0.143720778996848 
986	 0.143746325117495 
987	 0.144399239138382 
988	 0.144754842715913 
989	 0.14502525586955 
990	 0.145562110655253 
991	 0.145352953985332 
992	 0.145094175885972 
993	 0.145342082476888 
994	 0.146056079482931 
995	 0.14535027343827 
996	 0.145194848655658 
997	 0.145493628791512 
998	 0.145412138161005 
999	 0.145019466769895 
1000	 0.144912114791265 
1001	 0.143691562274474 
1002	 0.143576861151303 
1003	 0.143589027778513 
1004	 0.143757435868519 
1005	 0.144046094623119 
1006	 0.144206945179273 
1007	 0.144558025673764 
1008	 0.144786936373484 
1009	 0.144580878888885 
1010	 0.144592630605028 
1011	 0.144769668200119 
1012	 0.144816824892475 
1013	 0.144894740120262 
1014	 0.145020287695259 
1015	 0.145079139485045 
1016	 0.145168742649631 
1017	 0.14529285257096 
1018	 0.145512039251717 
1019	 0.145619873446703 
1020	 0.145683323963856 
1021	 0.145763503385968 
1022	 0.145720059690573 
1023	 0.14566300963321 
1024	 0.145682434876338 
1025	 0.145654752490159 
1026	 0.145481487037255 
1027	 0.14540185558235 
1028	 0.145471631609695 
1029	 0.145514583171766 
1030	 0.145696266005403 
1031	 0.145927773985676 
1032	 0.146316611262833 
1033	 0.146541869313197 
1034	 0.146648383576501 
1035	 0.146704335213223 
1036	 0.146685173462259 
1037	 0.146573882672258 
1038	 0.146560227223258 
1039	 0.146632788827915 
1040	 0.146520412795025 
1041	 0.146474869236415 
1042	 0.146529040091719 
1043	 0.14658855412928 
1044	 0.146694164272276 
1045	 0.146938751443119 
1046	 0.147136868950081 
1047	 0.147214625503949 
1048	 0.147167276025344 
1049	 0.147168197901523 
1050	 0.14719403215707 
1051	 0.147209842607761 
1052	 0.147401781945358 
1053	 0.147574376963406 
1054	 0.147619620326198 
1055	 0.147522547944411 
1056	 0.147485856821124 
1057	 0.147550484103987 
1058	 0.147631840635769 
1059	 0.147747635103825 
1060	 0.148048286732437 
1061	 0.148232419182342 
1062	 0.148234438626942 
1063	 0.148208259740059 
1064	 0.148227801240844 
1065	 0.148149600734172 
1066	 0.148036361112829 
1067	 0.148029740311991 
1068	 0.148070343530586 
1069	 0.148340922828388 
1070	 0.148517086778983 
1071	 0.148877031794726 
1072	 0.149014763558135 
1073	 0.148919188482347 
1074	 0.148967410785061 
1075	 0.14909939973284 
1076	 0.149092062143397 
1077	 0.149016538508243 
1078	 0.149010732702368 
1079	 0.148869760449346 
1080	 0.148845570394456 
1081	 0.149042768544064 
1082	 0.149148808348545 
1083	 0.149214529371858 
1084	 0.149232283290013 
1085	 0.149283600429045 
1086	 0.149258448367456 
1087	 0.14934022824335 
1088	 0.149564875871762 
1089	 0.149650730565393 
1090	 0.149665449505315 
1091	 0.149749682166243 
1092	 0.149817690436505 
1093	 0.149776525235805 
1094	 0.149837446821427 
1095	 0.149922740697523 
1096	 0.150012189690206 
1097	 0.150152985990806 
1098	 0.150155748290789 
1099	 0.150119446922085 
1100	 0.150084423327277 
1101	 0.149912601986652 
1102	 0.149803461146223 
1103	 0.149706421101634 
1104	 0.149695915153865 
1105	 0.149661233727015 
1106	 0.149747002517925 
1107	 0.150180902861597 
1108	 0.150344113419981 
1109	 0.150264703873534 
1110	 0.150302536613524 
1111	 0.150245590348203 
1112	 0.149895629934904 
1113	 0.149758652151398 
1114	 0.149745330341383 
1115	 0.149699053122416 
1116	 0.149620985894216 
1117	 0.14962276217081 
1118	 0.149901367485262 
1119	 0.149896638134903 
1120	 0.149607028910115 
1121	 0.149506271637858 
1122	 0.149237769518451 
1123	 0.149112163952696 
1124	 0.149124208699342 
1125	 0.14951701141042 
1126	 0.149622009944415 
1127	 0.149713406987298 
1128	 0.149702990313667 
1129	 0.149519963290146 
1130	 0.149515681507489 
1131	 0.149441398118069 
1132	 0.149550158604284 
1133	 0.149965419366537 
1134	 0.150092367693981 
1135	 0.150231379283467 
1136	 0.150226895076121 
1137	 0.149857957562343 
1138	 0.14977704580582 
1139	 0.1498198625254 
1140	 0.149795663120991 
1141	 0.149918577013099 
1142	 0.150341090362643 
1143	 0.150332462400638 
1144	 0.15017522984323 
1145	 0.150056207802806 
1146	 0.149599898074331 
1147	 0.14959423303482 
1148	 0.149878090179318 
1149	 0.150008174729799 
1150	 0.150416211446407 
1151	 0.15045268485722 
1152	 0.150021195066276 
1153	 0.149992572822021 
1154	 0.149976140893639 
1155	 0.150102867829651 
1156	 0.150296081386698 
1157	 0.150541975955427 
1158	 0.150584005357445 
1159	 0.150406396951099 
1160	 0.150458548762883 
1161	 0.150555773247177 
1162	 0.150621672063478 
1163	 0.150795843026227 
1164	 0.150812082487507 
1165	 0.150696852588324 
1166	 0.150688316305943 
1167	 0.150617406726461 
1168	 0.150664517723286 
1169	 0.150879740729831 
1170	 0.150945577023524 
1171	 0.150965823377704 
1172	 0.151045248603364 
1173	 0.150954027312957 
1174	 0.150903657547915 
1175	 0.150887364189944 
1176	 0.150879987334806 
1177	 0.150906731113815 
1178	 0.150944406344098 
1179	 0.151026807616566 
1180	 0.151210776350844 
1181	 0.151248891522935 
1182	 0.151254469414285 
1183	 0.151282452088709 
1184	 0.151177735854323 
1185	 0.151211274064737 
1186	 0.151412522725331 
1187	 0.151438270906385 
1188	 0.151404285014583 
1189	 0.151431533395717 
1190	 0.151282033331881 
1191	 0.151255751287719 
1192	 0.151345701803447 
1193	 0.151407641424486 
1194	 0.151518956353876 
1195	 0.151722896308533 
1196	 0.151764421645861 
1197	 0.151777505979489 
1198	 0.151762084969602 
1199	 0.151579767044769 
1200	 0.151607157884247 
1201	 0.151815302393494 
1202	 0.151844812298826 
1203	 0.151806938183921 
1204	 0.151823317354447 
1205	 0.151769641439372 
1206	 0.1517580331402 
1207	 0.151808014640683 
1208	 0.151988545400392 
1209	 0.152055451054373 
1210	 0.151934659162028 
1211	 0.151930789889955 
1212	 0.152035335079927 
1213	 0.152103127535453 
1214	 0.152175772624375 
1215	 0.152134843293171 
1216	 0.151838873027909 
1217	 0.151873682633833 
1218	 0.152096199450606 
1219	 0.152177616226898 
1220	 0.152410031698691 
1221	 0.152496276743763 
1222	 0.152303310904318 
1223	 0.152284069170032 
1224	 0.152340251332445 
1225	 0.152455859497877 
1226	 0.152522765157697 
1227	 0.152599350630639 
1228	 0.152550764594224 
1229	 0.152527649251483 
1230	 0.152626654581091 
1231	 0.152645691587391 
1232	 0.152687492428238 
1233	 0.152794072613856 
1234	 0.152832635256117 
1235	 0.152821629606138 
1236	 0.152826876074559 
1237	 0.152801283443949 
1238	 0.152819254834378 
1239	 0.152912865410865 
1240	 0.152946122026741 
1241	 0.152973338009811 
1242	 0.15298242163711 
1243	 0.153000256716774 
1244	 0.152804746155978 
1245	 0.152732259441704 
1246	 0.15287563359163 
1247	 0.152897893314028 
1248	 0.152992321268508 
1249	 0.153082733627355 
1250	 0.152958967343584 
1251	 0.153034430076767 
1252	 0.153188093985643 
1253	 0.153207184810072 
1254	 0.153274592718948 
1255	 0.153179185134719 
1256	 0.153049103216309 
1257	 0.153098962328539 
1258	 0.153350002382298 
1259	 0.153453079160189 
1260	 0.153632066502763 
1261	 0.15373539318857 
1262	 0.153728278320227 
1263	 0.15370461074061 
1264	 0.153808446989352 
1265	 0.15389686939334 
1266	 0.153925410157383 
1267	 0.154002029176627 
1268	 0.154022386250556 
1269	 0.153965709948966 
1270	 0.153967199885645 
1271	 0.153964730080986 
1272	 0.153918858435666 
1273	 0.153940525903894 
1274	 0.154099712416608 
1275	 0.154164362982916 
1276	 0.153952387469311 
1277	 0.153779793742421 
1278	 0.153714334248213 
1279	 0.153610561297629 
1280	 0.153568096188428 
1281	 0.15386851252716 
1282	 0.153908789749026 
1283	 0.153807121111462 
1284	 0.153556152910683 
1285	 0.153522596046144 
1286	 0.153391415845522 
1287	 0.153340913790748 
1288	 0.153613502569772 
1289	 0.153580293802267 
1290	 0.153445331439666 
1291	 0.153486605970648 
1292	 0.153277466786464 
1293	 0.153219339223269 
1294	 0.153429452335425 
1295	 0.153320628788375 
1296	 0.153269565625689 
1297	 0.153515905992344 
1298	 0.153485337504035 
1299	 0.153421122034424 
1300	 0.153636225374589 
1301	 0.153630911575623 
1302	 0.15361667213594 
1303	 0.153634798874741 
1304	 0.153597068592364 
1305	 0.15359347848287 
1306	 0.153579867654183 
1307	 0.153806541456339 
1308	 0.153847477328598 
1309	 0.154051745956414 
1310	 0.154041673380433 
1311	 0.153704302360503 
1312	 0.153794631112996 
1313	 0.153948614691413 
1314	 0.153859541366132 
1315	 0.15396088607546 
1316	 0.154033710004492 
1317	 0.153843011997833 
1318	 0.153866103059303 
1319	 0.153924419969958 
1320	 0.15361265859302 
1321	 0.153508420380437 
1322	 0.153691453568132 
1323	 0.153711923090563 
1324	 0.15372798423884 
1325	 0.153705080372271 
1326	 0.15347060766966 
1327	 0.15334417035665 
1328	 0.153409225876647 
1329	 0.153540874335884 
1330	 0.153487667089673 
1331	 0.15332856849865 
1332	 0.153136269067601 
1333	 0.153235350097376 
1334	 0.153088989341963 
1335	 0.153025896171474 
1336	 0.153185409396686 
1337	 0.152836039715449 
1338	 0.152735826527694 
1339	 0.153058741910043 
1340	 0.152975009965804 
1341	 0.152937459565512 
1342	 0.153018798404214 
1343	 0.152802188591123 
1344	 0.152888227916217 
1345	 0.153191401104967 
1346	 0.152857146289922 
1347	 0.152027794892497 
1348	 0.151643986778258 
1349	 0.151706309933283 
1350	 0.15140332867035 
1351	 0.151705405868458 
1352	 0.152851029706007 
1353	 0.151991389924242 
1354	 0.150210061873841 
1355	 0.150797728997485 
1356	 0.150169830031865 
1357	 0.147905758098952 
1358	 0.149591687309382 
1359	 0.150746523721875 
1360	 0.149513131016418 
1361	 0.14518554516562 
1362	 0.155225326203789 
1363	 0.15517799228019 
1364	 0.132674169688475 
1365	 0.121705571287513 
1366	 0.111259743940143 
1367	 0.10256298195897 
1368	 0.163952660808127 
1369	 0.180073449441636 
1370	 4.97429184496881E-02 
1371	 5.17201705786961E-03 
1372	 7.02695737894168E-02 
1373	 0.134437629588637 
1374	 0.199485094822352 
1375	 0.174923872444992 
1376	 0.106156079884491 
1377	 5.81837645559054E-02 
1378	 0.015798340645569 
1379	 0.11082193315777 
1380	 0.164561456110965 
1381	 0.103588041708545 
1382	 0.105575272309505 
1383	 0.107095971290213 
1384	 6.99602126108771E-02 
1385	 0.123768371508336 
1386	 0.17334222973284 
1387	 0.15669924008002 
1388	 0.194192928829986 
1389	 0.209153857408223 
1390	 0.207163623582683 
1391	 0.159523674525672 
1392	 0.172394585349927 
1393	 0.171763499653757 
1394	 0.144099092403544 
1395	 0.167818210195222 
1396	 0.173315660552398 
1397	 0.15557099517253 
1398	 0.164102734942852 
1399	 0.154805159470696 
1400	 0.139792341255104 
1401	 0.149487838706623 
1402	 0.149059024555889 
1403	 0.138084204226605 
1404	 0.140433806635147 
1405	 0.142937562385249 
1406	 0.140364193762472 
1407	 0.143899092885971 
1408	 0.149241660016528 
1409	 0.145766894016525 
1410	 0.139191028208205 
1411	 0.140373749364407 
1412	 0.14197500746104 
1413	 0.142035968870531 
1414	 0.143937222977624 
1415	 0.145863287609699 
1416	 0.148268135539178 
1417	 0.148060309942671 
1418	 0.145059587829774 
1419	 0.142626465103407 
1420	 0.141955820719059 
1421	 0.143145964845955 
1422	 0.143709737496713 
1423	 0.144344933573262 
1424	 0.145606534838859 
1425	 0.145462998073576 
1426	 0.145379645497523 
1427	 0.146067680250611 
1428	 0.146883406778089 
1429	 0.146075983600448 
1430	 0.145846732029048 
1431	 0.148057517189769 
1432	 0.149371823323039 
1433	 0.148042723492639 
1434	 0.147107289343787 
1435	 0.146475707502517 
1436	 0.145833801148655 
1437	 0.146404685210706 
1438	 0.147313074379727 
1439	 0.147625296066931 
1440	 0.146912619357541 
1441	 0.146753370369337 
1442	 0.147508090691947 
1443	 0.1468390546759 
1444	 0.146267679172322 
1445	 0.146811516766735 
1446	 0.146947856475159 
1447	 0.147115148383528 
1448	 0.147427536080559 
1449	 0.147454769782693 
1450	 0.147647233426401 
1451	 0.147769730516518 
1452	 0.147780578520561 
1453	 0.147856672921384 
1454	 0.147692794732517 
1455	 0.14776930954856 
1456	 0.148214103768014 
1457	 0.148529171462994 
1458	 0.148695137036016 
1459	 0.148700572855483 
1460	 0.148515197661861 
1461	 0.148431396821796 
1462	 0.14868994864578 
1463	 0.148821313154809 
1464	 0.148468109145631 
1465	 0.148347641519227 
1466	 0.148580215387708 
1467	 0.148668646323583 
1468	 0.14882791026752 
1469	 0.148864298886881 
1470	 0.149038899929939 
1471	 0.14890516941957 
1472	 0.149099029936818 
1473	 0.149176061741383 
1474	 0.148821787342775 
1475	 0.148202294690515 
1476	 0.14800200656691 
1477	 0.148429330109441 
1478	 0.149121138874881 
1479	 0.149702177649668 
1480	 0.149526099452165 
1481	 0.14891270006207 
1482	 0.148717270849542 
1483	 0.148997359552665 
1484	 0.149238370151428 
1485	 0.149248263798147 
1486	 0.149400661293356 
1487	 0.149611465145474 
1488	 0.149559349957345 
1489	 0.149644895300287 
1490	 0.149901184724727 
1491	 0.149851858801559 
1492	 0.149770381546166 
1493	 0.149987923531639 
1494	 0.150224957614533 
1495	 0.150258409937207 
1496	 0.150218760942701 
1497	 0.150228039700409 
1498	 0.150246329919033 
1499	 0.15040108081728 
1500	 0.150679035382187 
1501	 0.150750420862826 
1502	 0.15066886718801 
1503	 0.15067101483427 
1504	 0.150660902343434 
1505	 0.150715752128178 
1506	 0.150978355060683 
1507	 0.151032797115728 
1508	 0.150952692602306 
1509	 0.151175247243219 
1510	 0.151243120448007 
1511	 0.151014729178311 
1512	 0.15094801782191 
1513	 0.150926344950501 
1514	 0.150869955837459 
1515	 0.151060930084726 
1516	 0.151211390879302 
1517	 0.151151735555843 
1518	 0.151226292338692 
1519	 0.151331416725527 
1520	 0.151367384847838 
1521	 0.151365334511649 
1522	 0.151402587833051 
1523	 0.15149503758783 
1524	 0.151495996306353 
1525	 0.151573033533288 
1526	 0.151619947892007 
1527	 0.151563182085995 
1528	 0.151728175112214 
1529	 0.151943467767376 
1530	 0.15200876670125 
1531	 0.152044953161902 
1532	 0.151979817243855 
1533	 0.152009513934141 
1534	 0.152068367101057 
1535	 0.152058893509182 
1536	 0.152056952688108 
1537	 0.152036907273825 
1538	 0.151894419292586 
1539	 0.151959230401961 
1540	 0.152110634254971 
1541	 0.15211356068093 
1542	 0.152122944962083 
1543	 0.152144559589584 
1544	 0.152098660938407 
1545	 0.152206885586146 
1546	 0.152394979649081 
1547	 0.152366371176172 
1548	 0.152311667255488 
1549	 0.152374079282392 
1550	 0.152300954559976 
1551	 0.152203542771424 
1552	 0.152253879321288 
1553	 0.152262226332477 
1554	 0.152272285014819 
1555	 0.152445862106996 
1556	 0.152511327796702 
1557	 0.152417062013666 
1558	 0.152422710474237 
1559	 0.152356954681003 
1560	 0.152222983217498 
1561	 0.152365480296663 
1562	 0.152616357320056 
1563	 0.152731901862056 
1564	 0.152842484427312 
1565	 0.152772478342565 
1566	 0.152522503991116 
1567	 0.152478085348257 
1568	 0.15258473062086 
1569	 0.152735107282067 
1570	 0.152901945953125 
1571	 0.152956121559473 
1572	 0.152925435790091 
1573	 0.152960227943376 
1574	 0.153023836399212 
1575	 0.152861183217079 
1576	 0.152599452199926 
1577	 0.152608025287074 
1578	 0.152832778796233 
1579	 0.152907785116984 
1580	 0.152872011482884 
1581	 0.152843742243365 
1582	 0.152594899018833 
1583	 0.152609862564318 
1584	 0.153091086241868 
1585	 0.153188980498452 
1586	 0.15304132552465 
1587	 0.15307001237939 
1588	 0.152978075321038 
1589	 0.152952491630926 
1590	 0.152994113954355 
1591	 0.152879394490388 
1592	 0.152871558685117 
1593	 0.152989226179382 
1594	 0.15307346042491 
1595	 0.153161194187479 
1596	 0.153215932844666 
1597	 0.15321433125303 
1598	 0.153219351284455 
1599	 0.153220936951466 
1600	 0.153210948756373 
1601	 0.153152025399946 
1602	 0.153109973661496 
1603	 0.153110254105776 
1604	 0.153182897101489 
1605	 0.153363231691754 
1606	 0.15348421755423 
1607	 0.153573107464711 
1608	 0.153589453335302 
1609	 0.153554712079996 
1610	 0.153584071113306 
1611	 0.153537369619009 
1612	 0.153519422618828 
1613	 0.153554032565152 
1614	 0.153469415658484 
1615	 0.153526019780744 
1616	 0.153711166561774 
1617	 0.153617970946406 
1618	 0.153514450371928 
1619	 0.153472014008434 
1620	 0.153305759264813 
1621	 0.153350655439406 
1622	 0.153450082426934 
1623	 0.153498524121543 
1624	 0.153710368635602 
1625	 0.153653342007705 
1626	 0.153386711690076 
1627	 0.153405128595593 
1628	 0.153326131201652 
1629	 0.153232137237104 
1630	 0.153449140951606 
1631	 0.153407487000271 
1632	 0.153343710802377 
1633	 0.153577584869068 
1634	 0.153645670460212 
1635	 0.153804725488158 
1636	 0.153972518044455 
1637	 0.153707219090618 
1638	 0.153473995766559 
1639	 0.153471728518138 
1640	 0.153462085039371 
1641	 0.153451168827542 
1642	 0.15351331354376 
1643	 0.153445306013639 
1644	 0.153284780107454 
1645	 0.153314934435208 
1646	 0.153424931576793 
1647	 0.153416830051916 
1648	 0.153397127128115 
1649	 0.153613378139333 
1650	 0.153711966300834 
1651	 0.153649758004193 
1652	 0.153752511814649 
1653	 0.153585760582983 
1654	 0.15327689736115 
1655	 0.153365004870792 
1656	 0.15337695404173 
1657	 0.153283374699951 
1658	 0.153448702626028 
1659	 0.153370452160155 
1660	 0.15314857535153 
1661	 0.153205002353715 
1662	 0.153148886969915 
1663	 0.153130782812298 
1664	 0.15341167025257 
1665	 0.153439961550076 
1666	 0.153279847248358 
1667	 0.153308841265234 
1668	 0.153301840515189 
1669	 0.153329009394511 
1670	 0.153425627855469 
1671	 0.153321917795628 
1672	 0.15324070969625 
1673	 0.153188556306714 
1674	 0.153129017070835 
1675	 0.153305254130829 
1676	 0.15331047947406 
1677	 0.153085058677923 
1678	 0.153118781230392 
1679	 0.153204036065653 
1680	 0.153156801254956 
1681	 0.153363123483456 
1682	 0.153587602141238 
1683	 0.153530876880129 
1684	 0.153532976645248 
1685	 0.153542891560202 
1686	 0.153356562814888 
1687	 0.153248950208033 
1688	 0.153252564328769 
1689	 0.153194670948457 
1690	 0.153095179644496 
1691	 0.153019756477984 
1692	 0.15317530627444 
1693	 0.153376585307005 
1694	 0.153483726250295 
1695	 0.153610953457501 
1696	 0.153445400200485 
1697	 0.153120291840274 
1698	 0.153244998140889 
1699	 0.153456756467575 
1700	 0.153355652808397 
1701	 0.153551918337254 
1702	 0.153219402559563 
1703	 0.153141871956327 
1704	 0.153486635331293 
1705	 0.153530870371079 
1706	 0.153500955936314 
1707	 0.153566509341789 
1708	 0.153499440474245 
1709	 0.153469252470447 
1710	 0.153556051034933 
1711	 0.153506349615883 
1712	 0.153380403262561 
1713	 0.153352096999534 
1714	 0.153195752056467 
1715	 0.153199969834462 
1716	 0.153436221914452 
1717	 0.153453275663156 
1718	 0.153506278453331 
1719	 0.153526771374262 
1720	 0.153263531137253 
1721	 0.153292388005925 
1722	 0.153687242656717 
1723	 0.153609082200362 
1724	 0.153334236130667 
1725	 0.153137432339082 
1726	 0.152562427245728 
1727	 0.152469702460103 
1728	 0.15290928412424 
1729	 0.152940652476035 
1730	 0.152756176584436 
1731	 0.15282602941531 
1732	 0.152845140783925 
1733	 0.152994252340526 
1734	 0.153626202812294 
1735	 0.153664755341835 
1736	 0.153265107009926 
1737	 0.153288664543549 
1738	 0.153340840724633 
1739	 0.153328830097479 
1740	 0.153488081051518 
1741	 0.153472087943084 
1742	 0.153172202312213 
1743	 0.152941713362848 
1744	 0.152733062082861 
1745	 0.152903996592246 
1746	 0.153268564981638 
1747	 0.153375042671228 
1748	 0.153775309171051 
1749	 0.153578491122211 
1750	 0.152628773777101 
1751	 0.152752040370808 
1752	 0.152973111016903 
1753	 0.153291451844015 
1754	 0.15346638958528 
1755	 0.153273417166811 
1756	 0.153141706871132 
1757	 0.15295388952928 
1758	 0.15309342136912 
1759	 0.153173371184866 
1760	 0.15298936946144 
1761	 0.15325382283298 
1762	 0.153029391768126 
1763	 0.152617708488487 
1764	 0.152661602357237 
1765	 0.152592139011991 
1766	 0.15276410917074 
1767	 0.152903848260378 
1768	 0.152738579886818 
1769	 0.152494930444579 
1770	 0.152206204155675 
1771	 0.152159593774337 
1772	 0.152281584583825 
1773	 0.152755117806199 
1774	 0.152974953773321 
1775	 0.153178260876955 
1776	 0.153317928369123 
1777	 0.153423944472596 
1778	 0.15329808160694 
1779	 0.152860639090856 
1780	 0.152767144796904 
1781	 0.152436913382144 
1782	 0.152278566113049 
1783	 0.152877997001064 
1784	 0.152730940055576 
1785	 0.151807667128291 
1786	 0.15177929693233 
1787	 0.152030226850749 
1788	 0.152062040267306 
1789	 0.152691096715804 
1790	 0.152890984706534 
1791	 0.152318626513069 
1792	 0.152172821064569 
1793	 0.15260605226673 
1794	 0.152346119268941 
1795	 0.151401820563256 
1796	 0.151141257657975 
1797	 0.150962167243361 
1798	 0.150624941418415 
1799	 0.150515310048634 
1800	 0.15093327845836 
1801	 0.151302392882724 
1802	 0.151951054158818 
1803	 0.15419664011888 
1804	 0.154904543444133 
1805	 0.154612980195711 
1806	 0.153771186903497 
1807	 0.151458977699463 
1808	 0.150769392824069 
1809	 0.149824780213584 
1810	 0.149651442386639 
1811	 0.149696214228175 
1812	 0.146504145189362 
1813	 0.144324740541323 
1814	 0.146262266534639 
1815	 0.147558731198562 
1816	 0.148087903026484 
1817	 0.147533949805312 
1818	 0.144930511193679 
1819	 0.143041241116095 
1820	 0.147278473911811 
1821	 0.145610307817052 
1822	 0.133337894659717 
1823	 0.127106057040896 
1824	 0.119528061717504 
1825	 0.114412229281898 
1826	 0.123967251443199 
1827	 0.12565244304534 
1828	 0.118982249785938 
1829	 0.118128582528753 
1830	 0.116244781962828 
1831	 0.173375974349338 
1832	 0.154041269674602 
1833	 0.163725328325662 
1834	 0.459845981735102 
1835	 0.742151217102678 
1836	 0.475410669871518 
1837	 0.528799223986868 
1838	 0.317292794564751 
1839	 0.355841539570151 
1840	 0.468426941052904 
1841	 0.185925709154963 
1842	 0.311898579277678 
1843	 0.495724707214535 
1844	 0.498944413703177 
1845	 3.0920761216487 
1846	-18.1913144743489 
1847	 0.612842367632623 
1848	 3.03734598051258 
1849	 1.53530384883268 
1850	 0.330526548468425 
1851	 0.353078812002823 
1852	 1.69204055435159E-02 
1853	-0.301003558633431 
1854	 2.67309063372933 
1855	 2.05436467671093 
1856	-2.11234080178004E-02 
1857	-0.276462693858541 
1858	 0.156798282898062 
1859	 1.01534553973146 
1860	 0.480715943335833 
1861	 4.97296227403734 
1862	 2.47314181173009 
1863	-0.123687841809726 
1864	-0.18702535741703 
1865	 0.248796524720143 
1866	 0.332832261471646 
1867	 4.07321803650708E-02 
1868	-0.522392334309775 
1869	-0.138850054784598 
1870	 2.04429252613232E-02 
1871	 0.194266697224915 
1872	 2.40863698143237 
1873	 2.00869245174023 
1874	 0.307035172129042 
1875	 0.253025601605996 
1876	 0.570006120663276 
1877	 0.302187358946195 
1878	 0.147694399587588 
1879	 0.262661205930522 
1880	 0.24710980512282 
1881	 4.63025642735633E-02 
1882	 3.19213621195166E-02 
1883	 0.161188744216492 
1884	 0.171726994705753 
1885	 0.181909992550896 
1886	 5.74921086676977E-02 
1887	-0.133422286815416 
1888	 8.89240168129738E-04 
1889	 0.152768930665117 
1890	 0.123693012915721 
1891	 0.118142418367665 
1892	 0.168448441145695 
1893	 0.185768613651781 
1894	 9.24809859542174E-02 
1895	 9.38766759708543E-02 
1896	 0.246906140564868 
1897	 0.217513968240878 
1898	 0.198280923954792 
1899	 0.234912524541429 
1900	 7.32975119693096E-02 
1901	 0.146432081790216 
1902	 0.309240288193259 
1903	 0.654521617501791 
1904	 0.598068036593171 
1905	 0.47923298598776 
1906	 0.427405563852213 
1907	 5.22317512608087E-02 
1908	 1.66782054709234E-02 
1909	 0.123347891343403 
1910	-8.16516102730073E-03 
1911	 6.24017092272929E-02 
1912	 0.227124329120822 
1913	 0.201974477837121 
1914	 7.65756561268468E-02 
1915	 0.136732689524504 
1916	 0.244530728366931 
1917	 0.18952991214324 
1918	 0.185853495395123 
1919	 0.222891980800486 
1920	 0.133240922475189 
1921	 0.119562892970524 
1922	 0.142483955105591 
1923	 0.142068239273499 
1924	 0.152425528967381 
1925	 0.177619016932495 
1926	 0.148831007320514 
1927	 0.122169027784049 
1928	 0.142021986538391 
1929	 0.144643847920794 
1930	 0.129918782456105 
1931	 0.140169817573186 
1932	 0.155168060112611 
1933	 0.151223103311101 
1934	 0.14952771255746 
1935	 0.150873908517387 
1936	 0.153800078030731 
1937	 0.150108483434182 
1938	 0.14661729421572 
1939	 0.147781505443962 
1940	 0.145100695944638 
1941	 0.135650258878296 
1942	 0.136386875651197 
1943	 0.145081178767961 
1944	 0.149955374543008 
1945	 0.153614856868091 
1946	 0.155117266486049 
1947	 0.155191918525366 
1948	 0.148159692776662 
1949	 0.14380486088192 
1950	 0.14866599027383 
1951	 0.150482931395272 
1952	 0.148046265078699 
1953	 0.145930509409728 
1954	 0.1422997526924 
1955	 0.142207417025579 
1956	 0.144711425459963 
1957	 0.144984421604839 
1958	 0.144807983358518 
1959	 0.143306954744649 
1960	 0.141533064584867 
1961	 0.141221522891293 
1962	 0.143288207051657 
1963	 0.14635716839216 
1964	 0.145125784956256 
1965	 0.142647528903338 
1966	 0.143755134574163 
1967	 0.14427756300263 
1968	 0.144526715801545 
1969	 0.144735597982709 
1970	 0.145781056687402 
1971	 0.144761787780731 
1972	 0.143801917972305 
1973	 0.143878197705092 
1974	 0.143924113548185 
1975	 0.144517046817977 
1976	 0.144850506935263 
1977	 0.144100071781357 
1978	 0.144254870646986 
1979	 0.144866788464743 
1980	 0.145224038371728 
1981	 0.145964566762153 
1982	 0.146196711205054 
1983	 0.146119892140413 
1984	 0.145836600164184 
1985	 0.145801471332733 
1986	 0.145303889473832 
1987	 0.145804292683953 
1988	 0.146374300396191 
1989	 0.145823469095722 
1990	 0.146030369200879 
1991	 0.147211967472228 
1992	 0.147695874134666 
1993	 0.147830495202212 
1994	 0.148243191326652 
1995	 0.148913646061708 
1996	 0.149046925382763 
1997	 0.148714778644413 
1998	 0.150589238580284 
1999	 0.15079010234272 
2000	 0.149099640680913 
2001	 0.148858346957007 
2002	 0.14943308548835 
2003	 0.14999053033517 
2004	 0.151055179906807 
2005	 0.151825214990532 
2006	 0.152480937554332 
2007	 0.151538898695961 
2008	 0.151698146577778 
2009	 0.152971735841595 
2010	 0.153521081400792 
2011	 0.15315445124583 
2012	 0.152828925245891 
2013	 0.152589488804422 
2014	 0.151803566008775 
2015	 0.153230944089709 
2016	 0.154801622156102 
2017	 0.152827856640894 
2018	 0.151354863281101 
2019	 0.151481136424701 
2020	 0.151403478427216 
2021	 0.150804729808218 
2022	 0.151053074180562 
2023	 0.152328478969192 
2024	 0.151140967734406 
2025	 0.14958038638882 
2026	 0.149420849831916 
2027	 0.149359825023638 
2028	 0.150308851116077 
2029	 0.151103386060767 
2030	 0.150448838406097 
2031	 0.150532295493618 
2032	 0.150762734481666 
2033	 0.150506605052482 
2034	 0.150293572384534 
2035	 0.150661346265238 
2036	 0.150901215806243 
2037	 0.15054669782511 
2038	 0.150395378166643 
2039	 0.150896686477293 
2040	 0.151161168473979 
2041	 0.151038044434291 
2042	 0.150827960803357 
2043	 0.150446441197406 
2044	 0.150091101705857 
2045	 0.150156106924722 
2046	 0.150914636538444 
2047	 0.150787013819958 
2048	 0.150035158688007 
2049	 0.150243648566582 
2050	 0.150591798694383 
2051	 0.150331268609384 
2052	 0.151044253894666 
2053	 0.152359413993203 
2054	 0.15203489783645 
2055	 0.151102229521501 
2056	 0.15103417282963 
2057	 0.151106822688001 
2058	 0.151408144035624 
2059	 0.152085399715889 
2060	 0.1521473341962 
2061	 0.151720542377549 
2062	 0.151672432887568 
2063	 0.151336623190144 
2064	 0.151032550165052 
2065	 0.150677658716264 
2066	 0.151164451751632 
2067	 0.151652690375618 
2068	 0.152010692212735 
2069	 0.152303657784963 
2070	 0.15148928464028 
2071	 0.150510775426709 
2072	 0.15015561199615 
2073	 0.150541838473322 
2074	 0.151282616426262 
2075	 0.151311643884542 
2076	 0.150742123527204 
2077	 0.150874053141653 
2078	 0.150829429631358 
2079	 0.150966935526585 
2080	 0.151623667621625 
2081	 0.152392507253656 
2082	 0.152096174664805 
2083	 0.15136615735456 
2084	 0.151329930403744 
2085	 0.151216839585686 
2086	 0.150364679698831 
2087	 0.150174074369052 
2088	 0.150908480468717 
2089	 0.151124308768008 
2090	 0.151049278585686 
2091	 0.151300575496362 
2092	 0.151861456226811 
2093	 0.152218675354526 
2094	 0.151917158454875 
2095	 0.151816583401479 
2096	 0.15172709323791 
2097	 0.150821467547501 
2098	 0.149982486739081 
2099	 0.150304763143512 
2100	 0.150987134944976 
2101	 0.150905247881606 
2102	 0.150651777373658 
2103	 0.150755269708349 
2104	 0.150630482633779 
2105	 0.150588849737648 
2106	 0.151200458350589 
2107	 0.151164462552402 
2108	 0.150427015263879 
2109	 0.150303437350997 
2110	 0.150479876889962 
2111	 0.150250111627644 
2112	 0.150022259819283 
2113	 0.150232977291253 
2114	 0.150708738332529 
2115	 0.150034220242073 
2116	 0.150517187157752 
2117	 0.151848530072987 
2118	 0.1512419179934 
2119	 0.150633210684576 
2120	 0.151241546280757 
2121	 0.150863359937956 
2122	 0.150638614444786 
2123	 0.151572673883664 
2124	 0.151777587670359 
2125	 0.150877838680136 
2126	 0.150845732039917 
2127	 0.151691942521917 
2128	 0.151600519896498 
2129	 0.151026063947147 
2130	 0.150976215739487 
2131	 0.15045606946612 
2132	 0.150283170598267 
2133	 0.150646048777522 
2134	 0.151398362002583 
2135	 0.150776506678075 
2136	 0.150559483882024 
2137	 0.150236969598477 
2138	 0.149428943519213 
2139	 0.149537869719872 
2140	 0.150006459285433 
2141	 0.150421991607973 
2142	 0.150020423769715 
2143	 0.149759697974626 
2144	 0.14891327665023 
2145	 0.149060178754963 
2146	 0.149983616837408 
2147	 0.150163314167908 
2148	 0.150285461133837 
2149	 0.150329681521736 
2150	 0.150139509235868 
2151	 0.149673842542025 
2152	 0.148953125758793 
2153	 0.148558423356871 
2154	 0.148557368499505 
2155	 0.14850588869652 
2156	 0.148759342727286 
2157	 0.149210777618601 
2158	 0.148744438153593 
2159	 0.147595194986808 
2160	 0.147460779482599 
2161	 0.148321162850062 
2162	 0.14868148498829 
2163	 0.14814655776831 
2164	 0.148010942818995 
2165	 0.147496891005742 
2166	 0.147548441236583 
2167	 0.148213708226789 
2168	 0.148263547723257 
2169	 0.148405213204487 
2170	 0.147817381918187 
2171	 0.146341666585032 
2172	 0.145619645939503 
2173	 0.144925147986022 
2174	 0.144074644754487 
2175	 0.144165596840619 
2176	 0.144200172694376 
2177	 0.145412948050987 
2178	 0.146528335431233 
2179	 0.145694270097282 
2180	 0.144968362470406 
2181	 0.144987945994082 
2182	 0.144631665013223 
2183	 0.144890963289946 
2184	 0.146034918755404 
2185	 0.146143111283401 
2186	 0.144459757963814 
2187	 0.144584348010898 
2188	 0.14625793907704 
2189	 0.146342668224195 
2190	 0.145908056789247 
2191	 0.145917088396878 
2192	 0.145518724063848 
2193	 0.144793953788591 
2194	 0.144708878557792 
2195	 0.144108331006799 
2196	 0.142467626981246 
2197	 0.140687243063781 
2198	 0.14028800730275 
2199	 0.140470605638722 
2200	 0.140761341158402 
2201	 0.140812083224425 
2202	 0.141431549298911 
2203	 0.141796218090009 
2204	 0.141341247999088 
2205	 0.141081287020128 
2206	 0.141078080533051 
2207	 0.141133250514572 
2208	 0.141333515362636 
2209	 0.142718490815227 
2210	 0.143093566992626 
2211	 0.141891567872631 
2212	 0.14187205855556 
2213	 0.142725146609485 
2214	 0.142341522581881 
2215	 0.141331212930814 
2216	 0.141601323646377 
2217	 0.142101346954149 
2218	 0.142219689945485 
2219	 0.143066672325486 
2220	 0.143390744951092 
2221	 0.142900008084026 
2222	 0.142519427221381 
2223	 0.143357470535893 
2224	 0.144112704427721 
2225	 0.142914629606106 
2226	 0.142669114622975 
2227	 0.142952663255103 
2228	 0.142401493221403 
2229	 0.143019539808821 
2230	 0.143140229931957 
2231	 0.142291226294454 
2232	 0.142719301375406 
2233	 0.144016975491718 
2234	 0.144318779312066 
2235	 0.143305300456104 
2236	 0.142439355198067 
2237	 0.143215781227264 
2238	 0.145456636843277 
2239	 0.145617318834959 
2240	 0.146115600540188 
2241	 0.146352270618587 
2242	 0.143883064306593 
2243	 0.143396066872962 
2244	 0.145799310910854 
2245	 0.145933317800575 
2246	 0.143980709417377 
2247	 0.143680758980528 
2248	 0.144267532185625 
2249	 0.144312848797579 
2250	 0.144732760440977 
2251	 0.144805814860364 
2252	 0.145703083629911 
2253	 0.144841267125223 
2254	 0.143574725249305 
2255	 0.145536284106197 
2256	 0.146798466991812 
2257	 0.146596623984951 
2258	 0.14656638420642 
2259	 0.145829633168395 
2260	 0.144927119401569 
2261	 0.143693828850377 
2262	 0.143386052258927 
2263	 0.14350775352199 
2264	 0.14227631161952 
2265	 0.141883222923801 
2266	 0.14343563185205 
2267	 0.143783615699604 
2268	 0.141809992990908 
2269	 0.141631769443102 
2270	 0.142635874430039 
2271	 0.142295339228239 
2272	 0.14253141899753 
2273	 0.144713006779271 
2274	 0.145377987302328 
2275	 0.144618559516226 
2276	 0.144559868582248 
2277	 0.145022454685152 
2278	 0.144953152110975 
2279	 0.144317077965066 
2280	 0.143938163547106 
2281	 0.143103781923945 
2282	 0.143282524000431 
2283	 0.144615073032 
2284	 0.144251956868827 
2285	 0.143560720499275 
2286	 0.143938294780743 
2287	 0.144188372987058 
2288	 0.142741048403898 
2289	 0.143076087443528 
2290	 0.142930496685885 
2291	 0.142360368997658 
2292	 0.144930733921708 
2293	 0.146217449345117 
2294	 0.145555839248424 
2295	 0.145821104902886 
2296	 0.144425525150303 
2297	 0.143847219506053 
2298	 0.14572149953533 
2299	 0.144893513425727 
2300	 0.143638600274261 
2301	 0.144124388211195 
2302	 0.144296956599162 
2303	 0.145753176621134 
2304	 0.146463941705958 
2305	 0.145774085640115 
2306	 0.14630498432811 
2307	 0.146302887704144 
2308	 0.145231240517334 
2309	 0.144454952248615 
2310	 0.144436560660498 
2311	 0.144481361738551 
2312	 0.142650283992409 
2313	 0.141175735287412 
2314	 0.14113708349576 
2315	 0.139201590390021 
2316	 0.136772867809594 
2317	 0.137426068824625 
2318	 0.13852319397964 
2319	 0.13858623325396 
2320	 0.139981753432976 
2321	 0.140542356282393 
2322	 0.138561371169329 
2323	 0.137609890978523 
2324	 0.137925125547397 
2325	 0.138592148558721 
2326	 0.139051171224576 
2327	 0.139654590643868 
2328	 0.140663663651663 
2329	 0.141247987989694 
2330	 0.142987839455714 
2331	 0.14390557062714 
2332	 0.143351897388182 
2333	 0.142977626209916 
2334	 0.141246112184735 
2335	 0.140665354593783 
2336	 0.14277458436052 
2337	 0.143054445642008 
2338	 0.141464144347649 
2339	 0.141831986074273 
2340	 0.142893225729697 
2341	 0.141661197538299 
2342	 0.140752889406135 
2343	 0.142195104800984 
2344	 0.141201381219921 
2345	 0.140623255832222 
2346	 0.143241879880749 
2347	 0.142815084989053 
2348	 0.138478061832134 
2349	 0.13794859694124 
2350	 0.138669428387002 
2351	 0.135426715229433 
2352	 0.13666875999893 
2353	 0.139435453568052 
2354	 0.136454308110221 
2355	 0.137571003637774 
2356	 0.144048496513277 
2357	 0.142503468233618 
2358	 0.138399863358881 
2359	 0.14249810927481 
2360	 0.144140686909745 
2361	 0.141162078270021 
2362	 0.142522217341237 
2363	 0.143246424373278 
2364	 0.140179936474238 
2365	 0.142337139707897 
2366	 0.149244828393828 
2367	 0.153548485826859 
2368	 0.15093662433544 
2369	 0.141413514296327 
2370	 0.134507471847255 
2371	 0.132800828685409 
2372	 0.132710495083691 
2373	 0.133143828688994 
2374	 0.134923746865609 
2375	 0.137799434953259 
2376	 0.136639657520923 
2377	 0.135191879488961 
2378	 0.134825517361972 
2379	 0.131728388773625 
2380	 0.132920068119348 
2381	 0.141022078950464 
2382	 0.147098305821694 
2383	 0.141683344387079 
2384	 0.135589704632781 
2385	 0.138479807838264 
2386	 0.139675099231576 
2387	 0.139974853144998 
2388	 0.13997069769319 
2389	 0.135820053342492 
2390	 0.132925098241419 
2391	 0.136813943942477 
2392	 0.14276368559182 
2393	 0.138152366296263 
2394	 0.131446021615103 
2395	 0.132620502770144 
2396	 0.134157904219696 
2397	 0.137314905781283 
2398	 0.142912384787175 
2399	 0.142699088634723 
2400	 0.138160562749083 
2401	 0.136608699986144 
2402	 0.135950071410784 
2403	 0.134881526407421 
2404	 0.133694931441843 
2405	 0.129991270641802 
2406	 0.134970787199681 
2407	 0.140913580202493 
2408	 0.138981024180304 
2409	 0.148632500619101 
2410	 0.150551039843587 
2411	 0.136272935746169 
2412	 0.132888600344993 
2413	 0.13290554593967 
2414	 0.134474815171015 
2415	 0.143246950420011 
2416	 0.147217940412992 
2417	 0.144107663863927 
2418	 0.140275283746403 
2419	 0.139868258515392 
2420	 0.142428433049094 
2421	 0.14843188130813 
2422	 0.144405841032721 
2423	 0.122487835016011 
2424	 0.107970229684101 
2425	 0.11377851565534 
2426	 0.129532614039686 
2427	 0.151053268746116 
2428	 0.158015070888138 
2429	 0.143842358202571 
2430	 0.136994881298109 
2431	 0.140103370235531 
2432	 0.152550568747605 
2433	 0.164926795879871 
2434	 0.148861571519713 
2435	 0.13470961972128 
2436	 0.140829662927877 
2437	 0.137978419023844 
2438	 0.137367908134284 
2439	 0.142623207018682 
2440	 0.140732312263798 
2441	 0.138889183141477 
2442	 0.139960124950645 
2443	 0.128131609842664 
2444	 0.115045303256011 
2445	 0.125517886791423 
2446	 0.13049212340688 
2447	 0.133596335861623 
2448	 0.149772171821546 
2449	 0.141829867278579 
2450	 0.13136928385738 
2451	 0.144327149494387 
2452	 0.138149499708981 
2453	 0.132953901398604 
2454	 0.150692473633594 
2455	 0.154743414996051 
2456	 0.147744210462462 
2457	 0.130885284042852 
2458	 0.112903910526403 
2459	 0.113449073636614 
2460	 0.129323799481875 
2461	 0.133445280103177 
2462	 0.13841604123931 
2463	 0.146101551203588 
2464	 0.131671280479987 
2465	 0.124650306459528 
2466	 0.122051807686678 
2467	 0.135950789243912 
2468	 0.158972825267653 
2469	 0.145478405641267 
2470	 8.17713064356613E-02 
2471	 0.081648164153129 
2472	 0.1063667892676 
2473	 0.124399493561324 
2474	 0.238832762160474 
2475	 0.251912538610492 
2476	 0.140902457531872 
2477	 0.125339423822757 
2478	 0.125337405455723 
2479	 9.35380847103756E-02 
2480	 0.144245366860574 
2481	 0.123368846991262 
2482	 0.034740955756065 
2483	 6.38410204892069E-02 
2484	 2.99100931088468E-02 
2485	-3.58524333186084E-02 
2486	 0.116642017581741 
2487	 0.24836216987313 
2488	 0.276111073335324 
2489	 0.233465459118288 
2490	 4.50359756486932E-02 
2491	-2.58832598211539E-02 
2492	-1.29602589283308E-02 
2493	 0.373139358288927 
2494	 0.718590915801485 
2495	 0.605181512002156 
2496	 0.220935157808533 
2497	-0.090759960838489 
2498	 9.79541395230405E-03 
2499	 0.159441478428194 
2500	 0.205509860069351 
