Wavelength	09/27/123 at 12:35:05
350	 2.01562476287695E-02 
351	 1.96240993577793E-02 
352	 1.97487286622595E-02 
353	 1.99993184953352E-02 
354	 1.94460390745532E-02 
355	 1.95369668398278E-02 
356	 1.98454341653088E-02 
357	 1.99944282194491E-02 
358	 2.01467374029259E-02 
359	 2.01898986775704E-02 
360	 2.01648356620056E-02 
361	 2.01799789198941E-02 
362	 0.020272912702627 
363	 2.04060567812145E-02 
364	 2.05073052092911E-02 
365	 2.04433973522585E-02 
366	 2.03021342609583E-02 
367	 2.02363619668435E-02 
368	 2.04031030971063E-02 
369	 2.06397654393335E-02 
370	 0.020742975210801 
371	 2.06686510218093E-02 
372	 2.07150177795937E-02 
373	 2.08066466958357E-02 
374	 2.09404612523339E-02 
375	 2.11013246648728E-02 
376	 2.08913157314364E-02 
377	 2.08480838976244E-02 
378	 2.11982631390758E-02 
379	 2.12126031959171E-02 
380	 2.12266139828875E-02 
381	 2.13542763305062E-02 
382	 2.15998556974348E-02 
383	 2.17796222968587E-02 
384	 2.19086248092728E-02 
385	 2.20098360246406E-02 
386	 0.022045029125757 
387	 2.22364413528047E-02 
388	 0.02239263382146 
389	 2.22378037619038E-02 
390	 2.24346982362213E-02 
391	 0.022875354767826 
392	 2.32585714513989E-02 
393	 2.30294064514065E-02 
394	 2.29714671981338E-02 
395	 2.31011217856819E-02 
396	 2.31599895440056E-02 
397	 2.32495178133926E-02 
398	 2.34196951037488E-02 
399	 2.36113681068011E-02 
400	 2.35700734782051E-02 
401	 2.36402376694323E-02 
402	 2.37492068959924E-02 
403	 2.37213514092751E-02 
404	 2.38194616803224E-02 
405	 2.39334371937959E-02 
406	 0.024011741500813 
407	 2.41868925059942E-02 
408	 2.42292108977712E-02 
409	 2.42127163193513E-02 
410	 2.43106443932577E-02 
411	 2.44904375757391E-02 
412	 2.46438955734167E-02 
413	 2.47504779450026E-02 
414	 0.024952690223572 
415	 2.50973182537199E-02 
416	 2.51519044408963E-02 
417	 0.025149204439839 
418	 2.52441419965813E-02 
419	 2.53408473230947E-02 
420	 2.54061320907638E-02 
421	 0.025547988998132 
422	 2.57001298040479E-02 
423	 2.58558063284778E-02 
424	 2.60233115645454E-02 
425	 2.61824704458356E-02 
426	 2.63207847645167E-02 
427	 2.64600704956097E-02 
428	 2.66809091324343E-02 
429	 2.68405671277465E-02 
430	 2.69443901791896E-02 
431	 2.70499538404433E-02 
432	 0.027185232840531 
433	 2.73214216642007E-02 
434	 2.74484493098062E-02 
435	 2.75838300106202E-02 
436	 2.78028714804909E-02 
437	 2.80384304681835E-02 
438	 2.81978201936957E-02 
439	 2.83133315843095E-02 
440	 2.84599041247418E-02 
441	 2.86347668384106E-02 
442	 2.87288981691901E-02 
443	 2.88929834037012E-02 
444	 2.90804556798026E-02 
445	 2.92162784325165E-02 
446	 2.93901493097538E-02 
447	 2.95761524834343E-02 
448	 2.97547608184553E-02 
449	 2.99247531492257E-02 
450	 3.00894254309181E-02 
451	 3.02121224983036E-02 
452	 3.02784382835589E-02 
453	 3.04341780962695E-02 
454	 3.06083820428968E-02 
455	 3.07586700563595E-02 
456	 0.030888780562337 
457	 3.10095754671134E-02 
458	 3.11573069178094E-02 
459	 3.13409927408709E-02 
460	 3.14236680002074E-02 
461	 3.14977627952384E-02 
462	 0.031607953058827 
463	 0.031737504812707 
464	 3.18522614128564E-02 
465	 3.19817405688945E-02 
466	 3.21497879676837E-02 
467	 3.23045399045873E-02 
468	 3.23670146839848E-02 
469	 3.23871967954421E-02 
470	 3.25290048720048E-02 
471	 3.26820952444387E-02 
472	 3.28200740740851E-02 
473	 3.29365978356339E-02 
474	 3.30302985011004E-02 
475	 3.31471300633885E-02 
476	 3.32655701102426E-02 
477	 3.33189854115489E-02 
478	 3.34662181264626E-02 
479	 3.36362647221468E-02 
480	 3.37573138548891E-02 
481	 3.38826188683137E-02 
482	 3.40413776598519E-02 
483	 3.42395959447051E-02 
484	 3.44577351915737E-02 
485	 3.46059804795284E-02 
486	 3.47527867653025E-02 
487	 3.49375825157421E-02 
488	 3.50385729734946E-02 
489	 3.52099112550202E-02 
490	 3.54348865391859E-02 
491	 3.56103404352593E-02 
492	 3.57632437426354E-02 
493	 3.59309958220588E-02 
494	 3.61363744013517E-02 
495	 3.63705737578172E-02 
496	 3.65761276413475E-02 
497	 3.67503478443612E-02 
498	 3.69269844755174E-02 
499	 3.71998206926379E-02 
500	 3.74660133590791E-02 
501	 3.76663980487401E-02 
502	 3.78594391568568E-02 
503	 3.80527123603506E-02 
504	 3.82515227833223E-02 
505	 3.84698267829752E-02 
506	 3.88069665905641E-02 
507	 3.90781979116603E-02 
508	 3.92263409982305E-02 
509	 3.94092288364651E-02 
510	 3.96099942493181E-02 
511	 3.98458588479424E-02 
512	 4.01250154044348E-02 
513	 4.03876663001975E-02 
514	 4.06215995151195E-02 
515	 4.08367236678263E-02 
516	 4.10658988480496E-02 
517	 4.13505136009752E-02 
518	 4.16610601240602E-02 
519	 4.19465762523364E-02 
520	 4.21906120420325E-02 
521	 4.23950783228973E-02 
522	 4.26224735821694E-02 
523	 4.29835696912814E-02 
524	 4.33028472063899E-02 
525	 4.35702124567397E-02 
526	 4.38264897451866E-02 
527	 0.044146733156558 
528	 4.44598190510275E-02 
529	 4.47419250626627E-02 
530	 4.50151434198256E-02 
531	 4.53277037927525E-02 
532	 4.56632715324505E-02 
533	 4.59994708847225E-02 
534	 0.046341902320574 
535	 4.66929179996207E-02 
536	 4.70308520127769E-02 
537	 0.047331654124087 
538	 4.77072942425201E-02 
539	 4.81287042426935E-02 
540	 4.85464806397986E-02 
541	 4.89045953733637E-02 
542	 4.93156452939638E-02 
543	 4.97622645660753E-02 
544	 5.01790330177009E-02 
545	 5.05656354483237E-02 
546	 5.09543184222898E-02 
547	 5.13640962994146E-02 
548	 5.17851110281469E-02 
549	 5.22059927965222E-02 
550	 5.26482842110182E-02 
551	 5.31311591020895E-02 
552	 0.053588830986857 
553	 5.40042961028126E-02 
554	 5.43976164096031E-02 
555	 5.48315614927935E-02 
556	 0.055273484901894 
557	 5.57415266236396E-02 
558	 5.62480533733877E-02 
559	 5.67477691091732E-02 
560	 5.72114916431934E-02 
561	 5.76852004465105E-02 
562	 5.82799994428327E-02 
563	 5.88148051675156E-02 
564	 5.93119232749484E-02 
565	 5.98216322982316E-02 
566	 6.03283445259456E-02 
567	 6.09102412603424E-02 
568	 0.061503318600192 
569	 6.19698872882609E-02 
570	 6.24992746130745E-02 
571	 6.30277243988729E-02 
572	 6.34959808992166E-02 
573	 6.39495783590945E-02 
574	 6.44083934623582E-02 
575	 6.48632363195695E-02 
576	 6.52938747865736E-02 
577	 6.57863133733228E-02 
578	 6.62526567553451E-02 
579	 0.066660376895397 
580	 6.70913275668704E-02 
581	 6.75205031320081E-02 
582	 6.79403302319259E-02 
583	 0.068342200332782 
584	 0.068703701101619 
585	 6.90959195664932E-02 
586	 6.95493486195054E-02 
587	 7.00528688211093E-02 
588	 7.05259490939425E-02 
589	 7.09932397279639E-02 
590	 7.14475650594288E-02 
591	 7.17746679202644E-02 
592	 7.21056707175865E-02 
593	 7.24912166749142E-02 
594	 7.29063557843092E-02 
595	 7.32590664159329E-02 
596	 7.36049344769744E-02 
597	 0.073982987218974 
598	 7.43177969234962E-02 
599	 7.47074633364137E-02 
600	 0.075119663301223 
601	 7.54821859199754E-02 
602	 0.075874629328583 
603	 7.62400667051942E-02 
604	 7.65609382628599E-02 
605	 7.68885985878626E-02 
606	 7.72005841885505E-02 
607	 7.75707349214297E-02 
608	 7.80441216156703E-02 
609	 7.84103630269105E-02 
610	 7.87088620626415E-02 
611	 7.90005048016459E-02 
612	 7.93512190985923E-02 
613	 0.079619023766316 
614	 7.98742423111534E-02 
615	 8.01891226887225E-02 
616	 0.08050493957534 
617	 8.08182128849086E-02 
618	 8.10958918816981E-02 
619	 8.13137218425394E-02 
620	 8.15657461240224E-02 
621	 8.18543029313772E-02 
622	 8.21602170041442E-02 
623	 8.24507014828227E-02 
624	 0.082717304505106 
625	 8.29590519267723E-02 
626	 8.31818256708419E-02 
627	 8.33980243974234E-02 
628	 8.36518287883757E-02 
629	 8.39303572787203E-02 
630	 8.41569761629919E-02 
631	 8.43670290828206E-02 
632	 8.45757273132209E-02 
633	 0.084796933911243 
634	 0.085057617429924 
635	 8.53364511557196E-02 
636	 8.55715027556478E-02 
637	 8.56955967729863E-02 
638	 8.58810751158319E-02 
639	 8.61232166634155E-02 
640	 8.63825522658257E-02 
641	 8.66009591614089E-02 
642	 8.68306735231357E-02 
643	 8.70526006128537E-02 
644	 8.72371893308578E-02 
645	 8.74362903884682E-02 
646	 8.76516856887776E-02 
647	 8.78860407155802E-02 
648	 8.81487996059657E-02 
649	 0.088401970821978 
650	 8.86325486553744E-02 
651	 0.088844875820526 
652	 8.90683213227716E-02 
653	 0.089256051023992 
654	 8.94138219038078E-02 
655	 8.95954894079312E-02 
656	 0.089924447807663 
657	 0.090224292837538 
658	 9.04057388183868E-02 
659	 9.06225623627982E-02 
660	 9.08384027181292E-02 
661	 9.10461266042763E-02 
662	 9.12519202847893E-02 
663	 9.14714850541652E-02 
664	 9.17060529034192E-02 
665	 9.19247724685435E-02 
666	 9.20748181284397E-02 
667	 9.23108632988536E-02 
668	 9.25439348955354E-02 
669	 9.27186139268262E-02 
670	 9.30188670497734E-02 
671	 9.33175764539804E-02 
672	 0.093543346562853 
673	 0.093680964001236 
674	 9.38944536242635E-02 
675	 9.41424944747207E-02 
676	 9.43754242408417E-02 
677	 9.45724571041989E-02 
678	 9.47852211816683E-02 
679	 9.50119987610018E-02 
680	 9.52374414573952E-02 
681	 9.54511654417151E-02 
682	 9.56695757981496E-02 
683	 9.58889110746143E-02 
684	 9.60907441189685E-02 
685	 9.63045689691349E-02 
686	 9.66747569386155E-02 
687	 9.72083545546699E-02 
688	 9.74569284180991E-02 
689	 9.75828983260327E-02 
690	 9.76914748491741E-02 
691	 9.78331030079638E-02 
692	 0.097922231395609 
693	 9.81227976863869E-02 
694	 9.84179312965793E-02 
695	 9.86067591516208E-02 
696	 0.098772330551541 
697	 9.89404234771392E-02 
698	 9.91328840229986E-02 
699	 9.93608398587723E-02 
700	 9.95627531034876E-02 
701	 0.099768152540039 
702	 0.100023570682071 
703	 0.100183344618701 
704	 0.100370150921397 
705	 0.100601670131561 
706	 0.10075499697407 
707	 0.100980670158039 
708	 0.101200225928959 
709	 0.101344164187543 
710	 0.101500387102443 
711	 0.101676693386507 
712	 0.101898526084844 
713	 0.102177473333962 
714	 0.102351711475645 
715	 0.102486300183143 
716	 0.102663646438806 
717	 0.102950518292084 
718	 0.103239236941783 
719	 0.103480180484548 
720	 0.103653342967518 
721	 0.103757718340154 
722	 0.103902097628183 
723	 0.104104023089034 
724	 0.104303612851585 
725	 0.104450209165059 
726	 0.104596398282815 
727	 0.104782183427645 
728	 0.105000699416129 
729	 0.105206447468634 
730	 0.105364859678268 
731	 0.105465642871464 
732	 0.105548059004899 
733	 0.105671733392281 
734	 0.105829707746958 
735	 0.105982021156731 
736	 0.106153693873543 
737	 0.106291937814284 
738	 0.106394222450094 
739	 0.10653160006573 
740	 0.106757926411528 
741	 0.106974926283673 
742	 0.107098019657765 
743	 0.107214878180283 
744	 0.107331387486021 
745	 0.10745048363701 
746	 0.107576861135661 
747	 0.107770473072874 
748	 0.107922796152443 
749	 0.107996633383963 
750	 0.108069624795071 
751	 0.108238722348814 
752	 0.108426525847055 
753	 0.10855729712224 
754	 0.108693621964273 
755	 0.108837198751197 
756	 0.108986495025628 
757	 0.109158113937252 
758	 0.109493037491377 
759	 0.11015851275108 
760	 0.111140726326498 
761	 0.111518050169849 
762	 0.111597821667846 
763	 0.111502856984851 
764	 0.111283509542524 
765	 0.110961964035724 
766	 0.110717941833495 
767	 0.11057616550307 
768	 0.110516611396719 
769	 0.110492225157053 
770	 0.110503981517184 
771	 0.110559223941368 
772	 0.110666468529009 
773	 0.110806926949102 
774	 0.110894508997847 
775	 0.11092911386848 
776	 0.111084008524744 
777	 0.111194018168331 
778	 0.111244301767436 
779	 0.111283593611011 
780	 0.111418015131063 
781	 0.111555894445953 
782	 0.111648048987766 
783	 0.11169053758932 
784	 0.111779932631551 
785	 0.111905406050746 
786	 0.11201346226874 
787	 0.112020319432119 
788	 0.112126259906365 
789	 0.11228385368715 
790	 0.112401425992113 
791	 0.112435504255728 
792	 0.112477548969071 
793	 0.112553843958096 
794	 0.112658942340862 
795	 0.112796002799062 
796	 0.11286884933397 
797	 0.112898551908191 
798	 0.112997331278734 
799	 0.1130394389639 
800	 0.113080593859131 
801	 0.113158543771183 
802	 0.113236724174266 
803	 0.113287526047033 
804	 0.113355549107918 
805	 0.113460323559791 
806	 0.11346184666197 
807	 0.113527024655103 
808	 0.113650071863436 
809	 0.113736354840889 
810	 0.113783165356707 
811	 0.113834576698791 
812	 0.113921365953194 
813	 0.114051946096766 
814	 0.114148833175796 
815	 0.114234528656863 
816	 0.114347076919333 
817	 0.114519271925654 
818	 0.114477802872272 
819	 0.114387589401095 
820	 0.114455955494273 
821	 0.114600088984374 
822	 0.114671617000227 
823	 0.114675650934357 
824	 0.114701022441568 
825	 0.11475338251979 
826	 0.114875170092029 
827	 0.114991201184056 
828	 0.11493774716379 
829	 0.114956277600698 
830	 0.11503030515052 
831	 0.115095257121606 
832	 0.115086056925258 
833	 0.115150946996528 
834	 0.115173589667774 
835	 0.115083588640851 
836	 0.115133797128033 
837	 0.115214897567378 
838	 0.115303493083485 
839	 0.11539352988257 
840	 0.115375833915682 
841	 0.115428209257072 
842	 0.115557611270989 
843	 0.115625326638034 
844	 0.115640992844092 
845	 0.115650438346111 
846	 0.115692319195832 
847	 0.115783823900067 
848	 0.115772764070469 
849	 0.115776891116123 
850	 0.115887255287956 
851	 0.115979195913569 
852	 0.116078770113606 
853	 0.116126147942909 
854	 0.116090807602688 
855	 0.116135307113221 
856	 0.11615958953775 
857	 0.116178210564297 
858	 0.116251970852742 
859	 0.116334311420738 
860	 0.116399977443581 
861	 0.116465634553902 
862	 0.116575518564838 
863	 0.116631986224448 
864	 0.116585095767926 
865	 0.116510999899469 
866	 0.116649786705933 
867	 0.116702611993669 
868	 0.116724568268639 
869	 0.116817195575488 
870	 0.11700704811457 
871	 0.116987571294 
872	 0.11684759957577 
873	 0.116812880033986 
874	 0.117067125252333 
875	 0.117143902929629 
876	 0.117133542873252 
877	 0.117326707087968 
878	 0.117394299337107 
879	 0.117297091281031 
880	 0.117195646283059 
881	 0.117343860171143 
882	 0.117412887705673 
883	 0.117501956461856 
884	 0.117641770648854 
885	 0.117727645722291 
886	 0.117697290758659 
887	 0.117670349600571 
888	 0.117729512811222 
889	 0.117816829066312 
890	 0.117819678451508 
891	 0.117858574371251 
892	 0.118014563338177 
893	 0.118092950976914 
894	 0.1181428914692 
895	 0.118103163145167 
896	 0.117993862808495 
897	 0.118307644860959 
898	 0.118574663101454 
899	 0.118578775242858 
900	 0.118371763835243 
901	 0.118408195567052 
902	 0.118435054883045 
903	 0.118390284819381 
904	 0.118373348110335 
905	 0.118457170905802 
906	 0.118730374785853 
907	 0.118978593607549 
908	 0.11877314216794 
909	 0.119046010952098 
910	 0.119155617903291 
911	 0.118851027940287 
912	 0.118763126584937 
913	 0.118835209423322 
914	 0.11894308263069 
915	 0.118979599299512 
916	 0.118908769480779 
917	 0.11905245910737 
918	 0.119169384785703 
919	 0.119099969457889 
920	 0.119224220432437 
921	 0.119377969505858 
922	 0.119367155155027 
923	 0.119184814608523 
924	 0.119514285629237 
925	 0.119650116993539 
926	 0.119370081269932 
927	 0.118837460559289 
928	 0.118795182551699 
929	 0.119462209369227 
930	 0.119999560286097 
931	 0.119216564420721 
932	 0.119791280749947 
933	 0.119494996036242 
934	 0.118360727788207 
935	 0.118496499757982 
936	 0.118862047755892 
937	 0.119075887792549 
938	 0.11901639219432 
939	 0.118833508559342 
940	 0.119284621528805 
941	 0.119542098479393 
942	 0.119328693979613 
943	 0.119114862012831 
944	 0.119804056984433 
945	 0.119900958701848 
946	 0.119121359202801 
947	 0.119118390590229 
948	 0.119271077846219 
949	 0.119254152227881 
950	 0.119124528961031 
951	 0.119391756691691 
952	 0.120121021546924 
953	 0.120038221188587 
954	 0.119166719180028 
955	 0.119857183486305 
956	 0.120596189495754 
957	 0.120560193142149 
958	 0.119940939520078 
959	 0.120357389146753 
960	 0.120608204833233 
961	 0.120537490495451 
962	 0.120409879267987 
963	 0.120751087354334 
964	 0.121687631933272 
965	 0.121940422952956 
966	 0.121021742935233 
967	 0.120948549136428 
968	 0.120910756911122 
969	 0.121331027328107 
970	 0.122224041836507 
971	 0.121681713862184 
972	 0.121031516241308 
973	 0.121168930438024 
974	 0.122174886462806 
975	 0.122249510607509 
976	 0.121640494129952 
977	 0.121132627647856 
978	 0.121412146720787 
979	 0.12211603667107 
980	 0.122462895837978 
981	 0.122079989203786 
982	 0.121331369873847 
983	 0.122327459614387 
984	 0.122392785618189 
985	 0.121789166771918 
986	 0.121691788112392 
987	 0.122029784692436 
988	 0.122426968836586 
989	 0.122686411180191 
990	 0.122819858895488 
991	 0.123330765591162 
992	 0.122730844428683 
993	 0.122166648398151 
994	 0.122992164588979 
995	 0.122968097628611 
996	 0.12263497243881 
997	 0.122418270664074 
998	 0.12244896254529 
999	 0.121873621803111 
1000	 0.121928019574435 
1001	 0.121828950015534 
1002	 0.12166029360865 
1003	 0.121503808323083 
1004	 0.121506150694835 
1005	 0.121558084688111 
1006	 0.121608772555615 
1007	 0.121827609477107 
1008	 0.121955947448828 
1009	 0.121952325507817 
1010	 0.122069695808991 
1011	 0.122159581056064 
1012	 0.122265505613298 
1013	 0.122340397930966 
1014	 0.122329457069832 
1015	 0.122464773189252 
1016	 0.122616668026639 
1017	 0.122705483909648 
1018	 0.12279950502354 
1019	 0.12289802767042 
1020	 0.122941288380414 
1021	 0.122885905976594 
1022	 0.122791133497389 
1023	 0.122659566814001 
1024	 0.122517186498057 
1025	 0.122514925711913 
1026	 0.122479838102429 
1027	 0.122575639093579 
1028	 0.122753932030554 
1029	 0.122862839762932 
1030	 0.122972731571265 
1031	 0.123050763712368 
1032	 0.123087068828582 
1033	 0.123165542054237 
1034	 0.123211243405594 
1035	 0.123243515984435 
1036	 0.123295760971719 
1037	 0.123183625903021 
1038	 0.123098320276859 
1039	 0.123219763720306 
1040	 0.123453778921076 
1041	 0.123609380972891 
1042	 0.123614182396877 
1043	 0.123622622399954 
1044	 0.123658815947175 
1045	 0.123630844001983 
1046	 0.123654465048351 
1047	 0.123906821775882 
1048	 0.124081611407442 
1049	 0.124131847941191 
1050	 0.124276324335088 
1051	 0.12428532742219 
1052	 0.124252351828791 
1053	 0.124255229831335 
1054	 0.124154438827176 
1055	 0.124148496286294 
1056	 0.124231146157975 
1057	 0.124283883781661 
1058	 0.12437444901933 
1059	 0.124529275383242 
1060	 0.124762246014314 
1061	 0.1248222367112 
1062	 0.125007197152027 
1063	 0.125109591619407 
1064	 0.124996921371284 
1065	 0.12502978058869 
1066	 0.125063311395552 
1067	 0.12516075329739 
1068	 0.125260411240345 
1069	 0.125175424165228 
1070	 0.125215221402395 
1071	 0.125193723985356 
1072	 0.125246374718724 
1073	 0.125513228036804 
1074	 0.125632293928404 
1075	 0.125638344913767 
1076	 0.125733844234855 
1077	 0.125842746434645 
1078	 0.125858377745955 
1079	 0.126055134539752 
1080	 0.126093884216326 
1081	 0.126183062309223 
1082	 0.126359479184153 
1083	 0.126376608744749 
1084	 0.12631417710686 
1085	 0.126309496931506 
1086	 0.12614294563673 
1087	 0.12612312196876 
1088	 0.126219865018328 
1089	 0.126331818142918 
1090	 0.126543342943124 
1091	 0.126685015568668 
1092	 0.126722170063131 
1093	 0.126746904937921 
1094	 0.126611943122188 
1095	 0.126536744856214 
1096	 0.126504274531264 
1097	 0.126482318295666 
1098	 0.126522200362079 
1099	 0.126608677022605 
1100	 0.126733557153707 
1101	 0.126976383403045 
1102	 0.127136322409373 
1103	 0.127402229483893 
1104	 0.127472613735789 
1105	 0.127331352839897 
1106	 0.127319019634653 
1107	 0.127304379770498 
1108	 0.12716236258311 
1109	 0.127068145681812 
1110	 0.127177119545028 
1111	 0.127215305436519 
1112	 0.127169178393103 
1113	 0.127223272589521 
1114	 0.127451951243108 
1115	 0.127538288602245 
1116	 0.127529353329918 
1117	 0.1276574825595 
1118	 0.1279332658298 
1119	 0.127973109356662 
1120	 0.127998055951397 
1121	 0.127925380201534 
1122	 0.127123635631798 
1123	 0.126982485963879 
1124	 0.127143847632011 
1125	 0.12771734383728 
1126	 0.128113680734967 
1127	 0.129165396241285 
1128	 0.129344933364928 
1129	 0.128918198643338 
1130	 0.128766106161237 
1131	 0.128205059998453 
1132	 0.128167244290472 
1133	 0.128689283021174 
1134	 0.128642989866352 
1135	 0.128408922123547 
1136	 0.128358387352758 
1137	 0.127939222523379 
1138	 0.127850385157358 
1139	 0.128217411584555 
1140	 0.128407756350561 
1141	 0.128682444012623 
1142	 0.129210597382845 
1143	 0.129097742808845 
1144	 0.128654852077771 
1145	 0.1284846088378 
1146	 0.127950381791184 
1147	 0.127777379241107 
1148	 0.128029262402801 
1149	 0.128072814699675 
1150	 0.128045883531328 
1151	 0.128032898178644 
1152	 0.127995345922951 
1153	 0.128001451417015 
1154	 0.127818749317162 
1155	 0.128013203536105 
1156	 0.128411221110142 
1157	 0.128581783168609 
1158	 0.128507391897828 
1159	 0.128290939756702 
1160	 0.128225708004721 
1161	 0.127978198617705 
1162	 0.127912139801459 
1163	 0.128078086272272 
1164	 0.128094323645481 
1165	 0.127971608182235 
1166	 0.127937965673146 
1167	 0.127973116841232 
1168	 0.1279792851391 
1169	 0.128004023389422 
1170	 0.127995116517179 
1171	 0.127977372288217 
1172	 0.127914148083952 
1173	 0.127873214550446 
1174	 0.127872723876733 
1175	 0.127876282722607 
1176	 0.127918210985494 
1177	 0.127955743143066 
1178	 0.128008828974401 
1179	 0.128022363495318 
1180	 0.128005697017665 
1181	 0.128015015879981 
1182	 0.127996354786723 
1183	 0.128013744367892 
1184	 0.128153999535844 
1185	 0.128171457500763 
1186	 0.128016561944551 
1187	 0.128034569422322 
1188	 0.128181327521902 
1189	 0.128138059849477 
1190	 0.128157897673563 
1191	 0.128360127434032 
1192	 0.128354588453678 
1193	 0.128352864417471 
1194	 0.128367339831579 
1195	 0.128411486505609 
1196	 0.128417511045614 
1197	 0.128356952059676 
1198	 0.128371112856334 
1199	 0.128452314186138 
1200	 0.12846635891889 
1201	 0.128501401552304 
1202	 0.12852471799752 
1203	 0.128480868909081 
1204	 0.128462932521952 
1205	 0.128461613964742 
1206	 0.128441175083575 
1207	 0.128482512899626 
1208	 0.128567787189689 
1209	 0.128627397675467 
1210	 0.128630934981497 
1211	 0.128642788463404 
1212	 0.128658997698829 
1213	 0.128667877166462 
1214	 0.128774228314134 
1215	 0.128799203226831 
1216	 0.128741111741853 
1217	 0.12875713151661 
1218	 0.128807464199427 
1219	 0.128811682338288 
1220	 0.128808231228495 
1221	 0.128800877774498 
1222	 0.128750139749638 
1223	 0.128772560458623 
1224	 0.128849200940871 
1225	 0.128944732809779 
1226	 0.128894387967814 
1227	 0.128764540726378 
1228	 0.128790881168295 
1229	 0.128882567098011 
1230	 0.129038501094537 
1231	 0.129293533183178 
1232	 0.129368363286734 
1233	 0.12919982692197 
1234	 0.129142439285428 
1235	 0.129158786800067 
1236	 0.129129848488392 
1237	 0.129090888797944 
1238	 0.129096907905805 
1239	 0.129104782121585 
1240	 0.129102189748925 
1241	 0.129101525562595 
1242	 0.129148359984681 
1243	 0.129237828310463 
1244	 0.129263710471615 
1245	 0.129352899364766 
1246	 0.129506385190032 
1247	 0.129488239940278 
1248	 0.12945993487314 
1249	 0.129456485255529 
1250	 0.129351975104645 
1251	 0.129431115002094 
1252	 0.129564541022188 
1253	 0.129567821928365 
1254	 0.129660550098441 
1255	 0.129734374288082 
1256	 0.129704061477146 
1257	 0.12974269731452 
1258	 0.129851287926878 
1259	 0.129893462871704 
1260	 0.129940614752363 
1261	 0.13006249335892 
1262	 0.130256453354978 
1263	 0.130251229415487 
1264	 0.130305783291962 
1265	 0.130205724460647 
1266	 0.130002915795059 
1267	 0.130038841453243 
1268	 0.130192221848347 
1269	 0.130260107901883 
1270	 0.130250873912043 
1271	 0.130237684895618 
1272	 0.130320201013016 
1273	 0.13035062696857 
1274	 0.130196081961692 
1275	 0.130156051883795 
1276	 0.130138648447867 
1277	 0.130000602110472 
1278	 0.130114253535856 
1279	 0.13027029410538 
1280	 0.130257473020132 
1281	 0.130046363113712 
1282	 0.130018142965222 
1283	 0.129979369674998 
1284	 0.129964998860475 
1285	 0.130139047669942 
1286	 0.130148170813398 
1287	 0.129971713680716 
1288	 0.129891278403507 
1289	 0.129872738275163 
1290	 0.129960779652479 
1291	 0.130078322092312 
1292	 0.130109016168892 
1293	 0.130084530517693 
1294	 0.13003912948418 
1295	 0.130114361906064 
1296	 0.130202222456764 
1297	 0.130085632078333 
1298	 0.130000236451622 
1299	 0.130005831339775 
1300	 0.129936804197826 
1301	 0.129998878471733 
1302	 0.13012900140215 
1303	 0.130192794811521 
1304	 0.130263424747031 
1305	 0.130365384103094 
1306	 0.130480828095051 
1307	 0.130446183044934 
1308	 0.130587504441939 
1309	 0.130625833620573 
1310	 0.130597984712059 
1311	 0.130643475534338 
1312	 0.130559779219137 
1313	 0.130585655737506 
1314	 0.130729714486721 
1315	 0.130728143858735 
1316	 0.130752232754403 
1317	 0.130893659066793 
1318	 0.130920556075635 
1319	 0.13085891660796 
1320	 0.130828934992705 
1321	 0.130692464696887 
1322	 0.13058909065834 
1323	 0.130734449587811 
1324	 0.130864957561355 
1325	 0.130981140116302 
1326	 0.131060555142919 
1327	 0.130852980369954 
1328	 0.130837512267735 
1329	 0.131092032728553 
1330	 0.131073268414418 
1331	 0.130903304590018 
1332	 0.130812323163914 
1333	 0.130817842230157 
1334	 0.130592932533558 
1335	 0.130570750329562 
1336	 0.130889716421814 
1337	 0.131036840006353 
1338	 0.130813027517738 
1339	 0.130534630230201 
1340	 0.130481162602201 
1341	 0.130303497139264 
1342	 0.130162025424443 
1343	 0.130397426639003 
1344	 0.130369919137286 
1345	 0.130351836213939 
1346	 0.130819617786873 
1347	 0.130947213269786 
1348	 0.130455432599532 
1349	 0.130134060173514 
1350	 0.129874436139816 
1351	 0.129351177319665 
1352	 0.129932379258361 
1353	 0.130472660276363 
1354	 0.129937042112653 
1355	 0.130185382768126 
1356	 0.129326054711139 
1357	 0.127977629276436 
1358	 0.12863395067288 
1359	 0.127994919498717 
1360	 0.125552574658469 
1361	 0.12301129348839 
1362	 0.122687740052649 
1363	 0.118150359291635 
1364	 0.125534982203204 
1365	 0.158567911363572 
1366	 0.183678774704041 
1367	 0.177481697782601 
1368	 0.151514574365006 
1369	 0.120283930461803 
1370	 0.119830299776174 
1371	 0.189688002236667 
1372	 0.205387767719595 
1373	 0.140344446953027 
1374	 0.130642910249958 
1375	 0.136541315617182 
1376	 0.147726436069019 
1377	 0.154871798062293 
1378	 0.135942041330648 
1379	 0.108759425833309 
1380	 0.126214709765397 
1381	 0.196453943606671 
1382	 0.20882540536699 
1383	 0.141497359520877 
1384	 7.94848114281531E-02 
1385	 9.34949741450369E-02 
1386	 0.13174655354675 
1387	 0.149720418682485 
1388	 0.198691099876403 
1389	 0.210389224532863 
1390	 0.185644659238011 
1391	 0.129894881650293 
1392	 0.118745615124778 
1393	 0.126373283876185 
1394	 0.142350737510368 
1395	 0.166253227351587 
1396	 0.169165018904312 
1397	 0.157354959654984 
1398	 0.147844646732713 
1399	 0.137166626873241 
1400	 0.136640871947302 
1401	 0.143185979142401 
1402	 0.132451434881559 
1403	 0.117433541295388 
1404	 0.126838660787113 
1405	 0.140632375660115 
1406	 0.138500223566241 
1407	 0.141165148692334 
1408	 0.140656540161293 
1409	 0.125629688943313 
1410	 0.119280490843821 
1411	 0.121449690464798 
1412	 0.124968215785746 
1413	 0.129496830714546 
1414	 0.130021573513075 
1415	 0.129914690516089 
1416	 0.128389590684885 
1417	 0.127700019807089 
1418	 0.129745376902109 
1419	 0.129039063878361 
1420	 0.12768779611984 
1421	 0.127703025496984 
1422	 0.127682114710533 
1423	 0.12782984255807 
1424	 0.1276025091531 
1425	 0.12775601896659 
1426	 0.127674704075982 
1427	 0.127252361228843 
1428	 0.126261996312881 
1429	 0.127236681563278 
1430	 0.12806837834981 
1431	 0.127143630418826 
1432	 0.127376306579717 
1433	 0.127615734729197 
1434	 0.126662314826159 
1435	 0.126613823801955 
1436	 0.127283974176573 
1437	 0.127139438376547 
1438	 0.12712042977418 
1439	 0.127884579772404 
1440	 0.128460037274791 
1441	 0.128136990448238 
1442	 0.127354834083799 
1443	 0.127179348263123 
1444	 0.127202558166837 
1445	 0.127246306858633 
1446	 0.127761726678224 
1447	 0.127921122527778 
1448	 0.127387765052552 
1449	 0.127140501137363 
1450	 0.126816144156981 
1451	 0.126193643036225 
1452	 0.12651492699665 
1453	 0.127177612526973 
1454	 0.127436081540478 
1455	 0.127422320847959 
1456	 0.127059414009266 
1457	 0.126953029787569 
1458	 0.126995183886012 
1459	 0.126916332490791 
1460	 0.127123891452251 
1461	 0.127084700230737 
1462	 0.12696774434694 
1463	 0.127330406892829 
1464	 0.127336429201792 
1465	 0.127162513326892 
1466	 0.12719462335747 
1467	 0.126923153099634 
1468	 0.126709150374548 
1469	 0.126964876127776 
1470	 0.127147265115043 
1471	 0.127327634617806 
1472	 0.127308341680701 
1473	 0.127475943067002 
1474	 0.127463788604567 
1475	 0.126926402757189 
1476	 0.127064448666584 
1477	 0.127605038363636 
1478	 0.127606989513226 
1479	 0.12781272535767 
1480	 0.127904844919486 
1481	 0.127682269036433 
1482	 0.127741439360871 
1483	 0.127837575920271 
1484	 0.127776657875168 
1485	 0.12765469662048 
1486	 0.127695163814067 
1487	 0.127700605299586 
1488	 0.127604159038815 
1489	 0.127742968487517 
1490	 0.127792013744509 
1491	 0.127685472474968 
1492	 0.127812370374576 
1493	 0.127933669048483 
1494	 0.127773853419189 
1495	 0.127772142496628 
1496	 0.127854850812983 
1497	 0.127778622241125 
1498	 0.127763090166187 
1499	 0.127706964267293 
1500	 0.12762584568495 
1501	 0.127535214577598 
1502	 0.127630092878888 
1503	 0.127843100195697 
1504	 0.127926831963888 
1505	 0.127929688541721 
1506	 0.127761230084563 
1507	 0.127690721789914 
1508	 0.127652546155365 
1509	 0.127668677055699 
1510	 0.127942182612885 
1511	 0.127986931886525 
1512	 0.127849241990092 
1513	 0.127818682914122 
1514	 0.127837859688378 
1515	 0.127873898374346 
1516	 0.128000333124867 
1517	 0.128227728048823 
1518	 0.128222972615505 
1519	 0.128093185549686 
1520	 0.128102857742314 
1521	 0.128209784252569 
1522	 0.128343406613509 
1523	 0.128248898519958 
1524	 0.128090222969153 
1525	 0.127998222463715 
1526	 0.12788930760019 
1527	 0.128121759341922 
1528	 0.128424497414018 
1529	 0.128281876432513 
1530	 0.128134682412049 
1531	 0.12817828794305 
1532	 0.128226387151992 
1533	 0.128307388491234 
1534	 0.128700580889199 
1535	 0.128749337334281 
1536	 0.128519885200916 
1537	 0.12855314043571 
1538	 0.128616361337846 
1539	 0.12860808575119 
1540	 0.12869806999654 
1541	 0.12870270384205 
1542	 0.128609135218998 
1543	 0.1286735911988 
1544	 0.128831131336946 
1545	 0.128889696624186 
1546	 0.128872422682642 
1547	 0.128872072055008 
1548	 0.128816523911354 
1549	 0.128744174496351 
1550	 0.128786848464371 
1551	 0.128833209364421 
1552	 0.128859780093115 
1553	 0.128976944354254 
1554	 0.128941593143168 
1555	 0.128718048038033 
1556	 0.128745891278007 
1557	 0.128920691648856 
1558	 0.128851696000995 
1559	 0.128905989899256 
1560	 0.129052915029905 
1561	 0.12888075554853 
1562	 0.128930363042851 
1563	 0.129128122444288 
1564	 0.12910048460354 
1565	 0.129166990480365 
1566	 0.129134287750216 
1567	 0.129028266817283 
1568	 0.129205653162794 
1569	 0.129386099488917 
1570	 0.129514069609304 
1571	 0.129666057856636 
1572	 0.129486084566208 
1573	 0.129309258557191 
1574	 0.129425385601524 
1575	 0.129430669274347 
1576	 0.129461784224624 
1577	 0.129555274957383 
1578	 0.129402171026877 
1579	 0.129395728753765 
1580	 0.129551499804178 
1581	 0.129384211041294 
1582	 0.129344825209943 
1583	 0.129548324476887 
1584	 0.129663023379489 
1585	 0.129846859205547 
1586	 0.129832520224454 
1587	 0.129584107556836 
1588	 0.129491011553193 
1589	 0.129494196123547 
1590	 0.129598785307708 
1591	 0.129635801291073 
1592	 0.129477613888909 
1593	 0.12951051625797 
1594	 0.129604423451244 
1595	 0.129683036640963 
1596	 0.129944804480385 
1597	 0.130087914496115 
1598	 0.130049079672015 
1599	 0.130030894809961 
1600	 0.129956021978337 
1601	 0.129713044287922 
1602	 0.129840576048055 
1603	 0.130306162206011 
1604	 0.130407151384711 
1605	 0.130473494660057 
1606	 0.130422079012564 
1607	 0.130078283298734 
1608	 0.129988495465164 
1609	 0.130015037853188 
1610	 0.130090280719545 
1611	 0.130257290142216 
1612	 0.130236601125913 
1613	 0.130266881795191 
1614	 0.130364041464771 
1615	 0.130265887693724 
1616	 0.130279383218003 
1617	 0.13029758501653 
1618	 0.130217092532818 
1619	 0.130414487892528 
1620	 0.130467571340572 
1621	 0.130371050393444 
1622	 0.130461887124003 
1623	 0.130247389747951 
1624	 0.130123603819255 
1625	 0.130354729370096 
1626	 0.130329232749859 
1627	 0.130359433540236 
1628	 0.130467038136265 
1629	 0.130261087104421 
1630	 0.130139754130355 
1631	 0.13018083699521 
1632	 0.130328867053467 
1633	 0.130458207216891 
1634	 0.130498190095542 
1635	 0.130624814782461 
1636	 0.130500383129388 
1637	 0.130426775454703 
1638	 0.130544600573933 
1639	 0.130428627773445 
1640	 0.130448646976612 
1641	 0.130603305485624 
1642	 0.130603495110067 
1643	 0.130626047692246 
1644	 0.130694206992475 
1645	 0.130608868722667 
1646	 0.130499792923565 
1647	 0.130633616892115 
1648	 0.130566981056116 
1649	 0.130381474949268 
1650	 0.130684965148304 
1651	 0.13072727747287 
1652	 0.130448981990241 
1653	 0.130641894376922 
1654	 0.130590793484901 
1655	 0.130432756868134 
1656	 0.130852029311908 
1657	 0.13091331341739 
1658	 0.130582442629717 
1659	 0.13063342324847 
1660	 0.130669003797403 
1661	 0.130576308247684 
1662	 0.13072580890086 
1663	 0.130693972227555 
1664	 0.130611389580866 
1665	 0.130841549252471 
1666	 0.130936007686237 
1667	 0.130927062623314 
1668	 0.130844347376568 
1669	 0.130611588911233 
1670	 0.130514081997384 
1671	 0.13055824939212 
1672	 0.130480200596595 
1673	 0.130304474448957 
1674	 0.130245333314093 
1675	 0.130257544883032 
1676	 0.130351771313405 
1677	 0.130493001408769 
1678	 0.130531387515799 
1679	 0.130492272328974 
1680	 0.130476432140056 
1681	 0.130501900886781 
1682	 0.13050225769139 
1683	 0.130498698467431 
1684	 0.130402185394911 
1685	 0.130351925434862 
1686	 0.130503630346358 
1687	 0.130653517346163 
1688	 0.13079914037134 
1689	 0.130863018270997 
1690	 0.130653526860467 
1691	 0.130515711476736 
1692	 0.130599884388692 
1693	 0.130523001238188 
1694	 0.130368350737921 
1695	 0.13043793180668 
1696	 0.130586284891547 
1697	 0.130507909074225 
1698	 0.130438988092785 
1699	 0.130520081714627 
1700	 0.13045616581146 
1701	 0.13053545534663 
1702	 0.130676131670694 
1703	 0.130764360882126 
1704	 0.130732209350605 
1705	 0.130709226312965 
1706	 0.13079394394639 
1707	 0.13082826223043 
1708	 0.130789099527583 
1709	 0.130759980246371 
1710	 0.130811406759579 
1711	 0.130673201923712 
1712	 0.130222152986265 
1713	 0.130042425417873 
1714	 0.129833072592881 
1715	 0.129934833483733 
1716	 0.130565658250238 
1717	 0.130799393249752 
1718	 0.130974045966609 
1719	 0.131062309427049 
1720	 0.130883874322345 
1721	 0.130778130038471 
1722	 0.130625731600478 
1723	 0.13068933117208 
1724	 0.131038214825148 
1725	 0.130948704883855 
1726	 0.130706570172489 
1727	 0.130650146818808 
1728	 0.130191984391282 
1729	 0.130081972199654 
1730	 0.13049483792337 
1731	 0.130586411746471 
1732	 0.130622915613441 
1733	 0.130704144402849 
1734	 0.130596168458368 
1735	 0.130758243179939 
1736	 0.13116963321448 
1737	 0.131179599871893 
1738	 0.131245998479347 
1739	 0.131230938702161 
1740	 0.13076086704338 
1741	 0.130668411921431 
1742	 0.130878073627274 
1743	 0.130821278609671 
1744	 0.130661587736646 
1745	 0.130675201458377 
1746	 0.130703117463673 
1747	 0.130658265863902 
1748	 0.13072394874043 
1749	 0.130735423953635 
1750	 0.130540929598423 
1751	 0.131047170324599 
1752	 0.131117096557088 
1753	 0.130828502739327 
1754	 0.130689706649667 
1755	 0.130631232223093 
1756	 0.13084930238694 
1757	 0.131270229447272 
1758	 0.131640349250883 
1759	 0.131658637557135 
1760	 0.131538563367845 
1761	 0.131482100230809 
1762	 0.131543179910696 
1763	 0.13148273383983 
1764	 0.131111748572061 
1765	 0.131078752906671 
1766	 0.130964427219416 
1767	 0.130620700778095 
1768	 0.130844463894445 
1769	 0.130748017378565 
1770	 0.130800627885565 
1771	 0.131397734687915 
1772	 0.131386905339494 
1773	 0.130873544957946 
1774	 0.130741626010384 
1775	 0.130283567803009 
1776	 0.130304399183743 
1777	 0.131247379751444 
1778	 0.131647494522883 
1779	 0.131961913966904 
1780	 0.131965547176302 
1781	 0.131277050194624 
1782	 0.13124971570624 
1783	 0.13168744204077 
1784	 0.13157709371847 
1785	 0.131578394566585 
1786	 0.131377066190539 
1787	 0.130106412452513 
1788	 0.129998223994272 
1789	 0.130923069750051 
1790	 0.131075691928686 
1791	 0.131522027378361 
1792	 0.131358934531339 
1793	 0.130063898340627 
1794	 0.129816145342206 
1795	 0.130029699640412 
1796	 0.130098629507436 
1797	 0.130919388845392 
1798	 0.130866382289049 
1799	 0.129831609069123 
1800	 0.129518016770266 
1801	 0.128703565218418 
1802	 0.129265260740845 
1803	 0.131907221965513 
1804	 0.13274055647501 
1805	 0.133692292257693 
1806	 0.134353111678201 
1807	 0.132721649956339 
1808	 0.133263810733218 
1809	 0.136325903120144 
1810	 0.136100043608666 
1811	 0.136719318233784 
1812	 0.139304856485036 
1813	 0.135955509629707 
1814	 0.138145315093284 
1815	 0.136981780292724 
1816	 0.129243889964152 
1817	 0.131196936983096 
1818	 0.131655541453987 
1819	 0.131213205556179 
1820	 0.132779603822009 
1821	 0.132719653698193 
1822	 0.125509526964671 
1823	 0.123868722157167 
1824	 0.130700877676486 
1825	 0.134304526011248 
1826	 0.141876921106528 
1827	 0.152856994713793 
1828	 0.167943686140395 
1829	 0.174824728817266 
1830	 0.167284610933735 
1831	 3.01958500440247E-02 
1832	 0.171281449377734 
1833	 0.234569257617701 
1834	 0.193959345723199 
1835	 0.154606718073913 
1836	-9.55614016781648E-03 
1837	-8.47565699434218E-02 
1838	-9.61747737668374E-02 
1839	-9.96938805700391E-03 
1840	 0.211273979165857 
1841	-0.376902561839606 
1842	-0.879362356514587 
1843	-1.19458800821848 
1844	-1.50889899873264 
1845	-10.6706440949478 
1846	 48.6057405851373 
1847	-1.81225950730407 
1848	-4.93826636104013 
1849	-2.27991967831475 
1850	-0.478547271819915 
1851	-0.614371449986443 
1852	-2.72043066308616 
1853	-2.8931826597459 
1854	-9.86889511515351 
1855	-7.91058309039123 
1856	-1.13908053709212 
1857	-0.50153659672069 
1858	-1.41573436283816 
1859	-4.42416506149132 
1860	-3.09675726477675 
1861	-11.9134930298434 
1862	-5.04000466382407 
1863	-0.54822476166081 
1864	-0.460926317816181 
1865	-0.909558978898359 
1866	-1.00998979103091 
1867	-1.03022342996326 
1868	-0.756291142200248 
1869	-0.314430974122919 
1870	 9.60874223946558E-02 
1871	 0.213928356086867 
1872	 0.460182651090266 
1873	 0.24931289469205 
1874	-0.248935748529348 
1875	-0.348394238238366 
1876	-0.316711247357897 
1877	-0.277885919042608 
1878	-0.347993396009617 
1879	-0.121088047099013 
1880	-0.183111565400182 
1881	-0.457531480086565 
1882	-0.345906408134248 
1883	 6.08859435453496E-02 
1884	 2.26725160024351E-02 
1885	-2.48138823937366E-02 
1886	-7.96660159950642E-02 
1887	-0.179066568830098 
1888	-0.213045995596027 
1889	-0.153544933675905 
1890	 0.053675768813702 
1891	 0.113785727865458 
1892	-3.51315060091847E-02 
1893	-6.01210440059492E-02 
1894	 0.049148729894017 
1895	 6.29609445561028E-02 
1896	 5.17000753186067E-03 
1897	 2.83649817222409E-02 
1898	 6.29181112783889E-02 
1899	-2.57431970952976E-02 
1900	-0.102233532619471 
1901	-4.62570592761433E-02 
1902	-1.59705642477829E-02 
1903	-8.72663152171329E-02 
1904	-1.39360984894872E-02 
1905	 0.218391809359289 
1906	 0.214709847354932 
1907	 0.321211377528354 
1908	 0.357409369889118 
1909	 0.134033248590734 
1910	-0.107887419017945 
1911	-0.239304615715692 
1912	-0.33347514219234 
1913	-0.289886029922229 
1914	-6.12566983828369E-02 
1915	 3.67876309873631E-02 
1916	 0.133827835494157 
1917	 0.150843563817828 
1918	 0.141880144093484 
1919	 8.30488390048751E-02 
1920	 3.22887798099039E-02 
1921	 6.81492510196428E-02 
1922	 9.98398777223608E-02 
1923	 8.33563924416291E-02 
1924	 8.65717336271225E-02 
1925	 9.46026512303143E-02 
1926	 9.29571761220695E-02 
1927	 7.39833342502236E-02 
1928	 9.15462574027912E-02 
1929	 0.110847318276283 
1930	 8.61500518290618E-02 
1931	 7.65112081049052E-02 
1932	 9.56778442981104E-02 
1933	 9.95768353050933E-02 
1934	 9.99087797159146E-02 
1935	 0.105184654043734 
1936	 0.11428716815723 
1937	 0.112935174009479 
1938	 0.119877841021546 
1939	 0.130910624830956 
1940	 0.129905202791513 
1941	 0.123843091417291 
1942	 0.114474425914307 
1943	 0.106000720846893 
1944	 0.102738614962325 
1945	 0.103422131286199 
1946	 0.105834044249529 
1947	 0.110481399419253 
1948	 0.115441288605187 
1949	 0.117703846243237 
1950	 0.117526789473516 
1951	 0.120234510602748 
1952	 0.123518822327395 
1953	 0.122368856102729 
1954	 0.122433035043607 
1955	 0.124846212993393 
1956	 0.123951605644115 
1957	 0.122291752490685 
1958	 0.121861520742783 
1959	 0.122996423674846 
1960	 0.122565308486704 
1961	 0.120925524516512 
1962	 0.121286497613815 
1963	 0.122570487036752 
1964	 0.121857649614725 
1965	 0.122113340807752 
1966	 0.124103065729033 
1967	 0.125291793751176 
1968	 0.125461445102472 
1969	 0.125806801977346 
1970	 0.126156602736249 
1971	 0.125176870912469 
1972	 0.124170381116291 
1973	 0.124715878431031 
1974	 0.124453949321689 
1975	 0.12450722267488 
1976	 0.125179033894014 
1977	 0.125369611318036 
1978	 0.125446207287346 
1979	 0.125391065735593 
1980	 0.125747465820057 
1981	 0.125700726234377 
1982	 0.125479515646201 
1983	 0.124935400476741 
1984	 0.124923364780038 
1985	 0.124879869484208 
1986	 0.124738583095939 
1987	 0.124689822854894 
1988	 0.124472712436678 
1989	 0.124342185390844 
1990	 0.125250649158232 
1991	 0.125899854093875 
1992	 0.125783896420663 
1993	 0.126021676904986 
1994	 0.125679028176337 
1995	 0.125583378767083 
1996	 0.125670593827289 
1997	 0.126824295570636 
1998	 0.127036386592468 
1999	 0.126086887348907 
2000	 0.125302693363038 
2001	 0.125762418902389 
2002	 0.127016028429765 
2003	 0.127675409679854 
2004	 0.128859617071164 
2005	 0.130839058411654 
2006	 0.131424637871999 
2007	 0.130116207014653 
2008	 0.130491180418333 
2009	 0.131485681971831 
2010	 0.130681723188805 
2011	 0.13090629909209 
2012	 0.131442655721915 
2013	 0.130835410835959 
2014	 0.130645829841279 
2015	 0.129873437814458 
2016	 0.129122618111852 
2017	 0.128825978800797 
2018	 0.128988413478616 
2019	 0.129203621312219 
2020	 0.130246736199126 
2021	 0.130099167577746 
2022	 0.129809020613214 
2023	 0.128612668632047 
2024	 0.1283517211651 
2025	 0.12900127834177 
2026	 0.128590669442072 
2027	 0.12861924812451 
2028	 0.128924265887812 
2029	 0.127855746631921 
2030	 0.128064680327879 
2031	 0.129100774817338 
2032	 0.12913979932627 
2033	 0.12831691691357 
2034	 0.128231615279109 
2035	 0.128342337886204 
2036	 0.12794941771171 
2037	 0.128072879343382 
2038	 0.12857913255126 
2039	 0.128336856137919 
2040	 0.127652377835663 
2041	 0.127582507862339 
2042	 0.127484854775256 
2043	 0.127819051572421 
2044	 0.129025100725348 
2045	 0.129301742501635 
2046	 0.1287190007945 
2047	 0.128821668446776 
2048	 0.12898104347336 
2049	 0.128866781560118 
2050	 0.12873527303737 
2051	 0.129439619628559 
2052	 0.129531262047215 
2053	 0.129033954976798 
2054	 0.129142990560912 
2055	 0.129694436391524 
2056	 0.129758496783725 
2057	 0.129742041727055 
2058	 0.13029057590346 
2059	 0.130591832691419 
2060	 0.130619077954138 
2061	 0.130484206718818 
2062	 0.130436949861185 
2063	 0.13006605379112 
2064	 0.129748499832246 
2065	 0.129606455050619 
2066	 0.12904203505846 
2067	 0.128066102271991 
2068	 0.128272733007195 
2069	 0.128723063275081 
2070	 0.128052772808391 
2071	 0.12767028498944 
2072	 0.127825174596651 
2073	 0.127817587335062 
2074	 0.128535950862622 
2075	 0.128902491737799 
2076	 0.129908205632562 
2077	 0.129868581327913 
2078	 0.128703312281643 
2079	 0.128678448067569 
2080	 0.12923711562934 
2081	 0.129100835883502 
2082	 0.128770448739062 
2083	 0.128306980217877 
2084	 0.128269092324619 
2085	 0.12865767918617 
2086	 0.128729907201312 
2087	 0.129072016671617 
2088	 0.129238925916431 
2089	 0.12874616259784 
2090	 0.128636189249504 
2091	 0.129159128033926 
2092	 0.129411599468355 
2093	 0.12926922995554 
2094	 0.129381082243678 
2095	 0.130173682819375 
2096	 0.130263168848394 
2097	 0.129936664073667 
2098	 0.129506738292466 
2099	 0.129315212230807 
2100	 0.128586730839921 
2101	 0.127792060621724 
2102	 0.128060866149933 
2103	 0.128783473195419 
2104	 0.128639783742573 
2105	 0.128459377907169 
2106	 0.128766984930222 
2107	 0.129091593328164 
2108	 0.129413611604371 
2109	 0.129393591451467 
2110	 0.129454841436848 
2111	 0.129281592279848 
2112	 0.128131715006566 
2113	 0.127960624452686 
2114	 0.128492340622946 
2115	 0.129041814157515 
2116	 0.129281989952893 
2117	 0.129544805147886 
2118	 0.129442923294734 
2119	 0.129557637010854 
2120	 0.129994374312373 
2121	 0.129673320770031 
2122	 0.129387899203137 
2123	 0.129570395052185 
2124	 0.129458865383176 
2125	 0.12911823778407 
2126	 0.129115707980585 
2127	 0.129165238046857 
2128	 0.129291995255029 
2129	 0.129730956066026 
2130	 0.129800885497455 
2131	 0.129735025161888 
2132	 0.129635443277557 
2133	 0.128825966218423 
2134	 0.129625677806223 
2135	 0.130033204747107 
2136	 0.129313552118948 
2137	 0.129465438934142 
2138	 0.12876432713841 
2139	 0.127783896158297 
2140	 0.128210223136253 
2141	 0.128426526769931 
2142	 0.1283481256039 
2143	 0.128488015451619 
2144	 0.128887365511143 
2145	 0.129271217213661 
2146	 0.129895595318938 
2147	 0.129745529080708 
2148	 0.129137447037934 
2149	 0.128889828544281 
2150	 0.12811931102605 
2151	 0.128065420171809 
2152	 0.128936659120134 
2153	 0.129209863383092 
2154	 0.129018304689443 
2155	 0.128632856378857 
2156	 0.128644348736982 
2157	 0.128369220908582 
2158	 0.128110528854391 
2159	 0.128395636845473 
2160	 0.127935361652463 
2161	 0.128294750279666 
2162	 0.12907356559523 
2163	 0.128073730962387 
2164	 0.127979106636163 
2165	 0.128379701297545 
2166	 0.128085711289365 
2167	 0.12721268079392 
2168	 0.127123392928607 
2169	 0.127376139884875 
2170	 0.126776804310294 
2171	 0.125956663528478 
2172	 0.125839936634941 
2173	 0.125742318132696 
2174	 0.124615280071121 
2175	 0.124889804605776 
2176	 0.126434274346717 
2177	 0.126814785749502 
2178	 0.125814017780756 
2179	 0.125509907869278 
2180	 0.125878149012063 
2181	 0.125786742539176 
2182	 0.125861776500684 
2183	 0.126091384778906 
2184	 0.125245403177448 
2185	 0.124921718295622 
2186	 0.125385198054441 
2187	 0.125205401566205 
2188	 0.124288397816839 
2189	 0.123825655966245 
2190	 0.123263658343482 
2191	 0.12308716249762 
2192	 0.123882326967806 
2193	 0.123498538047955 
2194	 0.122028030382267 
2195	 0.121676499513153 
2196	 0.121356676205467 
2197	 0.120603220966517 
2198	 0.12194050505614 
2199	 0.123108268809822 
2200	 0.122680607735714 
2201	 0.123396446736591 
2202	 0.123846039045829 
2203	 0.123479015916265 
2204	 0.122903157551163 
2205	 0.122843222655989 
2206	 0.12314952777136 
2207	 0.122721033399613 
2208	 0.122133879218822 
2209	 0.122100306202292 
2210	 0.122319900021586 
2211	 0.122848545484711 
2212	 0.12275604648148 
2213	 0.12261675656249 
2214	 0.122982278291495 
2215	 0.123242353952913 
2216	 0.123101453597153 
2217	 0.123454201338244 
2218	 0.123345071189994 
2219	 0.122043398445045 
2220	 0.121550209890028 
2221	 0.121379988189082 
2222	 0.12199717678323 
2223	 0.121925967861264 
2224	 0.122218747878248 
2225	 0.123190856008441 
2226	 0.123780029314782 
2227	 0.124701158601625 
2228	 0.12559817493953 
2229	 0.125419643120682 
2230	 0.12461727376329 
2231	 0.125418359811835 
2232	 0.12600276968242 
2233	 0.125612529349714 
2234	 0.125839028448571 
2235	 0.125218585003493 
2236	 0.124506390157 
2237	 0.124216047908812 
2238	 0.125193741789811 
2239	 0.125060962954949 
2240	 0.123581773983946 
2241	 0.12336759730138 
2242	 0.124206507405188 
2243	 0.12410803322019 
2244	 0.123882671549226 
2245	 0.124014564758542 
2246	 0.123440630588753 
2247	 0.123166712124383 
2248	 0.124120476379069 
2249	 0.124420588267684 
2250	 0.124040286767315 
2251	 0.123802097423192 
2252	 0.124636988702394 
2253	 0.125833025540709 
2254	 0.127042507085972 
2255	 0.127114394821791 
2256	 0.126212088569104 
2257	 0.125067369426642 
2258	 0.125391335784437 
2259	 0.126620592015706 
2260	 0.127547455877915 
2261	 0.127516318453212 
2262	 0.126073710466912 
2263	 0.124708025355328 
2264	 0.123721007006833 
2265	 0.122881275855455 
2266	 0.122376767187119 
2267	 0.123073601056365 
2268	 0.124417982801261 
2269	 0.12447096218671 
2270	 0.123748480278287 
2271	 0.123022783621553 
2272	 0.1230188772636 
2273	 0.123020324273 
2274	 0.123345339266825 
2275	 0.124877013163687 
2276	 0.125386563625528 
2277	 0.124793505442811 
2278	 0.125302461160318 
2279	 0.126810965627447 
2280	 0.127061741234145 
2281	 0.127293419588669 
2282	 0.126909233980542 
2283	 0.125306293025635 
2284	 0.124584246364193 
2285	 0.123587070786805 
2286	 0.12259272078228 
2287	 0.121590404880037 
2288	 0.121383009063211 
2289	 0.122283769619873 
2290	 0.123261785705445 
2291	 0.123709862751589 
2292	 0.124088568149718 
2293	 0.122857547885721 
2294	 0.1232411419374 
2295	 0.123949105060513 
2296	 0.122148760787569 
2297	 0.12194401027812 
2298	 0.122000974833832 
2299	 0.122155711120176 
2300	 0.124744499036544 
2301	 0.124678639755372 
2302	 0.121935557078453 
2303	 0.119920233151983 
2304	 0.119377573649986 
2305	 0.121761060914813 
2306	 0.12399992089274 
2307	 0.12470033626759 
2308	 0.123392469050022 
2309	 0.120024851944179 
2310	 0.119471063383553 
2311	 0.121182022141946 
2312	 0.122836660482157 
2313	 0.123749462552029 
2314	 0.122012419562908 
2315	 0.121084688327462 
2316	 0.122546585621075 
2317	 0.122437500518827 
2318	 0.121888610534436 
2319	 0.121795638617075 
2320	 0.120250888933656 
2321	 0.120045725945738 
2322	 0.121560110179545 
2323	 0.121339985542249 
2324	 0.119937753008487 
2325	 0.120696862406049 
2326	 0.123062729199283 
2327	 0.123122430168329 
2328	 0.123486999660518 
2329	 0.123898872865325 
2330	 0.121454046448582 
2331	 0.120083207415535 
2332	 0.120409785503753 
2333	 0.120399020220283 
2334	 0.119883716924564 
2335	 0.119376589286504 
2336	 0.11968454386125 
2337	 0.119160324672551 
2338	 0.116505851950158 
2339	 0.116367423987883 
2340	 0.118883024305626 
2341	 0.119296811999046 
2342	 0.11689655606371 
2343	 0.1178996544448 
2344	 0.117942191894245 
2345	 0.116784359969537 
2346	 0.118936198347236 
2347	 0.118283443552704 
2348	 0.115455973195002 
2349	 0.116667393628564 
2350	 0.120254700566145 
2351	 0.120559045710887 
2352	 0.120576622223391 
2353	 0.117563987610297 
2354	 0.111376992122663 
2355	 0.11361436579656 
2356	 0.11672600636525 
2357	 0.116550154906035 
2358	 0.12084475333348 
2359	 0.120414605816773 
2360	 0.117005671114345 
2361	 0.118405816667435 
2362	 0.116249860757945 
2363	 0.11190521349241 
2364	 0.10914060977886 
2365	 0.109378668223306 
2366	 0.113032378137862 
2367	 0.113865603798161 
2368	 0.111193126704892 
2369	 0.105706230283667 
2370	 0.101532552741699 
2371	 0.105880273739293 
2372	 0.113776185814592 
2373	 0.117377569287053 
2374	 0.120979428365203 
2375	 0.117501446762793 
2376	 0.10740385881626 
2377	 0.110749934717452 
2378	 0.116889926426904 
2379	 0.115728393412368 
2380	 0.119011958812131 
2381	 0.123253981622999 
2382	 0.120817082650778 
2383	 0.113796799822821 
2384	 0.10964563103724 
2385	 0.109013577988178 
2386	 0.11075748327055 
2387	 0.115866976941094 
2388	 0.118138076847228 
2389	 0.112778803814278 
2390	 0.10296477614599 
2391	 0.100054177954539 
2392	 0.107428884287337 
2393	 0.11401843106793 
2394	 0.117051276213666 
2395	 0.118132225091767 
2396	 0.114462903172343 
2397	 0.109771893652934 
2398	 0.112131973659206 
2399	 0.121062089007261 
2400	 0.124377738271027 
2401	 0.115978262174396 
2402	 0.103815954707987 
2403	 0.100032948501663 
2404	 0.103210025538552 
2405	 0.106307110558979 
2406	 0.111553151702804 
2407	 0.109322728040151 
2408	 0.101385966959911 
2409	 0.103982301350664 
2410	 0.112549356882667 
2411	 0.11727514319246 
2412	 0.115752581034448 
2413	 0.111216051134357 
2414	 0.10696793825055 
2415	 0.104847680701704 
2416	 0.10127753862241 
2417	 9.82107254638637E-02 
2418	 0.100518452169826 
2419	 0.105351515591337 
2420	 0.114420309399915 
2421	 0.115524403472027 
2422	 0.111012309288985 
2423	 0.104019853693757 
2424	 8.90655873062684E-02 
2425	 0.09909592506747 
2426	 0.122986079016006 
2427	 0.12108285281197 
2428	 0.105443750275987 
2429	 8.94830701920734E-02 
2430	 7.41004076835719E-02 
2431	 0.073337710811078 
2432	 9.15439247611515E-02 
2433	 0.101702749052669 
2434	 0.100516447594134 
2435	 9.82447257020482E-02 
2436	 9.29100327418265E-02 
2437	 0.106253896045584 
2438	 0.114774957355128 
2439	 0.106867426052431 
2440	 0.111739682870551 
2441	 0.105435569967617 
2442	 8.68666342484021E-02 
2443	 8.17421747288913E-02 
2444	 8.94600080813464E-02 
2445	 8.15750350106677E-02 
2446	 6.51596772109791E-02 
2447	 7.41591937792538E-02 
2448	 0.067063481771678 
2449	 5.56161065579037E-02 
2450	 9.12574696951652E-02 
2451	 0.112722681581084 
2452	 0.11154850021288 
2453	 0.119289067793508 
2454	 9.75219273637618E-02 
2455	 7.21784271406889E-02 
2456	 7.76387616179167E-02 
2457	 9.54529164588273E-02 
2458	 9.77055368431497E-02 
2459	 9.73711502430322E-02 
2460	 9.66324175938193E-02 
2461	 9.11501198608251E-02 
2462	 9.44766516984188E-02 
2463	 8.80857100482728E-02 
2464	 7.84705701268805E-02 
2465	 6.39102041162558E-02 
2466	 5.77487848860675E-02 
2467	 7.19639071582769E-02 
2468	 5.70004714808844E-02 
2469	 5.61853137196912E-02 
2470	 5.74918650001726E-02 
2471	 6.41400362480694E-02 
2472	 0.112826426025472 
2473	 0.128747255525942 
2474	 0.110531798122919 
2475	 0.10292120698475 
2476	 6.87584208235103E-02 
2477	 0.045172004742874 
2478	 5.28464030431605E-02 
2479	 1.18670608081693E-02 
2480	-6.90101515363578E-02 
2481	-7.54462134971757E-02 
2482	-0.049922371853223 
2483	 3.16778114900525E-02 
2484	 0.158377318989252 
2485	 0.112324983483392 
2486	 9.27253786095538E-03 
2487	-0.022019267464173 
2488	-2.60329720950415E-02 
2489	 4.22140327126323E-02 
2490	 0.116475906043443 
2491	 5.08849322799429E-02 
2492	-0.156954512467145 
2493	-3.06620771234444E-02 
2494	 6.19094002626989E-02 
2495	 0.018791513568928 
2496	 0.214072851579276 
2497	 6.95696535662828E-02 
2498	-0.246739484074728 
2499	-0.289727724565362 
2500	-0.466283474064969 
