Wavelength	09/27/123 at 12:19:12
350	 9.72102304536882E-02 
351	 9.66770061642038E-02 
352	 9.64449956756153E-02 
353	 9.60493687268784E-02 
354	 9.50522266261059E-02 
355	 9.44021829516723E-02 
356	 9.35305667217469E-02 
357	 9.21456180896495E-02 
358	 9.08721410581567E-02 
359	 0.089341640129567 
360	 8.75810675653926E-02 
361	 8.57965526814228E-02 
362	 8.41156385259598E-02 
363	 8.25174841839242E-02 
364	 8.09422645136959E-02 
365	 7.92626733862657E-02 
366	 7.77960616171614E-02 
367	 7.64357713885086E-02 
368	 0.074903069604543 
369	 7.34871351162148E-02 
370	 7.20076304752764E-02 
371	 7.02632438260132E-02 
372	 6.80834662852779E-02 
373	 0.065939677956634 
374	 6.39427529870869E-02 
375	 0.061997401375042 
376	 6.01224875220171E-02 
377	 5.83917150682834E-02 
378	 5.68688840745832E-02 
379	 0.055591270365969 
380	 5.43458214590277E-02 
381	 5.30283854882284E-02 
382	 0.051573100973494 
383	 4.97184204640181E-02 
384	 4.79176907931869E-02 
385	 4.63852129985095E-02 
386	 4.45511573375688E-02 
387	 4.30153898330227E-02 
388	 4.18436740854816E-02 
389	 0.040834198761566 
390	 0.039890739661739 
391	 3.88389248385268E-02 
392	 3.75920396448074E-02 
393	 3.61569387632858E-02 
394	 3.48841043155343E-02 
395	 3.36807446870195E-02 
396	 3.23201340003842E-02 
397	 3.09098802190022E-02 
398	 2.99728060996145E-02 
399	 2.95940202598117E-02 
400	 2.91611587673397E-02 
401	 2.86648898773615E-02 
402	 2.81775753566011E-02 
403	 2.78034361716742E-02 
404	 0.027475941396271 
405	 2.70315794157047E-02 
406	 2.64366545818858E-02 
407	 2.58774356887978E-02 
408	 2.53929916101324E-02 
409	 2.49871718176512E-02 
410	 2.46247944888095E-02 
411	 0.024178681102924 
412	 2.37239661912726E-02 
413	 2.33148488808622E-02 
414	 2.29441164786086E-02 
415	 0.022590037173052 
416	 2.21195739916659E-02 
417	 2.14389918507089E-02 
418	 2.10050373309608E-02 
419	 2.06305402988057E-02 
420	 2.02222771747581E-02 
421	 1.99360671340091E-02 
422	 1.96935099282402E-02 
423	 1.94827430912506E-02 
424	 1.93174615379712E-02 
425	 1.92312593377055E-02 
426	 1.91764789246521E-02 
427	 1.91397736813946E-02 
428	 1.91738868683969E-02 
429	 1.92060184775298E-02 
430	 1.91722275707405E-02 
431	 1.90407490293973E-02 
432	 1.89113315301977E-02 
433	 1.88453846415834E-02 
434	 0.018840551308014 
435	 0.018820209334676 
436	 1.88318528786981E-02 
437	 0.018830698041031 
438	 1.87602870434313E-02 
439	 1.86627495578148E-02 
440	 1.84923261219932E-02 
441	 1.82428088159455E-02 
442	 1.79586690444606E-02 
443	 1.77744009953908E-02 
444	 1.76102270161011E-02 
445	 1.73675812908709E-02 
446	 1.72097474531137E-02 
447	 1.71143624097813E-02 
448	 1.70424452421778E-02 
449	 1.69453097940779E-02 
450	 0.016913562673545 
451	 1.69402634051486E-02 
452	 1.69984294030317E-02 
453	 1.71216244844629E-02 
454	 0.017233089571799 
455	 1.73417661510471E-02 
456	 1.75611760133422E-02 
457	 1.78231798349533E-02 
458	 1.81134817744827E-02 
459	 1.84404990927256E-02 
460	 0.01885039884011 
461	 1.92714324262251E-02 
462	 1.96897601214338E-02 
463	 2.01552477243651E-02 
464	 2.06821057295342E-02 
465	 2.12061832169924E-02 
466	 2.16566315761798E-02 
467	 2.20380384377016E-02 
468	 2.23404237411857E-02 
469	 2.25543908744178E-02 
470	 0.022673197788294 
471	 2.27385374508621E-02 
472	 2.27237768920833E-02 
473	 2.26104129694293E-02 
474	 2.24570011818241E-02 
475	 2.22540452524536E-02 
476	 2.20095712431562E-02 
477	 2.17482527634016E-02 
478	 2.15180401982159E-02 
479	 2.13734718942069E-02 
480	 2.13492224628547E-02 
481	 2.14255746407155E-02 
482	 0.021632642088134 
483	 2.19792236167096E-02 
484	 2.24521321820471E-02 
485	 2.29799277321644E-02 
486	 0.023660301992559 
487	 2.45370700055201E-02 
488	 2.54294123430432E-02 
489	 2.65211102479465E-02 
490	 2.78630302656246E-02 
491	 0.029440869876577 
492	 3.12961572682151E-02 
493	 0.033359647354489 
494	 3.56283110922711E-02 
495	 3.82914934628378E-02 
496	 4.12667453871382E-02 
497	 4.46161450480978E-02 
498	 0.048447396553835 
499	 5.27614262435177E-02 
500	 5.74319154798436E-02 
501	 6.24127330470046E-02 
502	 6.78583444221234E-02 
503	 0.073541911278106 
504	 7.95248918247045E-02 
505	 0.085985319495506 
506	 9.29039666823913E-02 
507	 0.100223278599875 
508	 0.107904372795952 
509	 0.115899710371519 
510	 0.124218310810221 
511	 0.132880433835867 
512	 0.141910289800833 
513	 0.151154335480606 
514	 0.16070516838377 
515	 0.170642287085053 
516	 0.180969149031145 
517	 0.191237920733124 
518	 0.201208397261468 
519	 0.21071115284949 
520	 0.219968494438249 
521	 0.229136267662823 
522	 0.238234667220529 
523	 0.247054955227028 
524	 0.255745928158994 
525	 0.264390747936624 
526	 0.272950614975968 
527	 0.281060029425713 
528	 0.288670392127923 
529	 0.295830042986606 
530	 0.302828112946794 
531	 0.309689723299397 
532	 0.316368905462468 
533	 0.322748550111231 
534	 0.328810827346294 
535	 0.334580394765127 
536	 0.340083977027618 
537	 0.345348996200273 
538	 0.350445772517363 
539	 0.355380339310647 
540	 0.360133584020258 
541	 0.364675061534384 
542	 0.368953052355965 
543	 0.372965563246658 
544	 0.376762406952773 
545	 0.380277727571255 
546	 0.383634918890767 
547	 0.386902703521198 
548	 0.390019663718286 
549	 0.392938550706961 
550	 0.395683102098283 
551	 0.398317542732882 
552	 0.400859408670873 
553	 0.403309640442307 
554	 0.405655226627983 
555	 0.407885999034024 
556	 0.409993412732904 
557	 0.411975958972081 
558	 0.413844509424832 
559	 0.415696100752026 
560	 0.417459547741557 
561	 0.41911855253595 
562	 0.420740693418017 
563	 0.4222746043415 
564	 0.423769932533239 
565	 0.425267381617622 
566	 0.426703401451104 
567	 0.428034785247508 
568	 0.429261777772072 
569	 0.430421074904832 
570	 0.431569420470798 
571	 0.432760321769094 
572	 0.433973464319873 
573	 0.435088796121353 
574	 0.43614177535267 
575	 0.437203244947676 
576	 0.438339417867426 
577	 0.439498221373809 
578	 0.440699696359414 
579	 0.441930474532348 
580	 0.443093405147019 
581	 0.444298184156886 
582	 0.4455084388778 
583	 0.446644412012118 
584	 0.44771735564613 
585	 0.448843435538872 
586	 0.450032056610236 
587	 0.451200079310008 
588	 0.451915632304338 
589	 0.452643127245745 
590	 0.453775050740476 
591	 0.454813247075579 
592	 0.455840921615358 
593	 0.456915002349477 
594	 0.45805516887529 
595	 0.459306266833392 
596	 0.460498687753164 
597	 0.461560529382534 
598	 0.462679317236019 
599	 0.46368647826773 
600	 0.464484701085229 
601	 0.465083885942425 
602	 0.46580093992459 
603	 0.466428937772698 
604	 0.466838183853917 
605	 0.467062306179486 
606	 0.467160094725499 
607	 0.467191654240431 
608	 0.467203226778162 
609	 0.467237875606126 
610	 0.467237236901817 
611	 0.467244269030593 
612	 0.467382415061959 
613	 0.46752951714218 
614	 0.467647484203487 
615	 0.4677245274024 
616	 0.467781322877115 
617	 0.468008676985367 
618	 0.468314760187041 
619	 0.468474295302456 
620	 0.46867442882568 
621	 0.468930500801919 
622	 0.469203961693163 
623	 0.469414118947175 
624	 0.4696616954996 
625	 0.469991058109023 
626	 0.47039169244094 
627	 0.470692486016287 
628	 0.471017639448565 
629	 0.471379840499645 
630	 0.471641477559482 
631	 0.471960516416738 
632	 0.472243969788154 
633	 0.472407403438087 
634	 0.472629326174888 
635	 0.4727424744736 
636	 0.472769964448237 
637	 0.472858523761568 
638	 0.472872482049326 
639	 0.472827086405696 
640	 0.472752477037305 
641	 0.472669773382501 
642	 0.47260957963536 
643	 0.472499732896633 
644	 0.472258568781107 
645	 0.471976843372592 
646	 0.471657242663252 
647	 0.471348016098966 
648	 0.471146221217283 
649	 0.471026633969134 
650	 0.470909832111682 
651	 0.470746070150816 
652	 0.470626027856006 
653	 0.470458667770018 
654	 0.470112636368589 
655	 0.469448740921378 
656	 0.469173218418903 
657	 0.469037087135574 
658	 0.468711700289567 
659	 0.468010418774639 
660	 0.467324856591232 
661	 0.466638785585833 
662	 0.4658286829732 
663	 0.465058449781778 
664	 0.464314074762227 
665	 0.463557379849619 
666	 0.462701260780914 
667	 0.462011907028862 
668	 0.461385649269713 
669	 0.460731299037791 
670	 0.46023398541781 
671	 0.459834829531715 
672	 0.459513184033119 
673	 0.459263827463398 
674	 0.459173734254829 
675	 0.459082687837517 
676	 0.458982818664502 
677	 0.459136839008304 
678	 0.459359154174013 
679	 0.459711523750254 
680	 0.46030398123955 
681	 0.461127901970589 
682	 0.462140843574566 
683	 0.463426086516878 
684	 0.46510103448979 
685	 0.466720107722192 
686	 0.468529575950638 
687	 0.470798200818206 
688	 0.47325885851182 
689	 0.475233577367603 
690	 0.47701046627785 
691	 0.478986570332883 
692	 0.480850757253027 
693	 0.482795793618028 
694	 0.484936245528472 
695	 0.487230371373093 
696	 0.489563661843211 
697	 0.491770261141028 
698	 0.493883069567471 
699	 0.496148405555898 
700	 0.498543727027292 
701	 0.50095439760677 
702	 0.503265614805761 
703	 0.505648841860877 
704	 0.508045567817679 
705	 0.510406072510795 
706	 0.512647433281547 
707	 0.514987915718446 
708	 0.517347136887825 
709	 0.519662608163413 
710	 0.522045504010149 
711	 0.524503724539563 
712	 0.527050472253911 
713	 0.529679671689752 
714	 0.532268816698952 
715	 0.534610244095797 
716	 0.536776605182289 
717	 0.539073078684146 
718	 0.541936453737417 
719	 0.545469743049244 
720	 0.549250202994725 
721	 0.552584252989024 
722	 0.555093810975522 
723	 0.557469302194811 
724	 0.56052006018065 
725	 0.563847816779349 
726	 0.567073404550942 
727	 0.570153418938558 
728	 0.573268307178807 
729	 0.576289337691614 
730	 0.579338677221325 
731	 0.582473635291413 
732	 0.585464149458633 
733	 0.588220834081913 
734	 0.590818255986205 
735	 0.593378809770881 
736	 0.595946472060985 
737	 0.598417702909115 
738	 0.600774761314142 
739	 0.603109038578667 
740	 0.605327398108022 
741	 0.607402672777803 
742	 0.609353613909784 
743	 0.611301196933795 
744	 0.613125505496513 
745	 0.614799391910981 
746	 0.616334940392034 
747	 0.617745174600424 
748	 0.619137339713429 
749	 0.620505163241081 
750	 0.621701336145996 
751	 0.622893479476163 
752	 0.624079962011742 
753	 0.62521413914112 
754	 0.62625342416881 
755	 0.627279767828107 
756	 0.628367229740936 
757	 0.629528826948653 
758	 0.630197140679492 
759	 0.630403973773572 
760	 0.631254102284808 
761	 0.635463850269706 
762	 0.637014693007943 
763	 0.636875730737948 
764	 0.636878807589328 
765	 0.63698226700732 
766	 0.636922933438214 
767	 0.636837890089378 
768	 0.636911286656155 
769	 0.637129659803487 
770	 0.63742249118224 
771	 0.637769792080245 
772	 0.638201046987145 
773	 0.638654939506542 
774	 0.639103694902894 
775	 0.639542598407704 
776	 0.640002970566059 
777	 0.640394574379204 
778	 0.640820134268358 
779	 0.641372143905476 
780	 0.641918378490493 
781	 0.64239909689269 
782	 0.642822642732367 
783	 0.643244258699212 
784	 0.643729194466774 
785	 0.6441777700436 
786	 0.644551167271857 
787	 0.644924812940713 
788	 0.645298778240691 
789	 0.645697665424247 
790	 0.646144569806213 
791	 0.646655202629612 
792	 0.647135401459955 
793	 0.647538512416588 
794	 0.647872683442412 
795	 0.64825493436587 
796	 0.648721891062049 
797	 0.64920488591667 
798	 0.649569689092728 
799	 0.649862748161244 
800	 0.650240116635777 
801	 0.650733871618263 
802	 0.651149792074994 
803	 0.651614557571085 
804	 0.652107715237021 
805	 0.652564326567842 
806	 0.652909450916935 
807	 0.653211632536629 
808	 0.653544465827857 
809	 0.653930603984842 
810	 0.654179525553326 
811	 0.654354556826562 
812	 0.654438589801635 
813	 0.654351577241918 
814	 0.654499535275285 
815	 0.654815613734679 
816	 0.655219348850403 
817	 0.65582312552644 
818	 0.656491967627194 
819	 0.657143223868569 
820	 0.657640112585182 
821	 0.657493060654288 
822	 0.657365457226489 
823	 0.657819083258313 
824	 0.65902874083014 
825	 0.659582384745419 
826	 0.659579980731208 
827	 0.659396650931328 
828	 0.659526360795936 
829	 0.659943644048405 
830	 0.660359567641256 
831	 0.660600789219082 
832	 0.660775769943607 
833	 0.661226606309619 
834	 0.661752583451501 
835	 0.662131840436187 
836	 0.662455570466642 
837	 0.66287865415961 
838	 0.663282390387964 
839	 0.663510364808738 
840	 0.663939810686496 
841	 0.664239870314462 
842	 0.664419729987479 
843	 0.664754032206336 
844	 0.665176792342776 
845	 0.665629970940204 
846	 0.666032665412414 
847	 0.666296789504269 
848	 0.66637315810357 
849	 0.666524924796321 
850	 0.666919713802668 
851	 0.667346579129935 
852	 0.667462682948215 
853	 0.667498378725226 
854	 0.667865050064627 
855	 0.668734128623238 
856	 0.669488696100617 
857	 0.669828389598912 
858	 0.669770544282698 
859	 0.669843102572194 
860	 0.670129953373215 
861	 0.670569001587589 
862	 0.670986673021042 
863	 0.671139023333968 
864	 0.671052171977602 
865	 0.670945921666253 
866	 0.671269143324339 
867	 0.671860227293675 
868	 0.672479137976298 
869	 0.672924878385549 
870	 0.673134712869783 
871	 0.673223806627286 
872	 0.673345810868247 
873	 0.673625835579376 
874	 0.673954455782158 
875	 0.674145843149389 
876	 0.674348673509641 
877	 0.674771453958035 
878	 0.675073177762058 
879	 0.675235566432005 
880	 0.6753638577045 
881	 0.675659483246413 
882	 0.675925129994 
883	 0.676035633206238 
884	 0.676068708790766 
885	 0.676305267919493 
886	 0.676470430870631 
887	 0.676521512650676 
888	 0.676602051358585 
889	 0.677016315912092 
890	 0.677176705143279 
891	 0.67713867238425 
892	 0.677024459692726 
893	 0.676688734791705 
894	 0.676391151589474 
895	 0.67613348840015 
896	 0.675874494855491 
897	 0.675804285803187 
898	 0.675819988588705 
899	 0.675967466706763 
900	 0.676386517362083 
901	 0.677374416155435 
902	 0.678274409072846 
903	 0.678766725054748 
904	 0.678799084966979 
905	 0.678328192121635 
906	 0.677706305624071 
907	 0.677284256039526 
908	 0.677298323855876 
909	 0.677544760468401 
910	 0.677726528560183 
911	 0.677746883729775 
912	 0.677786550350395 
913	 0.677269628841043 
914	 0.677224022024198 
915	 0.677989143404762 
916	 0.678118474616912 
917	 0.678255150472151 
918	 0.678613280879675 
919	 0.679048593130223 
920	 0.678851552780157 
921	 0.678804279445563 
922	 0.678549988745846 
923	 0.677731604873005 
924	 0.677215510538232 
925	 0.676656822043992 
926	 0.675812847301229 
927	 0.674472077354825 
928	 0.672415900492257 
929	 0.66999041631775 
930	 0.66713092031 
931	 0.663755414961548 
932	 0.66188474120497 
933	 0.660460766337039 
934	 0.659256455230121 
935	 0.658947957837085 
936	 0.659256826359491 
937	 0.660243166286189 
938	 0.66123601028361 
939	 0.661158741847687 
940	 0.660037020583657 
941	 0.659127949691618 
942	 0.657989674233228 
943	 0.65489544709053 
944	 0.653658002700803 
945	 0.652854191246307 
946	 0.651619775925509 
947	 0.650688437437509 
948	 0.648062244125848 
949	 0.646066323152039 
950	 0.645672279034392 
951	 0.64505668826438 
952	 0.643598857577261 
953	 0.641644964210275 
954	 0.639772039955514 
955	 0.638398545052933 
956	 0.63783464700006 
957	 0.637581098472085 
958	 0.637149342810449 
959	 0.636413369666263 
960	 0.635852682700663 
961	 0.635341163539784 
962	 0.635013756619729 
963	 0.635827973158425 
964	 0.63599362120505 
965	 0.635964543247164 
966	 0.636184932440301 
967	 0.635651491574571 
968	 0.63581599528939 
969	 0.636660932904093 
970	 0.637543429448855 
971	 0.637482393232134 
972	 0.636972231486534 
973	 0.636509863329181 
974	 0.636378020800111 
975	 0.636279604331908 
976	 0.636485127653602 
977	 0.636956809017265 
978	 0.637529328515972 
979	 0.637973729184342 
980	 0.638710232617462 
981	 0.639379280920523 
982	 0.63970474556513 
983	 0.640690629017803 
984	 0.641511732237246 
985	 0.641907314302881 
986	 0.642083434293495 
987	 0.643000532363697 
988	 0.643775530434211 
989	 0.644427104667753 
990	 0.645250268587019 
991	 0.64616694522069 
992	 0.646637931748441 
993	 0.647192329307077 
994	 0.648338654312753 
995	 0.648631428842473 
996	 0.649847452020383 
997	 0.650806239844197 
998	 0.650137498809406 
999	 0.650587480104819 
1000	 0.651738158668976 
1001	 0.67295984558058 
1002	 0.673769186314319 
1003	 0.674764169868641 
1004	 0.675734711457745 
1005	 0.676455672990561 
1006	 0.677414893104529 
1007	 0.678601625796949 
1008	 0.679733621991989 
1009	 0.680773308929807 
1010	 0.682121326750635 
1011	 0.683215742214155 
1012	 0.684074244526164 
1013	 0.68511826206835 
1014	 0.686090361456644 
1015	 0.687194907485218 
1016	 0.688570203625512 
1017	 0.689803079705982 
1018	 0.691024530704924 
1019	 0.692087188372395 
1020	 0.693093576866647 
1021	 0.693936211458006 
1022	 0.694676952404636 
1023	 0.695623503652149 
1024	 0.696668857621135 
1025	 0.697821125061223 
1026	 0.698995420449504 
1027	 0.700149949684051 
1028	 0.70130548115344 
1029	 0.702373539972014 
1030	 0.703471905082697 
1031	 0.704511646257772 
1032	 0.705493462595815 
1033	 0.706468851465521 
1034	 0.707494006219296 
1035	 0.708441515951805 
1036	 0.709316347026563 
1037	 0.710242844115709 
1038	 0.711328145261133 
1039	 0.712399562375627 
1040	 0.71344908677682 
1041	 0.71455071516665 
1042	 0.715439583249002 
1043	 0.716282761339021 
1044	 0.717221495950995 
1045	 0.718234399746541 
1046	 0.719205073130387 
1047	 0.720174584796821 
1048	 0.721100925772275 
1049	 0.721860167065371 
1050	 0.722564343923045 
1051	 0.723349246786811 
1052	 0.723999988125443 
1053	 0.724597651314851 
1054	 0.725333782611082 
1055	 0.725943113319507 
1056	 0.726435107007532 
1057	 0.726990782494005 
1058	 0.727529347706688 
1059	 0.728128248930372 
1060	 0.728756001574972 
1061	 0.72942037736124 
1062	 0.730090728404632 
1063	 0.73070152803487 
1064	 0.731268344200064 
1065	 0.731754460495711 
1066	 0.732049777052952 
1067	 0.732301802135317 
1068	 0.732384686190396 
1069	 0.732455812762176 
1070	 0.732690063195695 
1071	 0.733084000131701 
1072	 0.733418507099939 
1073	 0.733910614302408 
1074	 0.734174156654607 
1075	 0.734379257131445 
1076	 0.734568371864582 
1077	 0.734453309327721 
1078	 0.734364692082436 
1079	 0.734349308087001 
1080	 0.73412914168996 
1081	 0.733971431450169 
1082	 0.733888730873444 
1083	 0.73374970545087 
1084	 0.733518361130574 
1085	 0.733387887767028 
1086	 0.733308430716733 
1087	 0.733142318208049 
1088	 0.732881336206388 
1089	 0.732751365124947 
1090	 0.732616001065355 
1091	 0.732544477124196 
1092	 0.732328537610234 
1093	 0.732147376900562 
1094	 0.731783376118804 
1095	 0.731414711517633 
1096	 0.73116775293618 
1097	 0.731183881149042 
1098	 0.730767799399473 
1099	 0.730141375204866 
1100	 0.729639060747636 
1101	 0.728846181444768 
1102	 0.728371487898231 
1103	 0.728324138342498 
1104	 0.727962947680761 
1105	 0.727598514958192 
1106	 0.727079215605198 
1107	 0.726438790003942 
1108	 0.725472404574683 
1109	 0.724580974287943 
1110	 0.723560504372307 
1111	 0.722779213198482 
1112	 0.722007924814163 
1113	 0.721371311470886 
1114	 0.721052054938276 
1115	 0.720509846775835 
1116	 0.720098210547151 
1117	 0.719310358586145 
1118	 0.718200144985844 
1119	 0.717045947414933 
1120	 0.715587377754723 
1121	 0.713990101101846 
1122	 0.712210303329636 
1123	 0.710400867772571 
1124	 0.708483770237309 
1125	 0.706602704940504 
1126	 0.70425005630335 
1127	 0.702023947304972 
1128	 0.69923158632755 
1129	 0.696176058440591 
1130	 0.69289388654192 
1131	 0.689345473910826 
1132	 0.686248532098045 
1133	 0.683353242024441 
1134	 0.68042326295998 
1135	 0.678306409225135 
1136	 0.67532215949913 
1137	 0.671589781115453 
1138	 0.668244747388542 
1139	 0.664922760746662 
1140	 0.661085377776166 
1141	 0.657810052403197 
1142	 0.655183203772079 
1143	 0.651461365794852 
1144	 0.647400009110905 
1145	 0.643424798763603 
1146	 0.638640975299438 
1147	 0.634940339511479 
1148	 0.631917569670817 
1149	 0.628697000189759 
1150	 0.626068078932313 
1151	 0.622977958989872 
1152	 0.619385207283697 
1153	 0.6164760832536 
1154	 0.613628286820386 
1155	 0.611191537979688 
1156	 0.609463674058013 
1157	 0.607991161860329 
1158	 0.606694988121442 
1159	 0.605710673098611 
1160	 0.604743926227944 
1161	 0.603817045305701 
1162	 0.603219635485355 
1163	 0.602820856517919 
1164	 0.602453752352238 
1165	 0.602288806784589 
1166	 0.601973281024773 
1167	 0.601588109460594 
1168	 0.601276604581583 
1169	 0.60095124189755 
1170	 0.600704348400958 
1171	 0.600691497191452 
1172	 0.600321778142271 
1173	 0.599762492591415 
1174	 0.599560153717196 
1175	 0.599335999890759 
1176	 0.598985521872087 
1177	 0.598887285070707 
1178	 0.599131517694278 
1179	 0.599048109783136 
1180	 0.598892461964915 
1181	 0.59876082248018 
1182	 0.598511177778429 
1183	 0.598271241475585 
1184	 0.598031331802099 
1185	 0.597840103003645 
1186	 0.597603248853201 
1187	 0.597444179397034 
1188	 0.597477131949787 
1189	 0.597276524974734 
1190	 0.59728003792541 
1191	 0.597410094424883 
1192	 0.597420330718733 
1193	 0.597565354522264 
1194	 0.597606310117585 
1195	 0.597461924278564 
1196	 0.597510662640054 
1197	 0.597669601974256 
1198	 0.597799520210115 
1199	 0.598015003840759 
1200	 0.598220700572991 
1201	 0.5983426863188 
1202	 0.598590314932842 
1203	 0.598926571233995 
1204	 0.599241303667359 
1205	 0.599609558357291 
1206	 0.6000543216998 
1207	 0.600260434701371 
1208	 0.600604846270214 
1209	 0.601162016554629 
1210	 0.601598778468223 
1211	 0.602168970362789 
1212	 0.602867133640055 
1213	 0.603287435073888 
1214	 0.603700134218448 
1215	 0.604227250886601 
1216	 0.604745502918631 
1217	 0.605389519815503 
1218	 0.606259617177269 
1219	 0.606973998943497 
1220	 0.607678521619559 
1221	 0.608370126063302 
1222	 0.608929672438793 
1223	 0.609574726874343 
1224	 0.61022889351082 
1225	 0.61106353738176 
1226	 0.611787705255059 
1227	 0.612493916637698 
1228	 0.613187964554339 
1229	 0.61394700805378 
1230	 0.614798082832668 
1231	 0.615528783605738 
1232	 0.616260598619305 
1233	 0.616987222530144 
1234	 0.617592409694901 
1235	 0.618338336354609 
1236	 0.619009124223432 
1237	 0.619616434429475 
1238	 0.620209787736221 
1239	 0.620798084795611 
1240	 0.621410069082656 
1241	 0.622079372339863 
1242	 0.6227552494895 
1243	 0.623498595060021 
1244	 0.62400417787283 
1245	 0.624560666394517 
1246	 0.625114995997904 
1247	 0.6256428992836 
1248	 0.626208770219648 
1249	 0.626949642800607 
1250	 0.627663430289913 
1251	 0.628066790532118 
1252	 0.628534560057266 
1253	 0.628921138605918 
1254	 0.62917138682936 
1255	 0.629920135379787 
1256	 0.630605373225505 
1257	 0.631108465429089 
1258	 0.63162686579587 
1259	 0.632089064427512 
1260	 0.632248512272308 
1261	 0.632655036233441 
1262	 0.633274099592543 
1263	 0.633602909795673 
1264	 0.633911396779734 
1265	 0.634348412711444 
1266	 0.634654667572614 
1267	 0.634916674628769 
1268	 0.635063832354907 
1269	 0.635059027173619 
1270	 0.635002487673314 
1271	 0.634961379986512 
1272	 0.635010775500533 
1273	 0.635056803055799 
1274	 0.635041736429647 
1275	 0.634914108471906 
1276	 0.634569579284183 
1277	 0.63422416443184 
1278	 0.633985773539028 
1279	 0.633656055812684 
1280	 0.633281420377401 
1281	 0.633043700620538 
1282	 0.632514849929139 
1283	 0.631682524955117 
1284	 0.631088312263058 
1285	 0.630445621820825 
1286	 0.629824514457616 
1287	 0.629399941088878 
1288	 0.628723037865961 
1289	 0.627851847592998 
1290	 0.627138432667653 
1291	 0.626459982133956 
1292	 0.625647843225813 
1293	 0.624797364078859 
1294	 0.623818361289248 
1295	 0.622805584873999 
1296	 0.621948487873626 
1297	 0.621030895056101 
1298	 0.620006608466241 
1299	 0.618854257673467 
1300	 0.617416311060062 
1301	 0.616111291354912 
1302	 0.614849995340489 
1303	 0.613400497888098 
1304	 0.611825903231407 
1305	 0.610343317502634 
1306	 0.608777697549257 
1307	 0.607161643826346 
1308	 0.605623581468309 
1309	 0.603859041124199 
1310	 0.601888441422869 
1311	 0.599829037044552 
1312	 0.597887391566084 
1313	 0.595923263998828 
1314	 0.593744256041208 
1315	 0.591805713275457 
1316	 0.589779180770399 
1317	 0.587387128267026 
1318	 0.585192305338558 
1319	 0.582615047624878 
1320	 0.579806416303552 
1321	 0.57758809237341 
1322	 0.57525058959659 
1323	 0.572854371889235 
1324	 0.570456846403467 
1325	 0.567811475659974 
1326	 0.56527846341046 
1327	 0.562400821206344 
1328	 0.559725543610116 
1329	 0.557265341753608 
1330	 0.554327988647901 
1331	 0.550954175764773 
1332	 0.548047278227248 
1333	 0.545212102488171 
1334	 0.541863229407834 
1335	 0.539203717592326 
1336	 0.536595167208003 
1337	 0.533359987992135 
1338	 0.530572185968031 
1339	 0.528030872974696 
1340	 0.525634151746437 
1341	 0.523553705060475 
1342	 0.521358931339673 
1343	 0.519310393406081 
1344	 0.517112067519728 
1345	 0.514828051303598 
1346	 0.513108047776043 
1347	 0.511292856127977 
1348	 0.508845682537262 
1349	 0.506732526850534 
1350	 0.505099437785796 
1351	 0.502992073236582 
1352	 0.501751158657565 
1353	 0.501040965074915 
1354	 0.498297687727924 
1355	 0.495248080297165 
1356	 0.49258214194504 
1357	 0.49009841139753 
1358	 0.491054748254497 
1359	 0.491167316723129 
1360	 0.494446390605704 
1361	 0.491090174533469 
1362	 0.490527715420181 
1363	 0.494448072704759 
1364	 0.501800074442622 
1365	 0.53282703487889 
1366	 0.548716897283993 
1367	 0.522342063829045 
1368	 0.504845171686503 
1369	 0.496987719841508 
1370	 0.433932280545665 
1371	 0.39921763754994 
1372	 0.400456047314408 
1373	 0.358029428343734 
1374	 0.397942194894692 
1375	 0.471383736357871 
1376	 0.476531271289191 
1377	 0.487531465828196 
1378	 0.475111296540608 
1379	 0.504792509203989 
1380	 0.542338201129135 
1381	 0.494288906746358 
1382	 0.446369154690463 
1383	 0.431472917291086 
1384	 0.401495273113088 
1385	 0.366979999228788 
1386	 0.363424671902762 
1387	 0.363898812072687 
1388	 0.347198884055164 
1389	 0.331579362299591 
1390	 0.341643419457362 
1391	 0.340346486181273 
1392	 0.304575564770742 
1393	 0.264412660545525 
1394	 0.259630844104492 
1395	 0.283010289266958 
1396	 0.290011815475505 
1397	 0.284451551591533 
1398	 0.281016311165678 
1399	 0.269780441909603 
1400	 0.262769061940207 
1401	 0.261708655586417 
1402	 0.23853252091291 
1403	 0.20789321884822 
1404	 0.207525116897189 
1405	 0.218543950417461 
1406	 0.221466634663506 
1407	 0.219712897752665 
1408	 0.21236325731413 
1409	 0.203585365436608 
1410	 0.20011493770952 
1411	 0.201478405426852 
1412	 0.199396145998336 
1413	 0.193721469846599 
1414	 0.190788919744492 
1415	 0.191643851373862 
1416	 0.191997478580765 
1417	 0.188464911566227 
1418	 0.185141699887238 
1419	 0.183557878408838 
1420	 0.181419312376695 
1421	 0.180072920962528 
1422	 0.179900516249739 
1423	 0.17951291909494 
1424	 0.178922271345403 
1425	 0.178379829845887 
1426	 0.177613744199976 
1427	 0.176712183236849 
1428	 0.175777881167782 
1429	 0.17541908412333 
1430	 0.17496739852141 
1431	 0.174845283011341 
1432	 0.174596948020754 
1433	 0.17312809538525 
1434	 0.172068324622273 
1435	 0.171347573803099 
1436	 0.170150233500722 
1437	 0.170235135394433 
1438	 0.170746866337039 
1439	 0.170302826158144 
1440	 0.170186700090277 
1441	 0.169491683085059 
1442	 0.167940049812399 
1443	 0.167808936402928 
1444	 0.167958090605785 
1445	 0.166906845633156 
1446	 0.166681479701959 
1447	 0.166912052206572 
1448	 0.167251181919849 
1449	 0.168268612637933 
1450	 0.168316873943706 
1451	 0.168048573312549 
1452	 0.16823279368976 
1453	 0.168009283119363 
1454	 0.168017785276945 
1455	 0.168459299347836 
1456	 0.16813939706563 
1457	 0.16783541424232 
1458	 0.168737416231366 
1459	 0.169275916881691 
1460	 0.169237911842836 
1461	 0.169627523550601 
1462	 0.169735934486722 
1463	 0.169926213087765 
1464	 0.170785156521354 
1465	 0.171370920415249 
1466	 0.17171940779988 
1467	 0.172460749288753 
1468	 0.173079459017257 
1469	 0.17392549486864 
1470	 0.174933798886464 
1471	 0.176327038846312 
1472	 0.176982853349061 
1473	 0.177686082704524 
1474	 0.178704998286233 
1475	 0.179770081339737 
1476	 0.181317531949631 
1477	 0.182905355223976 
1478	 0.184339860179712 
1479	 0.185536442816138 
1480	 0.186512877655589 
1481	 0.187753222414619 
1482	 0.189236186979564 
1483	 0.190650408564456 
1484	 0.191775044703492 
1485	 0.193104295810591 
1486	 0.194674484435405 
1487	 0.196128005456088 
1488	 0.197862090574932 
1489	 0.199329429149467 
1490	 0.200275348779776 
1491	 0.201642821868432 
1492	 0.203337170898217 
1493	 0.204948205878256 
1494	 0.206481278314638 
1495	 0.207787065137354 
1496	 0.208836730037551 
1497	 0.210077515368054 
1498	 0.211704162935304 
1499	 0.213275828060204 
1500	 0.214884632415249 
1501	 0.216512012522325 
1502	 0.217862252410758 
1503	 0.219303834275927 
1504	 0.22086211493571 
1505	 0.222312072315304 
1506	 0.223905945991762 
1507	 0.225671220279766 
1508	 0.22742041273196 
1509	 0.229064764720169 
1510	 0.230536714393393 
1511	 0.23204661051273 
1512	 0.233469373223923 
1513	 0.234841364994025 
1514	 0.236627924993637 
1515	 0.238332912188635 
1516	 0.239897165417869 
1517	 0.241653487284282 
1518	 0.243265782548381 
1519	 0.244819937243162 
1520	 0.246287138819969 
1521	 0.247711609583159 
1522	 0.249402805361965 
1523	 0.25104697436385 
1524	 0.252785666424483 
1525	 0.254584554171684 
1526	 0.256021968078489 
1527	 0.257459971945802 
1528	 0.258927833373549 
1529	 0.26049586214344 
1530	 0.262172752678324 
1531	 0.263695763671364 
1532	 0.26512320760095 
1533	 0.266724413569141 
1534	 0.268329635425329 
1535	 0.269890618634791 
1536	 0.271531674863929 
1537	 0.273103365556737 
1538	 0.274572909039367 
1539	 0.276105647114319 
1540	 0.277635738181821 
1541	 0.279265945145134 
1542	 0.280802344742439 
1543	 0.282114367248899 
1544	 0.283514962422553 
1545	 0.285056604532374 
1546	 0.286603970368068 
1547	 0.288128756301987 
1548	 0.289575879743839 
1549	 0.291090052840873 
1550	 0.292518572459903 
1551	 0.293839900153955 
1552	 0.29535001501551 
1553	 0.296740452638671 
1554	 0.298041232342009 
1555	 0.299494728457331 
1556	 0.300836090035264 
1557	 0.302216627980836 
1558	 0.303565004919274 
1559	 0.304791508510859 
1560	 0.306264040563178 
1561	 0.307650104927656 
1562	 0.30897974178415 
1563	 0.310463379193422 
1564	 0.311723543114332 
1565	 0.313031962583454 
1566	 0.314514048233998 
1567	 0.315809967075458 
1568	 0.316959056227029 
1569	 0.318170269035531 
1570	 0.319427108772684 
1571	 0.320797057158569 
1572	 0.322169655692677 
1573	 0.323314216951 
1574	 0.324453900913785 
1575	 0.32556953210009 
1576	 0.32663694122043 
1577	 0.327872219657257 
1578	 0.329167207051917 
1579	 0.330342198683004 
1580	 0.331508285733666 
1581	 0.33280543024384 
1582	 0.33395651400526 
1583	 0.334978951561302 
1584	 0.336217595704152 
1585	 0.337445968448475 
1586	 0.338471115054461 
1587	 0.339472199857943 
1588	 0.34059269205839 
1589	 0.34166235748545 
1590	 0.342558850448878 
1591	 0.343637058468935 
1592	 0.344947267874297 
1593	 0.345940949410318 
1594	 0.346750328731154 
1595	 0.347770003605694 
1596	 0.348731195291152 
1597	 0.349874202812936 
1598	 0.351161173439438 
1599	 0.35223150220862 
1600	 0.353068041934154 
1601	 0.353594355611506 
1602	 0.354469609217379 
1603	 0.355692773816517 
1604	 0.356689072915248 
1605	 0.357705348343044 
1606	 0.358779891743991 
1607	 0.359724388619061 
1608	 0.360488831842427 
1609	 0.361310565119731 
1610	 0.362169980839039 
1611	 0.362794861538144 
1612	 0.363654605035687 
1613	 0.364885005822797 
1614	 0.365906892371725 
1615	 0.366655550059467 
1616	 0.367469301047811 
1617	 0.368082995651332 
1618	 0.368626287836194 
1619	 0.369505034978868 
1620	 0.370250159384379 
1621	 0.371068929267998 
1622	 0.372010322765841 
1623	 0.372644783983083 
1624	 0.373348026558944 
1625	 0.373953722058881 
1626	 0.374439843978932 
1627	 0.375318733021487 
1628	 0.376244309829862 
1629	 0.376989734388689 
1630	 0.377819033873124 
1631	 0.378392691152407 
1632	 0.378723744056313 
1633	 0.379314390023671 
1634	 0.379978856281458 
1635	 0.380630052253558 
1636	 0.381349365430604 
1637	 0.381967333675216 
1638	 0.382424767834195 
1639	 0.382824850102582 
1640	 0.383435880488036 
1641	 0.384175327611009 
1642	 0.384853935233983 
1643	 0.385427462000752 
1644	 0.385770871797365 
1645	 0.385921284905732 
1646	 0.386213402088857 
1647	 0.38672727881886 
1648	 0.387231038009071 
1649	 0.387908519243492 
1650	 0.38841846945097 
1651	 0.388512436714714 
1652	 0.388808407815101 
1653	 0.389156334140278 
1654	 0.389461129590607 
1655	 0.389999390624286 
1656	 0.390514516605517 
1657	 0.390841951512163 
1658	 0.391127273116562 
1659	 0.39140019780224 
1660	 0.391539144269212 
1661	 0.391683006541362 
1662	 0.391769715901286 
1663	 0.391995754674258 
1664	 0.392569778111262 
1665	 0.392844922907813 
1666	 0.392944423827946 
1667	 0.393204283507945 
1668	 0.393050067517079 
1669	 0.392904054620132 
1670	 0.393085996622843 
1671	 0.392997369858145 
1672	 0.393039318985815 
1673	 0.393243445231012 
1674	 0.393119721725307 
1675	 0.393124918934314 
1676	 0.39306982898745 
1677	 0.392775902507879 
1678	 0.392832375391118 
1679	 0.392795855666782 
1680	 0.392448616189423 
1681	 0.392284778956313 
1682	 0.391995610664295 
1683	 0.391649505873996 
1684	 0.391475783837671 
1685	 0.391148093466657 
1686	 0.390605392206956 
1687	 0.390063224831282 
1688	 0.389559533938368 
1689	 0.38910601920472 
1690	 0.388954152107778 
1691	 0.388803878909865 
1692	 0.388275992964344 
1693	 0.387883496332329 
1694	 0.387426338972065 
1695	 0.386845521650517 
1696	 0.386735198186293 
1697	 0.386262113499209 
1698	 0.385561401279852 
1699	 0.385062767650313 
1700	 0.384297854542411 
1701	 0.383826278169577 
1702	 0.383215642313986 
1703	 0.382624856865109 
1704	 0.381950205721323 
1705	 0.381439925118081 
1706	 0.381372090073661 
1707	 0.380846030206829 
1708	 0.380013043308361 
1709	 0.379332258190664 
1710	 0.37832858370242 
1711	 0.377549969536088 
1712	 0.377095555973623 
1713	 0.376588123842755 
1714	 0.376267455084496 
1715	 0.375618707288747 
1716	 0.374754593689361 
1717	 0.374012516164988 
1718	 0.372953543470087 
1719	 0.372175354815337 
1720	 0.371836846366872 
1721	 0.371173386006453 
1722	 0.370467393253667 
1723	 0.369648021245512 
1724	 0.368447161471065 
1725	 0.367729746905196 
1726	 0.367285903149743 
1727	 0.366594980404923 
1728	 0.366087406315335 
1729	 0.365396657865244 
1730	 0.364310654375482 
1731	 0.363596287781655 
1732	 0.363166372829679 
1733	 0.362527993437264 
1734	 0.361860061221065 
1735	 0.361191857192739 
1736	 0.3605053231699 
1737	 0.359788089103049 
1738	 0.359066227023924 
1739	 0.3583469429289 
1740	 0.357437004990954 
1741	 0.356817394586938 
1742	 0.35658248793646 
1743	 0.355808790122464 
1744	 0.354984624418576 
1745	 0.354034948579891 
1746	 0.3525656560555 
1747	 0.351547898354718 
1748	 0.350787204427897 
1749	 0.349733954439872 
1750	 0.348703921288731 
1751	 0.347312747446196 
1752	 0.346247259810693 
1753	 0.345446402804027 
1754	 0.344384638261613 
1755	 0.343919084086772 
1756	 0.343215977003196 
1757	 0.342098812545386 
1758	 0.341077407048856 
1759	 0.33943080324635 
1760	 0.33796676805298 
1761	 0.336568102650252 
1762	 0.335186801427626 
1763	 0.334570219530768 
1764	 0.333609244994524 
1765	 0.333185190110089 
1766	 0.332995427229567 
1767	 0.331813709360821 
1768	 0.33124667291721 
1769	 0.330652499140744 
1770	 0.329731651954068 
1771	 0.329278214919381 
1772	 0.328579943183102 
1773	 0.327537670088703 
1774	 0.326534266361143 
1775	 0.325480629412245 
1776	 0.324496810167797 
1777	 0.323265101807965 
1778	 0.322576845471012 
1779	 0.322279689552785 
1780	 0.32200809234515 
1781	 0.322601412998659 
1782	 0.322206928433757 
1783	 0.321029246143134 
1784	 0.32037078756186 
1785	 0.319274651269859 
1786	 0.318531587743163 
1787	 0.318428020398024 
1788	 0.318014047229683 
1789	 0.317246835227544 
1790	 0.31703642844338 
1791	 0.317233341261246 
1792	 0.317454592664079 
1793	 0.318507945725742 
1794	 0.318323751098567 
1795	 0.317406781132778 
1796	 0.316719879239013 
1797	 0.3146476244525 
1798	 0.314168914504013 
1799	 0.315020274012204 
1800	 0.315285039025032 
1801	 0.31641941462819 
1802	 0.316914164588042 
1803	 0.31658003016444 
1804	 0.317290065255577 
1805	 0.31882499255814 
1806	 0.319659331910019 
1807	 0.320929033973661 
1808	 0.321314345508009 
1809	 0.319884186572054 
1810	 0.319164190961162 
1811	 0.320930135711899 
1812	 0.322871832796878 
1813	 0.321931736475725 
1814	 0.325384973346324 
1815	 0.328425564701953 
1816	 0.323512530377906 
1817	 0.330280140024052 
1818	 0.330768647854701 
1819	 0.330089593206356 
1820	 0.333738311574853 
1821	 0.334050471529371 
1822	 0.322560678731484 
1823	 0.318585074507856 
1824	 0.328944960521025 
1825	 0.332328321992928 
1826	 0.324688656870783 
1827	 0.341157426115308 
1828	 0.379720189757447 
1829	 0.39891028020344 
1830	 0.440739868682822 
1831	 0.305191276815671 
1832	 0.304692394271888 
1833	 0.284873761994761 
1834	 0.315155602872845 
1835	 0.31261218329211 
1836	-8.00242513706408E-02 
1837	-0.122678219535509 
1838	 0.362293185115853 
1839	 0.741111808203815 
1840	 0.549265039856262 
1841	 0.707522913394948 
1842	 0.717745941836965 
1843	-0.634366403429956 
1844	-0.603774907957822 
1845	 10.4912610890063 
1846	-61.2929731879951 
1847	 3.72043051067398 
1848	 8.59330383509316 
1849	 2.04141175415638 
1850	-0.391112408634506 
1851	-0.668598393394049 
1852	-0.527397196867038 
1853	 5.92864823205202E-02 
1854	 2.40779731342653 
1855	 2.68839720178682 
1856	 0.811120103590248 
1857	 0.402991848752751 
1858	 0.406147561950956 
1859	 2.04748197725828 
1860	 2.00935200527557 
1861	 11.9275464140003 
1862	 5.12737521762886 
1863	 0.55016357010605 
1864	 0.542548890954743 
1865	 0.875417638633658 
1866	 1.03686333868397 
1867	 1.45402039619594 
1868	 2.02447818864481 
1869	 1.31168084485063 
1870	 0.949754352657874 
1871	 0.952427069498942 
1872	 1.15195019981221 
1873	 1.07742727523769 
1874	 1.5366105730979 
1875	 1.4174815151223 
1876	 1.02917801508646 
1877	 0.54726795345155 
1878	 0.458210913495553 
1879	 0.330762832107433 
1880	 0.222130182186038 
1881	 0.449261291955274 
1882	 0.424813011329797 
1883	 0.176008395507612 
1884	 4.28400061145445E-02 
1885	-9.13304021951833E-02 
1886	-0.232379769055387 
1887	-0.122000342740278 
1888	 0.109382170031792 
1889	 0.169179360063394 
1890	 0.160192920219708 
1891	 0.136654271992088 
1892	-0.145400836078242 
1893	-0.155837523069463 
1894	 0.136344907480621 
1895	 0.196307355634494 
1896	 0.239354653121702 
1897	 0.23788573210598 
1898	 0.109422774617769 
1899	-3.71873515583956E-02 
1900	 0.173072913908193 
1901	 0.394582321930367 
1902	 0.403767170595152 
1903	 0.211431816418338 
1904	 0.027539017068835 
1905	-0.437843982032154 
1906	-0.40276648887888 
1907	-6.53103307307448E-02 
1908	-9.78194347731362E-04 
1909	 3.26720827378545E-03 
1910	 0.151913854899474 
1911	 0.127375416654682 
1912	 2.04037533791928E-02 
1913	 4.80307362927455E-02 
1914	 0.175538839529056 
1915	 0.195110218988887 
1916	 0.175976406806543 
1917	 0.249489776138744 
1918	 0.218766901421121 
1919	 0.111507828647983 
1920	 2.94605401011542E-02 
1921	 6.35823987567913E-03 
1922	 2.44858200929284E-02 
1923	 7.49247126246057E-02 
1924	 9.56956965427405E-02 
1925	 0.12914101976998 
1926	 9.50895866759022E-02 
1927	 0.071405305502344 
1928	 6.88401357961862E-02 
1929	 4.24484417049646E-02 
1930	 4.67889550553824E-02 
1931	 6.11617266520313E-02 
1932	 4.79251295997282E-02 
1933	 5.04771217246623E-02 
1934	 5.51735739522644E-02 
1935	 5.29890860532561E-02 
1936	 4.23747103394561E-02 
1937	 0.049212767523195 
1938	 5.87200177336415E-02 
1939	 5.44699263784322E-02 
1940	 5.86622653540322E-02 
1941	 6.19358877591511E-02 
1942	 4.82772012201611E-02 
1943	 4.28493391277764E-02 
1944	 4.81795048531453E-02 
1945	 5.31011347584432E-02 
1946	 0.054887973543364 
1947	 6.04783851908603E-02 
1948	 0.061740767088779 
1949	 6.18786598990783E-02 
1950	 5.84390514859101E-02 
1951	 5.44713677074282E-02 
1952	 6.11834917437033E-02 
1953	 6.30068762989603E-02 
1954	 5.63821266442739E-02 
1955	 5.64747182810038E-02 
1956	 6.09802914679831E-02 
1957	 5.99849277204797E-02 
1958	 0.059055721521973 
1959	 6.02646259772088E-02 
1960	 6.19985794949828E-02 
1961	 5.84881383267309E-02 
1962	 5.79524578302839E-02 
1963	 6.10911769948822E-02 
1964	 0.06178430979219 
1965	 6.10901539365952E-02 
1966	 6.10868356402405E-02 
1967	 6.14019152991087E-02 
1968	 6.26233321550302E-02 
1969	 0.063293311079246 
1970	 6.45121894376899E-02 
1971	 6.51467438071327E-02 
1972	 6.53077037956463E-02 
1973	 6.46314943526468E-02 
1974	 6.50433487283767E-02 
1975	 6.60353861524049E-02 
1976	 6.65770160818255E-02 
1977	 6.77914390088362E-02 
1978	 6.89180517361182E-02 
1979	 6.90869522484356E-02 
1980	 6.94404745589469E-02 
1981	 7.06977996953327E-02 
1982	 0.071501456446736 
1983	 7.22733216540272E-02 
1984	 7.28818029907514E-02 
1985	 7.34591233786328E-02 
1986	 0.073675485625486 
1987	 7.38433420388862E-02 
1988	 7.47749887717505E-02 
1989	 7.62573609951872E-02 
1990	 0.076570140363681 
1991	 7.59520591392771E-02 
1992	 7.59529041736791E-02 
1993	 7.64850968036552E-02 
1994	 7.72907396992501E-02 
1995	 7.80751580292127E-02 
1996	 7.99551238028557E-02 
1997	 8.11577063191283E-02 
1998	 8.10848154017304E-02 
1999	 8.10371842876085E-02 
2000	 8.16109818609173E-02 
2001	 8.22731335467993E-02 
2002	 8.22249690248806E-02 
2003	 8.18520920495678E-02 
2004	 8.27733554911341E-02 
2005	 8.52201942750629E-02 
2006	 8.62507779788871E-02 
2007	 8.74875419812977E-02 
2008	 8.88578022631404E-02 
2009	 8.94706889643051E-02 
2010	 8.81939443357891E-02 
2011	 8.87926248463834E-02 
2012	 9.12444873815832E-02 
2013	 9.28887397783362E-02 
2014	 0.093206186577759 
2015	 9.41219803293828E-02 
2016	 9.52849927383229E-02 
2017	 9.56065525075233E-02 
2018	 9.63719339627248E-02 
2019	 9.70837271047635E-02 
2020	 9.75813191053197E-02 
2021	 9.85126178458198E-02 
2022	 9.98252459417011E-02 
2023	 0.100687954765232 
2024	 0.100934194096295 
2025	 0.10104976569484 
2026	 0.101725802622977 
2027	 0.102493578731631 
2028	 0.103144811219335 
2029	 0.104022175212871 
2030	 0.104750507093606 
2031	 0.105244885610006 
2032	 0.105459165632024 
2033	 0.105512522272833 
2034	 0.106058480992815 
2035	 0.106614540879433 
2036	 0.106800185888564 
2037	 0.107664433263104 
2038	 0.108941725140828 
2039	 0.108702867830434 
2040	 0.108223288069155 
2041	 0.108886935868854 
2042	 0.109499910868963 
2043	 0.109858716028351 
2044	 0.110854732965965 
2045	 0.111724067300507 
2046	 0.112226507414875 
2047	 0.112698728676948 
2048	 0.113352056845669 
2049	 0.113846843832318 
2050	 0.11374825102282 
2051	 0.114624135363086 
2052	 0.115316135821569 
2053	 0.116311326924225 
2054	 0.11723546949423 
2055	 0.117693007135562 
2056	 0.118299207636463 
2057	 0.118757544160174 
2058	 0.120025582735712 
2059	 0.121063723087297 
2060	 0.121531692181586 
2061	 0.121701832634371 
2062	 0.122190372265176 
2063	 0.121696815656179 
2064	 0.122069118529915 
2065	 0.123004543366273 
2066	 0.124427019335721 
2067	 0.124562880287571 
2068	 0.125017134463899 
2069	 0.125630854265419 
2070	 0.12575716963612 
2071	 0.126296503766421 
2072	 0.127407908284689 
2073	 0.128865655165191 
2074	 0.129544966244194 
2075	 0.130095932462305 
2076	 0.130902933344604 
2077	 0.131545961078669 
2078	 0.131520865928831 
2079	 0.131943740446926 
2080	 0.132886218525184 
2081	 0.133269061150792 
2082	 0.133502745675849 
2083	 0.1340950989863 
2084	 0.134928696687261 
2085	 0.135894052908967 
2086	 0.136791488245716 
2087	 0.137506932866989 
2088	 0.137719443760326 
2089	 0.137806629966484 
2090	 0.138406375201127 
2091	 0.139323715041166 
2092	 0.139991114927774 
2093	 0.141170550674947 
2094	 0.141585914201985 
2095	 0.141015029540669 
2096	 0.141247056221212 
2097	 0.141496510216377 
2098	 0.142047103434735 
2099	 0.14288424741186 
2100	 0.143935812126973 
2101	 0.144840788331814 
2102	 0.145369297543642 
2103	 0.145892251084758 
2104	 0.146618926256881 
2105	 0.146843021937948 
2106	 0.147684432517907 
2107	 0.148420000476879 
2108	 0.14917979223591 
2109	 0.149742097703512 
2110	 0.150141105602023 
2111	 0.151152554104933 
2112	 0.153169115045999 
2113	 0.153757485113294 
2114	 0.1537345542135 
2115	 0.153889184380055 
2116	 0.15411199174448 
2117	 0.155000399268214 
2118	 0.156937627123592 
2119	 0.157905418049573 
2120	 0.157854830162569 
2121	 0.157889530961163 
2122	 0.158227175655765 
2123	 0.158904774715666 
2124	 0.159521303217764 
2125	 0.16001305197515 
2126	 0.160543777654124 
2127	 0.161542450891056 
2128	 0.162004493070912 
2129	 0.161555111086372 
2130	 0.16221788342456 
2131	 0.163668741388518 
2132	 0.16443386502122 
2133	 0.165708985804186 
2134	 0.166290320072244 
2135	 0.165974497652021 
2136	 0.165715730313485 
2137	 0.165863461251745 
2138	 0.166692040327074 
2139	 0.167509971143474 
2140	 0.16772818455553 
2141	 0.16796939795879 
2142	 0.168983312274002 
2143	 0.169483441870743 
2144	 0.170040330359723 
2145	 0.170297033674565 
2146	 0.169739646494186 
2147	 0.170283248764138 
2148	 0.171917169392029 
2149	 0.172314921128741 
2150	 0.172570864692389 
2151	 0.172831532120302 
2152	 0.172000699894248 
2153	 0.171813659680716 
2154	 0.172989288089059 
2155	 0.173746585443977 
2156	 0.174198591777469 
2157	 0.174280004613784 
2158	 0.174398116759411 
2159	 0.174980909353519 
2160	 0.175023447741949 
2161	 0.175389993370044 
2162	 0.176434807432822 
2163	 0.177013138638026 
2164	 0.177080876329599 
2165	 0.176925397082307 
2166	 0.177310746938256 
2167	 0.176690076957106 
2168	 0.17677973640426 
2169	 0.17853114421437 
2170	 0.179070024608765 
2171	 0.178860130211445 
2172	 0.179183947802471 
2173	 0.179947951243123 
2174	 0.179128235026847 
2175	 0.178194848838649 
2176	 0.179348133255667 
2177	 0.179969403619936 
2178	 0.179758281633533 
2179	 0.180578442261586 
2180	 0.181108123522283 
2181	 0.181119429194229 
2182	 0.181102162952792 
2183	 0.18161648792547 
2184	 0.182157291891011 
2185	 0.182214623809522 
2186	 0.182025244141305 
2187	 0.182196570938822 
2188	 0.182158597648261 
2189	 0.182243061948543 
2190	 0.182896124574503 
2191	 0.182924184145512 
2192	 0.18184701102405 
2193	 0.182173350726158 
2194	 0.183890509523074 
2195	 0.184181149639539 
2196	 0.18478614661967 
2197	 0.184384005000496 
2198	 0.183238815997136 
2199	 0.182781334525464 
2200	 0.183938684444236 
2201	 0.185172463367958 
2202	 0.185362725361667 
2203	 0.185892983812114 
2204	 0.185748224012453 
2205	 0.184654545138085 
2206	 0.184385342504794 
2207	 0.184129500291874 
2208	 0.184483757236954 
2209	 0.185390952334151 
2210	 0.185438005766502 
2211	 0.184918874165025 
2212	 0.18506784074477 
2213	 0.185171220673616 
2214	 0.185111735421966 
2215	 0.185390620623959 
2216	 0.185647593213779 
2217	 0.185712071989801 
2218	 0.185721804365061 
2219	 0.185734904043578 
2220	 0.185706651653971 
2221	 0.185432596800834 
2222	 0.185278662450815 
2223	 0.18467651668429 
2224	 0.184546282073644 
2225	 0.184389558399575 
2226	 0.184197860849022 
2227	 0.184346933727277 
2228	 0.185444950439275 
2229	 0.186363516929385 
2230	 0.185340415882857 
2231	 0.183767645303978 
2232	 0.182501810052654 
2233	 0.181810974622431 
2234	 0.182101570968349 
2235	 0.181459855837826 
2236	 0.18071780224117 
2237	 0.180849094998423 
2238	 0.181157988066893 
2239	 0.1805844964128 
2240	 0.180721212824293 
2241	 0.180562446348378 
2242	 0.17891468489554 
2243	 0.177689144589852 
2244	 0.17683937018459 
2245	 0.17676813174828 
2246	 0.177240749584121 
2247	 0.177033616685279 
2248	 0.177107946533728 
2249	 0.177113611905815 
2250	 0.176305248238557 
2251	 0.175997949516889 
2252	 0.17551158777618 
2253	 0.17519958942582 
2254	 0.174970066793193 
2255	 0.173496716491163 
2256	 0.172697519373042 
2257	 0.172757732169381 
2258	 0.171472137109018 
2259	 0.169420403569207 
2260	 0.169109905387469 
2261	 0.16899796474753 
2262	 0.167107747169224 
2263	 0.167459213788155 
2264	 0.168029194727458 
2265	 0.165908121354721 
2266	 0.165373519920272 
2267	 0.164060006115296 
2268	 0.161782825826951 
2269	 0.162310190554383 
2270	 0.162586563456634 
2271	 0.163055237122922 
2272	 0.162959242281837 
2273	 0.161556138861119 
2274	 0.161051575995606 
2275	 0.161267698286223 
2276	 0.16064827489036 
2277	 0.160282820337345 
2278	 0.15981425490416 
2279	 0.158063588595143 
2280	 0.15735588221127 
2281	 0.15723724004627 
2282	 0.157385468136221 
2283	 0.158724474855381 
2284	 0.158435177310907 
2285	 0.157917514857888 
2286	 0.157249428038926 
2287	 0.155218698670093 
2288	 0.15337756101988 
2289	 0.153961558015462 
2290	 0.151987919019229 
2291	 0.149392780967834 
2292	 0.149799071405717 
2293	 0.149834502625476 
2294	 0.148549784154533 
2295	 0.147735758496408 
2296	 0.146853083038826 
2297	 0.145369483631126 
2298	 0.145042979149157 
2299	 0.145494220726293 
2300	 0.145460216228626 
2301	 0.145310829964609 
2302	 0.143971038943949 
2303	 0.140491503173455 
2304	 0.139100609876516 
2305	 0.140757397434162 
2306	 0.140293864402909 
2307	 0.139218336414167 
2308	 0.139266428520977 
2309	 0.137479680424915 
2310	 0.135096009771932 
2311	 0.135361067390131 
2312	 0.136419373598601 
2313	 0.135501947829492 
2314	 0.135460791111913 
2315	 0.136887962129181 
2316	 0.137226852545123 
2317	 0.135100187238515 
2318	 0.133456599935241 
2319	 0.133197945815979 
2320	 0.133312535840276 
2321	 0.132304029757137 
2322	 0.132486580914685 
2323	 0.132388071340639 
2324	 0.130812161209619 
2325	 0.129462606251913 
2326	 0.129290665650341 
2327	 0.129069215731417 
2328	 0.127886997268224 
2329	 0.127690003448676 
2330	 0.128532552086541 
2331	 0.128172554693192 
2332	 0.127154243744342 
2333	 0.126388897728662 
2334	 0.125295555201077 
2335	 0.124987889392499 
2336	 0.126449301435502 
2337	 0.125415853566799 
2338	 0.121425584067771 
2339	 0.12115196427279 
2340	 0.12248268046306 
2341	 0.121183762487345 
2342	 0.118906557303119 
2343	 0.121004807263062 
2344	 0.1208071319155 
2345	 0.116148589251095 
2346	 0.11778325878969 
2347	 0.12314905660721 
2348	 0.122318402639629 
2349	 0.121344768938342 
2350	 0.123946282054763 
2351	 0.121709453995562 
2352	 0.118119495123139 
2353	 0.119759300100588 
2354	 0.119060219782288 
2355	 0.112961212582216 
2356	 0.110464965579147 
2357	 0.111873485690337 
2358	 0.11082692341958 
2359	 0.113348454332159 
2360	 0.117051142579372 
2361	 0.116458337192562 
2362	 0.117803395860182 
2363	 0.117391588366915 
2364	 0.114675202950304 
2365	 0.11437224106271 
2366	 0.113681610442811 
2367	 0.113400034318788 
2368	 0.116187400295816 
2369	 0.116016179284218 
2370	 0.108195500964786 
2371	 0.103997541998181 
2372	 0.105401044844437 
2373	 0.102127902681564 
2374	 0.102831308643807 
2375	 0.108696406113712 
2376	 0.109253558162911 
2377	 0.109353184846236 
2378	 0.109588847402212 
2379	 0.104329242071602 
2380	 0.101262492722156 
2381	 0.104499061072751 
2382	 0.103065727775529 
2383	 0.100906877702126 
2384	 0.104256211942409 
2385	 0.102261943520516 
2386	 9.69849102952784E-02 
2387	 9.52188550591093E-02 
2388	 9.37182627985372E-02 
2389	 9.05108536368638E-02 
2390	 8.94809737554876E-02 
2391	 9.35972560566597E-02 
2392	 9.48050834815413E-02 
2393	 8.78360137016346E-02 
2394	 8.60709641298162E-02 
2395	 9.55352936217052E-02 
2396	 9.74814717151043E-02 
2397	 9.47966406765446E-02 
2398	 0.101098640738874 
2399	 0.101488630929183 
2400	 0.092806046505892 
2401	 0.093602325872725 
2402	 0.101726072669167 
2403	 0.101655909887101 
2404	 9.98882182604042E-02 
2405	 0.105856457405649 
2406	 0.104231035149963 
2407	 9.50855061510471E-02 
2408	 0.105542968614642 
2409	 0.111608487400194 
2410	 0.100009387283774 
2411	 0.10086540019865 
2412	 9.28393837836454E-02 
2413	 8.40025774711917E-02 
2414	 9.68528623624835E-02 
2415	 0.1032320028604 
2416	 0.102327842164437 
2417	 0.103232264752418 
2418	 9.62863057991529E-02 
2419	 8.89839578789415E-02 
2420	 9.07220161689209E-02 
2421	 8.26057870154556E-02 
2422	 7.00354327075036E-02 
2423	 6.78102582310833E-02 
2424	 6.70357316075252E-02 
2425	 7.19914074087788E-02 
2426	 7.53918721784759E-02 
2427	 7.72962013527746E-02 
2428	 8.07867603387841E-02 
2429	 0.077839801655487 
2430	 8.35394463644861E-02 
2431	 8.83312570164376E-02 
2432	 7.51246404367577E-02 
2433	 7.34607192601435E-02 
2434	 8.28106316906653E-02 
2435	 8.05098220550339E-02 
2436	 7.50500911054174E-02 
2437	 7.94471962267963E-02 
2438	 8.56809006928263E-02 
2439	 6.96882118378416E-02 
2440	 6.93590953382627E-02 
2441	 8.80468313774205E-02 
2442	 6.79752335344766E-02 
2443	 6.50012197336607E-02 
2444	 8.38475926917741E-02 
2445	 5.07274929866615E-02 
2446	 3.69175525613832E-02 
2447	 6.55229968091781E-02 
2448	 5.28004685042819E-02 
2449	 5.94594841504055E-02 
2450	 0.104877916175426 
2451	 8.48579722040286E-02 
2452	 5.42716444725422E-02 
2453	 6.83043903003154E-02 
2454	 4.40271898749183E-02 
2455	 1.38896450629776E-02 
2456	 2.94074945657806E-02 
2457	 4.87820720944852E-02 
2458	 5.11731334285954E-02 
2459	 4.74008722916518E-02 
2460	 6.08120510512846E-02 
2461	 0.059056819308147 
2462	 1.34637636179982E-02 
2463	 1.12961009683533E-02 
2464	 3.91012016545411E-02 
2465	 1.93241004718818E-02 
2466	 3.97983476891972E-02 
2467	 0.108619871278034 
2468	 6.37050047323606E-02 
2469	 6.54729354633552E-02 
2470	 8.92740483219037E-02 
2471	 0.084586852852807 
2472	 0.111580840613808 
2473	 0.121114440993073 
2474	 6.78697865936529E-02 
2475	 4.26057578521503E-02 
2476	 6.68043561054095E-03 
2477	-2.51852095527185E-03 
2478	 6.89096782212439E-02 
2479	 8.40377510552484E-02 
2480	 7.61159002674805E-02 
2481	 4.57045907111069E-02 
2482	-9.36070978519722E-02 
2483	-0.218700907619854 
2484	-0.195935762862905 
2485	-0.129832708591923 
2486	-1.59653490492441E-02 
2487	 0.105918290021845 
2488	 0.126250632728057 
2489	 0.125859296994074 
2490	 1.61407459166095E-03 
2491	 0.050975319483601 
2492	 0.345526516163256 
2493	 1.85250064425754E-02 
2494	-9.10241089100769E-02 
2495	 2.82287562507091E-03 
2496	-0.312602245597644 
2497	-5.03980500953853E-02 
2498	 0.234833630128695 
2499	-8.41689858449342E-02 
2500	-0.129291363622302 
