Wavelength	09/27/123 at 12:19:10
350	 9.71592521138031E-02 
351	 0.096535115893558 
352	 9.65536263447488E-02 
353	 9.63734291866605E-02 
354	 9.50355974581664E-02 
355	 9.44353543996549E-02 
356	 9.35172054555522E-02 
357	 9.18092723403135E-02 
358	 9.07234023797649E-02 
359	 8.92795289589565E-02 
360	 0.087409427074865 
361	 8.54644366336451E-02 
362	 8.37308283445182E-02 
363	 8.22077211555676E-02 
364	 0.080773702018318 
365	 7.91084752510124E-02 
366	 7.77535708895573E-02 
367	 7.65101832974439E-02 
368	 7.48972637935285E-02 
369	 7.34886213400566E-02 
370	 7.18853493445039E-02 
371	 6.98707369996067E-02 
372	 6.78676699255583E-02 
373	 6.59527100522426E-02 
374	 6.40555112705485E-02 
375	 6.20253305926133E-02 
376	 6.01025725062334E-02 
377	 5.85167040119557E-02 
378	 5.72551689736468E-02 
379	 5.57777142757831E-02 
380	 5.43855036980287E-02 
381	 5.30253414122048E-02 
382	 5.14984104875796E-02 
383	 4.98930706851768E-02 
384	 4.81824981155575E-02 
385	 4.63945546854874E-02 
386	 0.04463948231845 
387	 4.31309453620094E-02 
388	 4.18637504187942E-02 
389	 4.06974136801083E-02 
390	 3.95051313687543E-02 
391	 3.84498612036048E-02 
392	 3.75167146669451E-02 
393	 3.62911819565208E-02 
394	 3.49432950754684E-02 
395	 3.35605961647411E-02 
396	 3.22357277293747E-02 
397	 3.11646150601215E-02 
398	 3.02737469005428E-02 
399	 2.95146840230517E-02 
400	 0.028930831817171 
401	 2.85093627606316E-02 
402	 2.81453768755246E-02 
403	 2.77147692082519E-02 
404	 2.72507635393679E-02 
405	 2.67707889176676E-02 
406	 2.63006600060639E-02 
407	 2.58799324810133E-02 
408	 2.54733294563221E-02 
409	 2.50355159434192E-02 
410	 2.45354682906762E-02 
411	 2.40774034873682E-02 
412	 2.35996915582279E-02 
413	 2.31106133099222E-02 
414	 2.27703216667065E-02 
415	 2.24299190038564E-02 
416	 0.021998012649487 
417	 2.14337034373913E-02 
418	 2.08846828468764E-02 
419	 2.04030744457643E-02 
420	 2.00189837294531E-02 
421	 1.97586850055227E-02 
422	 1.95183647635086E-02 
423	 1.92679247946949E-02 
424	 1.90352139692465E-02 
425	 1.90170333333992E-02 
426	 1.90293045493538E-02 
427	 1.89768350403742E-02 
428	 1.89446425094723E-02 
429	 1.89545789534188E-02 
430	 1.89242699187609E-02 
431	 1.87788038038993E-02 
432	 1.86955419906469E-02 
433	 0.018692065959019 
434	 0.018708613570046 
435	 1.85927338519961E-02 
436	 1.86192482228388E-02 
437	 1.86484716407858E-02 
438	 1.84870235900625E-02 
439	 1.83973737913563E-02 
440	 1.82378680220159E-02 
441	 1.79731976769518E-02 
442	 1.77314291697105E-02 
443	 1.75419556949612E-02 
444	 1.73678113641607E-02 
445	 1.71686627821605E-02 
446	 1.70194970741333E-02 
447	 1.68730807545921E-02 
448	 1.67413604810512E-02 
449	 1.67166151434917E-02 
450	 1.67375766152295E-02 
451	 0.01675799754927 
452	 1.67649025302261E-02 
453	 1.68899797779423E-02 
454	 1.70237138570537E-02 
455	 1.71423023078269E-02 
456	 1.73341755785126E-02 
457	 0.017578880524099 
458	 1.78897662462065E-02 
459	 1.82674634016854E-02 
460	 1.86239251716148E-02 
461	 1.90329002512622E-02 
462	 1.94940569722895E-02 
463	 1.99242196697425E-02 
464	 2.03868024022648E-02 
465	 2.08900822620455E-02 
466	 2.13977030756732E-02 
467	 0.021773935672453 
468	 0.022054279250144 
469	 2.22667329314018E-02 
470	 2.24283556530111E-02 
471	 2.25305084600043E-02 
472	 2.25112066520601E-02 
473	 2.23501462040125E-02 
474	 2.21886105314638E-02 
475	 2.20417851858996E-02 
476	 2.18478634117253E-02 
477	 2.14999878536355E-02 
478	 2.12512680816415E-02 
479	 2.11282912512115E-02 
480	 2.11126616903132E-02 
481	 2.11994024602522E-02 
482	 2.14086881834171E-02 
483	 2.17311365302947E-02 
484	 2.21412566229987E-02 
485	 0.022734370097767 
486	 2.34714697405422E-02 
487	 2.43014113910878E-02 
488	 2.51994325249978E-02 
489	 2.63121476956256E-02 
490	 2.76786457279038E-02 
491	 2.92770879447996E-02 
492	 3.10633922732789E-02 
493	 3.31254172865601E-02 
494	 3.55029497663913E-02 
495	 3.81050342194065E-02 
496	 4.10552094539103E-02 
497	 4.44109442843289E-02 
498	 4.82001814156091E-02 
499	 5.25452452225878E-02 
500	 5.72593826575903E-02 
501	 6.22458885452147E-02 
502	 6.76583771284565E-02 
503	 7.33483217038389E-02 
504	 7.93462220302697E-02 
505	 8.57771158565454E-02 
506	 0.092728073745384 
507	 0.10009372627621 
508	 0.107808032680718 
509	 0.115844776148206 
510	 0.124197572027224 
511	 0.132876986559193 
512	 0.141916233956813 
513	 0.151256002090646 
514	 0.160923379299341 
515	 0.170939148486167 
516	 0.181267802487898 
517	 0.191586619566427 
518	 0.201656927002829 
519	 0.2112623623394 
520	 0.220555877295072 
521	 0.229735915507935 
522	 0.238884225254093 
523	 0.247862574236913 
524	 0.256622638265001 
525	 0.265304315479538 
526	 0.273943518317643 
527	 0.282106000668608 
528	 0.289758787184235 
529	 0.296979591583647 
530	 0.304089967685227 
531	 0.311011753388221 
532	 0.31773333189883 
533	 0.324168737953795 
534	 0.33025338638297 
535	 0.336050776601121 
536	 0.341611681586367 
537	 0.346970705303288 
538	 0.352113678339268 
539	 0.357090743312934 
540	 0.361908798613074 
541	 0.366485085322476 
542	 0.370784003498962 
543	 0.374824280974373 
544	 0.378675143566409 
545	 0.382253961842877 
546	 0.385663481749654 
547	 0.388958548669126 
548	 0.392071722145119 
549	 0.394994825204128 
550	 0.397766262548818 
551	 0.400445820922849 
552	 0.402997269312513 
553	 0.405477692581955 
554	 0.407880152855232 
555	 0.410133428250453 
556	 0.412217695437383 
557	 0.414208124093255 
558	 0.416178340754944 
559	 0.41812533630043 
560	 0.419930245080377 
561	 0.421601258177785 
562	 0.423291995006651 
563	 0.424905759966098 
564	 0.426480988216025 
565	 0.428047638578464 
566	 0.429508173691598 
567	 0.430893206093137 
568	 0.432202287669294 
569	 0.433420571916652 
570	 0.434585926194527 
571	 0.435789003532981 
572	 0.437034299076302 
573	 0.438175789496195 
574	 0.439289573254259 
575	 0.440417806341861 
576	 0.441571950267227 
577	 0.442730110638083 
578	 0.443912597452417 
579	 0.445133335318584 
580	 0.44637250568767 
581	 0.447603633634785 
582	 0.448821199855089 
583	 0.450008991511995 
584	 0.451109114125496 
585	 0.452270658174528 
586	 0.453488496580461 
587	 0.454611019739601 
588	 0.455321128660404 
589	 0.456060190729928 
590	 0.457184905420819 
591	 0.458252360834091 
592	 0.459277150668583 
593	 0.460299594385974 
594	 0.461368567729666 
595	 0.46265152944368 
596	 0.463919498118168 
597	 0.465017941425085 
598	 0.466056325179228 
599	 0.467032006234409 
600	 0.467864627858967 
601	 0.46850681778129 
602	 0.469237839791926 
603	 0.469867106026454 
604	 0.47028985716555 
605	 0.470569554888622 
606	 0.470694714097487 
607	 0.470751468058846 
608	 0.470819936119618 
609	 0.470853828430806 
610	 0.470913102607143 
611	 0.471022678551333 
612	 0.471153374782122 
613	 0.471279193714763 
614	 0.471391428209544 
615	 0.471492151909147 
616	 0.471624044276909 
617	 0.471836058510544 
618	 0.472094229874859 
619	 0.472323480167497 
620	 0.472503273850284 
621	 0.472718755187204 
622	 0.473008081259555 
623	 0.473328357275013 
624	 0.473574470165146 
625	 0.473841431195093 
626	 0.474251235388499 
627	 0.474595585614496 
628	 0.474919138242778 
629	 0.475241973053531 
630	 0.475537217172059 
631	 0.475865183667973 
632	 0.476155904650147 
633	 0.476352448755893 
634	 0.476570818222597 
635	 0.476741629549755 
636	 0.47684710624864 
637	 0.476912842670767 
638	 0.476936707174808 
639	 0.476877393269563 
640	 0.476749081321936 
641	 0.476704282452586 
642	 0.476648336538466 
643	 0.476519359380354 
644	 0.476289933647715 
645	 0.476039204509873 
646	 0.475750577551208 
647	 0.475472429732886 
648	 0.475325713279812 
649	 0.475226340038025 
650	 0.475082007392745 
651	 0.474868563097195 
652	 0.474774430963338 
653	 0.474653884264422 
654	 0.474356918447507 
655	 0.473741043360135 
656	 0.473395463105543 
657	 0.473151325692463 
658	 0.472771887581386 
659	 0.472105330202942 
660	 0.47150791589792 
661	 0.470899305662844 
662	 0.470094704527102 
663	 0.469263181978294 
664	 0.468461593705011 
665	 0.467711818048216 
666	 0.466959967438077 
667	 0.466260523821835 
668	 0.465616017999669 
669	 0.465015204911381 
670	 0.464443775178952 
671	 0.464076145205717 
672	 0.463834425687997 
673	 0.463528319482319 
674	 0.463344116771138 
675	 0.463243173477336 
676	 0.463212259749409 
677	 0.463324282058398 
678	 0.463565071599101 
679	 0.463944469104927 
680	 0.464497132848062 
681	 0.46528831640434 
682	 0.466300630304959 
683	 0.467616848608506 
684	 0.469328024999231 
685	 0.470900151894269 
686	 0.472662215399976 
687	 0.474951265239434 
688	 0.477450357863855 
689	 0.479500581648972 
690	 0.481312664499953 
691	 0.483220082202074 
692	 0.485049394774224 
693	 0.48694999890569 
694	 0.489036363248602 
695	 0.491313979384477 
696	 0.493669206973632 
697	 0.495843779736591 
698	 0.497851476333311 
699	 0.500146643977241 
700	 0.502557681294609 
701	 0.504923291252411 
702	 0.507136739394166 
703	 0.509410994366467 
704	 0.511668596886627 
705	 0.513897508132491 
706	 0.516120193645482 
707	 0.518447801547175 
708	 0.520782258922455 
709	 0.523060169428283 
710	 0.525379111264454 
711	 0.527749148372718 
712	 0.530200881001156 
713	 0.532758587813097 
714	 0.535358179004702 
715	 0.537660865081563 
716	 0.539702795269021 
717	 0.541923907412635 
718	 0.544705765433249 
719	 0.548142073104246 
720	 0.551822123311923 
721	 0.555071949955684 
722	 0.557535930924724 
723	 0.559865054680235 
724	 0.562808364969606 
725	 0.566001011593991 
726	 0.569115300447182 
727	 0.572114116766365 
728	 0.575130096912019 
729	 0.578037135348869 
730	 0.580971515716626 
731	 0.584006192033552 
732	 0.586914128815631 
733	 0.589616620123685 
734	 0.592171624201519 
735	 0.594671664101957 
736	 0.597137942923988 
737	 0.59953207311297 
738	 0.601852163584012 
739	 0.604127091860816 
740	 0.606264967154205 
741	 0.608295224906903 
742	 0.610262956671925 
743	 0.612183146008876 
744	 0.613945702884383 
745	 0.615539877351304 
746	 0.617001288497111 
747	 0.618364036677081 
748	 0.619736444332218 
749	 0.621098346354326 
750	 0.622273934394197 
751	 0.623449496521982 
752	 0.624600000318329 
753	 0.625667998068885 
754	 0.626654927924075 
755	 0.627670378082608 
756	 0.628800260703496 
757	 0.630037322073914 
758	 0.630621065128399 
759	 0.630722050630935 
760	 0.631576590467327 
761	 0.635873085001262 
762	 0.637322124552866 
763	 0.637077167985712 
764	 0.637104110387432 
765	 0.637299277626607 
766	 0.637347823705528 
767	 0.637299941317706 
768	 0.637297282790696 
769	 0.637476105082631 
770	 0.637771960741238 
771	 0.638137198389881 
772	 0.638553296808262 
773	 0.638991125196286 
774	 0.639447432096715 
775	 0.639907322075481 
776	 0.640327405536811 
777	 0.640772142775439 
778	 0.641271491616723 
779	 0.641821927928695 
780	 0.642401245561219 
781	 0.642875990713564 
782	 0.64325545361521 
783	 0.643642489595558 
784	 0.644089523552399 
785	 0.644546306796885 
786	 0.644972504799571 
787	 0.64537003952521 
788	 0.645729581599698 
789	 0.646077228232823 
790	 0.646471690343477 
791	 0.64704642566909 
792	 0.647561702191235 
793	 0.647968299711629 
794	 0.648315516158042 
795	 0.648631796563921 
796	 0.649103018778567 
797	 0.649641401311148 
798	 0.649959922476053 
799	 0.650293696568211 
800	 0.650691299507384 
801	 0.651145774163804 
802	 0.651614594522882 
803	 0.652064034185565 
804	 0.652538312112836 
805	 0.653050222387915 
806	 0.653441537560635 
807	 0.653745691692888 
808	 0.654016795761803 
809	 0.654299241483759 
810	 0.654596237943281 
811	 0.654832855074431 
812	 0.654948295776771 
813	 0.654938441332915 
814	 0.655023051875564 
815	 0.655272527732646 
816	 0.655718896483649 
817	 0.656394153055353 
818	 0.657176175291092 
819	 0.65787580969753 
820	 0.658287645966503 
821	 0.658057677074865 
822	 0.657878132861926 
823	 0.658374527831067 
824	 0.659743699963694 
825	 0.660297817166973 
826	 0.66022834925602 
827	 0.660010348732774 
828	 0.660202963261985 
829	 0.660581149250535 
830	 0.66091775764411 
831	 0.661141788632395 
832	 0.661448786362698 
833	 0.661893088548346 
834	 0.662357541978076 
835	 0.662743609091864 
836	 0.663068855914847 
837	 0.663454315668604 
838	 0.663867812385608 
839	 0.664222932619238 
840	 0.664581796486125 
841	 0.66488685527365 
842	 0.665143694296691 
843	 0.665411122869123 
844	 0.665865605181637 
845	 0.666275536154135 
846	 0.666551440257344 
847	 0.666877184243031 
848	 0.666960613257197 
849	 0.667196400419064 
850	 0.667774616347724 
851	 0.668045617498122 
852	 0.66799812812267 
853	 0.66797820512413 
854	 0.668402720118842 
855	 0.669348857821548 
856	 0.670209659824184 
857	 0.670578303648237 
858	 0.670384263854867 
859	 0.670525127273277 
860	 0.670806358503038 
861	 0.671105949143601 
862	 0.671444399512472 
863	 0.671796319828011 
864	 0.671803780216095 
865	 0.671561258038114 
866	 0.671910157980713 
867	 0.67258748411862 
868	 0.673264580464094 
869	 0.673686449104563 
870	 0.673809743657925 
871	 0.673931499961635 
872	 0.674112683318418 
873	 0.674349677986121 
874	 0.674622707087333 
875	 0.674918720242576 
876	 0.675218581942287 
877	 0.675482760806016 
878	 0.675722368492199 
879	 0.675877454142697 
880	 0.67606090905452 
881	 0.676498986925461 
882	 0.676698816598008 
883	 0.67671295040092 
884	 0.676722648420948 
885	 0.676954650838979 
886	 0.677176831358789 
887	 0.677333620047271 
888	 0.677521632497841 
889	 0.677964038697692 
890	 0.678031429325447 
891	 0.677857508688995 
892	 0.677699284126299 
893	 0.677634203198906 
894	 0.677333677358465 
895	 0.676907252776079 
896	 0.676618435983442 
897	 0.676477060441127 
898	 0.676478192834626 
899	 0.676796056704976 
900	 0.677546834790902 
901	 0.678242719662012 
902	 0.678952417258513 
903	 0.679468802562248 
904	 0.679426718734259 
905	 0.679153393205115 
906	 0.678595571834408 
907	 0.677992732637593 
908	 0.677850256259772 
909	 0.678150058949908 
910	 0.678406273631894 
911	 0.678464099772755 
912	 0.67870536616723 
913	 0.678255664334971 
914	 0.67789785810172 
915	 0.678162914575841 
916	 0.678473145022012 
917	 0.678998776267919 
918	 0.679594819307458 
919	 0.68000022765195 
920	 0.67988810699593 
921	 0.679665351335564 
922	 0.67919424978075 
923	 0.678435921395089 
924	 0.678274624524543 
925	 0.678210693892485 
926	 0.677392022836668 
927	 0.675209564315213 
928	 0.673251254504637 
929	 0.670719196795102 
930	 0.667700889203642 
931	 0.664994220678782 
932	 0.663064716902414 
933	 0.660907400394406 
934	 0.659199837184987 
935	 0.659695273603583 
936	 0.660600959807445 
937	 0.661507673157287 
938	 0.662265604683178 
939	 0.662737005494504 
940	 0.662079998229141 
941	 0.660010190147097 
942	 0.657309104915491 
943	 0.655602517815696 
944	 0.654963552938041 
945	 0.654103197535513 
946	 0.652640239807968 
947	 0.651583020707019 
948	 0.650357724544915 
949	 0.648800744700452 
950	 0.647131953731811 
951	 0.646001392043483 
952	 0.644581255402336 
953	 0.642989272964029 
954	 0.641551950756852 
955	 0.640512519312103 
956	 0.639265577314262 
957	 0.638269716150181 
958	 0.637843043324499 
959	 0.637584886676625 
960	 0.636905276125255 
961	 0.636380137374002 
962	 0.636400543251792 
963	 0.636385625726133 
964	 0.636713942089838 
965	 0.637145020513162 
966	 0.637342175255986 
967	 0.637094417632926 
968	 0.637147066870662 
969	 0.637430209542134 
970	 0.637662875084033 
971	 0.637755310996474 
972	 0.63757002718155 
973	 0.637461972088301 
974	 0.637594201797148 
975	 0.63709384443229 
976	 0.637327135123072 
977	 0.637977931092027 
978	 0.638396156089599 
979	 0.638995338997708 
980	 0.639496644538667 
981	 0.640031181531647 
982	 0.64077859713378 
983	 0.641620768445659 
984	 0.641795095913548 
985	 0.642110356199328 
986	 0.643408631761739 
987	 0.644481967753002 
988	 0.645156211547923 
989	 0.64580522847104 
990	 0.646764064328283 
991	 0.647414810205849 
992	 0.647247940251653 
993	 0.647645586272087 
994	 0.649588743173137 
995	 0.649507182365803 
996	 0.650098532815208 
997	 0.65115209738135 
998	 0.651575777553604 
999	 0.652035282307298 
1000	 0.652442110106125 
1001	 0.675566323866476 
1002	 0.676241165921151 
1003	 0.677085319642436 
1004	 0.678101804404851 
1005	 0.679034645122987 
1006	 0.680008913513245 
1007	 0.681233183998183 
1008	 0.68248659278288 
1009	 0.683382560933218 
1010	 0.684562237037625 
1011	 0.685851511742861 
1012	 0.686869543711122 
1013	 0.688046650211182 
1014	 0.689124438492974 
1015	 0.68993248517192 
1016	 0.690874359801495 
1017	 0.692040401263601 
1018	 0.693282993555828 
1019	 0.694572293347906 
1020	 0.69593347156101 
1021	 0.697232644549915 
1022	 0.698310986735384 
1023	 0.699212148303079 
1024	 0.700012972532723 
1025	 0.700993169204286 
1026	 0.702064863352019 
1027	 0.70303187813554 
1028	 0.704098434766 
1029	 0.705304372595136 
1030	 0.706297984378154 
1031	 0.707350339721634 
1032	 0.708365776129407 
1033	 0.709723380291057 
1034	 0.710826712451804 
1035	 0.711886747244192 
1036	 0.713048551602272 
1037	 0.713727186982497 
1038	 0.714501389013173 
1039	 0.715406247415614 
1040	 0.716081869927302 
1041	 0.717125912107851 
1042	 0.718233317164725 
1043	 0.719275915784042 
1044	 0.720257269235383 
1045	 0.721292473562042 
1046	 0.722088947675579 
1047	 0.722990561248691 
1048	 0.723874528855877 
1049	 0.724765919581043 
1050	 0.725726390594514 
1051	 0.726338775223726 
1052	 0.727028939974487 
1053	 0.727969656509807 
1054	 0.728634318426785 
1055	 0.72928712349289 
1056	 0.729909497150166 
1057	 0.730379829293395 
1058	 0.730425938063333 
1059	 0.730918761592434 
1060	 0.731663964255966 
1061	 0.732131999787434 
1062	 0.732736934666913 
1063	 0.733498820378272 
1064	 0.733933461752915 
1065	 0.734391863085696 
1066	 0.734894017991727 
1067	 0.735048035643928 
1068	 0.735144119300167 
1069	 0.735535992441815 
1070	 0.73584128469919 
1071	 0.736221649347167 
1072	 0.736504753861623 
1073	 0.736815958997595 
1074	 0.736895440129117 
1075	 0.736775672109395 
1076	 0.736834597103807 
1077	 0.736710101521582 
1078	 0.736662974055587 
1079	 0.736751781252779 
1080	 0.73677523083948 
1081	 0.736913663156241 
1082	 0.736979697742972 
1083	 0.736853551693927 
1084	 0.736533522560415 
1085	 0.736306031515716 
1086	 0.735878159169849 
1087	 0.735622258748265 
1088	 0.735512665547509 
1089	 0.735365160047529 
1090	 0.735234279388664 
1091	 0.735002959856655 
1092	 0.734753758636322 
1093	 0.734562299552275 
1094	 0.734291195721038 
1095	 0.734035377489157 
1096	 0.733728434092714 
1097	 0.733421627539409 
1098	 0.733022376795434 
1099	 0.732490379464428 
1100	 0.732111474225246 
1101	 0.731800705087093 
1102	 0.731432800999844 
1103	 0.731178839367504 
1104	 0.730780311919053 
1105	 0.730378404023203 
1106	 0.72974482784139 
1107	 0.728842732701656 
1108	 0.727911980651247 
1109	 0.727079887497658 
1110	 0.726111039242097 
1111	 0.725451592349462 
1112	 0.725211841749772 
1113	 0.724609110714823 
1114	 0.723934607556243 
1115	 0.723274172324155 
1116	 0.722569790718045 
1117	 0.721723642935591 
1118	 0.720749087928546 
1119	 0.7197514055279 
1120	 0.718934824640479 
1121	 0.717441692615728 
1122	 0.715482047417152 
1123	 0.713478059187214 
1124	 0.711135640421223 
1125	 0.707941400667864 
1126	 0.705440589496729 
1127	 0.703772512438806 
1128	 0.701036218337447 
1129	 0.698343681349272 
1130	 0.695254408131995 
1131	 0.691724373503523 
1132	 0.688433141997988 
1133	 0.685408371504007 
1134	 0.682210700385936 
1135	 0.678919811732959 
1136	 0.675805984939514 
1137	 0.672911832907693 
1138	 0.669732854586279 
1139	 0.666745834996352 
1140	 0.663172386685519 
1141	 0.659749032275346 
1142	 0.656067625555749 
1143	 0.652458869195745 
1144	 0.649042902702729 
1145	 0.645265900748879 
1146	 0.641172336702273 
1147	 0.637434448412264 
1148	 0.633557593422187 
1149	 0.630095517212057 
1150	 0.627255863600095 
1151	 0.624056769012454 
1152	 0.620632308551911 
1153	 0.61780029804996 
1154	 0.615045071487144 
1155	 0.612629494067139 
1156	 0.610846519493904 
1157	 0.60931686612702 
1158	 0.607912160722674 
1159	 0.606713199217107 
1160	 0.60563827336341 
1161	 0.604565124772253 
1162	 0.603975647714708 
1163	 0.603698862304358 
1164	 0.603300571780444 
1165	 0.603198733449499 
1166	 0.60286102236201 
1167	 0.602155781643762 
1168	 0.601843436387254 
1169	 0.601793874903437 
1170	 0.601575167765742 
1171	 0.601421807448233 
1172	 0.601289713123596 
1173	 0.600896976952278 
1174	 0.600502972735938 
1175	 0.600317007660983 
1176	 0.60023460879079 
1177	 0.600130255682621 
1178	 0.60022576351753 
1179	 0.600098859509358 
1180	 0.599836200353383 
1181	 0.599596280208954 
1182	 0.599139356117217 
1183	 0.598962709973119 
1184	 0.599049474268634 
1185	 0.598924582801628 
1186	 0.598799927065928 
1187	 0.598710999478406 
1188	 0.598586455189601 
1189	 0.598300704305716 
1190	 0.598331820045553 
1191	 0.598442274486093 
1192	 0.598304441896355 
1193	 0.598330504114351 
1194	 0.598363605646863 
1195	 0.598316003388857 
1196	 0.598405527056144 
1197	 0.598653684255614 
1198	 0.598826967383076 
1199	 0.599055704920101 
1200	 0.599233365964058 
1201	 0.599333564521132 
1202	 0.599533813834337 
1203	 0.599731093053745 
1204	 0.600016198245771 
1205	 0.600409356785379 
1206	 0.600824803972997 
1207	 0.601219396053878 
1208	 0.601556471005829 
1209	 0.601947984752114 
1210	 0.602505944643269 
1211	 0.603064192537564 
1212	 0.603479247026849 
1213	 0.604024940988521 
1214	 0.604642395543295 
1215	 0.605190725592538 
1216	 0.605789950923443 
1217	 0.606401838505659 
1218	 0.606873251597438 
1219	 0.607531224815861 
1220	 0.608367622944637 
1221	 0.609124313852742 
1222	 0.609954411321881 
1223	 0.610709757072501 
1224	 0.611373401458141 
1225	 0.612107896881468 
1226	 0.612774533914799 
1227	 0.613475444182615 
1228	 0.614247751067088 
1229	 0.614994798988656 
1230	 0.615802955223518 
1231	 0.61654816344779 
1232	 0.617148490584707 
1233	 0.617796036754049 
1234	 0.618409088034833 
1235	 0.61910509443147 
1236	 0.619868467354928 
1237	 0.620813081003304 
1238	 0.621495288120118 
1239	 0.622118916623949 
1240	 0.622730146300845 
1241	 0.623131852124396 
1242	 0.623711004535119 
1243	 0.624411101879134 
1244	 0.625090556704991 
1245	 0.625666683433768 
1246	 0.62623608403873 
1247	 0.62675292067364 
1248	 0.627278599460926 
1249	 0.627925980881128 
1250	 0.628564316154557 
1251	 0.629122455474593 
1252	 0.629675292838351 
1253	 0.630128989665167 
1254	 0.630531984032699 
1255	 0.631168811221227 
1256	 0.631684001897257 
1257	 0.632112078162079 
1258	 0.63255419211844 
1259	 0.632996032490022 
1260	 0.633288288484378 
1261	 0.633725043942738 
1262	 0.634343700816785 
1263	 0.634714318362738 
1264	 0.635008744839691 
1265	 0.635345533279657 
1266	 0.635627734539025 
1267	 0.635959878804309 
1268	 0.636288068345647 
1269	 0.636411198858475 
1270	 0.63639433659963 
1271	 0.636335812212341 
1272	 0.63623695328324 
1273	 0.636168685452127 
1274	 0.636164371826619 
1275	 0.636108765405302 
1276	 0.635823438377252 
1277	 0.635432627963636 
1278	 0.635077051902946 
1279	 0.634738587724388 
1280	 0.634338130930085 
1281	 0.634093860019653 
1282	 0.633599938042504 
1283	 0.632898457125899 
1284	 0.632154764448861 
1285	 0.631506841556268 
1286	 0.631038133567122 
1287	 0.630671789083164 
1288	 0.630111172610551 
1289	 0.629275894739728 
1290	 0.628540172763347 
1291	 0.627562392363993 
1292	 0.626432048204476 
1293	 0.625771030289083 
1294	 0.624944448156121 
1295	 0.623783302911962 
1296	 0.62292839796661 
1297	 0.622094709684863 
1298	 0.620872047300293 
1299	 0.619639681011224 
1300	 0.618364424977558 
1301	 0.616870493193543 
1302	 0.61561024603504 
1303	 0.614227370640391 
1304	 0.612888571010821 
1305	 0.611467138283086 
1306	 0.61002350784864 
1307	 0.608355274067395 
1308	 0.606475693893708 
1309	 0.604834448422987 
1310	 0.603069187388713 
1311	 0.600830601458431 
1312	 0.598876962837808 
1313	 0.596989118246891 
1314	 0.594635494091883 
1315	 0.592586407640108 
1316	 0.590487292810247 
1317	 0.588009914636711 
1318	 0.585848155744576 
1319	 0.583329569156321 
1320	 0.58053893914729 
1321	 0.578394050303622 
1322	 0.57612976903997 
1323	 0.573614881345716 
1324	 0.571301508106891 
1325	 0.568845729150533 
1326	 0.566158639817868 
1327	 0.563295299705257 
1328	 0.560720604164874 
1329	 0.558050536151457 
1330	 0.554996162692912 
1331	 0.551581254637943 
1332	 0.548632878560685 
1333	 0.545581377563013 
1334	 0.542371889979579 
1335	 0.539885811290443 
1336	 0.537268321611075 
1337	 0.534354054862106 
1338	 0.531715681451207 
1339	 0.529109300471863 
1340	 0.526799281771257 
1341	 0.524632853233893 
1342	 0.52239677942584 
1343	 0.520450293051802 
1344	 0.518445605285549 
1345	 0.516715141938217 
1346	 0.515055779180439 
1347	 0.512791467217306 
1348	 0.510459012774878 
1349	 0.508058422892103 
1350	 0.505914378753516 
1351	 0.504798835822526 
1352	 0.504182555088548 
1353	 0.502095800995739 
1354	 0.498043416994346 
1355	 0.494613955281495 
1356	 0.49127897038732 
1357	 0.488672958125861 
1358	 0.491657186314109 
1359	 0.492557868796267 
1360	 0.491407238804784 
1361	 0.481366316519029 
1362	 0.481037406299984 
1363	 0.479464434568418 
1364	 0.47886912843144 
1365	 0.492384826837014 
1366	 0.488056501054059 
1367	 0.495769865914897 
1368	 0.509394357336585 
1369	 0.512896215169573 
1370	 0.543982398885793 
1371	 0.510034838712157 
1372	 0.45713910492146 
1373	 0.445593267338157 
1374	 0.399608962213721 
1375	 0.419670347884612 
1376	 0.511196711220255 
1377	 0.516784166628344 
1378	 0.450121050151703 
1379	 0.378063576503102 
1380	 0.352283791110239 
1381	 0.333154428156282 
1382	 0.379165871577937 
1383	 0.42513179652067 
1384	 0.340527632052356 
1385	 0.285972873150216 
1386	 0.338028697958166 
1387	 0.336460021035642 
1388	 0.313795395669292 
1389	 0.307372094468799 
1390	 0.307495510970829 
1391	 0.255293243020467 
1392	 0.237352725388729 
1393	 0.266125410992789 
1394	 0.257842155599337 
1395	 0.236870432313523 
1396	 0.231513328900401 
1397	 0.221979180945324 
1398	 0.214922264316174 
1399	 0.211999263010489 
1400	 0.214032189776352 
1401	 0.231219733337877 
1402	 0.239505954908004 
1403	 0.236022210364548 
1404	 0.228260280995467 
1405	 0.211204357426554 
1406	 0.2016463811333 
1407	 0.20073063343273 
1408	 0.2005009853838 
1409	 0.201812893987889 
1410	 0.198974517725324 
1411	 0.193806658242754 
1412	 0.191398047954665 
1413	 0.18782657553219 
1414	 0.184827414015053 
1415	 0.185696713724628 
1416	 0.186033067978514 
1417	 0.184013808334644 
1418	 0.180886787036316 
1419	 0.178630145431373 
1420	 0.178361214077062 
1421	 0.179104940764234 
1422	 0.179551524494751 
1423	 0.178752221885738 
1424	 0.177789166295353 
1425	 0.177434906057106 
1426	 0.176578643067167 
1427	 0.175783139363633 
1428	 0.175410847051106 
1429	 0.174529366445406 
1430	 0.173891754616136 
1431	 0.174615832959722 
1432	 0.173928871282223 
1433	 0.172712625946839 
1434	 0.171943851957507 
1435	 0.170192753341411 
1436	 0.169352463195416 
1437	 0.170197801544812 
1438	 0.170147168439553 
1439	 0.168878040766755 
1440	 0.168650243648414 
1441	 0.16861292491936 
1442	 0.167886656594398 
1443	 0.167649922888031 
1444	 0.167704736322844 
1445	 0.16779570548591 
1446	 0.168121952001698 
1447	 0.168446505908619 
1448	 0.168110341660016 
1449	 0.167494677320259 
1450	 0.167475889539859 
1451	 0.167590846132905 
1452	 0.168061466689818 
1453	 0.168410968129057 
1454	 0.167953994095984 
1455	 0.167596552834197 
1456	 0.167773962064281 
1457	 0.16853051059893 
1458	 0.169169286528513 
1459	 0.169383410174398 
1460	 0.169568104688287 
1461	 0.169604998608278 
1462	 0.169796925239357 
1463	 0.170570914720479 
1464	 0.171350164363159 
1465	 0.17165797366685 
1466	 0.172051488122506 
1467	 0.17247008307864 
1468	 0.172741180458511 
1469	 0.173655364073282 
1470	 0.1747111631019 
1471	 0.176101368269507 
1472	 0.177185075829845 
1473	 0.178525848636724 
1474	 0.179613222560198 
1475	 0.180309391226768 
1476	 0.181464155986802 
1477	 0.18259603849296 
1478	 0.183816443956608 
1479	 0.185445409175015 
1480	 0.186918675557108 
1481	 0.188217395017832 
1482	 0.189299794583594 
1483	 0.190575428012235 
1484	 0.192011200481211 
1485	 0.193091624966876 
1486	 0.194657447407168 
1487	 0.19665973232874 
1488	 0.198072767917982 
1489	 0.199635911856862 
1490	 0.201322425278764 
1491	 0.202292072922889 
1492	 0.203594954744903 
1493	 0.205424686389642 
1494	 0.206830250193878 
1495	 0.208217442173527 
1496	 0.209842853789864 
1497	 0.211254656317885 
1498	 0.212666312186851 
1499	 0.214055597135398 
1500	 0.215259726559944 
1501	 0.216634169955872 
1502	 0.218204355325199 
1503	 0.219804872444827 
1504	 0.221346962633111 
1505	 0.222839218336397 
1506	 0.224259320918282 
1507	 0.225727691310716 
1508	 0.227438840876 
1509	 0.229013469217444 
1510	 0.230599492193118 
1511	 0.232355374172204 
1512	 0.23385531600727 
1513	 0.235512668056167 
1514	 0.237180239621602 
1515	 0.238554471726199 
1516	 0.240271662271719 
1517	 0.241969870111181 
1518	 0.243543434197384 
1519	 0.24531280617911 
1520	 0.246826882002528 
1521	 0.248286106896915 
1522	 0.249828302812704 
1523	 0.251357798018688 
1524	 0.253115558830473 
1525	 0.254748974086833 
1526	 0.256231518139484 
1527	 0.257731484926336 
1528	 0.259100319881052 
1529	 0.26074494715067 
1530	 0.262567965456743 
1531	 0.264182205272526 
1532	 0.265818739112278 
1533	 0.267456224738929 
1534	 0.268835786013507 
1535	 0.27028322485927 
1536	 0.271928866026365 
1537	 0.273402957221637 
1538	 0.274669360947414 
1539	 0.276242598188014 
1540	 0.277841892484369 
1541	 0.279279092560321 
1542	 0.280892633535771 
1543	 0.282496847113922 
1544	 0.283995876153717 
1545	 0.285520486988993 
1546	 0.286968933105993 
1547	 0.288276548037949 
1548	 0.289690033114515 
1549	 0.291281728034152 
1550	 0.292815481728028 
1551	 0.294335752263192 
1552	 0.295788119397612 
1553	 0.297054443912678 
1554	 0.298364168573379 
1555	 0.299894016729329 
1556	 0.301448039308353 
1557	 0.302909081484125 
1558	 0.304413828461105 
1559	 0.305788520649529 
1560	 0.306956813456944 
1561	 0.308262879863098 
1562	 0.309691668401213 
1563	 0.310822701315041 
1564	 0.311992709943697 
1565	 0.313439420190888 
1566	 0.314590367102171 
1567	 0.315786978515025 
1568	 0.317215861782836 
1569	 0.318327413483259 
1570	 0.319514042347632 
1571	 0.320995954309524 
1572	 0.322193100860099 
1573	 0.323307060089696 
1574	 0.324627193930593 
1575	 0.325715930501181 
1576	 0.326848928117791 
1577	 0.328275102003266 
1578	 0.329576572839118 
1579	 0.330874350293091 
1580	 0.332238561662749 
1581	 0.333420074239077 
1582	 0.334397116427068 
1583	 0.335453770661227 
1584	 0.336662096415868 
1585	 0.337722551699661 
1586	 0.338861559224399 
1587	 0.340257789100437 
1588	 0.341555845408492 
1589	 0.342663375432448 
1590	 0.343679686427668 
1591	 0.344452205365747 
1592	 0.345136088974424 
1593	 0.346187417804455 
1594	 0.347554203094542 
1595	 0.34872143994607 
1596	 0.349443175156163 
1597	 0.350193706700791 
1598	 0.351105221261286 
1599	 0.351941440271513 
1600	 0.353102391265647 
1601	 0.354327274034415 
1602	 0.355059807681381 
1603	 0.355924756682826 
1604	 0.356926022483903 
1605	 0.357728882218067 
1606	 0.358796826063372 
1607	 0.359943791894638 
1608	 0.36080781836241 
1609	 0.36167501448457 
1610	 0.362676379291461 
1611	 0.363501441138776 
1612	 0.364240685989132 
1613	 0.365136020028457 
1614	 0.365887608213526 
1615	 0.366572055488508 
1616	 0.36754632429658 
1617	 0.368482505375517 
1618	 0.369237871133646 
1619	 0.370105689005222 
1620	 0.370827893692757 
1621	 0.371512053068191 
1622	 0.37242975208399 
1623	 0.373074171963831 
1624	 0.37352833997535 
1625	 0.374154043417598 
1626	 0.374810307605196 
1627	 0.375473321755171 
1628	 0.376265654785787 
1629	 0.377108766771391 
1630	 0.37775714018593 
1631	 0.378338654609744 
1632	 0.378906693966819 
1633	 0.379279219305838 
1634	 0.379869529359589 
1635	 0.380563203543311 
1636	 0.381136911099698 
1637	 0.38203383927332 
1638	 0.382662125988005 
1639	 0.382940959268001 
1640	 0.383542154872272 
1641	 0.383950230347727 
1642	 0.384355039287694 
1643	 0.385134912775644 
1644	 0.385663446881479 
1645	 0.38616782238759 
1646	 0.386872902330049 
1647	 0.38725555321907 
1648	 0.387452859538819 
1649	 0.387814569730265 
1650	 0.388214816997629 
1651	 0.388614454744643 
1652	 0.389096378366369 
1653	 0.389552300455872 
1654	 0.389710793218645 
1655	 0.389724741630871 
1656	 0.390075449415068 
1657	 0.390521983002605 
1658	 0.390871226008993 
1659	 0.391393651150421 
1660	 0.391669521493183 
1661	 0.39163341354019 
1662	 0.391768433480421 
1663	 0.392000022766835 
1664	 0.392177132300488 
1665	 0.392457575993813 
1666	 0.392802064344477 
1667	 0.392965184871385 
1668	 0.393100594838462 
1669	 0.393213298332095 
1670	 0.393234582911836 
1671	 0.393466044194084 
1672	 0.393518975477132 
1673	 0.393166642399784 
1674	 0.392821631793195 
1675	 0.392493106170794 
1676	 0.392422129653638 
1677	 0.392753112224682 
1678	 0.393021248781547 
1679	 0.392953586690233 
1680	 0.392506742508684 
1681	 0.392182545682298 
1682	 0.392054013989753 
1683	 0.391577788875602 
1684	 0.391294214722055 
1685	 0.391196653489945 
1686	 0.390476789365608 
1687	 0.39001460095762 
1688	 0.389826536660457 
1689	 0.389179999648835 
1690	 0.389001629581404 
1691	 0.389056810129146 
1692	 0.388546581674286 
1693	 0.388173532275184 
1694	 0.387858834408076 
1695	 0.387077154635857 
1696	 0.386499378744854 
1697	 0.385992714507943 
1698	 0.385343363627149 
1699	 0.385074319746989 
1700	 0.384688756847581 
1701	 0.384252799241679 
1702	 0.383688658726541 
1703	 0.383063559153802 
1704	 0.382506711372289 
1705	 0.381894191867949 
1706	 0.381228845811996 
1707	 0.380611780625981 
1708	 0.379836308716756 
1709	 0.379200900459278 
1710	 0.378738071926645 
1711	 0.378021276222798 
1712	 0.377206251448221 
1713	 0.37661219688967 
1714	 0.376029099605268 
1715	 0.375372633007166 
1716	 0.375096033932985 
1717	 0.374376573962105 
1718	 0.37294689726728 
1719	 0.372158684435297 
1720	 0.371580403509247 
1721	 0.370799810040219 
1722	 0.370341981151701 
1723	 0.36975860946376 
1724	 0.368925961230286 
1725	 0.368217075361822 
1726	 0.367736059492538 
1727	 0.366967546732407 
1728	 0.3658386011655 
1729	 0.364999160461264 
1730	 0.364226491725176 
1731	 0.363531030863342 
1732	 0.363003912130772 
1733	 0.362414833530697 
1734	 0.361810673170031 
1735	 0.361128666232282 
1736	 0.360496738615408 
1737	 0.359925784638123 
1738	 0.359389310193287 
1739	 0.358674530237899 
1740	 0.357887867212558 
1741	 0.357007871104896 
1742	 0.355912261907354 
1743	 0.354972315522015 
1744	 0.35416634450256 
1745	 0.353285464585426 
1746	 0.352294810523274 
1747	 0.351527217655795 
1748	 0.350887420303895 
1749	 0.349979387991954 
1750	 0.349179750008821 
1751	 0.347530163901028 
1752	 0.346450294895898 
1753	 0.345609608712474 
1754	 0.344520020110509 
1755	 0.343987042433785 
1756	 0.343060464557124 
1757	 0.341654311484596 
1758	 0.340624371381058 
1759	 0.339266214412084 
1760	 0.338143604338055 
1761	 0.337462366894701 
1762	 0.336076352029788 
1763	 0.335110487091255 
1764	 0.334176918849499 
1765	 0.332642008955384 
1766	 0.332087581646685 
1767	 0.331474965397251 
1768	 0.33038687456594 
1769	 0.329689438698959 
1770	 0.328698840065407 
1771	 0.327889007857957 
1772	 0.327057178823612 
1773	 0.326272747969285 
1774	 0.325618022163518 
1775	 0.325004987737568 
1776	 0.324250540636607 
1777	 0.323545378641987 
1778	 0.322925368400835 
1779	 0.322132764851149 
1780	 0.321470090479379 
1781	 0.321222711340186 
1782	 0.320559273751233 
1783	 0.319162745817529 
1784	 0.318759329324819 
1785	 0.31899439921496 
1786	 0.31892993485768 
1787	 0.319569648804299 
1788	 0.319640098980448 
1789	 0.31906829873827 
1790	 0.318543482082475 
1791	 0.317729022406043 
1792	 0.31753116834939 
1793	 0.317595661610096 
1794	 0.317338112714624 
1795	 0.317884563864855 
1796	 0.317228147629619 
1797	 0.314607806167758 
1798	 0.313875112542392 
1799	 0.313797766614883 
1800	 0.313429872468133 
1801	 0.314298630027894 
1802	 0.314733496908432 
1803	 0.314776217455539 
1804	 0.314237325761949 
1805	 0.313780720481079 
1806	 0.313600762617331 
1807	 0.311801240137281 
1808	 0.311464029730906 
1809	 0.313281039657516 
1810	 0.312641772752178 
1811	 0.313510763104105 
1812	 0.313645945139675 
1813	 0.316877362916166 
1814	 0.321474339276174 
1815	 0.324401737958312 
1816	 0.325236807819795 
1817	 0.325004795568864 
1818	 0.32284208193759 
1819	 0.321700048333493 
1820	 0.330607490209619 
1821	 0.326695507431216 
1822	 0.300282186345719 
1823	 0.284694251351054 
1824	 0.256342992372304 
1825	 0.240429427503072 
1826	 0.255140603258428 
1827	 0.273794878101717 
1828	 0.329380715191233 
1829	 0.356758763301675 
1830	 0.378408052363848 
1831	 0.210280045797175 
1832	 0.132388837982151 
1833	 0.120266518211282 
1834	 0.568340135368478 
1835	 1.04660544243378 
1836	 0.653715509738635 
1837	 0.68111433085835 
1838	 0.601363603403749 
1839	 0.377066396459797 
1840	-3.96032582639036E-02 
1841	-8.18841341232835E-02 
1842	-0.275056331587592 
1843	-0.237010895040333 
1844	-0.259864792055865 
1845	-1.69049370604453 
1846	 2.90481163283725 
1847	 4.96753508478517E-02 
1848	 4.22351293752765 
1849	 2.2832316805606 
1850	 0.572177441035605 
1851	 0.687655470085741 
1852	 2.00333742985289 
1853	 1.59427713141452 
1854	 3.09692632923077 
1855	 2.07686634311149 
1856	 0.377354366965018 
1857	-0.149094399843393 
1858	-0.587019165263345 
1859	 2.42221437617068 
1860	 2.28087959792076 
1861	 7.91784356045075 
1862	 3.95729590320004 
1863	 0.490586595690981 
1864	 0.353462749588281 
1865	 0.388990454468431 
1866	 0.41734692572988 
1867	 0.325493682566407 
1868	 7.80029569858923E-02 
1869	 0.66987908853071 
1870	 0.970302846272135 
1871	 0.966082994238118 
1872	 1.22810334057563 
1873	 0.708153396490224 
1874	-0.18935759846106 
1875	-0.173613924916792 
1876	 0.338201660997479 
1877	 0.266360390322504 
1878	 0.443084558056511 
1879	 0.715759034254436 
1880	 0.647256225467586 
1881	 0.418978705410153 
1882	 0.378718964970711 
1883	 0.185687974957212 
1884	 0.156936556736474 
1885	 0.338081421672011 
1886	 0.153859593844932 
1887	 6.01673565259398E-02 
1888	 0.160913364174961 
1889	-0.040763768643844 
1890	-0.107590437026124 
1891	-8.17460193683586E-02 
1892	 4.35306345513543E-02 
1893	 3.66209143198927E-02 
1894	 4.49234297984342E-02 
1895	 0.065055235330609 
1896	 3.60836281008166E-03 
1897	-4.08148391448533E-02 
1898	 3.38090193119701E-03 
1899	 0.179562867938505 
1900	 1.26293643581839E-02 
1901	-0.31611103372229 
1902	-0.388472636137009 
1903	-0.420936093137772 
1904	-0.306019525686004 
1905	 0.163703353473671 
1906	 0.325072961334641 
1907	 0.184997511840477 
1908	 0.268030908803424 
1909	 0.297530537304633 
1910	 0.25418365616184 
1911	 0.304422063359528 
1912	 0.140348893181294 
1913	 0.113865217038253 
1914	 0.125973334216382 
1915	 0.14160453652533 
1916	 0.170650759804285 
1917	 0.209623529413074 
1918	 0.221774636444103 
1919	 0.15060182124113 
1920	 0.121188966962716 
1921	 9.38232645920503E-02 
1922	 6.80826806220199E-02 
1923	 0.070304180138326 
1924	 5.57000734539347E-02 
1925	 0.02613368901501 
1926	 2.93637583457482E-02 
1927	 6.02666200379362E-02 
1928	 4.15524347370138E-02 
1929	 2.66830736188373E-02 
1930	 3.84309185748429E-02 
1931	 4.18493290601625E-02 
1932	 0.049492387143217 
1933	 6.42069897456271E-02 
1934	 6.55364130711674E-02 
1935	 0.066214529263936 
1936	 5.77877614808341E-02 
1937	 5.37939338823713E-02 
1938	 0.05778945820326 
1939	 6.42299261246466E-02 
1940	 6.12531679136813E-02 
1941	 0.05553313031267 
1942	 5.48585568967291E-02 
1943	 5.85996445508809E-02 
1944	 5.67328096538475E-02 
1945	 0.056253844826234 
1946	 5.93007232780598E-02 
1947	 6.44889833645777E-02 
1948	 6.30910796389747E-02 
1949	 6.41494200502349E-02 
1950	 6.57483566208236E-02 
1951	 6.23167518455428E-02 
1952	 5.61286350615657E-02 
1953	 5.42660799820544E-02 
1954	 0.058163601305574 
1955	 5.90993063792836E-02 
1956	 5.98911646310466E-02 
1957	 6.00899594665713E-02 
1958	 6.00781487482015E-02 
1959	 5.81555335373533E-02 
1960	 5.88656384234118E-02 
1961	 6.01767006729724E-02 
1962	 6.14517258034265E-02 
1963	 6.20869817812666E-02 
1964	 6.18328774346202E-02 
1965	 6.20707685293134E-02 
1966	 6.29912624141094E-02 
1967	 6.39813026096198E-02 
1968	 6.48855636793162E-02 
1969	 6.56612087380516E-02 
1970	 6.63955756151475E-02 
1971	 6.69775272454037E-02 
1972	 6.72516876405968E-02 
1973	 6.69054357885542E-02 
1974	 6.70678831645299E-02 
1975	 6.73466155957816E-02 
1976	 6.72303518391198E-02 
1977	 6.79311071910471E-02 
1978	 6.87582447797805E-02 
1979	 6.91606377732345E-02 
1980	 6.98729868722814E-02 
1981	 7.05415464262663E-02 
1982	 7.11198402727568E-02 
1983	 7.14920786523882E-02 
1984	 7.20064529464217E-02 
1985	 7.28892554736585E-02 
1986	 7.40123099048124E-02 
1987	 7.51743918851312E-02 
1988	 7.60698416749725E-02 
1989	 7.68330393854331E-02 
1990	 7.75623639448894E-02 
1991	 7.74545603905957E-02 
1992	 7.73319694678905E-02 
1993	 0.077680487150863 
1994	 7.77178771205602E-02 
1995	 7.81421966174403E-02 
1996	 7.93245109809789E-02 
1997	 8.10742715607272E-02 
1998	 8.15513733976365E-02 
1999	 8.16459342813709E-02 
2000	 8.28243162503352E-02 
2001	 8.36238449520486E-02 
2002	 0.084258466025327 
2003	 8.58993737311798E-02 
2004	 8.68757662547522E-02 
2005	 8.72721290175637E-02 
2006	 8.88311941057759E-02 
2007	 9.25591734210147E-02 
2008	 9.40197259578979E-02 
2009	 9.42532951594519E-02 
2010	 9.57636734968384E-02 
2011	 9.62189899165022E-02 
2012	 9.59672574223239E-02 
2013	 9.67963561748408E-02 
2014	 9.72755282803661E-02 
2015	 9.79957903697211E-02 
2016	 0.097241311365661 
2017	 9.69098411838836E-02 
2018	 9.80988780681535E-02 
2019	 9.83744548537916E-02 
2020	 9.74536422192322E-02 
2021	 9.83631357125721E-02 
2022	 0.100273200123554 
2023	 0.10111772018301 
2024	 0.102542693916695 
2025	 0.103094847955337 
2026	 0.102059269473479 
2027	 0.102098880236749 
2028	 0.103317526443808 
2029	 0.104702968619496 
2030	 0.105316121262077 
2031	 0.105158837187774 
2032	 0.105815977743939 
2033	 0.105989311325357 
2034	 0.106306596387441 
2035	 0.107217275018369 
2036	 0.108730580178493 
2037	 0.109220795360624 
2038	 0.108867761687444 
2039	 0.109172674910868 
2040	 0.109579223687021 
2041	 0.109733203501866 
2042	 0.110256985371203 
2043	 0.111366430318782 
2044	 0.112492959841751 
2045	 0.113087411456805 
2046	 0.112835169733887 
2047	 0.113405207711734 
2048	 0.114649142871297 
2049	 0.115127559216658 
2050	 0.115330865115833 
2051	 0.116079540113226 
2052	 0.116953746883331 
2053	 0.116436090286373 
2054	 0.116538236543081 
2055	 0.118047857297703 
2056	 0.119367760638397 
2057	 0.120531364463293 
2058	 0.121828774671847 
2059	 0.122490707662936 
2060	 0.123040932290935 
2061	 0.122269776350803 
2062	 0.122690149351717 
2063	 0.124198508641211 
2064	 0.124687234950459 
2065	 0.1247952154424 
2066	 0.125106304107137 
2067	 0.124992182430583 
2068	 0.12492924109577 
2069	 0.126175051331372 
2070	 0.127751917650457 
2071	 0.128358925590299 
2072	 0.128993442982084 
2073	 0.129805444876614 
2074	 0.129780962066632 
2075	 0.13017229268139 
2076	 0.130953629512069 
2077	 0.131786656441702 
2078	 0.132944923657007 
2079	 0.133527142647007 
2080	 0.133959517076613 
2081	 0.134345890671643 
2082	 0.134977095192068 
2083	 0.135241183963629 
2084	 0.136169873213885 
2085	 0.137377227161823 
2086	 0.137662518509319 
2087	 0.137565563098145 
2088	 0.138076819784706 
2089	 0.139157734697698 
2090	 0.139684405347664 
2091	 0.140167286618523 
2092	 0.14089995160511 
2093	 0.141499730545502 
2094	 0.141865711802962 
2095	 0.142345431007674 
2096	 0.143104147812001 
2097	 0.143976916095568 
2098	 0.144073898448925 
2099	 0.144500641791951 
2100	 0.145500651231652 
2101	 0.146052400229377 
2102	 0.146457190605126 
2103	 0.147214987544118 
2104	 0.148118614718261 
2105	 0.1485973241305 
2106	 0.149144077194278 
2107	 0.149884253645247 
2108	 0.151146700912132 
2109	 0.151725803726915 
2110	 0.151879921668088 
2111	 0.152247498666804 
2112	 0.152027379737361 
2113	 0.152522489650168 
2114	 0.153477250042952 
2115	 0.154836019825866 
2116	 0.15524440867028 
2117	 0.156022618520332 
2118	 0.156941575023737 
2119	 0.157493063018042 
2120	 0.157977483368057 
2121	 0.157925480072042 
2122	 0.15775773023118 
2123	 0.158075100309327 
2124	 0.158688695401933 
2125	 0.160546069175242 
2126	 0.161254259595775 
2127	 0.161263441831368 
2128	 0.161812762535135 
2129	 0.162500132339254 
2130	 0.163005542773215 
2131	 0.163440896783313 
2132	 0.164001527694765 
2133	 0.164273136974491 
2134	 0.164995234150353 
2135	 0.165821371352949 
2136	 0.166831897959116 
2137	 0.167576729615726 
2138	 0.167690884058159 
2139	 0.168616373516347 
2140	 0.169215330197349 
2141	 0.168915773430353 
2142	 0.169642714304983 
2143	 0.170056758819105 
2144	 0.170053761411049 
2145	 0.170040042001099 
2146	 0.170167513620401 
2147	 0.170535816158775 
2148	 0.170414759172745 
2149	 0.170976071840043 
2150	 0.172965025702312 
2151	 0.17351311230721 
2152	 0.172956801320578 
2153	 0.173546544211904 
2154	 0.17428409564276 
2155	 0.174547381712927 
2156	 0.175402272719405 
2157	 0.176362871489651 
2158	 0.176506984702913 
2159	 0.176373067235258 
2160	 0.176596692423005 
2161	 0.176992876171316 
2162	 0.177052336973545 
2163	 0.177306303810729 
2164	 0.177737559455508 
2165	 0.178395380314893 
2166	 0.178631386168836 
2167	 0.178650537471932 
2168	 0.178973051525061 
2169	 0.179307526586592 
2170	 0.179524179858171 
2171	 0.180184120463172 
2172	 0.180516510245042 
2173	 0.180369720444028 
2174	 0.180118435828378 
2175	 0.180644668163613 
2176	 0.180835203113147 
2177	 0.181702053696502 
2178	 0.182624548844366 
2179	 0.18229315951081 
2180	 0.182364374375296 
2181	 0.182787330952536 
2182	 0.182788666781731 
2183	 0.182873921110654 
2184	 0.183119362568583 
2185	 0.183303142586045 
2186	 0.183115937647192 
2187	 0.182941357029801 
2188	 0.182805499374121 
2189	 0.182919967003387 
2190	 0.183031837392971 
2191	 0.183201843880706 
2192	 0.183756485116883 
2193	 0.183924600639449 
2194	 0.183478941440835 
2195	 0.18340352251353 
2196	 0.183155650897091 
2197	 0.184121583118923 
2198	 0.184697278231638 
2199	 0.184477008368862 
2200	 0.184082582553248 
2201	 0.184997063078181 
2202	 0.186457888614342 
2203	 0.187066991334596 
2204	 0.187728780138488 
2205	 0.188532287263405 
2206	 0.187484118061323 
2207	 0.185863049279677 
2208	 0.185676696980296 
2209	 0.185610219445681 
2210	 0.185650533819425 
2211	 0.187154110967622 
2212	 0.187081232778123 
2213	 0.18567556684024 
2214	 0.18521450713848 
2215	 0.184545554903523 
2216	 0.184818150635767 
2217	 0.186026986333066 
2218	 0.186435298600529 
2219	 0.187719126869326 
2220	 0.187719451195474 
2221	 0.186622890771059 
2222	 0.185420886987889 
2223	 0.185557505353622 
2224	 0.18490566147446 
2225	 0.185482886587512 
2226	 0.187684125239714 
2227	 0.187737616814693 
2228	 0.18706859385197 
2229	 0.186689000622453 
2230	 0.185771774257126 
2231	 0.185554926046467 
2232	 0.184790007547067 
2233	 0.183341728847671 
2234	 0.18255622654712 
2235	 0.183192718793902 
2236	 0.18370010336533 
2237	 0.183675940965019 
2238	 0.18448187102459 
2239	 0.184281527287709 
2240	 0.181791706292627 
2241	 0.181317885552834 
2242	 0.182768563224994 
2243	 0.181762814656287 
2244	 0.179627594967173 
2245	 0.179429055744034 
2246	 0.178475584405226 
2247	 0.177544125375308 
2248	 0.179315383798689 
2249	 0.179012968046735 
2250	 0.176915379035982 
2251	 0.17462432532813 
2252	 0.173887497422088 
2253	 0.172590928347339 
2254	 0.172712022086629 
2255	 0.174275309141952 
2256	 0.174668355734118 
2257	 0.174238154155369 
2258	 0.172463763604068 
2259	 0.171003797323253 
2260	 0.17019916797426 
2261	 0.16985530195147 
2262	 0.16999869308238 
2263	 0.168393608339395 
2264	 0.166878298572234 
2265	 0.16710480068209 
2266	 0.168341997534179 
2267	 0.169187926533143 
2268	 0.16757874000872 
2269	 0.165981789047543 
2270	 0.165060191331905 
2271	 0.162613223110924 
2272	 0.161708657413607 
2273	 0.163435125211691 
2274	 0.163184681589374 
2275	 0.161786756592497 
2276	 0.161263687153281 
2277	 0.160977299130469 
2278	 0.160325562315139 
2279	 0.159645067313746 
2280	 0.159063969470737 
2281	 0.157643311625488 
2282	 0.157511947502921 
2283	 0.15888616588529 
2284	 0.158460739051669 
2285	 0.158348551276644 
2286	 0.157910117143701 
2287	 0.155688951448538 
2288	 0.153716388236902 
2289	 0.155235672063261 
2290	 0.155457995363571 
2291	 0.153034967716458 
2292	 0.152373966163104 
2293	 0.151621636307247 
2294	 0.150850222763248 
2295	 0.152503467288607 
2296	 0.153019516407366 
2297	 0.1516705685836 
2298	 0.150199246192233 
2299	 0.148418140677537 
2300	 0.146033135232262 
2301	 0.143985300346789 
2302	 0.142032158924374 
2303	 0.140220307854977 
2304	 0.142640505103688 
2305	 0.147030912576728 
2306	 0.14671989276958 
2307	 0.143451249841346 
2308	 0.142252467741443 
2309	 0.142076706931514 
2310	 0.141181724887017 
2311	 0.141956015303553 
2312	 0.142292026029582 
2313	 0.138456035802062 
2314	 0.135484695110923 
2315	 0.1371338807337 
2316	 0.137841961837324 
2317	 0.13611966002305 
2318	 0.134673394316089 
2319	 0.134355961502658 
2320	 0.133038912014753 
2321	 0.133163123552856 
2322	 0.135966706608491 
2323	 0.136361557531843 
2324	 0.134945817949432 
2325	 0.133828730960584 
2326	 0.133365182713002 
2327	 0.132612333687873 
2328	 0.131333758957251 
2329	 0.129235074684644 
2330	 0.12478543505605 
2331	 0.124625404730901 
2332	 0.127013374986776 
2333	 0.127725767489069 
2334	 0.130672097010389 
2335	 0.130968112886658 
2336	 0.128623728623209 
2337	 0.127903272012302 
2338	 0.128076902776935 
2339	 0.127443839523251 
2340	 0.126187260929743 
2341	 0.124252225836089 
2342	 0.124635512557291 
2343	 0.123324952833503 
2344	 0.125093312471281 
2345	 0.12670742655359 
2346	 0.122944877909367 
2347	 0.122674791332484 
2348	 0.121230634700243 
2349	 0.115251278686082 
2350	 0.112809658764361 
2351	 0.112835332446805 
2352	 0.113546976367833 
2353	 0.116221217364221 
2354	 0.11925765971409 
2355	 0.120596961647651 
2356	 0.119487190348503 
2357	 0.117355228749256 
2358	 0.116788090245017 
2359	 0.119225140908983 
2360	 0.120929453271121 
2361	 0.118578357162313 
2362	 0.115674259986767 
2363	 0.112877591786226 
2364	 0.110314801639661 
2365	 0.111093620639286 
2366	 0.113790878994293 
2367	 0.115252117383607 
2368	 0.116047462676216 
2369	 0.115377193392181 
2370	 0.1156564532727 
2371	 0.116854740636643 
2372	 0.111615997523621 
2373	 0.1103323473715 
2374	 0.11515934858299 
2375	 0.11072081942078 
2376	 0.103490629292193 
2377	 0.101262564165455 
2378	 9.79166521622905E-02 
2379	 9.67602934701925E-02 
2380	 0.103530166213905 
2381	 0.110008983553381 
2382	 0.107185444120907 
2383	 0.101638518657634 
2384	 9.92801356803622E-02 
2385	 9.69231940354304E-02 
2386	 9.52053102960544E-02 
2387	 9.29012793744335E-02 
2388	 9.45854720684886E-02 
2389	 0.100383358094106 
2390	 0.102284556901828 
2391	 0.103784915211763 
2392	 0.103556673505645 
2393	 0.101806769704525 
2394	 0.101889522955425 
2395	 0.100719939034609 
2396	 0.101956964127098 
2397	 9.53728986277174E-02 
2398	 8.22159731374266E-02 
2399	 8.84522486771024E-02 
2400	 9.78978723251157E-02 
2401	 9.82658360272358E-02 
2402	 0.101080150225279 
2403	 9.48966422534802E-02 
2404	 8.83561580203412E-02 
2405	 9.28515118456399E-02 
2406	 9.60366001495488E-02 
2407	 9.59825672435868E-02 
2408	 0.09471037331738 
2409	 8.43005065132908E-02 
2410	 7.76309717322123E-02 
2411	 9.24010999631866E-02 
2412	 0.09976320597349 
2413	 9.23585670960292E-02 
2414	 9.50781594208194E-02 
2415	 9.08335418400728E-02 
2416	 8.29662147942459E-02 
2417	 0.088250022488999 
2418	 8.73849144034952E-02 
2419	 8.39521383691192E-02 
2420	 8.70633968592428E-02 
2421	 7.98820128930588E-02 
2422	 7.61586596989343E-02 
2423	 9.09589749383856E-02 
2424	 9.83839696199681E-02 
2425	 9.35047169856616E-02 
2426	 8.54940441089463E-02 
2427	 7.21702741541136E-02 
2428	 7.15697847719743E-02 
2429	 8.45149827036457E-02 
2430	 9.34497053448441E-02 
2431	 9.41777958101243E-02 
2432	 8.24523071481205E-02 
2433	 7.85351438431853E-02 
2434	 8.28622759262037E-02 
2435	 8.01993622313226E-02 
2436	 7.78021001413786E-02 
2437	 7.53194418979951E-02 
2438	 7.39313094186941E-02 
2439	 7.74540022775093E-02 
2440	 8.48666719041393E-02 
2441	 7.69480778625476E-02 
2442	 0.065707826270057 
2443	 7.10357276158201E-02 
2444	 0.071188315971531 
2445	 7.34192722308018E-02 
2446	 7.50538993176505E-02 
2447	 6.85375776273624E-02 
2448	 0.058139284830183 
2449	 4.89209142659975E-02 
2450	 5.56559659479462E-02 
2451	 5.14068282438232E-02 
2452	 0.029366209778348 
2453	 2.52115076683481E-02 
2454	 4.00626716076041E-02 
2455	 6.33803866960416E-02 
2456	 9.08441487043262E-02 
2457	 9.33006872295448E-02 
2458	 7.30192104512202E-02 
2459	 6.19403020394451E-02 
2460	 7.33246949914172E-02 
2461	 9.41465985362303E-02 
2462	 9.50953966517035E-02 
2463	 7.41272711909772E-02 
2464	 6.13200803412291E-02 
2465	 5.60250955413571E-02 
2466	 5.27230827854898E-02 
2467	 6.48631411289711E-02 
2468	 5.29629704485708E-02 
2469	 5.18493163439257E-02 
2470	 8.87176327762049E-02 
2471	 0.090558512192982 
2472	 4.68622490174196E-02 
2473	 2.52161867547517E-02 
2474	-9.92813009120377E-03 
2475	-0.035540447801466 
2476	-0.026077325912381 
2477	 1.34945773134383E-02 
2478	 8.52930642593237E-02 
2479	 0.118630090749062 
2480	 0.126995737681153 
2481	 7.78963581912254E-03 
2482	-0.151251221465758 
2483	-0.220553616523106 
2484	-0.119270695857016 
2485	 0.130242937597037 
2486	 0.300542017138471 
2487	 0.217692665313635 
2488	 2.95529498989027E-02 
2489	-0.235186971648594 
2490	-0.111241214924165 
2491	 0.28085528533729 
2492	 0.377152061002104 
2493	 0.321670105284098 
2494	 0.173237998132325 
2495	-0.353506248240018 
2496	-0.136258261729653 
2497	 0.154018334586221 
2498	-0.105279621511242 
2499	-0.19823582412062 
2500	-0.154553332970874 
