Wavelength	09/27/123 at 12:19:14
350	 9.71135584457023E-02 
351	 9.63451046738108E-02 
352	 9.58471616397161E-02 
353	 9.54055447267252E-02 
354	 9.45078333446265E-02 
355	 9.36339306804522E-02 
356	 9.26578882726801E-02 
357	 9.14803775666316E-02 
358	 9.02235459275607E-02 
359	 8.87963479290896E-02 
360	 8.70081681550139E-02 
361	 8.47586610816707E-02 
362	 8.31245825553032E-02 
363	 8.17566579220605E-02 
364	 0.080300058763342 
365	 7.87343690407257E-02 
366	 7.71004612940275E-02 
367	 7.55105139118521E-02 
368	 7.40927509567644E-02 
369	 7.28714601820631E-02 
370	 0.071337251406108 
371	 6.92892179224429E-02 
372	 6.73245195342781E-02 
373	 6.53583428593531E-02 
374	 6.33312833361397E-02 
375	 6.12043020258826E-02 
376	 5.94347694734204E-02 
377	 0.057772134233323 
378	 5.61115053399358E-02 
379	 5.48983006278382E-02 
380	 5.37017728272785E-02 
381	 5.23748440715791E-02 
382	 5.09019910676442E-02 
383	 4.92107365330501E-02 
384	 4.75669932238135E-02 
385	 4.60206777259317E-02 
386	 4.39522634174231E-02 
387	 4.24323593734251E-02 
388	 4.13718239909403E-02 
389	 4.02038128505239E-02 
390	 3.93178631854523E-02 
391	 3.85009390303425E-02 
392	 3.75003371725355E-02 
393	 3.60137927181764E-02 
394	 0.034715299210826 
395	 3.34544326910767E-02 
396	 3.18838979001348E-02 
397	 3.07079130249566E-02 
398	 2.98333292091567E-02 
399	 2.91614126318115E-02 
400	 2.87616118532412E-02 
401	 2.83475814765741E-02 
402	 2.79090996873711E-02 
403	 2.75248596380898E-02 
404	 2.70900131034435E-02 
405	 2.67165612871309E-02 
406	 2.63799506473367E-02 
407	 2.57434492256038E-02 
408	 2.52176346293052E-02 
409	 2.48009244348706E-02 
410	 2.43526175036247E-02 
411	 2.39431081233017E-02 
412	 2.35583451900401E-02 
413	 2.31697608526271E-02 
414	 2.27280407203351E-02 
415	 2.23383085781522E-02 
416	 2.19118679980168E-02 
417	 2.13344472834706E-02 
418	 2.08347365144762E-02 
419	 2.04250506014053E-02 
420	 2.00911859539267E-02 
421	 1.98247375129025E-02 
422	 1.94867708988391E-02 
423	 1.91896227000479E-02 
424	 1.91090687189119E-02 
425	 1.91577658564843E-02 
426	 1.91484289991546E-02 
427	 1.90422500221755E-02 
428	 1.90357243334265E-02 
429	 1.90362395340046E-02 
430	 1.89750182632139E-02 
431	 1.88221122162633E-02 
432	 1.87143280430348E-02 
433	 1.87042292407247E-02 
434	 1.87457623532017E-02 
435	 0.018670312219663 
436	 1.86929771478034E-02 
437	 0.01874009526133 
438	 1.86746287452557E-02 
439	 1.85318060677373E-02 
440	 1.83309744439586E-02 
441	 1.80932587171602E-02 
442	 1.78385621092956E-02 
443	 1.76641746295819E-02 
444	 1.75151253179925E-02 
445	 1.73165580520131E-02 
446	 1.71519340108736E-02 
447	 0.016989017748889 
448	 1.68447201825655E-02 
449	 1.68028145190625E-02 
450	 1.68353028908171E-02 
451	 1.68785009148435E-02 
452	 1.68900972478947E-02 
453	 1.69896620765426E-02 
454	 1.71283217278295E-02 
455	 1.72875176261304E-02 
456	 1.74928560011182E-02 
457	 1.77543900242637E-02 
458	 1.80654902951617E-02 
459	 1.84115449069712E-02 
460	 1.87640765100052E-02 
461	 1.91519168096488E-02 
462	 1.95816891970744E-02 
463	 0.020033923191535 
464	 2.05361026794913E-02 
465	 2.10216774546615E-02 
466	 2.14277793494701E-02 
467	 0.02181270635201 
468	 2.21319878783816E-02 
469	 2.23653875445512E-02 
470	 2.25172492411576E-02 
471	 2.25675631237677E-02 
472	 2.25394659793988E-02 
473	 2.24573747875857E-02 
474	 0.022321542627545 
475	 2.20852089397724E-02 
476	 2.17998316280809E-02 
477	 2.15907266585888E-02 
478	 2.14066724131209E-02 
479	 2.12859084006561E-02 
480	 2.12637292584064E-02 
481	 2.13197343957418E-02 
482	 2.14920259209694E-02 
483	 2.18136762773986E-02 
484	 2.23044599110975E-02 
485	 2.28700604455622E-02 
486	 2.35487682123596E-02 
487	 0.024361849658528 
488	 0.025206478663904 
489	 2.63038567916402E-02 
490	 2.76816985009097E-02 
491	 0.029265289638469 
492	 3.10466497018812E-02 
493	 3.30645424503011E-02 
494	 3.53521257132142E-02 
495	 3.79243976261466E-02 
496	 4.08614368649661E-02 
497	 4.42044161563299E-02 
498	 0.047971786899482 
499	 5.22543536133026E-02 
500	 5.69263626787928E-02 
501	 6.19037860390491E-02 
502	 6.72445657372266E-02 
503	 7.28468613296635E-02 
504	 7.87731970414667E-02 
505	 8.51657455350591E-02 
506	 9.20593302676658E-02 
507	 9.93586002085705E-02 
508	 0.107012033208963 
509	 0.115007853653785 
510	 0.123323315972347 
511	 0.131957893191028 
512	 0.140931666820525 
513	 0.15014487787409 
514	 0.15972519208989 
515	 0.169720554719985 
516	 0.180020125028304 
517	 0.190298814257234 
518	 0.200300078640629 
519	 0.20980703730334 
520	 0.219030446824994 
521	 0.228182810650552 
522	 0.237311099392043 
523	 0.246202758433751 
524	 0.254896268909058 
525	 0.263539430324039 
526	 0.272149853336718 
527	 0.280246901716091 
528	 0.287866596982014 
529	 0.295060465829202 
530	 0.302065331903406 
531	 0.308973494184197 
532	 0.315703932727406 
533	 0.322100713526624 
534	 0.328138509556493 
535	 0.333920563270027 
536	 0.339474312531377 
537	 0.344782985769604 
538	 0.349916015989094 
539	 0.354892533312356 
540	 0.359680432916877 
541	 0.364164095875933 
542	 0.368426512576724 
543	 0.372465372035248 
544	 0.376278862956155 
545	 0.379839653776069 
546	 0.383211329276727 
547	 0.386448805946677 
548	 0.389560572351178 
549	 0.392502485675268 
550	 0.39529001309003 
551	 0.397968009991291 
552	 0.400516304733004 
553	 0.402968751233714 
554	 0.40532146495577 
555	 0.407539447686952 
556	 0.409618781840255 
557	 0.4115968831235 
558	 0.413513797352825 
559	 0.41542295795768 
560	 0.41717874013648 
561	 0.418792384503715 
562	 0.42044572081647 
563	 0.421981619243238 
564	 0.423452946377927 
565	 0.424926977480944 
566	 0.426360693899779 
567	 0.427760355289643 
568	 0.429053848445565 
569	 0.430146889357205 
570	 0.431321052920248 
571	 0.432557145739326 
572	 0.43376022528229 
573	 0.43482597276817 
574	 0.435868153998334 
575	 0.436947316895134 
576	 0.438082916654134 
577	 0.43926296223001 
578	 0.440479112710183 
579	 0.441709506869779 
580	 0.442890226804944 
581	 0.44412102495935 
582	 0.445340765079818 
583	 0.446454024019951 
584	 0.447523422290812 
585	 0.448688448299059 
586	 0.449924630490228 
587	 0.451056903836541 
588	 0.451770128305174 
589	 0.452514217952823 
590	 0.453657568864997 
591	 0.454776385991547 
592	 0.455815213968058 
593	 0.456844177743937 
594	 0.457997130310855 
595	 0.459286284096831 
596	 0.460512129660716 
597	 0.461572947371455 
598	 0.462616745427471 
599	 0.463575476888074 
600	 0.464400332460776 
601	 0.465098369784567 
602	 0.465827813845936 
603	 0.466398184982118 
604	 0.466730303063008 
605	 0.466926206270271 
606	 0.4670489761483 
607	 0.467125815632182 
608	 0.467161424696263 
609	 0.467187626479354 
610	 0.467214178400965 
611	 0.467265806479449 
612	 0.467364698432813 
613	 0.467460501133407 
614	 0.467553771892158 
615	 0.467648847238642 
616	 0.467745965369882 
617	 0.46796521273245 
618	 0.46823865236153 
619	 0.468415043231113 
620	 0.468643038943587 
621	 0.468895037896453 
622	 0.469130790163645 
623	 0.469351717351167 
624	 0.469576582739588 
625	 0.469887077919576 
626	 0.470327645669567 
627	 0.470616614787861 
628	 0.470906343365328 
629	 0.471256854381425 
630	 0.471586131200724 
631	 0.471917009615682 
632	 0.472170545391089 
633	 0.472317299206942 
634	 0.472595006827826 
635	 0.47274823798276 
636	 0.472769130145195 
637	 0.472825082015681 
638	 0.472894128323025 
639	 0.472890777072408 
640	 0.472778352597126 
641	 0.472643897963793 
642	 0.472549391832093 
643	 0.47243435089774 
644	 0.472211013300116 
645	 0.471933500642107 
646	 0.471641985861373 
647	 0.471373599423998 
648	 0.471152156542852 
649	 0.470998576818244 
650	 0.470865683804254 
651	 0.470705895916593 
652	 0.470518420908749 
653	 0.470364839530595 
654	 0.470098552577997 
655	 0.469455144317949 
656	 0.469126711328852 
657	 0.468945137843777 
658	 0.468620943157865 
659	 0.467904479785186 
660	 0.467218382193966 
661	 0.466563543727025 
662	 0.465801870602331 
663	 0.464942105098381 
664	 0.464129853115767 
665	 0.463398430030737 
666	 0.462618753281196 
667	 0.46192244964185 
668	 0.461267233854408 
669	 0.460621478478734 
670	 0.46009390766106 
671	 0.459714764416113 
672	 0.459428755268741 
673	 0.459143321840957 
674	 0.458988825531664 
675	 0.458890724171085 
676	 0.45884275895553 
677	 0.458984684398774 
678	 0.459168812893574 
679	 0.459508824468716 
680	 0.460147480990414 
681	 0.461019292008278 
682	 0.462043047867828 
683	 0.463326920905167 
684	 0.465048784445305 
685	 0.466624588340559 
686	 0.468414603554753 
687	 0.47074789268928 
688	 0.473168278012264 
689	 0.475173339830279 
690	 0.477021759547352 
691	 0.479023945198872 
692	 0.480839904389459 
693	 0.482747877278152 
694	 0.484899804267542 
695	 0.487234450738833 
696	 0.489551943083051 
697	 0.49177114036464 
698	 0.493961417223312 
699	 0.496206494366211 
700	 0.498567050840609 
701	 0.500975730231693 
702	 0.503324753951797 
703	 0.505638999799123 
704	 0.507976940484994 
705	 0.510322662687914 
706	 0.512515564500556 
707	 0.514883682851028 
708	 0.517297877727016 
709	 0.519634212663185 
710	 0.522013037835841 
711	 0.524459497773286 
712	 0.526974793522003 
713	 0.529543175572749 
714	 0.532170893602463 
715	 0.534555716324329 
716	 0.536739512603874 
717	 0.539121782431757 
718	 0.542018621278051 
719	 0.545517528399388 
720	 0.549226698609906 
721	 0.552453890914432 
722	 0.554984130372627 
723	 0.557456629909232 
724	 0.560524188729827 
725	 0.563877906894605 
726	 0.567066439129271 
727	 0.570051316168969 
728	 0.573139978731684 
729	 0.576192726351149 
730	 0.579245407482832 
731	 0.582307288706292 
732	 0.585278625908272 
733	 0.588022214443014 
734	 0.590600616770087 
735	 0.593142380802596 
736	 0.595684242072943 
737	 0.598118193682112 
738	 0.600444892102685 
739	 0.602803527196338 
740	 0.605041855525738 
741	 0.607123307004167 
742	 0.609060578842854 
743	 0.610927834164778 
744	 0.612702356608654 
745	 0.614395765497119 
746	 0.616003760398975 
747	 0.617396910957011 
748	 0.618743893044411 
749	 0.6200998042178 
750	 0.621347872473719 
751	 0.622555751845581 
752	 0.623736480269754 
753	 0.624867908312951 
754	 0.625870617845473 
755	 0.626873988520993 
756	 0.627952768450007 
757	 0.629090661658872 
758	 0.629630695360011 
759	 0.62984283493417 
760	 0.630962924581992 
761	 0.635254826988846 
762	 0.636670332030525 
763	 0.636423662178343 
764	 0.63645548061768 
765	 0.636612218882851 
766	 0.636532368018094 
767	 0.636384074222849 
768	 0.636407009925496 
769	 0.636614700021644 
770	 0.63693832832438 
771	 0.637320924699872 
772	 0.637733057419193 
773	 0.638213581184255 
774	 0.638674433636016 
775	 0.63908786545568 
776	 0.639575701741284 
777	 0.639975891644415 
778	 0.640387927989291 
779	 0.640925569272988 
780	 0.641491236250276 
781	 0.641949236217699 
782	 0.642320640628914 
783	 0.642727589079444 
784	 0.643230533336843 
785	 0.643696255235456 
786	 0.644081720763387 
787	 0.644500149151906 
788	 0.64490980881965 
789	 0.645318385785196 
790	 0.645746134714472 
791	 0.646221359329846 
792	 0.646683686938356 
793	 0.647080580167987 
794	 0.647405521327063 
795	 0.647823303041733 
796	 0.648306482027459 
797	 0.648774273226207 
798	 0.649133793441915 
799	 0.649494450998342 
800	 0.649913536353446 
801	 0.650382840022147 
802	 0.650809597878498 
803	 0.651263914914951 
804	 0.651722375668391 
805	 0.652153751448708 
806	 0.652598022496166 
807	 0.652920384987674 
808	 0.653188814324539 
809	 0.653530795408459 
810	 0.653822150298088 
811	 0.654011928557264 
812	 0.654094183096461 
813	 0.654131061073306 
814	 0.654211504303304 
815	 0.654490936546789 
816	 0.655023296624044 
817	 0.655659924794074 
818	 0.656276010797426 
819	 0.656889763681476 
820	 0.657418780386388 
821	 0.657161629798434 
822	 0.65703371733985 
823	 0.657563450615061 
824	 0.658762835059792 
825	 0.659295247169331 
826	 0.659246062591197 
827	 0.659031805953703 
828	 0.659228335255733 
829	 0.659605145745293 
830	 0.659990431329891 
831	 0.660275417044701 
832	 0.660452594316713 
833	 0.660886463115811 
834	 0.661371091105403 
835	 0.661697403502499 
836	 0.662038838240465 
837	 0.662433887776478 
838	 0.662796417920517 
839	 0.663031587696207 
840	 0.663341035019624 
841	 0.663663216043364 
842	 0.664014177462657 
843	 0.664447181815151 
844	 0.664822282224618 
845	 0.66517248922932 
846	 0.665517836141757 
847	 0.665839254115244 
848	 0.665929126589305 
849	 0.666079873032213 
850	 0.66648702477405 
851	 0.666850170012049 
852	 0.66697270756358 
853	 0.667055080555944 
854	 0.667442647206979 
855	 0.668384139277184 
856	 0.669052557475982 
857	 0.669231908266653 
858	 0.669155693363341 
859	 0.669328719928798 
860	 0.669675360034871 
861	 0.67011216334688 
862	 0.670571179914925 
863	 0.670706319917216 
864	 0.67057095157373 
865	 0.670463697618327 
866	 0.670945632345441 
867	 0.671559539372675 
868	 0.672114947903374 
869	 0.672507073036273 
870	 0.672662856087883 
871	 0.672790499958924 
872	 0.672993492989231 
873	 0.673298495437117 
874	 0.673492466896742 
875	 0.673790454374435 
876	 0.674161142127537 
877	 0.674429960340478 
878	 0.674564198410531 
879	 0.674649085083537 
880	 0.674826303709383 
881	 0.675261948576483 
882	 0.67560416162287 
883	 0.675669813529045 
884	 0.675585903091039 
885	 0.675780531227376 
886	 0.675952232273563 
887	 0.676134534097253 
888	 0.676409884982481 
889	 0.676773643827106 
890	 0.676791373429434 
891	 0.67668845606524 
892	 0.676645272896422 
893	 0.676240712356799 
894	 0.675976433682745 
895	 0.675829850630009 
896	 0.675633036750259 
897	 0.675483275735461 
898	 0.675538706026105 
899	 0.675835715170109 
900	 0.67632969828494 
901	 0.677138375807779 
902	 0.677886822301376 
903	 0.678371824449035 
904	 0.678487525699429 
905	 0.677976501954698 
906	 0.677395363513034 
907	 0.677125067811518 
908	 0.677210157146199 
909	 0.677304272030756 
910	 0.677468660704585 
911	 0.677668728579763 
912	 0.677650784095296 
913	 0.677340706328246 
914	 0.677170696914435 
915	 0.677429009623445 
916	 0.677903585317661 
917	 0.678199564869476 
918	 0.678532765734658 
919	 0.678943500263008 
920	 0.678715119809737 
921	 0.678308843172385 
922	 0.677870972843259 
923	 0.677442252482612 
924	 0.67703749187629 
925	 0.676689830148174 
926	 0.675915747080221 
927	 0.674196342436853 
928	 0.672147662828387 
929	 0.669902317103176 
930	 0.667294958295007 
931	 0.664150807493759 
932	 0.661927652600481 
933	 0.660104774267067 
934	 0.658830488997688 
935	 0.658827136311005 
936	 0.659874663230256 
937	 0.661332902183619 
938	 0.662112347250113 
939	 0.661283413952703 
940	 0.660929762777879 
941	 0.659694063601538 
942	 0.65756880266607 
943	 0.65608406510242 
944	 0.655004776411555 
945	 0.653624108332785 
946	 0.651965209458428 
947	 0.650966186722656 
948	 0.649740198084256 
949	 0.648489357459866 
950	 0.647402527757369 
951	 0.646420787645917 
952	 0.644196430062178 
953	 0.642173842292693 
954	 0.641286006816258 
955	 0.640644839152899 
956	 0.639367613743756 
957	 0.637932140278215 
958	 0.636929446613343 
959	 0.63644893702985 
960	 0.635499120731105 
961	 0.634926424173859 
962	 0.635284248171393 
963	 0.635685281136275 
964	 0.635680945768352 
965	 0.635638552907515 
966	 0.635839591304339 
967	 0.635826029826714 
968	 0.636075241489766 
969	 0.636499222899989 
970	 0.636859459794475 
971	 0.637045057973551 
972	 0.636698524586789 
973	 0.636284407393289 
974	 0.636259703186029 
975	 0.636282674218181 
976	 0.636553400504719 
977	 0.636726209880682 
978	 0.636624863746095 
979	 0.637141865151651 
980	 0.638027162798146 
981	 0.639006586586757 
982	 0.639898082631531 
983	 0.640925562119729 
984	 0.641463719734008 
985	 0.641726301828249 
986	 0.642233181463158 
987	 0.643380796510724 
988	 0.644036019290743 
989	 0.644231112978877 
990	 0.644526075771662 
991	 0.645431176836643 
992	 0.646265357487343 
993	 0.646914464309222 
994	 0.647450942955232 
995	 0.647477924728369 
996	 0.648469628095926 
997	 0.649980675832654 
998	 0.650839803436128 
999	 0.650551162580173 
1000	 0.651110726747168 
1001	 0.672501724728588 
1002	 0.673216138958884 
1003	 0.674038219343999 
1004	 0.675008330007696 
1005	 0.6758969410366 
1006	 0.677007884659992 
1007	 0.678415344706301 
1008	 0.67980259498483 
1009	 0.680950471082519 
1010	 0.682171762234218 
1011	 0.683137237148518 
1012	 0.683951494419674 
1013	 0.684937985848625 
1014	 0.686037184737906 
1015	 0.68735064836236 
1016	 0.688661086944188 
1017	 0.689958348747645 
1018	 0.691355811672613 
1019	 0.69262982584633 
1020	 0.693539492957798 
1021	 0.694548778472548 
1022	 0.695439035924444 
1023	 0.696270717042255 
1024	 0.697394427422119 
1025	 0.698475500038533 
1026	 0.699477629100999 
1027	 0.700712064593728 
1028	 0.701900538089452 
1029	 0.702892145903177 
1030	 0.703916428581276 
1031	 0.704938305653081 
1032	 0.705812954229475 
1033	 0.706776510317654 
1034	 0.707915351271794 
1035	 0.708960049211373 
1036	 0.70994573712861 
1037	 0.710914378908543 
1038	 0.71189742048801 
1039	 0.712856276858782 
1040	 0.713810676854882 
1041	 0.714843670411609 
1042	 0.715737945171785 
1043	 0.716658386606719 
1044	 0.717597237339383 
1045	 0.718601603094671 
1046	 0.719412877606677 
1047	 0.720273864452061 
1048	 0.721230953803959 
1049	 0.722169634587831 
1050	 0.723020740615293 
1051	 0.723851167374622 
1052	 0.724652466690559 
1053	 0.725395606121409 
1054	 0.726024083559361 
1055	 0.726565086076526 
1056	 0.726949021657258 
1057	 0.727315676357282 
1058	 0.727441200962923 
1059	 0.727916373925751 
1060	 0.728556887067302 
1061	 0.729079776682097 
1062	 0.729759051185206 
1063	 0.730497928131807 
1064	 0.731141663691098 
1065	 0.731616454781566 
1066	 0.732038706267379 
1067	 0.732110282840329 
1068	 0.732103036180061 
1069	 0.732580638206561 
1070	 0.732875552306186 
1071	 0.733386743017192 
1072	 0.733702504667893 
1073	 0.733773933464374 
1074	 0.733875508924694 
1075	 0.733960791072407 
1076	 0.734133272283684 
1077	 0.734274482635782 
1078	 0.734448883242376 
1079	 0.734525163393438 
1080	 0.734432835702998 
1081	 0.734132464110859 
1082	 0.733821758238726 
1083	 0.73366223002302 
1084	 0.733477064745088 
1085	 0.733364096695094 
1086	 0.733470683705619 
1087	 0.733411437677297 
1088	 0.733298804524961 
1089	 0.733159886397494 
1090	 0.732943914240015 
1091	 0.73265104153507 
1092	 0.732383573932306 
1093	 0.73218129220339 
1094	 0.731941751587388 
1095	 0.731689816310221 
1096	 0.731398383386758 
1097	 0.731071872954052 
1098	 0.730686471842324 
1099	 0.730242670187078 
1100	 0.729807140806326 
1101	 0.729337630137196 
1102	 0.728844337024726 
1103	 0.72836071809235 
1104	 0.727910225126057 
1105	 0.727399825404509 
1106	 0.726880755949714 
1107	 0.726513689424432 
1108	 0.725870128477408 
1109	 0.725138351557903 
1110	 0.724530037523996 
1111	 0.723883680810937 
1112	 0.723129100353748 
1113	 0.722486455343875 
1114	 0.721922437913793 
1115	 0.721326675274264 
1116	 0.720960011797608 
1117	 0.720137373799014 
1118	 0.718988850356009 
1119	 0.717816159522228 
1120	 0.716274457722727 
1121	 0.714716930881593 
1122	 0.71314517172842 
1123	 0.711471387163215 
1124	 0.709680507996717 
1125	 0.707982363771292 
1126	 0.705551028798895 
1127	 0.703142489208017 
1128	 0.700094966972582 
1129	 0.696341190623313 
1130	 0.693004104326393 
1131	 0.689944715603489 
1132	 0.686674808811541 
1133	 0.68353202033973 
1134	 0.680462848744676 
1135	 0.677553601754479 
1136	 0.674436680253612 
1137	 0.671345205740893 
1138	 0.668212909676377 
1139	 0.665040627524247 
1140	 0.661516623411759 
1141	 0.658070625057362 
1142	 0.654711868466645 
1143	 0.651050239246523 
1144	 0.647168687489258 
1145	 0.643384165728097 
1146	 0.639433461080415 
1147	 0.635835028247433 
1148	 0.632500627269599 
1149	 0.629043103624085 
1150	 0.625800402481964 
1151	 0.622485513856482 
1152	 0.61873043426743 
1153	 0.615834924825597 
1154	 0.613235010614364 
1155	 0.611147714424332 
1156	 0.609543596963314 
1157	 0.607980515326506 
1158	 0.606552676165874 
1159	 0.605190977363419 
1160	 0.604083678437718 
1161	 0.603079052415307 
1162	 0.602381918880711 
1163	 0.601806117793203 
1164	 0.60148607613012 
1165	 0.601577117097922 
1166	 0.601295904829485 
1167	 0.60097409492452 
1168	 0.600692213943293 
1169	 0.600276179485609 
1170	 0.599906524556886 
1171	 0.599577645200661 
1172	 0.599298245079744 
1173	 0.599009026040096 
1174	 0.598699174245068 
1175	 0.59847515932279 
1176	 0.598350085010051 
1177	 0.598197105923411 
1178	 0.598035730207327 
1179	 0.597953920533106 
1180	 0.597961908935174 
1181	 0.597887656475911 
1182	 0.597797152786995 
1183	 0.597674310770739 
1184	 0.597581192724673 
1185	 0.597382279462593 
1186	 0.597043943381804 
1187	 0.596827791777812 
1188	 0.596669114606176 
1189	 0.596322464643056 
1190	 0.596311355544524 
1191	 0.596454996473828 
1192	 0.59642873806262 
1193	 0.596534962164056 
1194	 0.596585657112216 
1195	 0.596481852281292 
1196	 0.596562222587057 
1197	 0.596813070813677 
1198	 0.596987729372996 
1199	 0.597202990683298 
1200	 0.597400653069596 
1201	 0.597533855427575 
1202	 0.597742411421754 
1203	 0.598018632446064 
1204	 0.598275467356638 
1205	 0.598537724410018 
1206	 0.598825246477879 
1207	 0.599195360331396 
1208	 0.599737512046938 
1209	 0.600284671070414 
1210	 0.600704749994972 
1211	 0.601120928522188 
1212	 0.601489055777997 
1213	 0.601986513839041 
1214	 0.602722625740077 
1215	 0.603327562647726 
1216	 0.603911305363055 
1217	 0.604516250753356 
1218	 0.605061043632498 
1219	 0.605752088905104 
1220	 0.606693931048698 
1221	 0.607328982085527 
1222	 0.607676670151627 
1223	 0.608349702877895 
1224	 0.609000995721591 
1225	 0.609766935987344 
1226	 0.610708961027269 
1227	 0.611740944995603 
1228	 0.612284806653215 
1229	 0.612654906562998 
1230	 0.613365056156816 
1231	 0.614083166679141 
1232	 0.614828056701096 
1233	 0.615806168295694 
1234	 0.61654813635274 
1235	 0.617157256135326 
1236	 0.617853540531122 
1237	 0.618548514000732 
1238	 0.619183257717366 
1239	 0.619866024291164 
1240	 0.620467794153116 
1241	 0.62099191247946 
1242	 0.621559123762743 
1243	 0.622092060428771 
1244	 0.622624125683121 
1245	 0.623344073939302 
1246	 0.623942122201521 
1247	 0.624489601819595 
1248	 0.625249932764915 
1249	 0.625904807257984 
1250	 0.626436185259938 
1251	 0.627042220487843 
1252	 0.627594849382489 
1253	 0.628022600956997 
1254	 0.628442063068091 
1255	 0.629027955209771 
1256	 0.629454363493381 
1257	 0.629892492226971 
1258	 0.630411680019789 
1259	 0.630881887237714 
1260	 0.63126013748413 
1261	 0.631756674905693 
1262	 0.632382591458651 
1263	 0.632739573749597 
1264	 0.633121050688799 
1265	 0.63334375855811 
1266	 0.633433843255882 
1267	 0.633791315551765 
1268	 0.634070180013148 
1269	 0.6341424285753 
1270	 0.634288774955367 
1271	 0.634237244430238 
1272	 0.6339422624648 
1273	 0.633829641079542 
1274	 0.633794738081448 
1275	 0.633732117484479 
1276	 0.633576023053223 
1277	 0.633238229204258 
1278	 0.633002954089084 
1279	 0.632664844890093 
1280	 0.632223471974189 
1281	 0.631854098535302 
1282	 0.631482709709285 
1283	 0.631021733158877 
1284	 0.630307926769994 
1285	 0.629752976491361 
1286	 0.629165560374065 
1287	 0.628417133838365 
1288	 0.627750828438094 
1289	 0.627061107943697 
1290	 0.626242472861469 
1291	 0.625331054911182 
1292	 0.624402649003539 
1293	 0.623601567554721 
1294	 0.622925976856273 
1295	 0.622131536661976 
1296	 0.621102693830474 
1297	 0.620050120416247 
1298	 0.618957988407885 
1299	 0.617740399394711 
1300	 0.616556358587533 
1301	 0.615378279426741 
1302	 0.613862422019492 
1303	 0.612364259856239 
1304	 0.610843582832813 
1305	 0.609429331863456 
1306	 0.607999579066581 
1307	 0.606557457442137 
1308	 0.604893147477823 
1309	 0.602829309501757 
1310	 0.60072589488421 
1311	 0.598603962404279 
1312	 0.596786150938076 
1313	 0.595202290108203 
1314	 0.59315972316322 
1315	 0.591092127139031 
1316	 0.589000281364913 
1317	 0.586494869593628 
1318	 0.584245774817245 
1319	 0.581905896606661 
1320	 0.579232413307729 
1321	 0.577006875003411 
1322	 0.574700227100558 
1323	 0.572196836255322 
1324	 0.569816233786358 
1325	 0.567122418021993 
1326	 0.564582251515081 
1327	 0.562212775515051 
1328	 0.559530902004611 
1329	 0.556586957595343 
1330	 0.553575841537438 
1331	 0.550278474617101 
1332	 0.546932534659515 
1333	 0.543799082371298 
1334	 0.541093907470626 
1335	 0.538666123439999 
1336	 0.535790028197684 
1337	 0.53294782815379 
1338	 0.530505799209125 
1339	 0.527777203589758 
1340	 0.525288828355845 
1341	 0.523229996085043 
1342	 0.520986551086858 
1343	 0.518904786149452 
1344	 0.517028060220724 
1345	 0.515135286556903 
1346	 0.513355960694839 
1347	 0.511603887967573 
1348	 0.509612580047325 
1349	 0.507390141924484 
1350	 0.505192139146707 
1351	 0.503325147298588 
1352	 0.501642485989659 
1353	 0.499403986985179 
1354	 0.496209284015116 
1355	 0.492253341593619 
1356	 0.488829252039032 
1357	 0.486073963492133 
1358	 0.483694109678547 
1359	 0.48163369450403 
1360	 0.481661250470904 
1361	 0.479587588032241 
1362	 0.481494066031366 
1363	 0.477737952432661 
1364	 0.454271411503613 
1365	 0.437933704747758 
1366	 0.414051179733835 
1367	 0.407091565684201 
1368	 0.470797249747595 
1369	 0.484571169560044 
1370	 0.431800526573177 
1371	 0.411878016050622 
1372	 0.384935052092672 
1373	 0.344659806903145 
1374	 0.351331947515442 
1375	 0.38852329768706 
1376	 0.434146868036613 
1377	 0.482580473910233 
1378	 0.493889726986379 
1379	 0.438787524238533 
1380	 0.379555074716127 
1381	 0.342863978744227 
1382	 0.296924900383882 
1383	 0.288934396292198 
1384	 0.339277845077762 
1385	 0.363359315975016 
1386	 0.344464733976063 
1387	 0.340045475597373 
1388	 0.337300475223547 
1389	 0.319426595122642 
1390	 0.281874591312223 
1391	 0.279451690720536 
1392	 0.282844245119373 
1393	 0.258581577150043 
1394	 0.254363567259072 
1395	 0.278121572711576 
1396	 0.277428554678539 
1397	 0.264127054888099 
1398	 0.259278704099581 
1399	 0.244712483899601 
1400	 0.228056092112186 
1401	 0.229990701394121 
1402	 0.238837801839949 
1403	 0.225453060935395 
1404	 0.218535312852394 
1405	 0.224387610868614 
1406	 0.208960186929921 
1407	 0.198378917490929 
1408	 0.204096124783951 
1409	 0.197050572101801 
1410	 0.192139035356462 
1411	 0.197934941032267 
1412	 0.193861396856829 
1413	 0.187612963946838 
1414	 0.188804801534352 
1415	 0.186218241940701 
1416	 0.181679390637873 
1417	 0.184570169529833 
1418	 0.185988724556246 
1419	 0.182748533451584 
1420	 0.181311848785432 
1421	 0.179261676409624 
1422	 0.176410698122657 
1423	 0.176345597853951 
1424	 0.177359792034146 
1425	 0.175942263239801 
1426	 0.174967913087725 
1427	 0.173608007730095 
1428	 0.173211063401796 
1429	 0.172115058318213 
1430	 0.172261891823902 
1431	 0.173807910658537 
1432	 0.173465912023237 
1433	 0.171862257903825 
1434	 0.171419569997514 
1435	 0.170161316334877 
1436	 0.168129281969456 
1437	 0.169146178199324 
1438	 0.170281440108698 
1439	 0.168714893330301 
1440	 0.168147319520843 
1441	 0.167907822979803 
1442	 0.166026199160698 
1443	 0.166174897895952 
1444	 0.167802810142396 
1445	 0.167052898356474 
1446	 0.166463212782365 
1447	 0.166924157533523 
1448	 0.165955299360304 
1449	 0.165466871851108 
1450	 0.16617205163453 
1451	 0.165929903261842 
1452	 0.165926687779229 
1453	 0.166734413710542 
1454	 0.166807887614848 
1455	 0.166787642944055 
1456	 0.167111096247162 
1457	 0.167262643434798 
1458	 0.16765709188257 
1459	 0.168022305411363 
1460	 0.168013188767342 
1461	 0.16840692150127 
1462	 0.168856499579222 
1463	 0.168969477622934 
1464	 0.169311324241952 
1465	 0.169604492435809 
1466	 0.169811206339687 
1467	 0.170510512325338 
1468	 0.171680360141533 
1469	 0.172549911597221 
1470	 0.173326182571456 
1471	 0.173807329950042 
1472	 0.174918243060634 
1473	 0.176149842282875 
1474	 0.177173935538198 
1475	 0.178680170179716 
1476	 0.180035963395579 
1477	 0.180788981166309 
1478	 0.181822281157344 
1479	 0.183318282101952 
1480	 0.184621214863294 
1481	 0.18600420480806 
1482	 0.187572132781813 
1483	 0.188828882533252 
1484	 0.189943403031696 
1485	 0.19129369049345 
1486	 0.192941410717655 
1487	 0.194660155145086 
1488	 0.196230126771421 
1489	 0.197629798154746 
1490	 0.199030043417929 
1491	 0.200436835218133 
1492	 0.201761070340601 
1493	 0.203296636403338 
1494	 0.204794780681685 
1495	 0.205965992737291 
1496	 0.207315979548092 
1497	 0.20886340097033 
1498	 0.21024485287126 
1499	 0.211617931880151 
1500	 0.213115997194701 
1501	 0.214419129913923 
1502	 0.215657179524624 
1503	 0.217236263059953 
1504	 0.218927782395423 
1505	 0.220576509610005 
1506	 0.222235629694931 
1507	 0.223717164724033 
1508	 0.225140379434699 
1509	 0.226569359451061 
1510	 0.228086948497859 
1511	 0.229821418733917 
1512	 0.231419443192238 
1513	 0.233047824594883 
1514	 0.234733865602084 
1515	 0.236282643707862 
1516	 0.238004160281398 
1517	 0.239562906774128 
1518	 0.240887617420381 
1519	 0.242489570302818 
1520	 0.244087148826495 
1521	 0.245679043569571 
1522	 0.247563933838793 
1523	 0.24914162731557 
1524	 0.250440955636998 
1525	 0.25196913550307 
1526	 0.25350964670167 
1527	 0.255185257730935 
1528	 0.257011345635202 
1529	 0.258581578981706 
1530	 0.260073503527878 
1531	 0.261630016303955 
1532	 0.263094695975221 
1533	 0.264643499185476 
1534	 0.266365172062916 
1535	 0.267930083476848 
1536	 0.269373035819831 
1537	 0.270926254958116 
1538	 0.272490823385571 
1539	 0.274116301427393 
1540	 0.27562757477611 
1541	 0.277177233534308 
1542	 0.278690681641555 
1543	 0.279940741584273 
1544	 0.281391490161536 
1545	 0.282966047833124 
1546	 0.284433786353832 
1547	 0.286059410390926 
1548	 0.287687162901228 
1549	 0.289215674633636 
1550	 0.290572919065313 
1551	 0.291907325403643 
1552	 0.293400522830045 
1553	 0.294671305532627 
1554	 0.295965553521582 
1555	 0.297469362243394 
1556	 0.298741237150588 
1557	 0.30007988436937 
1558	 0.301617561531617 
1559	 0.30295852142875 
1560	 0.304378968103682 
1561	 0.305859369071721 
1562	 0.307113398109221 
1563	 0.308454606683189 
1564	 0.30979198597551 
1565	 0.310970648563093 
1566	 0.312249647547833 
1567	 0.313638724304858 
1568	 0.314862701453222 
1569	 0.31595588446111 
1570	 0.317328949235337 
1571	 0.318686767508381 
1572	 0.319869623722633 
1573	 0.321326279613577 
1574	 0.322575898721184 
1575	 0.323617850428971 
1576	 0.324894108511337 
1577	 0.325961241926921 
1578	 0.327040233275801 
1579	 0.328360212404407 
1580	 0.329555803763652 
1581	 0.330875266451074 
1582	 0.332187484321252 
1583	 0.333032308421382 
1584	 0.333863141371026 
1585	 0.334985334448986 
1586	 0.336140796640308 
1587	 0.337398270172091 
1588	 0.338695786419527 
1589	 0.339782637534244 
1590	 0.340789491639354 
1591	 0.341792459937542 
1592	 0.342920798795451 
1593	 0.34395542963729 
1594	 0.34481152835864 
1595	 0.345893579717617 
1596	 0.346956315370073 
1597	 0.347945539031461 
1598	 0.349002140146437 
1599	 0.34991164262522 
1600	 0.350759413026594 
1601	 0.351666537103975 
1602	 0.352645003448643 
1603	 0.353729888478575 
1604	 0.354631432505726 
1605	 0.355457895602453 
1606	 0.356479311539327 
1607	 0.357459734142685 
1608	 0.358462877442625 
1609	 0.359590832466393 
1610	 0.360620983911933 
1611	 0.361489043613285 
1612	 0.362249424275088 
1613	 0.363036172946711 
1614	 0.363908650748001 
1615	 0.364638153190864 
1616	 0.365309325901247 
1617	 0.366008335138577 
1618	 0.366842196449965 
1619	 0.367767020169709 
1620	 0.368616973372018 
1621	 0.36955993942265 
1622	 0.370357407280546 
1623	 0.370960106137709 
1624	 0.371610863258432 
1625	 0.372285839962612 
1626	 0.372892534011195 
1627	 0.373538915952125 
1628	 0.374312562589742 
1629	 0.375038886918788 
1630	 0.375770669215744 
1631	 0.376387153278149 
1632	 0.376922099106628 
1633	 0.377622819357273 
1634	 0.378274508020811 
1635	 0.378858718154573 
1636	 0.379494520957412 
1637	 0.379985269492424 
1638	 0.380390465071114 
1639	 0.38100995678369 
1640	 0.381815349889524 
1641	 0.382446437033776 
1642	 0.382897558634496 
1643	 0.383375622983359 
1644	 0.38375879811753 
1645	 0.384178506379764 
1646	 0.384717597821977 
1647	 0.38520753495024 
1648	 0.385680759935407 
1649	 0.386066966536854 
1650	 0.38642677816872 
1651	 0.386785505581696 
1652	 0.387135192361423 
1653	 0.387684403742622 
1654	 0.388165737283331 
1655	 0.388492764821802 
1656	 0.388822965927295 
1657	 0.388928018022826 
1658	 0.38910282430011 
1659	 0.38955760276131 
1660	 0.389756615212294 
1661	 0.389971077618096 
1662	 0.390347827322068 
1663	 0.390481427594599 
1664	 0.390717960079564 
1665	 0.390891495880337 
1666	 0.390870015756835 
1667	 0.391118537431131 
1668	 0.391301699982697 
1669	 0.391433002317911 
1670	 0.391753982721557 
1671	 0.391853667415801 
1672	 0.391784837521208 
1673	 0.391522011086549 
1674	 0.391065459290425 
1675	 0.390863907279587 
1676	 0.390755235821939 
1677	 0.390808790453756 
1678	 0.391082235854619 
1679	 0.390989991644818 
1680	 0.390741603550821 
1681	 0.390783193086556 
1682	 0.390513954020647 
1683	 0.390059991460119 
1684	 0.38986845894006 
1685	 0.38932586629835 
1686	 0.388561024761328 
1687	 0.38816873679177 
1688	 0.387779189573166 
1689	 0.387361727114969 
1690	 0.387284415685365 
1691	 0.387025422601224 
1692	 0.386503267273625 
1693	 0.386120171279116 
1694	 0.385454086726027 
1695	 0.384957587960606 
1696	 0.384910283800341 
1697	 0.384177705746217 
1698	 0.383501861889687 
1699	 0.383249182911502 
1700	 0.3825489141287 
1701	 0.382245215903953 
1702	 0.381893730396984 
1703	 0.381329249499017 
1704	 0.38038462645683 
1705	 0.379666214284552 
1706	 0.379088895959292 
1707	 0.378509192707208 
1708	 0.378078273072162 
1709	 0.377574349255705 
1710	 0.377133155343873 
1711	 0.376473507974918 
1712	 0.37550172990611 
1713	 0.374724080436427 
1714	 0.373876240547861 
1715	 0.37318480894882 
1716	 0.37278715592729 
1717	 0.372246618472119 
1718	 0.371740270557969 
1719	 0.371097822948643 
1720	 0.370381293052834 
1721	 0.369613993441421 
1722	 0.368596771871529 
1723	 0.36788457638706 
1724	 0.367348805194691 
1725	 0.366608148452642 
1726	 0.365949574013097 
1727	 0.365286083252732 
1728	 0.364428115952662 
1729	 0.363789007119951 
1730	 0.36339614006961 
1731	 0.362710157247064 
1732	 0.361873166578869 
1733	 0.361111108196558 
1734	 0.360303856523402 
1735	 0.359572243876858 
1736	 0.358856375144034 
1737	 0.358335173805668 
1738	 0.358074980853055 
1739	 0.357306046863539 
1740	 0.35633525519647 
1741	 0.355480434196407 
1742	 0.354336478486781 
1743	 0.353406866353391 
1744	 0.352880706653325 
1745	 0.352069762136451 
1746	 0.35100739804559 
1747	 0.350199239213787 
1748	 0.349471640952459 
1749	 0.34845452666402 
1750	 0.347485861983612 
1751	 0.34567204590284 
1752	 0.344422543635454 
1753	 0.343482638048261 
1754	 0.342496347523449 
1755	 0.342135055282793 
1756	 0.341509571534884 
1757	 0.340359824389518 
1758	 0.339167080507151 
1759	 0.337614042632223 
1760	 0.336518547841166 
1761	 0.335846443070745 
1762	 0.3349156964917 
1763	 0.334129847227024 
1764	 0.333183509170347 
1765	 0.331911282757591 
1766	 0.330876049004962 
1767	 0.329905981980465 
1768	 0.329103227313179 
1769	 0.328478118066729 
1770	 0.327676495438473 
1771	 0.327174780771194 
1772	 0.326452860936312 
1773	 0.325682573577189 
1774	 0.324993382397237 
1775	 0.324216912375206 
1776	 0.323308358898831 
1777	 0.3223963960199 
1778	 0.321406599803194 
1779	 0.319865547344396 
1780	 0.3190613233133 
1781	 0.31866537325065 
1782	 0.318418061641418 
1783	 0.319074904008562 
1784	 0.318894399217793 
1785	 0.318295588214876 
1786	 0.317965082197228 
1787	 0.31710580788536 
1788	 0.316916503793307 
1789	 0.317691174417607 
1790	 0.317520804592225 
1791	 0.316904871055235 
1792	 0.316760271427511 
1793	 0.316438553821876 
1794	 0.315964859833993 
1795	 0.315800936986453 
1796	 0.315555198501841 
1797	 0.31476664477376 
1798	 0.313982012476574 
1799	 0.313594340223561 
1800	 0.31309464325091 
1801	 0.311595570845275 
1802	 0.311656785130381 
1803	 0.313834236512526 
1804	 0.313905592181811 
1805	 0.313128665668623 
1806	 0.313327999041801 
1807	 0.31276763164988 
1808	 0.312217651156139 
1809	 0.313244583661974 
1810	 0.313676679355266 
1811	 0.312720581412777 
1812	 0.31280435103332 
1813	 0.314069027274613 
1814	 0.315551984323118 
1815	 0.317731175213835 
1816	 0.322666014824655 
1817	 0.32215691227076 
1818	 0.306259854382936 
1819	 0.300097662077445 
1820	 0.297713504150915 
1821	 0.298760896695616 
1822	 0.322656826111824 
1823	 0.337882630895404 
1824	 0.348006652899865 
1825	 0.356500452459625 
1826	 0.345818589738641 
1827	 0.352309955700759 
1828	 0.381910719969358 
1829	 0.383895157352703 
1830	 0.375943440568492 
1831	 0.14430450872214 
1832	 0.321672599135758 
1833	 0.431198154550154 
1834	 0.920525462492104 
1835	 1.49339169439076 
1836	 0.672819936828976 
1837	 0.658164386740087 
1838	 0.736863956217977 
1839	 0.491238861880404 
1840	 0.451393621744111 
1841	 0.970665616850307 
1842	 1.3110854756866 
1843	 0.984246563202025 
1844	 1.00715042026443 
1845	 4.02357859453545 
1846	-16.2554219962612 
1847	 0.809005048493379 
1848	 2.85249333929209 
1849	 0.985250575070149 
1850	 0.529355359539279 
1851	 0.663479395188687 
1852	 1.28696052035368 
1853	 1.26457356842857 
1854	 7.04858310103608 
1855	 5.27538135665388 
1856	 0.294116973440388 
1857	 0.210354777751255 
1858	 0.483800208127379 
1859	-9.47158299021938E-03 
1860	-0.287406545431196 
1861	 0.320618830101084 
1862	 0.503019839138485 
1863	 0.228344673084506 
1864	 0.226042480711709 
1865	 0.607404708304728 
1866	 0.646856563463007 
1867	 0.394579386259099 
1868	-0.791614921744178 
1869	-0.557375366566157 
1870	 0.198546890983421 
1871	 0.497039273645241 
1872	 3.1032469071051 
1873	 2.4954426550276 
1874	 0.438855594010749 
1875	 0.195668884880263 
1876	-0.125440852144968 
1877	 0.143087836739132 
1878	 0.382935999311495 
1879	 0.598562433367453 
1880	 0.534283712723737 
1881	 0.276934270738044 
1882	 0.203841964420766 
1883	-1.15267969284207E-02 
1884	-4.72408885273597E-02 
1885	-1.07283082951546E-02 
1886	 0.122028683116209 
1887	 0.108797208525244 
1888	 0.132683987231863 
1889	 0.298262324198631 
1890	 0.261168236162153 
1891	 0.189486624195888 
1892	 6.56129102590142E-02 
1893	 8.15011371443043E-02 
1894	 2.11983543030023E-02 
1895	-5.68222366648666E-03 
1896	 0.162368104994988 
1897	 0.23742394443912 
1898	 0.140117637548309 
1899	 0.139546700371303 
1900	 0.174976581848626 
1901	 0.210227626896161 
1902	 0.187125916224265 
1903	 0.036903698102799 
1904	-1.49569353780002E-02 
1905	-0.09596937171249 
1906	 2.08219024962678E-02 
1907	 0.248494924302162 
1908	 0.235744233266355 
1909	 0.229138248410861 
1910	 0.130833986013534 
1911	 3.48634712690222E-02 
1912	 4.26918766869479E-02 
1913	 3.96562039907657E-02 
1914	 0.138252662647917 
1915	 0.120281481992789 
1916	 4.07360449224077E-02 
1917	-8.73822840803533E-03 
1918	 3.63038094596735E-02 
1919	 4.77011327173483E-02 
1920	 3.03801580287237E-02 
1921	 3.17602887083866E-02 
1922	 3.71817648009781E-03 
1923	-2.08552666003841E-02 
1924	-1.38478639272669E-02 
1925	 2.73143052708452E-02 
1926	 4.37293115043833E-02 
1927	 5.29364354794487E-02 
1928	 8.25102516361825E-02 
1929	 0.082495496372879 
1930	 6.73385310642386E-02 
1931	 6.70621779919891E-02 
1932	 6.04796379775457E-02 
1933	 4.16569237906323E-02 
1934	 4.58046355199183E-02 
1935	 5.06197264362352E-02 
1936	 6.23902540018352E-02 
1937	 5.28358165137174E-02 
1938	 5.21263556536436E-02 
1939	 5.88194617902658E-02 
1940	 5.62802399281635E-02 
1941	 0.05387710182188 
1942	 5.64012360594096E-02 
1943	 5.98886295039764E-02 
1944	 5.66043616486514E-02 
1945	 4.95738690243125E-02 
1946	 4.98840594270025E-02 
1947	 5.25674383000153E-02 
1948	 0.053565639912337 
1949	 5.39657916627934E-02 
1950	 5.66661418137427E-02 
1951	 5.44960288825698E-02 
1952	 5.21080916554586E-02 
1953	 5.33283702151184E-02 
1954	 5.75599857021391E-02 
1955	 0.06029315502091 
1956	 5.92490751856395E-02 
1957	 0.060450032589892 
1958	 6.02614987646411E-02 
1959	 0.059664612327196 
1960	 5.76055514685935E-02 
1961	 5.75510643073513E-02 
1962	 5.81829435706361E-02 
1963	 5.86516522214227E-02 
1964	 0.060924517533813 
1965	 6.25265376755983E-02 
1966	 6.14684578933778E-02 
1967	 6.15346786810954E-02 
1968	 6.27359687825035E-02 
1969	 6.32565709457624E-02 
1970	 6.39399993509017E-02 
1971	 6.44500847394729E-02 
1972	 6.45880351364521E-02 
1973	 0.065043277622763 
1974	 6.58265245383545E-02 
1975	 6.68359195591201E-02 
1976	 6.72611690458266E-02 
1977	 0.066695519033924 
1978	 6.71555838086954E-02 
1979	 6.88131244340377E-02 
1980	 6.95307495979145E-02 
1981	 6.99707388057802E-02 
1982	 7.09147913462389E-02 
1983	 7.18862363493204E-02 
1984	 7.18274454529185E-02 
1985	 7.18260001863207E-02 
1986	 7.27681297549328E-02 
1987	 0.07323412350838 
1988	 7.32081513444742E-02 
1989	 7.39218190428771E-02 
1990	 7.48705919774974E-02 
1991	 7.57535269138635E-02 
1992	 7.67291992226565E-02 
1993	 7.72524629911997E-02 
1994	 0.077801640574221 
1995	 7.84042030120085E-02 
1996	 7.85005217901662E-02 
1997	 7.84698252760479E-02 
1998	 7.93600197783087E-02 
1999	 8.05861450379185E-02 
2000	 8.12311757979534E-02 
2001	 8.12806426840411E-02 
2002	 0.081520125755268 
2003	 8.17965712875354E-02 
2004	 8.21284768198581E-02 
2005	 8.22796657958195E-02 
2006	 8.26447468154366E-02 
2007	 8.24429721090053E-02 
2008	 8.35935333362762E-02 
2009	 8.57644446882141E-02 
2010	 8.80511119226497E-02 
2011	 8.88635322890838E-02 
2012	 8.94035076915747E-02 
2013	 9.00807215696949E-02 
2014	 9.05282509331423E-02 
2015	 9.16606207631119E-02 
2016	 9.37716514330912E-02 
2017	 9.44017279393323E-02 
2018	 9.40859102096577E-02 
2019	 9.50468838703453E-02 
2020	 0.097091969731346 
2021	 9.80741509135542E-02 
2022	 9.91376006884953E-02 
2023	 9.96896288747438E-02 
2024	 9.96970602724648E-02 
2025	 0.10002793664355 
2026	 0.100342235267995 
2027	 0.100834500882942 
2028	 0.101951998808602 
2029	 0.101800085900737 
2030	 0.101279821747126 
2031	 0.102019371330309 
2032	 0.102744462615075 
2033	 0.103849460419951 
2034	 0.104401068163254 
2035	 0.104962514891542 
2036	 0.105710352954366 
2037	 0.106156484173166 
2038	 0.106453045526177 
2039	 0.107357113793066 
2040	 0.10814106690104 
2041	 0.10843510092336 
2042	 0.10867272054757 
2043	 0.10940432845182 
2044	 0.110063955569084 
2045	 0.110550728926564 
2046	 0.111168168297537 
2047	 0.111496349194354 
2048	 0.11126157325172 
2049	 0.111524822875546 
2050	 0.111669609970381 
2051	 0.112274474360997 
2052	 0.113903635874593 
2053	 0.11524511986496 
2054	 0.115150392437553 
2055	 0.115393389280667 
2056	 0.11703419825336 
2057	 0.117836322220009 
2058	 0.117871757381818 
2059	 0.119601624906058 
2060	 0.120647250315368 
2061	 0.119590419690846 
2062	 0.120065337280879 
2063	 0.122656075323373 
2064	 0.123489074186406 
2065	 0.123025517487355 
2066	 0.123714759317396 
2067	 0.125219635812181 
2068	 0.125629362009636 
2069	 0.125930844541987 
2070	 0.126857233571469 
2071	 0.127206539384877 
2072	 0.127531678932366 
2073	 0.128592123987698 
2074	 0.129361427827816 
2075	 0.129859602472054 
2076	 0.129902652187791 
2077	 0.130458759454536 
2078	 0.131086357578016 
2079	 0.131511951568829 
2080	 0.132136421340771 
2081	 0.132593737397226 
2082	 0.132715986513307 
2083	 0.13322038903942 
2084	 0.133843909697664 
2085	 0.134069185964039 
2086	 0.134385841610636 
2087	 0.135348378212616 
2088	 0.136225497017604 
2089	 0.136998454263937 
2090	 0.137905919536621 
2091	 0.138890090401094 
2092	 0.139508788056238 
2093	 0.13988642980267 
2094	 0.140732456197201 
2095	 0.142029973490054 
2096	 0.142518615184357 
2097	 0.142783417746677 
2098	 0.143121434867612 
2099	 0.143666834168012 
2100	 0.143381157283948 
2101	 0.143837326168872 
2102	 0.145465874043064 
2103	 0.146194251618999 
2104	 0.146380431275576 
2105	 0.147223904835329 
2106	 0.147763855655593 
2107	 0.147962255378597 
2108	 0.147571690731361 
2109	 0.148210964846379 
2110	 0.149159997132093 
2111	 0.149645202405027 
2112	 0.150541221414203 
2113	 0.151276683114422 
2114	 0.15165849579654 
2115	 0.151598548236449 
2116	 0.152639184740875 
2117	 0.153875625000112 
2118	 0.153980558798226 
2119	 0.154996591034702 
2120	 0.156158620816417 
2121	 0.156344120640709 
2122	 0.156610517345123 
2123	 0.157272883560793 
2124	 0.157732088661685 
2125	 0.15775730392906 
2126	 0.158041389544418 
2127	 0.158689503150706 
2128	 0.159108158341998 
2129	 0.15906285830743 
2130	 0.159499156155323 
2131	 0.1604167511728 
2132	 0.161019590855398 
2133	 0.1613177866341 
2134	 0.162360076168916 
2135	 0.164057874935043 
2136	 0.164337323299698 
2137	 0.16400848901376 
2138	 0.164851534579608 
2139	 0.165091815644075 
2140	 0.164944756938212 
2141	 0.166208521705406 
2142	 0.167159667429833 
2143	 0.167539655032884 
2144	 0.167298828360867 
2145	 0.167690551325044 
2146	 0.167745634528171 
2147	 0.168318549336426 
2148	 0.169763890920522 
2149	 0.170514770164547 
2150	 0.17108461916537 
2151	 0.171669921459221 
2152	 0.172099236680267 
2153	 0.172263200181242 
2154	 0.172446798474732 
2155	 0.172821798993524 
2156	 0.17302819736388 
2157	 0.173230982692965 
2158	 0.173483710353038 
2159	 0.173948647258668 
2160	 0.174903122752793 
2161	 0.174763479444889 
2162	 0.174224344882883 
2163	 0.174757278400917 
2164	 0.17511898755691 
2165	 0.175206989688777 
2166	 0.175602654010969 
2167	 0.176633445387752 
2168	 0.176952268117103 
2169	 0.17696761412738 
2170	 0.176892621796887 
2171	 0.176291103942854 
2172	 0.176391696049871 
2173	 0.176757277170912 
2174	 0.176630313051287 
2175	 0.177348181810353 
2176	 0.1783668693899 
2177	 0.177814562194785 
2178	 0.177954498940277 
2179	 0.178830037297519 
2180	 0.178491226207096 
2181	 0.178940062119069 
2182	 0.180196179600943 
2183	 0.180929354935007 
2184	 0.181142003373486 
2185	 0.181202959723883 
2186	 0.180939336746857 
2187	 0.18110250850726 
2188	 0.181064573318912 
2189	 0.181027992674254 
2190	 0.181473375199368 
2191	 0.181553124127405 
2192	 0.181018002535222 
2193	 0.181053976342244 
2194	 0.181453208133981 
2195	 0.181512795020606 
2196	 0.181341759942549 
2197	 0.181756695340258 
2198	 0.181592256087235 
2199	 0.181543470184547 
2200	 0.182327430864566 
2201	 0.182784762585956 
2202	 0.18301122832561 
2203	 0.183537493766732 
2204	 0.183749190295666 
2205	 0.183163203407796 
2206	 0.182564467589606 
2207	 0.182909559860801 
2208	 0.181944020999664 
2209	 0.180101551078225 
2210	 0.180410947770399 
2211	 0.182989486316388 
2212	 0.183068059295904 
2213	 0.182870659854189 
2214	 0.183424375564654 
2215	 0.182739999182402 
2216	 0.182096224500655 
2217	 0.182577396401461 
2218	 0.183202948709742 
2219	 0.183269023840007 
2220	 0.183079721106617 
2221	 0.183528647626844 
2222	 0.183679575114303 
2223	 0.182468356335198 
2224	 0.182195267173968 
2225	 0.182188701640629 
2226	 0.181482313195965 
2227	 0.181513777633681 
2228	 0.181137467263548 
2229	 0.181483159202362 
2230	 0.182459710896513 
2231	 0.182162742826961 
2232	 0.181645420427352 
2233	 0.180657655870084 
2234	 0.180289731396696 
2235	 0.181665222890115 
2236	 0.181693325335028 
2237	 0.180691752684807 
2238	 0.17809558428504 
2239	 0.178449108005229 
2240	 0.180293162413944 
2241	 0.179569354031032 
2242	 0.178938315830704 
2243	 0.1785509439921 
2244	 0.17549684599431 
2245	 0.174248373149979 
2246	 0.175998355891192 
2247	 0.176468501637929 
2248	 0.175418345679769 
2249	 0.174524929188647 
2250	 0.173533814207706 
2251	 0.174541508493226 
2252	 0.173431573883993 
2253	 0.171644964095167 
2254	 0.171463994917976 
2255	 0.17146567373388 
2256	 0.171049091746333 
2257	 0.170863083536478 
2258	 0.169984574366953 
2259	 0.168716597037695 
2260	 0.169057686320854 
2261	 0.169544691925567 
2262	 0.168369514098172 
2263	 0.16673778295707 
2264	 0.16522625034347 
2265	 0.164968841433854 
2266	 0.166151408612779 
2267	 0.165766005881203 
2268	 0.163609242289947 
2269	 0.162297714983078 
2270	 0.161693463822046 
2271	 0.160593755026914 
2272	 0.160364471951948 
2273	 0.162046357085332 
2274	 0.16161318321143 
2275	 0.159970520102406 
2276	 0.159208853651159 
2277	 0.157134641743321 
2278	 0.156551084586656 
2279	 0.158452433995071 
2280	 0.158258575764383 
2281	 0.157573637712152 
2282	 0.156553310043243 
2283	 0.153074697613019 
2284	 0.152320476284602 
2285	 0.154539807219217 
2286	 0.154110848600897 
2287	 0.153538855050196 
2288	 0.151398676071172 
2289	 0.15017317390349 
2290	 0.15003877826595 
2291	 0.151095633999875 
2292	 0.152228480856943 
2293	 0.150223721481047 
2294	 0.147976997326064 
2295	 0.148388398416458 
2296	 0.149064652219717 
2297	 0.147966904444846 
2298	 0.145160123832148 
2299	 0.142140699925059 
2300	 0.141393586378164 
2301	 0.141385765173467 
2302	 0.140395721894252 
2303	 0.139626561991101 
2304	 0.138203170238224 
2305	 0.136268332536635 
2306	 0.135861318859404 
2307	 0.137277491799034 
2308	 0.136806470602676 
2309	 0.135003878930158 
2310	 0.13593825694931 
2311	 0.135502851353478 
2312	 0.13446762960023 
2313	 0.137160428865889 
2314	 0.138411097780486 
2315	 0.135808947848995 
2316	 0.132742290064111 
2317	 0.131096054668302 
2318	 0.13079065735752 
2319	 0.131541710067453 
2320	 0.137807051749864 
2321	 0.138325662444192 
2322	 0.13503698300332 
2323	 0.134055536337446 
2324	 0.131361744678718 
2325	 0.130923588623452 
2326	 0.134722872524792 
2327	 0.134244450015477 
2328	 0.130836602232149 
2329	 0.129252623172386 
2330	 0.125771220579379 
2331	 0.125038462451752 
2332	 0.128211373083483 
2333	 0.128573999819911 
2334	 0.127891515875239 
2335	 0.127808484778156 
2336	 0.127348207684697 
2337	 0.126568141120116 
2338	 0.125880620634605 
2339	 0.125022655055949 
2340	 0.122215317834261 
2341	 0.12238477808414 
2342	 0.124439868955206 
2343	 0.126886113151121 
2344	 0.12800595498833 
2345	 0.126210294451065 
2346	 0.124516904140908 
2347	 0.123612741050064 
2348	 0.121500133433805 
2349	 0.118828837585467 
2350	 0.115352334468377 
2351	 0.113758273855298 
2352	 0.111941786113183 
2353	 0.108648109870868 
2354	 0.111629983700192 
2355	 0.110804884416196 
2356	 0.10559184803936 
2357	 0.111964685934139 
2358	 0.117055010492067 
2359	 0.11502434505894 
2360	 0.115903464263088 
2361	 0.1122361777553 
2362	 0.106609889921919 
2363	 0.10956458196588 
2364	 0.116381027108572 
2365	 0.119545570173576 
2366	 0.118123626409492 
2367	 0.1130804808995 
2368	 0.106610620039382 
2369	 0.10757702452511 
2370	 0.112878071907354 
2371	 0.112684151895298 
2372	 0.111421496605362 
2373	 0.107873126232899 
2374	 0.10223473451239 
2375	 0.103344636940686 
2376	 0.105916540748951 
2377	 0.103557190963156 
2378	 0.100197677563567 
2379	 9.87487746152734E-02 
2380	 9.69876214619764E-02 
2381	 9.82557440396338E-02 
2382	 0.104557069862751 
2383	 0.104678151816201 
2384	 0.101091907884063 
2385	 0.103352641300401 
2386	 0.106529910058265 
2387	 0.10124104893034 
2388	 9.30703529093835E-02 
2389	 0.093273386715396 
2390	 9.41291619886957E-02 
2391	 9.38195066813713E-02 
2392	 0.105240172251956 
2393	 0.114436712149576 
2394	 0.108098849754155 
2395	 0.105464728507426 
2396	 0.102950601602573 
2397	 9.06586679348353E-02 
2398	 8.36635498254818E-02 
2399	 8.67030859451904E-02 
2400	 9.64493447752075E-02 
2401	 0.103061237673967 
2402	 9.17816323668228E-02 
2403	 7.96959388807151E-02 
2404	 8.29128832956884E-02 
2405	 8.24380508186596E-02 
2406	 8.97945452183201E-02 
2407	 0.107720337307892 
2408	 9.56867279288705E-02 
2409	 7.60768809365554E-02 
2410	 0.084161594264238 
2411	 9.60523179018182E-02 
2412	 9.34779384388391E-02 
2413	 9.43756567099556E-02 
2414	 0.102521918756357 
2415	 9.19754182592309E-02 
2416	 8.38368712790722E-02 
2417	 9.58806338662683E-02 
2418	 9.86021168235078E-02 
2419	 8.53780470401233E-02 
2420	 7.81791684971331E-02 
2421	 7.94609258697649E-02 
2422	 6.30336530892323E-02 
2423	 4.88281632166726E-02 
2424	 6.57736763283445E-02 
2425	 6.64862139029988E-02 
2426	 5.50247260575773E-02 
2427	 0.079054582048367 
2428	 9.03676752381501E-02 
2429	 7.77189154004581E-02 
2430	 8.59182619788769E-02 
2431	 8.94022290281745E-02 
2432	 8.13007386239006E-02 
2433	 0.092601216896307 
2434	 9.93588770472412E-02 
2435	 8.61661988972216E-02 
2436	 8.02287364331097E-02 
2437	 8.02458760258383E-02 
2438	 7.43665062502066E-02 
2439	 7.00014578189026E-02 
2440	 6.19417190831205E-02 
2441	 5.83181822604777E-02 
2442	 7.16976009177227E-02 
2443	 0.089546876638992 
2444	 0.102404373238694 
2445	 8.40186895054478E-02 
2446	 5.72196501522352E-02 
2447	 0.058065011847437 
2448	 0.055339151744294 
2449	 6.85774853668527E-02 
2450	 9.52259826242589E-02 
2451	 7.36364716224667E-02 
2452	 3.74916838151835E-02 
2453	 3.58107789612556E-02 
2454	 3.27768918444165E-02 
2455	 4.62082248387187E-02 
2456	 8.38347679222379E-02 
2457	 8.32954484261457E-02 
2458	 6.78681530464903E-02 
2459	 5.17462529580723E-02 
2460	 2.07906934163077E-02 
2461	 3.25447601158683E-02 
2462	 6.31936052968837E-02 
2463	 0.058351526784286 
2464	 6.44858081158285E-02 
2465	 7.66231238966531E-02 
2466	 5.37072305695116E-02 
2467	 4.44959845166646E-02 
2468	 6.38359024720927E-02 
2469	 5.84188027341888E-02 
2470	 5.26123517335545E-02 
2471	 5.39028465938056E-02 
2472	 2.23602532959761E-02 
2473	 2.22464743064875E-02 
2474	 6.17167138885211E-02 
2475	 7.69152386036964E-02 
2476	 0.118188523764518 
2477	 0.1331669494433 
2478	 0.108285727450424 
2479	 7.31546891990952E-02 
2480	 4.60786279334937E-02 
2481	 6.87230218364127E-02 
2482	 0.123878302827311 
2483	 0.151974516115134 
2484	 7.22708541576866E-02 
2485	-0.035448130078557 
2486	-4.68400289640952E-02 
2487	-6.67934435461634E-02 
2488	-2.52218315902614E-02 
2489	 8.33935870871343E-02 
2490	-9.58841853480467E-02 
2491	-0.088969561514204 
2492	 0.252436640028918 
2493	 0.276479048477368 
2494	 0.120179639677244 
2495	-7.92472620209549E-02 
2496	-0.239854113017163 
2497	-0.189085710347558 
2498	 0.106051884438478 
2499	 0.41458734522309 
2500	 0.278789017633754 
