Wavelength	09/27/123 at 12:28:00
350	 2.86724979755731E-02 
351	 2.85643274250738E-02 
352	 0.0289163913741 
353	 2.92301820525471E-02 
354	 2.89517476616882E-02 
355	 2.92578453525015E-02 
356	 2.96719935160392E-02 
357	 2.97862559618944E-02 
358	 2.96474405673813E-02 
359	 2.97365369021522E-02 
360	 2.98809634725981E-02 
361	 2.96971408330273E-02 
362	 2.99058134256106E-02 
363	 3.01723712722578E-02 
364	 3.02756638847177E-02 
365	 3.04849084419428E-02 
366	 3.04922732074691E-02 
367	 0.030366458302278 
368	 3.03676937495777E-02 
369	 3.07997181491551E-02 
370	 3.10548963081874E-02 
371	 3.08626521937058E-02 
372	 3.09154761361494E-02 
373	 3.10901811098148E-02 
374	 3.12964609074363E-02 
375	 3.14473063970573E-02 
376	 3.16667185908542E-02 
377	 3.19795258585987E-02 
378	 3.22730459104294E-02 
379	 0.032106196762488 
380	 3.20784427333226E-02 
381	 3.22409068456466E-02 
382	 3.23870000007625E-02 
383	 3.25705697486045E-02 
384	 3.29897068445283E-02 
385	 3.35249172861868E-02 
386	 3.33028508489861E-02 
387	 3.31944882437202E-02 
388	 3.33612855167009E-02 
389	 3.36305401814518E-02 
390	 3.38710791704417E-02 
391	 3.41449271289739E-02 
392	 3.44482439221779E-02 
393	 3.46136643643161E-02 
394	 3.47211327607376E-02 
395	 3.47962608842776E-02 
396	 3.48536163877259E-02 
397	 0.034945579941198 
398	 3.50746867611016E-02 
399	 3.52508729226662E-02 
400	 3.55370989560045E-02 
401	 3.57182721754613E-02 
402	 0.035767646790003 
403	 3.57477970702275E-02 
404	 3.57947081842195E-02 
405	 3.59164477880888E-02 
406	 3.60718545965697E-02 
407	 3.61542211558034E-02 
408	 3.62579165902944E-02 
409	 0.036394967996968 
410	 0.036559390791977 
411	 3.68535464186096E-02 
412	 3.70970685688201E-02 
413	 3.72064136256003E-02 
414	 3.72789560533729E-02 
415	 0.037401997304512 
416	 3.75600094620228E-02 
417	 3.76915515465015E-02 
418	 3.77597705722128E-02 
419	 0.037823723159005 
420	 3.79324465321455E-02 
421	 3.81145262793451E-02 
422	 3.82837638491908E-02 
423	 3.84667966089327E-02 
424	 3.87138968336753E-02 
425	 3.89387052494712E-02 
426	 0.039173639750109 
427	 3.94121092386363E-02 
428	 3.95682006237625E-02 
429	 3.97524124372445E-02 
430	 3.99317375333446E-02 
431	 4.00531761465175E-02 
432	 4.02404151629063E-02 
433	 4.04282143248194E-02 
434	 4.05841057333705E-02 
435	 4.07331273428434E-02 
436	 4.09427789386397E-02 
437	 4.11716483331198E-02 
438	 4.13571950495579E-02 
439	 4.15300979132653E-02 
440	 0.041730980662431 
441	 4.19366909019294E-02 
442	 0.042036999032212 
443	 4.21977297691248E-02 
444	 4.23802181016734E-02 
445	 4.25169493044058E-02 
446	 4.27137418138325E-02 
447	 4.29458911163589E-02 
448	 4.31655153566336E-02 
449	 4.33071266078409E-02 
450	 4.34875346754963E-02 
451	 4.36625878692179E-02 
452	 4.37726727566911E-02 
453	 4.39267455649437E-02 
454	 4.40873178994872E-02 
455	 4.42345181488542E-02 
456	 0.044377502118989 
457	 4.45533877554194E-02 
458	 4.47692012355185E-02 
459	 4.49984678623432E-02 
460	 4.51078144525865E-02 
461	 4.52456896309691E-02 
462	 4.54339396613287E-02 
463	 4.55495033445526E-02 
464	 4.56877715340797E-02 
465	 4.58815282889144E-02 
466	 4.61100129031271E-02 
467	 4.62143318049492E-02 
468	 4.62968391911834E-02 
469	 4.64311650826825E-02 
470	 4.66530079030428E-02 
471	 4.68279301255733E-02 
472	 0.046967945594371 
473	 4.71075246229557E-02 
474	 4.72315426476091E-02 
475	 4.74000828751598E-02 
476	 4.75849629727216E-02 
477	 4.76951180746636E-02 
478	 4.78544109809187E-02 
479	 4.80561609955767E-02 
480	 4.82657533691435E-02 
481	 4.84369831575934E-02 
482	 4.86291297073999E-02 
483	 0.048844927233389 
484	 4.90452324574628E-02 
485	 4.92105020363821E-02 
486	 4.94234645778718E-02 
487	 4.97082484072208E-02 
488	 4.98914638482044E-02 
489	 5.01019586853711E-02 
490	 0.050348892728173 
491	 5.05806585795064E-02 
492	 0.050815704742264 
493	 5.10242781660458E-02 
494	 5.11990538734253E-02 
495	 5.13837443088221E-02 
496	 5.15786898832191E-02 
497	 5.18014120732527E-02 
498	 5.20719140494932E-02 
499	 5.23849677235739E-02 
500	 5.26880745879353E-02 
501	 0.052946608212009 
502	 0.053156668385879 
503	 5.34134704953724E-02 
504	 5.36892391357777E-02 
505	 5.39249838006294E-02 
506	 0.054202657986865 
507	 5.44539851592112E-02 
508	 0.054659687010468 
509	 5.48894176208585E-02 
510	 0.055127133907203 
511	 5.53948932930012E-02 
512	 0.055702674632625 
513	 5.59465956623423E-02 
514	 5.61830144149125E-02 
515	 5.64433833515194E-02 
516	 5.67152736072613E-02 
517	 5.69978635263615E-02 
518	 0.057318936649078 
519	 5.76698732289143E-02 
520	 5.78924505049984E-02 
521	 5.81305248466359E-02 
522	 5.84348063437321E-02 
523	 5.87630760395883E-02 
524	 0.059056525892876 
525	 0.059321136730171 
526	 5.95845141572946E-02 
527	 5.98791534320447E-02 
528	 6.02160719661802E-02 
529	 6.05515232733157E-02 
530	 6.08194002148486E-02 
531	 6.11402666413947E-02 
532	 6.14759994230807E-02 
533	 6.17796766291552E-02 
534	 6.20601288628773E-02 
535	 6.23772691447246E-02 
536	 6.27114583809247E-02 
537	 0.063006123906985 
538	 6.33554151381716E-02 
539	 6.37266919597364E-02 
540	 6.40938994096279E-02 
541	 6.44881802961651E-02 
542	 6.48577903113248E-02 
543	 6.52177925337385E-02 
544	 6.56030876649848E-02 
545	 6.59501258003939E-02 
546	 6.62746293578254E-02 
547	 6.66029807239717E-02 
548	 6.69620195854682E-02 
549	 6.73491018301243E-02 
550	 6.77552072678265E-02 
551	 6.81654660768639E-02 
552	 6.85433761587946E-02 
553	 6.89204290586531E-02 
554	 6.93042949754962E-02 
555	 6.96717646151991E-02 
556	 0.070036235201441 
557	 7.04272414656622E-02 
558	 7.08545338769336E-02 
559	 7.12384741481273E-02 
560	 7.16140963552892E-02 
561	 7.20165152291064E-02 
562	 7.24793903948723E-02 
563	 7.29055868680829E-02 
564	 7.32906529900435E-02 
565	 7.36620540744858E-02 
566	 7.40712735391501E-02 
567	 7.45004411481928E-02 
568	 7.49112176048369E-02 
569	 0.075261290364468 
570	 7.56368031922105E-02 
571	 7.60175304973244E-02 
572	 7.63767249711225E-02 
573	 0.076718865478808 
574	 7.70788527322557E-02 
575	 7.74504878465181E-02 
576	 7.78066263722595E-02 
577	 7.81746604026915E-02 
578	 0.078533103671215 
579	 0.078875051368648 
580	 7.92239406163962E-02 
581	 7.95186915499729E-02 
582	 7.97907441431932E-02 
583	 8.00868934945251E-02 
584	 8.03732159654641E-02 
585	 8.06822286288862E-02 
586	 8.10380496866566E-02 
587	 8.14588186628644E-02 
588	 8.18368657713909E-02 
589	 0.082176639175411 
590	 8.24853636188586E-02 
591	 8.27436940889539E-02 
592	 8.30020741892881E-02 
593	 8.32969780795142E-02 
594	 8.36400397995854E-02 
595	 8.39545646828955E-02 
596	 8.42463323270696E-02 
597	 8.45315472374917E-02 
598	 8.48008350734164E-02 
599	 8.50943718040462E-02 
600	 8.53963278196354E-02 
601	 8.56788438063859E-02 
602	 8.59980774741062E-02 
603	 8.63036901883139E-02 
604	 8.65694109261016E-02 
605	 8.68118070032364E-02 
606	 8.70517868906786E-02 
607	 8.73160140438775E-02 
608	 8.76164246558892E-02 
609	 8.79037704240978E-02 
610	 8.81720388215517E-02 
611	 8.84183270525296E-02 
612	 8.86413992209384E-02 
613	 8.88261061071472E-02 
614	 8.90535822078178E-02 
615	 8.93550345108273E-02 
616	 8.95537288768517E-02 
617	 8.97876412641632E-02 
618	 9.00455118615672E-02 
619	 9.02460703228217E-02 
620	 9.04442517681291E-02 
621	 9.06907935513696E-02 
622	 9.09829170404609E-02 
623	 0.091216459074187 
624	 9.14664147571715E-02 
625	 9.17115001993557E-02 
626	 9.19125536096298E-02 
627	 9.21439707776231E-02 
628	 9.23774181934358E-02 
629	 9.25974574966552E-02 
630	 9.28142874425226E-02 
631	 9.30187365330052E-02 
632	 9.32092982742973E-02 
633	 9.33988502572335E-02 
634	 9.36465327930342E-02 
635	 9.38934896711466E-02 
636	 9.41135162819363E-02 
637	 9.43031014850114E-02 
638	 9.44158097583679E-02 
639	 9.45601846285399E-02 
640	 9.47902547738168E-02 
641	 9.50053311770235E-02 
642	 9.51926371182561E-02 
643	 9.53495213789678E-02 
644	 9.54974092088942E-02 
645	 9.57266281872871E-02 
646	 9.59310592384545E-02 
647	 9.60888909014249E-02 
648	 9.62970095467437E-02 
649	 0.096515772671328 
650	 9.67399191769779E-02 
651	 9.69618678003406E-02 
652	 9.71374084200958E-02 
653	 9.73138331484516E-02 
654	 9.74947449733089E-02 
655	 9.76664160235358E-02 
656	 9.79342357202988E-02 
657	 9.81676644774829E-02 
658	 9.82894868691527E-02 
659	 9.83705759140547E-02 
660	 9.85376011710174E-02 
661	 9.87529190519964E-02 
662	 9.89332393649778E-02 
663	 0.099086572705988 
664	 9.92561247864131E-02 
665	 9.94126843271242E-02 
666	 0.09946148534083 
667	 9.96030728599716E-02 
668	 9.97802169585268E-02 
669	 9.99338902760874E-02 
670	 0.100159357784077 
671	 0.10040193454144 
672	 0.100598328873916 
673	 0.100712090540181 
674	 0.100952699570233 
675	 0.101162669683161 
676	 0.101298039542763 
677	 0.101539770536135 
678	 0.101738872392955 
679	 0.101949498708314 
680	 0.102236459952206 
681	 0.102479419866784 
682	 0.102718652087532 
683	 0.102994714854555 
684	 0.103335049127852 
685	 0.103668321926341 
686	 0.104089830756647 
687	 0.104652995277356 
688	 0.105161376825694 
689	 0.105581142422119 
690	 0.105959244848899 
691	 0.106347708245134 
692	 0.106758484889587 
693	 0.107231601631589 
694	 0.107757303000011 
695	 0.108265517674933 
696	 0.108745265484842 
697	 0.109224240436211 
698	 0.109733214114181 
699	 0.110228827169628 
700	 0.110773034438633 
701	 0.111300933135474 
702	 0.111720004501154 
703	 0.112133063866866 
704	 0.112579004923149 
705	 0.113043192989627 
706	 0.113448488565337 
707	 0.113938414246565 
708	 0.114403472453442 
709	 0.114754389798272 
710	 0.115108924881079 
711	 0.115425287269948 
712	 0.115766631284225 
713	 0.116217862463579 
714	 0.116582942947724 
715	 0.116925042931651 
716	 0.117293081726722 
717	 0.117648027437115 
718	 0.118052648221824 
719	 0.118460780802818 
720	 0.11879879236409 
721	 0.119063303611821 
722	 0.119306997118787 
723	 0.119583516283691 
724	 0.119900471617257 
725	 0.120206917508028 
726	 0.120466977686742 
727	 0.120711902941766 
728	 0.121036669321939 
729	 0.121304836237726 
730	 0.121539796628776 
731	 0.121779975636504 
732	 0.121974996030661 
733	 0.122204072550202 
734	 0.12244435709971 
735	 0.122636525719915 
736	 0.122931072443772 
737	 0.123185228892638 
738	 0.123362980719012 
739	 0.123610250650994 
740	 0.123848383543561 
741	 0.124096653791622 
742	 0.124375117147293 
743	 0.124641835400661 
744	 0.124895464613449 
745	 0.125123259468252 
746	 0.12531682855903 
747	 0.125553592529152 
748	 0.12580810378821 
749	 0.126049691694141 
750	 0.126258789392855 
751	 0.126534875988453 
752	 0.126825365493317 
753	 0.127070616326279 
754	 0.127297087069805 
755	 0.127566179810455 
756	 0.12788570135024 
757	 0.128235586457159 
758	 0.128554390468709 
759	 0.128990518700706 
760	 0.129722257788804 
761	 0.13055594231513 
762	 0.130885196361857 
763	 0.130893844639445 
764	 0.130860700687833 
765	 0.130816405581626 
766	 0.130838900041617 
767	 0.130883178976153 
768	 0.130912725069423 
769	 0.131040821681737 
770	 0.131198722546837 
771	 0.131383246952524 
772	 0.131644449026571 
773	 0.131900320772642 
774	 0.13212324915706 
775	 0.132324198939641 
776	 0.132565911602985 
777	 0.132804675299693 
778	 0.13303155350936 
779	 0.13325716826461 
780	 0.133538369513297 
781	 0.133799092806945 
782	 0.13401676525858 
783	 0.134209918274548 
784	 0.134413767489067 
785	 0.134634009351074 
786	 0.134855968359894 
787	 0.135048524443522 
788	 0.135343523940837 
789	 0.13563764171178 
790	 0.135837767867012 
791	 0.136036599817768 
792	 0.136202816594267 
793	 0.136377410844667 
794	 0.13661179284958 
795	 0.136846840228153 
796	 0.137113546955228 
797	 0.137363884833808 
798	 0.137503757518929 
799	 0.137750806025492 
800	 0.137995319624427 
801	 0.138182413903937 
802	 0.13843822245456 
803	 0.138683779841086 
804	 0.138890626774544 
805	 0.13905931662914 
806	 0.139229893691639 
807	 0.139420562925527 
808	 0.139650367939252 
809	 0.139923633579911 
810	 0.140200409550797 
811	 0.140424347970901 
812	 0.140593815619476 
813	 0.140775054089494 
814	 0.141063342993095 
815	 0.141382681537981 
816	 0.141679100549258 
817	 0.142036534064622 
818	 0.142227544660899 
819	 0.142298752616239 
820	 0.142378206067185 
821	 0.142558012962035 
822	 0.142751720227638 
823	 0.142959323150812 
824	 0.14321076364955 
825	 0.14342997150866 
826	 0.14369689943117 
827	 0.14396757161183 
828	 0.144086202353602 
829	 0.144284542177329 
830	 0.144510401184329 
831	 0.144700124644794 
832	 0.144855995344814 
833	 0.14505948714291 
834	 0.14522086196171 
835	 0.145291130426319 
836	 0.145451530365752 
837	 0.145668200033847 
838	 0.145859083044297 
839	 0.145960735644326 
840	 0.146131004378138 
841	 0.146392274421087 
842	 0.14665174177176 
843	 0.146765108329319 
844	 0.146994900553518 
845	 0.147149190200228 
846	 0.147204228082073 
847	 0.147431475127055 
848	 0.147542911373604 
849	 0.147706147005524 
850	 0.14802259674017 
851	 0.148191109147165 
852	 0.148312951292294 
853	 0.148456630652862 
854	 0.148663342832494 
855	 0.148880978814702 
856	 0.149091216798757 
857	 0.149272120256258 
858	 0.149405758369308 
859	 0.149477319625222 
860	 0.14965942186188 
861	 0.149929123774933 
862	 0.150084792021725 
863	 0.15013356207689 
864	 0.150243641723514 
865	 0.150472652466991 
866	 0.150685545888941 
867	 0.150777473548654 
868	 0.150916975858782 
869	 0.151209806124901 
870	 0.151484372795219 
871	 0.151581303398121 
872	 0.15163897524273 
873	 0.151836719979511 
874	 0.152078709157966 
875	 0.152231608522432 
876	 0.152427668144426 
877	 0.152829411699607 
878	 0.153014069150055 
879	 0.153014824269236 
880	 0.153003940744914 
881	 0.153199515923289 
882	 0.153297539252888 
883	 0.153547164909054 
884	 0.153938461106805 
885	 0.154109087401087 
886	 0.154097683727298 
887	 0.154206873781753 
888	 0.15453067290253 
889	 0.154702784882622 
890	 0.154773750535788 
891	 0.154937135742312 
892	 0.1552706270182 
893	 0.155430615415371 
894	 0.155509114371891 
895	 0.155555006668514 
896	 0.155663187081569 
897	 0.156131953205886 
898	 0.156439530407167 
899	 0.156477280058726 
900	 0.156460637195766 
901	 0.156820057545552 
902	 0.157115176624946 
903	 0.157169187809866 
904	 0.157076567554345 
905	 0.157203855263544 
906	 0.157512636471562 
907	 0.157803096052788 
908	 0.157803756920763 
909	 0.157992593764729 
910	 0.158327964088262 
911	 0.158588288623849 
912	 0.158478710409664 
913	 0.158568508187305 
914	 0.158770939589775 
915	 0.158920690818724 
916	 0.158959440620255 
917	 0.159044729012753 
918	 0.15924920228277 
919	 0.159539803007439 
920	 0.159728135155225 
921	 0.159771789005223 
922	 0.159767100993853 
923	 0.159816929782075 
924	 0.15984716451464 
925	 0.160146573892679 
926	 0.160264784493291 
927	 0.159718631707011 
928	 0.159699218379366 
929	 0.160630772019002 
930	 0.16150797157889 
931	 0.16066722826881 
932	 0.160463009517266 
933	 0.160140463071536 
934	 0.159870703748397 
935	 0.160574117547691 
936	 0.161458767179419 
937	 0.161576189513214 
938	 0.161253674397737 
939	 0.161623112864163 
940	 0.162357018207778 
941	 0.162247303820008 
942	 0.161487405797557 
943	 0.161604612299757 
944	 0.162566664988222 
945	 0.162965927829487 
946	 0.162245632213263 
947	 0.161339936396223 
948	 0.161189640235415 
949	 0.161918384763156 
950	 0.162777606331552 
951	 0.162325021836881 
952	 0.162861514706209 
953	 0.163453728129395 
954	 0.163188090767427 
955	 0.162267674369413 
956	 0.163005705432003 
957	 0.163915062825756 
958	 0.163885867370405 
959	 0.164103193391688 
960	 0.164456275558386 
961	 0.164742310866653 
962	 0.16489635601845 
963	 0.165223701824276 
964	 0.164718483326564 
965	 0.164395244279549 
966	 0.164849866520006 
967	 0.164536183763396 
968	 0.16483860798831 
969	 0.165311678219528 
970	 0.165347582181491 
971	 0.165345958038908 
972	 0.165397087638317 
973	 0.165566049916576 
974	 0.165815874324001 
975	 0.165903149789494 
976	 0.166162815592368 
977	 0.166629443379165 
978	 0.167098416531318 
979	 0.167005622901647 
980	 0.166955899180013 
981	 0.1669047330497 
982	 0.16675139768103 
983	 0.167081198454646 
984	 0.167290416524391 
985	 0.167364723385116 
986	 0.167439859020398 
987	 0.167257436321929 
988	 0.167375178201757 
989	 0.167886905590329 
990	 0.168556983509189 
991	 0.168863575884765 
992	 0.168908906693553 
993	 0.169018096748922 
994	 0.169277686556372 
995	 0.168485810798313 
996	 0.168285045458262 
997	 0.168638074951069 
998	 0.168812092672821 
999	 0.168511111674852 
1000	 0.168657389607511 
1001	 0.172592956348774 
1002	 0.172836574839632 
1003	 0.173019791298845 
1004	 0.173192963559556 
1005	 0.173390946377223 
1006	 0.173553124110598 
1007	 0.173700689690728 
1008	 0.173701855879894 
1009	 0.173801710951473 
1010	 0.173829134962893 
1011	 0.173931727082879 
1012	 0.174208990358483 
1013	 0.174289224214214 
1014	 0.174382327501393 
1015	 0.174373613787948 
1016	 0.174217170317493 
1017	 0.174257974102235 
1018	 0.174444482907869 
1019	 0.174651175910371 
1020	 0.174716073993934 
1021	 0.174754099145044 
1022	 0.174778022198167 
1023	 0.1747205945135 
1024	 0.174951376540651 
1025	 0.175336253103385 
1026	 0.175598807284018 
1027	 0.175963547806351 
1028	 0.176090100598749 
1029	 0.176079088763723 
1030	 0.176299861875473 
1031	 0.176450436712481 
1032	 0.176543532939274 
1033	 0.176590512414668 
1034	 0.176719381824992 
1035	 0.176806193567178 
1036	 0.176951473041383 
1037	 0.177045954978949 
1038	 0.177203080227454 
1039	 0.177398766508877 
1040	 0.177393256441679 
1041	 0.177531768528727 
1042	 0.177599303812019 
1043	 0.177611770865824 
1044	 0.177741313282744 
1045	 0.177971279784965 
1046	 0.178065889200687 
1047	 0.178247872446637 
1048	 0.178411254558508 
1049	 0.17837055644071 
1050	 0.178487663644996 
1051	 0.178641932215036 
1052	 0.178817502482186 
1053	 0.179158857375672 
1054	 0.179352267867348 
1055	 0.179501285809688 
1056	 0.179737090544846 
1057	 0.17983806909693 
1058	 0.179704983486203 
1059	 0.179785421396363 
1060	 0.179937640812537 
1061	 0.180063631009953 
1062	 0.180173889743822 
1063	 0.180432588851489 
1064	 0.180630781364049 
1065	 0.180791802838341 
1066	 0.181010243364084 
1067	 0.181228026174517 
1068	 0.181355621213633 
1069	 0.181377221904512 
1070	 0.181443620771067 
1071	 0.181412550637749 
1072	 0.181537830322115 
1073	 0.181832878809059 
1074	 0.181963577074196 
1075	 0.182040083926261 
1076	 0.182255100714981 
1077	 0.182324174972353 
1078	 0.182332830989305 
1079	 0.182498319541278 
1080	 0.18259486917494 
1081	 0.182704378822326 
1082	 0.182957389701642 
1083	 0.183151345678031 
1084	 0.183428887218516 
1085	 0.183572335595756 
1086	 0.183607355942421 
1087	 0.183665996000185 
1088	 0.183616689702866 
1089	 0.183691671446447 
1090	 0.183726915199089 
1091	 0.184009954610386 
1092	 0.184314091660833 
1093	 0.184542207087942 
1094	 0.184755250064941 
1095	 0.184762184378742 
1096	 0.18485549886408 
1097	 0.184848324388347 
1098	 0.184936043896303 
1099	 0.185195449256626 
1100	 0.185253866225851 
1101	 0.185125982645498 
1102	 0.185177264405669 
1103	 0.185195810277125 
1104	 0.185269895865778 
1105	 0.185536759097198 
1106	 0.185761916036866 
1107	 0.186053803007936 
1108	 0.186187368059087 
1109	 0.186366662066243 
1110	 0.186519976224435 
1111	 0.186650813303075 
1112	 0.186642842098396 
1113	 0.186810525979719 
1114	 0.187135053235384 
1115	 0.187303163287972 
1116	 0.187501140719584 
1117	 0.18759402389412 
1118	 0.187340542501149 
1119	 0.187408275147362 
1120	 0.187618111632273 
1121	 0.1878728994349 
1122	 0.188471052667432 
1123	 0.188913375171457 
1124	 0.189301915513643 
1125	 0.189640165895331 
1126	 0.189906976789862 
1127	 0.190031941449053 
1128	 0.190168282869194 
1129	 0.190174322772904 
1130	 0.190263356050062 
1131	 0.190408039288751 
1132	 0.190423943498787 
1133	 0.190343479668758 
1134	 0.190367910701491 
1135	 0.190407499878271 
1136	 0.190373221867519 
1137	 0.1902466459973 
1138	 0.190321373848233 
1139	 0.190358346501972 
1140	 0.190595005771591 
1141	 0.190674817156211 
1142	 0.190868897039204 
1143	 0.191014068242711 
1144	 0.191095708520941 
1145	 0.191060171095378 
1146	 0.190957059811133 
1147	 0.191039827248928 
1148	 0.19106253275421 
1149	 0.191116110906974 
1150	 0.191418055685155 
1151	 0.191530050266951 
1152	 0.191511155747079 
1153	 0.191459255482973 
1154	 0.191316470396511 
1155	 0.191293455806299 
1156	 0.191231532472155 
1157	 0.190971985249259 
1158	 0.191032295318503 
1159	 0.19131319380324 
1160	 0.191332220327772 
1161	 0.191368669962123 
1162	 0.191387554681794 
1163	 0.191215043680683 
1164	 0.191182359439617 
1165	 0.191242138623242 
1166	 0.191294460894675 
1167	 0.191372073293601 
1168	 0.191438509278017 
1169	 0.191593716495572 
1170	 0.191620080861104 
1171	 0.191551551861009 
1172	 0.191432758349475 
1173	 0.191496652456537 
1174	 0.191641413876493 
1175	 0.19163012039144 
1176	 0.19163651881712 
1177	 0.191657724657916 
1178	 0.191506275568586 
1179	 0.191574455611065 
1180	 0.191909551367634 
1181	 0.192023881149158 
1182	 0.192064865651633 
1183	 0.192099171022408 
1184	 0.1920238964209 
1185	 0.192024746110463 
1186	 0.192048983316553 
1187	 0.19211037783147 
1188	 0.192155341987679 
1189	 0.192354747525226 
1190	 0.192575043311937 
1191	 0.192636340525386 
1192	 0.192726612392403 
1193	 0.192729077290774 
1194	 0.192781758725549 
1195	 0.192856645620021 
1196	 0.192870389160442 
1197	 0.192845082636746 
1198	 0.192907266467327 
1199	 0.192925244546379 
1200	 0.192986229543853 
1201	 0.193167271638222 
1202	 0.193266671353958 
1203	 0.193392626617158 
1204	 0.193425965667801 
1205	 0.193347809526499 
1206	 0.193346331012331 
1207	 0.193441774648142 
1208	 0.193411149530819 
1209	 0.193590536040039 
1210	 0.193773927664108 
1211	 0.193673208715837 
1212	 0.193766426329944 
1213	 0.193976846311019 
1214	 0.193975979850522 
1215	 0.19404798107499 
1216	 0.194224935795748 
1217	 0.194289747744459 
1218	 0.194220680512297 
1219	 0.194305264072344 
1220	 0.194462643986931 
1221	 0.194531202751939 
1222	 0.194616118610237 
1223	 0.194694088193025 
1224	 0.194713685872975 
1225	 0.194749356033457 
1226	 0.194833648262308 
1227	 0.19498076827096 
1228	 0.1950449398898 
1229	 0.195064996722866 
1230	 0.195139293020962 
1231	 0.19522447698412 
1232	 0.195366739495279 
1233	 0.195524871806582 
1234	 0.195616630863075 
1235	 0.195607389717015 
1236	 0.195642989280465 
1237	 0.195626496702881 
1238	 0.19568212251795 
1239	 0.195828511748835 
1240	 0.195939332632007 
1241	 0.196017445734715 
1242	 0.196108411723058 
1243	 0.196240110616867 
1244	 0.196295580076386 
1245	 0.196278784388663 
1246	 0.196317185943754 
1247	 0.196344051421207 
1248	 0.196337054176195 
1249	 0.196393582810167 
1250	 0.19663246586205 
1251	 0.196870627572478 
1252	 0.196997219700837 
1253	 0.197156147817266 
1254	 0.197171147516123 
1255	 0.197037775551846 
1256	 0.197080303739702 
1257	 0.197149373683856 
1258	 0.19723861668215 
1259	 0.197351611497262 
1260	 0.197599890484671 
1261	 0.197723416591194 
1262	 0.197731383952267 
1263	 0.197934355960801 
1264	 0.198148832783048 
1265	 0.1983358035366 
1266	 0.19856864936642 
1267	 0.198639646126505 
1268	 0.19865148735164 
1269	 0.198624637438778 
1270	 0.198581888731869 
1271	 0.198618181965936 
1272	 0.198592035818989 
1273	 0.198625980247596 
1274	 0.198658747851073 
1275	 0.198578372580147 
1276	 0.198597580137413 
1277	 0.198641840957227 
1278	 0.198734250437031 
1279	 0.198943999055532 
1280	 0.199004981728482 
1281	 0.19890827200381 
1282	 0.198935643543684 
1283	 0.198917655842784 
1284	 0.199044511840368 
1285	 0.199142562513154 
1286	 0.199246699653995 
1287	 0.199357017047103 
1288	 0.199215826486928 
1289	 0.199136165627892 
1290	 0.199385688014231 
1291	 0.199481033341314 
1292	 0.199419491659183 
1293	 0.199476427377663 
1294	 0.199499038029152 
1295	 0.199626253110966 
1296	 0.19994146405954 
1297	 0.200100369136523 
1298	 0.200039727079072 
1299	 0.200055667964561 
1300	 0.200290074120604 
1301	 0.200480558478445 
1302	 0.200439898625122 
1303	 0.200520777281809 
1304	 0.2004906046071 
1305	 0.200533512682455 
1306	 0.200574329602686 
1307	 0.201024474634481 
1308	 0.201218242956685 
1309	 0.200906841471591 
1310	 0.200829014540533 
1311	 0.200949856002398 
1312	 0.201180879852658 
1313	 0.201637799706956 
1314	 0.201888964900019 
1315	 0.201872270283642 
1316	 0.201713158286919 
1317	 0.201568377390255 
1318	 0.201753433937144 
1319	 0.201901283714892 
1320	 0.20196655045282 
1321	 0.20208709482733 
1322	 0.201934746311455 
1323	 0.201816509789924 
1324	 0.201979814342213 
1325	 0.202229816125584 
1326	 0.202506351550222 
1327	 0.202492571183675 
1328	 0.202306657339609 
1329	 0.202294232030165 
1330	 0.202295817537669 
1331	 0.202255662359333 
1332	 0.202485532005673 
1333	 0.20284755264636 
1334	 0.202757610300338 
1335	 0.202601506893501 
1336	 0.202691808506041 
1337	 0.202735235142954 
1338	 0.202931392490118 
1339	 0.203140656627838 
1340	 0.202946880019381 
1341	 0.202737329819723 
1342	 0.20256564889621 
1343	 0.202186778995372 
1344	 0.202360701950294 
1345	 0.203103489806831 
1346	 0.203217267403995 
1347	 0.203072397963212 
1348	 0.203576636974406 
1349	 0.203277957944097 
1350	 0.202426794002 
1351	 0.203593330461704 
1352	 0.204467167103756 
1353	 0.203273916676637 
1354	 0.203399532901743 
1355	 0.204335023197545 
1356	 0.203869153302638 
1357	 0.2036737072678 
1358	 0.203852700218266 
1359	 0.204012861635035 
1360	 0.199402621508171 
1361	 0.195502945157195 
1362	 0.204833994027849 
1363	 0.219118213308684 
1364	 0.23596501153535 
1365	 0.253604320189677 
1366	 0.240118863464778 
1367	 0.213279431374522 
1368	 0.176102129324749 
1369	 0.166476875031777 
1370	 0.175575097040194 
1371	 0.208145966111632 
1372	 0.267433861418061 
1373	 0.220404288213083 
1374	 0.187961522449691 
1375	 0.259220776529432 
1376	 0.252524695821332 
1377	 0.218330375328791 
1378	 0.233382802657301 
1379	 0.212122866301823 
1380	 0.23658530594462 
1381	 0.305272904146598 
1382	 0.284065042336305 
1383	 0.237656642931689 
1384	 0.232632316701856 
1385	 0.267177844585396 
1386	 0.296786914560141 
1387	 0.253159690407769 
1388	 0.189582648889092 
1389	 0.182437060197729 
1390	 0.168944935053627 
1391	 0.194226635512435 
1392	 0.222884084534158 
1393	 0.218519126472451 
1394	 0.179143318771935 
1395	 0.149286784845932 
1396	 0.17369474171462 
1397	 0.231351112732745 
1398	 0.258417483839722 
1399	 0.240762125370098 
1400	 0.219343515976648 
1401	 0.210264172036712 
1402	 0.20939847150909 
1403	 0.220194007545013 
1404	 0.233208335503715 
1405	 0.220849924099066 
1406	 0.200388958510206 
1407	 0.200572490340846 
1408	 0.205263783443054 
1409	 0.207318201022328 
1410	 0.206837876314813 
1411	 0.19848997996802 
1412	 0.190483996028145 
1413	 0.190101698414828 
1414	 0.195882985295611 
1415	 0.200409363019715 
1416	 0.199056501478041 
1417	 0.197678855723494 
1418	 0.195114123196174 
1419	 0.192022066747314 
1420	 0.193908963712633 
1421	 0.196495768461444 
1422	 0.196484866229534 
1423	 0.196482395228517 
1424	 0.195639015490347 
1425	 0.193620458292571 
1426	 0.192903972562331 
1427	 0.192563001955341 
1428	 0.192815107565841 
1429	 0.193417478029293 
1430	 0.19350993626183 
1431	 0.191631829035275 
1432	 0.191730812417661 
1433	 0.19326349934544 
1434	 0.192727901661969 
1435	 0.193212217310832 
1436	 0.193759802316517 
1437	 0.191792559628251 
1438	 0.191213990789527 
1439	 0.191852599034037 
1440	 0.191337611641142 
1441	 0.191215632542566 
1442	 0.191018577143695 
1443	 0.190156493058676 
1444	 0.189780697193731 
1445	 0.189900661305774 
1446	 0.190235691718928 
1447	 0.190455591559928 
1448	 0.190619439651284 
1449	 0.190386485287745 
1450	 0.189732165811177 
1451	 0.189947097775241 
1452	 0.190255627774753 
1453	 0.18946045243496 
1454	 0.189147316630245 
1455	 0.18959617537294 
1456	 0.189688366437318 
1457	 0.190002598108613 
1458	 0.190389610127259 
1459	 0.190138355235625 
1460	 0.189805859292564 
1461	 0.189764276180668 
1462	 0.189772754247022 
1463	 0.189702658892312 
1464	 0.189898288486874 
1465	 0.190127523348038 
1466	 0.189838087449436 
1467	 0.189809699376291 
1468	 0.189876069138215 
1469	 0.189639012814991 
1470	 0.189825918310886 
1471	 0.190656146035101 
1472	 0.191266041509243 
1473	 0.190892996575917 
1474	 0.190627279039874 
1475	 0.190799829251872 
1476	 0.19085193676597 
1477	 0.190984324333016 
1478	 0.191153782479906 
1479	 0.191096322327399 
1480	 0.191092909359642 
1481	 0.19133598310131 
1482	 0.191820573566942 
1483	 0.191965458533463 
1484	 0.191760118465985 
1485	 0.191872384989688 
1486	 0.192028960929478 
1487	 0.191975468258127 
1488	 0.192001508958276 
1489	 0.191763260088119 
1490	 0.191621792708735 
1491	 0.191895480595245 
1492	 0.191870125626701 
1493	 0.191997247981413 
1494	 0.192365927731997 
1495	 0.192406449280011 
1496	 0.192444450643792 
1497	 0.192440247113537 
1498	 0.19243363562348 
1499	 0.192614587213724 
1500	 0.192740828446623 
1501	 0.192744085200627 
1502	 0.192679726730351 
1503	 0.192599924425614 
1504	 0.192604464482704 
1505	 0.192870099351705 
1506	 0.193245918219303 
1507	 0.193385930591751 
1508	 0.193351495133468 
1509	 0.193453948839945 
1510	 0.193664325664018 
1511	 0.193648531948319 
1512	 0.193697742505398 
1513	 0.193812730567372 
1514	 0.193651158306477 
1515	 0.193771030018249 
1516	 0.19413416189692 
1517	 0.194243852354006 
1518	 0.194334867106331 
1519	 0.194367880927522 
1520	 0.194340738141691 
1521	 0.194609241935871 
1522	 0.194863057532652 
1523	 0.194810643158726 
1524	 0.194759291737219 
1525	 0.194774289674525 
1526	 0.194951380426789 
1527	 0.195229238412662 
1528	 0.195348245778054 
1529	 0.195491823324056 
1530	 0.195573499404047 
1531	 0.195592178476201 
1532	 0.195674658336444 
1533	 0.195782281478565 
1534	 0.19572704873587 
1535	 0.195715926223594 
1536	 0.195855663576713 
1537	 0.195938866292259 
1538	 0.195947749592812 
1539	 0.195995934300244 
1540	 0.196249815704291 
1541	 0.196256800023759 
1542	 0.196253497498946 
1543	 0.196510960984036 
1544	 0.19647825772388 
1545	 0.196387599892893 
1546	 0.19658855502403 
1547	 0.196650076029037 
1548	 0.196591036506042 
1549	 0.196755544659072 
1550	 0.196811536005756 
1551	 0.196692680040821 
1552	 0.196910444880767 
1553	 0.197166935087621 
1554	 0.197058335073504 
1555	 0.197080205341827 
1556	 0.197261147443857 
1557	 0.19728835965731 
1558	 0.197504305706683 
1559	 0.197677094526628 
1560	 0.197484688938563 
1561	 0.197440132412296 
1562	 0.197489078810665 
1563	 0.197515990738095 
1564	 0.197687749542062 
1565	 0.197770155191935 
1566	 0.197815160544595 
1567	 0.197842080154091 
1568	 0.197819450554744 
1569	 0.19796841023362 
1570	 0.198030525450001 
1571	 0.198033605758204 
1572	 0.198297433587687 
1573	 0.198343835463044 
1574	 0.198262507656698 
1575	 0.198473415602292 
1576	 0.19852248344723 
1577	 0.198539184512732 
1578	 0.198796398220525 
1579	 0.198772798721458 
1580	 0.198665334644908 
1581	 0.198751975643143 
1582	 0.198657128482234 
1583	 0.198769788370626 
1584	 0.199146420546756 
1585	 0.199235270141453 
1586	 0.199247664383853 
1587	 0.199231467870232 
1588	 0.199222293412825 
1589	 0.199280898036394 
1590	 0.199199342526824 
1591	 0.199310827428585 
1592	 0.199563193016195 
1593	 0.199671961373067 
1594	 0.199973819793479 
1595	 0.200186969499714 
1596	 0.19990531233446 
1597	 0.199790589373928 
1598	 0.199985279922766 
1599	 0.200116867850543 
1600	 0.200358068427206 
1601	 0.200515426863355 
1602	 0.200443348610466 
1603	 0.200433850759042 
1604	 0.20057102896689 
1605	 0.200819042489635 
1606	 0.201107667527736 
1607	 0.201324530630291 
1608	 0.201363218464904 
1609	 0.201286299513832 
1610	 0.201135930980297 
1611	 0.201017955741331 
1612	 0.201138621344263 
1613	 0.201432182625215 
1614	 0.201762148579769 
1615	 0.20206171891725 
1616	 0.202063190912755 
1617	 0.201859889878578 
1618	 0.201826435395536 
1619	 0.201663311750715 
1620	 0.201618636463964 
1621	 0.20193082437026 
1622	 0.202136796123398 
1623	 0.202371800012516 
1624	 0.202609879331479 
1625	 0.202567358473819 
1626	 0.202392568790217 
1627	 0.202280050641593 
1628	 0.202239274375225 
1629	 0.20235141889434 
1630	 0.202629662083655 
1631	 0.202788454404147 
1632	 0.202795445034847 
1633	 0.202873128122855 
1634	 0.202963713912682 
1635	 0.202960755493517 
1636	 0.203040554372732 
1637	 0.20328379549694 
1638	 0.203348902748052 
1639	 0.203152024032158 
1640	 0.203172116657291 
1641	 0.203319401693677 
1642	 0.203422493672972 
1643	 0.203688758509387 
1644	 0.203724978479942 
1645	 0.203495737138399 
1646	 0.203430134009885 
1647	 0.203485102009664 
1648	 0.203614421958399 
1649	 0.20365133928987 
1650	 0.20360705841954 
1651	 0.203659496751558 
1652	 0.203720305565117 
1653	 0.203851752984103 
1654	 0.203993594596962 
1655	 0.204019607380081 
1656	 0.203977376859684 
1657	 0.203944361275124 
1658	 0.203945203087657 
1659	 0.203933568261731 
1660	 0.203995612400458 
1661	 0.204169224923853 
1662	 0.204093321272477 
1663	 0.20386551376718 
1664	 0.203840522765775 
1665	 0.203741300368302 
1666	 0.203665845907405 
1667	 0.203816572993698 
1668	 0.203778929004901 
1669	 0.203816978124077 
1670	 0.204088835330251 
1671	 0.20404982697644 
1672	 0.20389919681853 
1673	 0.203731406882504 
1674	 0.203596293337436 
1675	 0.203666982767397 
1676	 0.203775203834867 
1677	 0.203918457493748 
1678	 0.203895342405147 
1679	 0.203675693449982 
1680	 0.203417626106223 
1681	 0.20330484260086 
1682	 0.20307047027195 
1683	 0.202792222096866 
1684	 0.202874219362809 
1685	 0.202805318173378 
1686	 0.202831800139699 
1687	 0.202986747785019 
1688	 0.202809467520083 
1689	 0.202845096645041 
1690	 0.202760520267634 
1691	 0.202518272029704 
1692	 0.202849916489429 
1693	 0.202945573881683 
1694	 0.202628779301817 
1695	 0.202745230530941 
1696	 0.202639565705392 
1697	 0.20219840872939 
1698	 0.202402563058493 
1699	 0.202421264006001 
1700	 0.202099638943878 
1701	 0.202207545469209 
1702	 0.202152073678051 
1703	 0.202122287993856 
1704	 0.20214947282192 
1705	 0.202117963816684 
1706	 0.202088955782997 
1707	 0.201934272015656 
1708	 0.201740565508759 
1709	 0.201624753382256 
1710	 0.201248116880589 
1711	 0.201228150009772 
1712	 0.2016809552562 
1713	 0.201699321303525 
1714	 0.201666548657887 
1715	 0.201672304579251 
1716	 0.201337346838403 
1717	 0.201236481368906 
1718	 0.201508261584975 
1719	 0.201414704934502 
1720	 0.201036941242066 
1721	 0.200964204064099 
1722	 0.200880809866229 
1723	 0.200814947812345 
1724	 0.201026893460455 
1725	 0.200997164319009 
1726	 0.200839799616732 
1727	 0.200750150262547 
1728	 0.200604895119533 
1729	 0.200476984814809 
1730	 0.200069204760754 
1731	 0.20010307769649 
1732	 0.20056700071573 
1733	 0.200680571218365 
1734	 0.20107373878828 
1735	 0.201144221175703 
1736	 0.200685595231671 
1737	 0.200593066734906 
1738	 0.200618006015191 
1739	 0.200474024881849 
1740	 0.200227247823886 
1741	 0.200243256493224 
1742	 0.200249075784725 
1743	 0.20051690784189 
1744	 0.201309393616162 
1745	 0.201464917895172 
1746	 0.201401515109573 
1747	 0.201385762583904 
1748	 0.201068311879708 
1749	 0.200983659172214 
1750	 0.201115921843207 
1751	 0.201109329019535 
1752	 0.200697606729701 
1753	 0.200628871591178 
1754	 0.200926681127217 
1755	 0.200994979193688 
1756	 0.201325949712775 
1757	 0.201458470683122 
1758	 0.200934805255503 
1759	 0.200871374014164 
1760	 0.20096099797453 
1761	 0.200796247866004 
1762	 0.200936297220008 
1763	 0.201010153741106 
1764	 0.201081857805186 
1765	 0.201223525359649 
1766	 0.201243161896719 
1767	 0.201284157078451 
1768	 0.201134072849567 
1769	 0.20095797183048 
1770	 0.201154594326032 
1771	 0.201531484526595 
1772	 0.201688320478806 
1773	 0.202116910083035 
1774	 0.202282234999681 
1775	 0.202004614088672 
1776	 0.201894744530516 
1777	 0.2016046754316 
1778	 0.20154475093224 
1779	 0.201537759256749 
1780	 0.201646382007998 
1781	 0.202312420614121 
1782	 0.20258128762387 
1783	 0.202626561842087 
1784	 0.202775481800536 
1785	 0.202647068836578 
1786	 0.202713070640869 
1787	 0.203117780161226 
1788	 0.203276490944707 
1789	 0.203226631588048 
1790	 0.203399467965544 
1791	 0.203881321267703 
1792	 0.203740178266936 
1793	 0.203227823468105 
1794	 0.202983216357206 
1795	 0.202009482578729 
1796	 0.201834007472529 
1797	 0.20257658147497 
1798	 0.20313401300667 
1799	 0.204221810748423 
1800	 0.204420435464341 
1801	 0.204274217963547 
1802	 0.204273601211648 
1803	 0.203596813090156 
1804	 0.203126321659808 
1805	 0.202834398516156 
1806	 0.202978751865356 
1807	 0.202606335231928 
1808	 0.202861102093292 
1809	 0.204814865506628 
1810	 0.204165428195176 
1811	 0.205821614028442 
1812	 0.204370735870061 
1813	 0.20561468358561 
1814	 0.209208791885951 
1815	 0.208863282771339 
1816	 0.20744960522055 
1817	 0.199629854675898 
1818	 0.191497784158804 
1819	 0.190668852319301 
1820	 0.212740262897163 
1821	 0.223808755386139 
1822	 0.230706352816149 
1823	 0.23784750807281 
1824	 0.234330016573597 
1825	 0.225637612316241 
1826	 0.203752819885299 
1827	 0.191208342044093 
1828	 0.164441280497079 
1829	 0.150623910882876 
1830	 0.178957623667634 
1831	 9.86945920320863E-02 
1832	 0.145606158589 
1833	 0.14157833420287 
1834	 0.270466553742974 
1835	 0.41412988654795 
1836	 4.65784549185784E-02 
1837	-3.77515276465808E-02 
1838	-1.48607510286933E-02 
1839	 0.320532946702906 
1840	 0.548025650828518 
1841	 0.51951963111057 
1842	 0.693186283788886 
1843	 0.419564222612065 
1844	 0.593145328529974 
1845	 7.84953869148508 
1846	-41.5298208119062 
1847	 2.621454021329 
1848	 7.91483732887088 
1849	 1.34620999774187 
1850	-0.286795051773305 
1851	-0.342648495411378 
1852	-0.394814957656213 
1853	-0.596367450093705 
1854	 1.66608855695394 
1855	 2.73817498463319 
1856	 0.464219111124671 
1857	 0.15871076481952 
1858	 0.669422493125012 
1859	 2.92748923005468 
1860	 1.7618400285222 
1861	-5.72966352449018 
1862	-1.26624390420037 
1863	 0.570304466955707 
1864	 0.603058240595254 
1865	 1.04200143086361 
1866	 1.1853115197867 
1867	 1.02690628920741 
1868	 0.185824843062304 
1869	-0.565357694745132 
1870	 4.35274496210054E-02 
1871	 0.348821794646729 
1872	 1.79761205013055 
1873	 1.47799950313595 
1874	 0.967976901203042 
1875	 0.853860203947021 
1876	 0.466329914331402 
1877	 0.166297540702813 
1878	 0.271669102411823 
1879	 0.316635386166356 
1880	 0.322958590275378 
1881	 0.485510058748087 
1882	 0.430874420286185 
1883	 8.18486540093635E-02 
1884	 3.18163012272525E-02 
1885	 7.78952596356899E-02 
1886	-5.03165922370265E-02 
1887	-4.03680268015124E-02 
1888	 0.117445183502323 
1889	 9.25903723110966E-02 
1890	 4.73820565502474E-02 
1891	 5.71490406012312E-02 
1892	 0.118927090345808 
1893	 0.141495787646479 
1894	 0.158764744611022 
1895	 0.205222435283158 
1896	 0.294156084998437 
1897	 0.351628592371261 
1898	 0.395693636993787 
1899	 0.451911980991003 
1900	 0.393385072603992 
1901	 0.172399513958034 
1902	 3.92724835011602E-02 
1903	-0.123856502379815 
1904	-0.132266142868754 
1905	 1.64962843321869E-02 
1906	 0.144174582838562 
1907	 0.258038373118235 
1908	 0.148396552371806 
1909	 8.41159154140495E-02 
1910	 0.362322098839432 
1911	 0.559987444048597 
1912	 0.613754842711129 
1913	 0.534660476030271 
1914	 0.282471161285322 
1915	 0.192664036253895 
1916	 7.18907268130217E-02 
1917	 6.20001896351957E-02 
1918	 0.153120796707629 
1919	 0.219285388183834 
1920	 0.210654313954989 
1921	 0.197881494951173 
1922	 0.167971465697329 
1923	 0.131385760835414 
1924	 0.123289389699458 
1925	 0.13546832042306 
1926	 0.134460409047431 
1927	 0.112395021727189 
1928	 0.124029677216153 
1929	 0.147642333141925 
1930	 0.15834588360677 
1931	 0.177713625413104 
1932	 0.183173995244097 
1933	 0.157170886696004 
1934	 0.143701815873384 
1935	 0.144659151721251 
1936	 0.15142151186879 
1937	 0.162606490143484 
1938	 0.174125189805915 
1939	 0.171606066037601 
1940	 0.162308235155258 
1941	 0.149676042835404 
1942	 0.147371779486521 
1943	 0.159652109429353 
1944	 0.163513766127087 
1945	 0.160377554472825 
1946	 0.164064836210583 
1947	 0.169251420237031 
1948	 0.168037147590934 
1949	 0.164883744544831 
1950	 0.16853553412233 
1951	 0.169199163810851 
1952	 0.163809124095972 
1953	 0.161326995528694 
1954	 0.165066445086547 
1955	 0.165775228547932 
1956	 0.16660891324983 
1957	 0.171985667195926 
1958	 0.173048081169928 
1959	 0.172238121859124 
1960	 0.170480052206084 
1961	 0.171407574007184 
1962	 0.170963198319008 
1963	 0.170743063953656 
1964	 0.171982766509328 
1965	 0.171860612404322 
1966	 0.169492373825291 
1967	 0.169736463174407 
1968	 0.172206174381916 
1969	 0.172619891601424 
1970	 0.17220681352785 
1971	 0.172585490220762 
1972	 0.172362786183589 
1973	 0.170553993337581 
1974	 0.17081486761602 
1975	 0.172260970670876 
1976	 0.173391108499502 
1977	 0.174491548535237 
1978	 0.174948173353968 
1979	 0.175347499646533 
1980	 0.175413871303369 
1981	 0.174727626665857 
1982	 0.174615041188921 
1983	 0.17438732448527 
1984	 0.174177028564852 
1985	 0.174911434256858 
1986	 0.176113539245393 
1987	 0.176158528763431 
1988	 0.176181694398483 
1989	 0.175859570618788 
1990	 0.175763499236288 
1991	 0.177200375907123 
1992	 0.178326471494084 
1993	 0.178661632113433 
1994	 0.178005608035399 
1995	 0.178370393586962 
1996	 0.178540063344134 
1997	 0.179114412666702 
1998	 0.180074333242146 
1999	 0.180648429506163 
2000	 0.179992081213863 
2001	 0.178628874873603 
2002	 0.179192820308153 
2003	 0.181307510336113 
2004	 0.181234936369404 
2005	 0.181124410716742 
2006	 0.181706494411372 
2007	 0.18114122351046 
2008	 0.180587498408918 
2009	 0.180333959447133 
2010	 0.182783762903456 
2011	 0.184860578890684 
2012	 0.183775915452645 
2013	 0.184076243052133 
2014	 0.185128896915655 
2015	 0.183043034349199 
2016	 0.182014106805917 
2017	 0.182748547692439 
2018	 0.18218734811494 
2019	 0.181791105743517 
2020	 0.181088346421621 
2021	 0.181350647915432 
2022	 0.18236194687972 
2023	 0.182116288650771 
2024	 0.181575411271441 
2025	 0.182086917650057 
2026	 0.181837154719479 
2027	 0.180729558378256 
2028	 0.180387245674642 
2029	 0.180398661354239 
2030	 0.180583198853341 
2031	 0.180800097822678 
2032	 0.18074157851304 
2033	 0.180797081516911 
2034	 0.180482446068439 
2035	 0.179353562023121 
2036	 0.179471234276726 
2037	 0.179643267250003 
2038	 0.179144923486872 
2039	 0.179415633922165 
2040	 0.179136095901703 
2041	 0.178065240879642 
2042	 0.178112619231362 
2043	 0.178462052230728 
2044	 0.178020131993237 
2045	 0.177857951376878 
2046	 0.178451097553755 
2047	 0.178488850481169 
2048	 0.177796502301738 
2049	 0.177803718268286 
2050	 0.178801696746963 
2051	 0.178019686217251 
2052	 0.176635791706241 
2053	 0.176657444291953 
2054	 0.176498983800908 
2055	 0.176369928928634 
2056	 0.176420839826884 
2057	 0.175960739543464 
2058	 0.17512934711634 
2059	 0.174516212146444 
2060	 0.174416216900724 
2061	 0.175656633387787 
2062	 0.175785691052275 
2063	 0.175431218500706 
2064	 0.175129316825303 
2065	 0.174612535480964 
2066	 0.174215315068666 
2067	 0.173375271470931 
2068	 0.172874459293009 
2069	 0.173703798108186 
2070	 0.174292036104774 
2071	 0.173271263795958 
2072	 0.172977429238955 
2073	 0.173320221258897 
2074	 0.172215855670153 
2075	 0.171882866306247 
2076	 0.172985270952324 
2077	 0.173431247460803 
2078	 0.173210131306773 
2079	 0.173161542251065 
2080	 0.173563013766335 
2081	 0.173553296108938 
2082	 0.1727470786056 
2083	 0.171978941435991 
2084	 0.172534891630886 
2085	 0.172958077570394 
2086	 0.172264189077698 
2087	 0.172377638579614 
2088	 0.172221060377819 
2089	 0.171301751053458 
2090	 0.170805000703955 
2091	 0.170707542343418 
2092	 0.170665619626857 
2093	 0.170672900518709 
2094	 0.170589819637978 
2095	 0.170788524918317 
2096	 0.170820269112768 
2097	 0.170576389157227 
2098	 0.170128400137367 
2099	 0.17061539496782 
2100	 0.171628005519311 
2101	 0.171614749857957 
2102	 0.171236016989489 
2103	 0.171136361761614 
2104	 0.171112265454569 
2105	 0.171593321002231 
2106	 0.17231134929304 
2107	 0.172436256818206 
2108	 0.171634357589045 
2109	 0.171717218533248 
2110	 0.172157466414253 
2111	 0.172202841899669 
2112	 0.172371101721286 
2113	 0.172445052303309 
2114	 0.172004101154898 
2115	 0.172161319514581 
2116	 0.172733978883517 
2117	 0.173003525641595 
2118	 0.172539142708207 
2119	 0.172133138893648 
2120	 0.172406033155058 
2121	 0.172501639198221 
2122	 0.172792936383456 
2123	 0.173741416262896 
2124	 0.173742628785207 
2125	 0.172378353192523 
2126	 0.172514630606118 
2127	 0.173456832688178 
2128	 0.173208839255361 
2129	 0.172821188110156 
2130	 0.173233868115861 
2131	 0.173213330716193 
2132	 0.173225860841361 
2133	 0.174132766920797 
2134	 0.175073614959052 
2135	 0.174140467114242 
2136	 0.172970323237594 
2137	 0.173430603731072 
2138	 0.173939555162639 
2139	 0.173465139602384 
2140	 0.174056362080959 
2141	 0.174684048802771 
2142	 0.173350291589649 
2143	 0.172952622586858 
2144	 0.173379186851056 
2145	 0.173397883453536 
2146	 0.172898849669838 
2147	 0.17303369479292 
2148	 0.173480757415815 
2149	 0.173729299170633 
2150	 0.174414315050915 
2151	 0.174433580113185 
2152	 0.173635775613331 
2153	 0.173987985226869 
2154	 0.174307228378839 
2155	 0.174526266246946 
2156	 0.175015852660068 
2157	 0.174483602302346 
2158	 0.173642380992307 
2159	 0.173453805087576 
2160	 0.173868844613115 
2161	 0.174566088286386 
2162	 0.175285251536511 
2163	 0.175109175298827 
2164	 0.17515973751714 
2165	 0.175177288869021 
2166	 0.175481101740162 
2167	 0.175805259289755 
2168	 0.175993266068972 
2169	 0.176503061256723 
2170	 0.176214844975649 
2171	 0.174877212680039 
2172	 0.174752270584373 
2173	 0.174977252471361 
2174	 0.175057869929652 
2175	 0.175974219214043 
2176	 0.176800080651008 
2177	 0.176041942460977 
2178	 0.174906435202133 
2179	 0.174252012134581 
2180	 0.174114069992397 
2181	 0.174678579750099 
2182	 0.175363803836664 
2183	 0.175822663276338 
2184	 0.175759033772283 
2185	 0.175749588419969 
2186	 0.175568262103228 
2187	 0.17561677786544 
2188	 0.175854059863707 
2189	 0.175821628573571 
2190	 0.175431340749642 
2191	 0.175301870698219 
2192	 0.175312202999827 
2193	 0.175461853430269 
2194	 0.175835715491486 
2195	 0.175897917660591 
2196	 0.175958779138761 
2197	 0.175805499045538 
2198	 0.175385728128412 
2199	 0.176114838354625 
2200	 0.176612019191717 
2201	 0.175796876095558 
2202	 0.175066304742165 
2203	 0.174737462832974 
2204	 0.174840420248897 
2205	 0.174888319028004 
2206	 0.174846798021072 
2207	 0.175491489054892 
2208	 0.176154395186047 
2209	 0.176635253957383 
2210	 0.176546009152905 
2211	 0.175423388071012 
2212	 0.175187547483967 
2213	 0.174801582091865 
2214	 0.174943701810963 
2215	 0.175847824734007 
2216	 0.176511879628618 
2217	 0.177983802453381 
2218	 0.178179484438928 
2219	 0.177403187547298 
2220	 0.177271708817398 
2221	 0.176761990563305 
2222	 0.175878254579103 
2223	 0.176257937544388 
2224	 0.176894256338216 
2225	 0.177582650333932 
2226	 0.178254893672795 
2227	 0.178727385691031 
2228	 0.179031200551714 
2229	 0.178308598688463 
2230	 0.177271347879525 
2231	 0.177497700928016 
2232	 0.177836638604836 
2233	 0.176942541562533 
2234	 0.177270898289945 
2235	 0.178460087901949 
2236	 0.178236183778054 
2237	 0.177382453659492 
2238	 0.175947784130949 
2239	 0.175947835159602 
2240	 0.175530526145351 
2241	 0.175644738262491 
2242	 0.178395670636602 
2243	 0.178530688964482 
2244	 0.175536214116259 
2245	 0.175117334138533 
2246	 0.176464252153474 
2247	 0.176174293213672 
2248	 0.175612132999674 
2249	 0.175580888795072 
2250	 0.175024181375176 
2251	 0.173859686834599 
2252	 0.173121245828218 
2253	 0.172384648161211 
2254	 0.17090395655728 
2255	 0.170512288937528 
2256	 0.172683164550943 
2257	 0.174495140231548 
2258	 0.173868205618365 
2259	 0.172097856301017 
2260	 0.170138411030782 
2261	 0.169566467967996 
2262	 0.169981768060684 
2263	 0.170427782949477 
2264	 0.169887432722983 
2265	 0.167806548021922 
2266	 0.167769733152581 
2267	 0.168574171873645 
2268	 0.168570695017903 
2269	 0.169816915788942 
2270	 0.169533824723942 
2271	 0.167622236998091 
2272	 0.166689667874941 
2273	 0.165749607785824 
2274	 0.165386361816317 
2275	 0.165439764077665 
2276	 0.165682041840956 
2277	 0.166689461326731 
2278	 0.166866719779802 
2279	 0.167326076667396 
2280	 0.1667940940301 
2281	 0.164556608486214 
2282	 0.164111816522304 
2283	 0.164555130925704 
2284	 0.163669228121773 
2285	 0.162882473696407 
2286	 0.162409172266546 
2287	 0.160491706982128 
2288	 0.160276904576296 
2289	 0.161208518257819 
2290	 0.160786694219497 
2291	 0.161427511362943 
2292	 0.160420202712606 
2293	 0.158426307682906 
2294	 0.158685592929752 
2295	 0.159679302085804 
2296	 0.160700648079079 
2297	 0.161689712386006 
2298	 0.162291779198621 
2299	 0.160998500707668 
2300	 0.159019137938435 
2301	 0.158882065516713 
2302	 0.159456551172665 
2303	 0.160703470097848 
2304	 0.161325948378802 
2305	 0.160783312577615 
2306	 0.162285058143343 
2307	 0.163424404570697 
2308	 0.161520755161836 
2309	 0.159629807068049 
2310	 0.159904875736428 
2311	 0.159652939551933 
2312	 0.159103071639877 
2313	 0.16103708501382 
2314	 0.161220066129188 
2315	 0.159026626489034 
2316	 0.157509077239685 
2317	 0.157003357421307 
2318	 0.157983911345506 
2319	 0.158330773659315 
2320	 0.160675162921581 
2321	 0.160864953266911 
2322	 0.158647214762164 
2323	 0.157581830063433 
2324	 0.155780637402022 
2325	 0.155894668447454 
2326	 0.1587201257148 
2327	 0.158976925048348 
2328	 0.158496240207471 
2329	 0.158859578183102 
2330	 0.156821657571381 
2331	 0.157112643835995 
2332	 0.16197513887766 
2333	 0.162147947599577 
2334	 0.159282095810222 
2335	 0.159687003590281 
2336	 0.159205186729053 
2337	 0.158455655096434 
2338	 0.160099970374565 
2339	 0.160718646246243 
2340	 0.159038321049807 
2341	 0.160008982121981 
2342	 0.161218152226315 
2343	 0.160991932992598 
2344	 0.159297569758252 
2345	 0.156143972050691 
2346	 0.154113272893178 
2347	 0.155213078121106 
2348	 0.157061463003422 
2349	 0.156268894971157 
2350	 0.156314597973629 
2351	 0.157674853567104 
2352	 0.155680993431053 
2353	 0.1533733902962 
2354	 0.152066566600614 
2355	 0.14978068392067 
2356	 0.153562423160589 
2357	 0.156825608108353 
2358	 0.153934830712443 
2359	 0.155450446342407 
2360	 0.157488963363969 
2361	 0.158291370541083 
2362	 0.162482444122962 
2363	 0.162120722516155 
2364	 0.156060060491428 
2365	 0.156660492031875 
2366	 0.159002285263682 
2367	 0.154545754359908 
2368	 0.153289637072383 
2369	 0.151089799279732 
2370	 0.146880778113325 
2371	 0.152667403865283 
2372	 0.164112759802586 
2373	 0.165262567301389 
2374	 0.156672955341464 
2375	 0.150992138377633 
2376	 0.144928912207221 
2377	 0.14288746008685 
2378	 0.152863350248796 
2379	 0.161634966318539 
2380	 0.156145136283834 
2381	 0.145906385612733 
2382	 0.139784933143832 
2383	 0.136853741658721 
2384	 0.14567648365505 
2385	 0.157536116278281 
2386	 0.156569480426032 
2387	 0.154240423429671 
2388	 0.15474295794031 
2389	 0.152101322311031 
2390	 0.158717752780884 
2391	 0.16811634468891 
2392	 0.162925832332173 
2393	 0.158329194779402 
2394	 0.161568272823792 
2395	 0.157759841692793 
2396	 0.155318701056045 
2397	 0.158208491999577 
2398	 0.152087295453473 
2399	 0.145959284543651 
2400	 0.143480082203183 
2401	 0.14494894326184 
2402	 0.147780562367139 
2403	 0.144596083992851 
2404	 0.146655450083384 
2405	 0.148598732781174 
2406	 0.142101001508582 
2407	 0.144818559016961 
2408	 0.154173069142323 
2409	 0.150334500706261 
2410	 0.14916299412749 
2411	 0.155861048566103 
2412	 0.150134526786025 
2413	 0.142933230944428 
2414	 0.151185234273732 
2415	 0.153491798516213 
2416	 0.142457431447907 
2417	 0.143182601128578 
2418	 0.144178867819701 
2419	 0.14124915817292 
2420	 0.143804363165918 
2421	 0.13945129712489 
2422	 0.129084304318077 
2423	 0.12628180442256 
2424	 0.135156894288508 
2425	 0.143490062260524 
2426	 0.149954294294877 
2427	 0.147776440305176 
2428	 0.139702686003573 
2429	 0.147251888340518 
2430	 0.152724069962206 
2431	 0.149565894277841 
2432	 0.14984733653812 
2433	 0.143141279226796 
2434	 0.13566520604483 
2435	 0.130498276071616 
2436	 0.127960208169347 
2437	 0.135389959419847 
2438	 0.130978357942613 
2439	 0.128462393319725 
2440	 0.130807720745305 
2441	 0.129678448258426 
2442	 0.147942934590469 
2443	 0.160453492259673 
2444	 0.161473445126656 
2445	 0.162834659934042 
2446	 0.157580847600449 
2447	 0.164560345310562 
2448	 0.185381021411514 
2449	 0.168950648571682 
2450	 0.117210727568412 
2451	 9.63821616122132E-02 
2452	 9.80559256593154E-02 
2453	 0.098474714344364 
2454	 0.129514768634133 
2455	 0.165959145884801 
2456	 0.154851204073555 
2457	 0.14222851453197 
2458	 0.15858154999067 
2459	 0.134564713617419 
2460	 0.104629384131571 
2461	 0.123567954778687 
2462	 0.152089584219012 
2463	 0.177614434942162 
2464	 0.183367792952186 
2465	 0.173997688600468 
2466	 0.135694153985021 
2467	 9.42526767056229E-02 
2468	 0.131521761532382 
2469	 0.142561003031821 
2470	 0.170248489513891 
2471	 0.179123832645018 
2472	 0.143882841717038 
2473	 0.152237930831642 
2474	 0.216105960361937 
2475	 0.205666730287709 
2476	 0.146438433158174 
2477	 0.135502598679496 
2478	 7.45547941550771E-02 
2479	 0.076833975947031 
2480	 0.203549241468805 
2481	 0.20045207542483 
2482	 7.22014054945106E-02 
2483	 8.23561888696064E-02 
2484	 6.27737452766465E-02 
2485	-6.12044174911982E-02 
2486	-2.80216806747197E-02 
2487	-2.77066556793294E-02 
2488	-0.116501550277803 
2489	-3.12258097820597E-02 
2490	 0.178866706645291 
2491	 0.37374152915953 
2492	 0.415041630060501 
2493	 0.205429713820721 
2494	 0.142741819280964 
2495	-0.179092632663034 
2496	-0.346561824604107 
2497	-0.19573905046118 
2498	-0.148968842558797 
2499	 4.27205225894189E-02 
2500	 0.312409619332223 
