Wavelength	09/27/123 at 12:27:48
350	 0.032319286573436 
351	 3.23080004368532E-02 
352	 3.23041397631689E-02 
353	 3.23542854752792E-02 
354	 3.26433245601814E-02 
355	 3.30320994060781E-02 
356	 3.32941814882766E-02 
357	 3.33063828809658E-02 
358	 3.30982402453984E-02 
359	 3.30481250840178E-02 
360	 3.31712242048642E-02 
361	 3.33159830094191E-02 
362	 3.35347340618568E-02 
363	 0.033798826818936 
364	 3.39868438624878E-02 
365	 3.37125044164305E-02 
366	 3.38252234008329E-02 
367	 3.41739716414105E-02 
368	 0.034202838906745 
369	 3.44369187124719E-02 
370	 3.46878560012648E-02 
371	 3.47985699887843E-02 
372	 3.48331239965526E-02 
373	 3.50310088052675E-02 
374	 3.53317055018642E-02 
375	 3.55235611028744E-02 
376	 3.56836709495075E-02 
377	 3.60520530981682E-02 
378	 3.65924659829276E-02 
379	 3.65793388331657E-02 
380	 3.65977559968477E-02 
381	 3.68319408483426E-02 
382	 3.72448332772001E-02 
383	 3.75101331287275E-02 
384	 3.76424904062538E-02 
385	 3.77574261783211E-02 
386	 3.81199691527783E-02 
387	 3.82317243890288E-02 
388	 3.83032954888279E-02 
389	 3.87784269271046E-02 
390	 0.039208696126968 
391	 3.94762210517822E-02 
392	 3.96082816301021E-02 
393	 3.98072822872089E-02 
394	 4.01240536278091E-02 
395	 4.04214062519374E-02 
396	 4.05308500082577E-02 
397	 4.07259583555965E-02 
398	 4.08912997057782E-02 
399	 4.10092620985627E-02 
400	 4.13104300806312E-02 
401	 4.14839374485549E-02 
402	 4.16088049662319E-02 
403	 4.18552471024838E-02 
404	 4.19198485006997E-02 
405	 4.20256936830655E-02 
406	 0.042274827581253 
407	 4.24816243256483E-02 
408	 4.26144143136007E-02 
409	 4.27588511062803E-02 
410	 4.30157177239434E-02 
411	 4.31655928143561E-02 
412	 4.33744436484671E-02 
413	 4.36966696537415E-02 
414	 0.043947847904584 
415	 0.044191354946095 
416	 4.43859845899069E-02 
417	 4.44809544653128E-02 
418	 4.45908119823746E-02 
419	 4.47897939700879E-02 
420	 4.50760162543492E-02 
421	 4.53416620037286E-02 
422	 0.045607327076147 
423	 0.045850308726767 
424	 4.60462285171457E-02 
425	 4.62337525586823E-02 
426	 4.64983136316298E-02 
427	 4.68523961008066E-02 
428	 4.72018485346325E-02 
429	 4.75109068924006E-02 
430	 4.77325640878955E-02 
431	 4.78587081177078E-02 
432	 4.80618691131672E-02 
433	 4.83280769944758E-02 
434	 4.86137944468307E-02 
435	 4.88572708816642E-02 
436	 4.91495210174134E-02 
437	 4.94508214865414E-02 
438	 0.049703488726594 
439	 4.99934017596866E-02 
440	 5.02372795519833E-02 
441	 5.04315595884461E-02 
442	 5.06863695300638E-02 
443	 5.09586518719233E-02 
444	 5.12092185666029E-02 
445	 0.051419966796182 
446	 5.16777666599916E-02 
447	 5.19304449123435E-02 
448	 5.21466553301078E-02 
449	 5.23320522023221E-02 
450	 0.052596081514869 
451	 0.052866930511304 
452	 5.30517370360559E-02 
453	 5.32417217443136E-02 
454	 5.34548200682026E-02 
455	 5.36654556546815E-02 
456	 0.053802546487497 
457	 5.40064004988297E-02 
458	 0.054237079446702 
459	 5.44239536975055E-02 
460	 5.45865930264741E-02 
461	 5.47483569736574E-02 
462	 0.054918348511809 
463	 5.50853260515863E-02 
464	 5.52688296895588E-02 
465	 5.54794675089642E-02 
466	 5.57039956933929E-02 
467	 5.58554013459767E-02 
468	 5.59841025950152E-02 
469	 5.61311374901302E-02 
470	 5.63242405504145E-02 
471	 5.65302811736516E-02 
472	 5.67197209462477E-02 
473	 5.68759169988948E-02 
474	 5.70155449040598E-02 
475	 5.71947923288208E-02 
476	 5.74001392653389E-02 
477	 5.75642571911343E-02 
478	 5.77149289872257E-02 
479	 5.79131332742285E-02 
480	 5.81724392593201E-02 
481	 0.058334402178349 
482	 5.85540479165868E-02 
483	 5.88547215023876E-02 
484	 5.91601581040253E-02 
485	 5.94019683874188E-02 
486	 5.96510595735297E-02 
487	 5.99421321855278E-02 
488	 6.01386586841275E-02 
489	 6.04079223668385E-02 
490	 6.07434398001602E-02 
491	 6.10463706434268E-02 
492	 6.13087064390804E-02 
493	 6.15509608292708E-02 
494	 6.18023991929618E-02 
495	 6.20932080019775E-02 
496	 0.062412584142383 
497	 6.27214802247203E-02 
498	 6.29885859591772E-02 
499	 6.34011250092581E-02 
500	 6.38082175784148E-02 
501	 6.41134203112448E-02 
502	 6.43828169958244E-02 
503	 0.064642430266899 
504	 6.49410141657089E-02 
505	 6.53164136354417E-02 
506	 6.57092735013292E-02 
507	 6.60320125160561E-02 
508	 6.62772938404621E-02 
509	 6.65550496343934E-02 
510	 6.68549230225285E-02 
511	 6.72056145763231E-02 
512	 6.76170112786525E-02 
513	 6.79652653651913E-02 
514	 6.82891564343968E-02 
515	 6.86148864965783E-02 
516	 6.89396464176165E-02 
517	 6.92903527580024E-02 
518	 0.06968976643686 
519	 7.01098093976503E-02 
520	 0.070359564433938 
521	 7.06648593719233E-02 
522	 7.10699968202207E-02 
523	 7.14463163112577E-02 
524	 7.18229398374233E-02 
525	 7.21755624144965E-02 
526	 7.25004029389434E-02 
527	 7.28849022112282E-02 
528	 7.32938629529997E-02 
529	 0.07369574069225 
530	 0.074074620049615 
531	 7.44595754420622E-02 
532	 7.48515697461381E-02 
533	 7.52494917475221E-02 
534	 7.56681139796384E-02 
535	 7.61294535685059E-02 
536	 7.65838799229389E-02 
537	 0.076954576954858 
538	 7.73585402871774E-02 
539	 7.78431530113341E-02 
540	 7.83825821939126E-02 
541	 7.88163657480801E-02 
542	 7.92603576219072E-02 
543	 7.97399568068119E-02 
544	 8.02435408503536E-02 
545	 8.07468973286865E-02 
546	 8.12217067293339E-02 
547	 8.16740746157535E-02 
548	 8.21580335092855E-02 
549	 8.26593034759544E-02 
550	 8.31867150619309E-02 
551	 8.37471556519961E-02 
552	 8.42961345913318E-02 
553	 8.48115709787576E-02 
554	 0.085294972581916 
555	 8.57765659427729E-02 
556	 8.63158827453852E-02 
557	 8.68857872499576E-02 
558	 8.74355689109082E-02 
559	 8.79463848902879E-02 
560	 8.85017813419808E-02 
561	 8.91134640006686E-02 
562	 8.97320266536054E-02 
563	 9.02829604218155E-02 
564	 9.08010226747454E-02 
565	 9.13311899762152E-02 
566	 9.18551307163079E-02 
567	 9.24360112122766E-02 
568	 9.30292932365996E-02 
569	 9.35318664555961E-02 
570	 9.40520472307639E-02 
571	 9.45843362855854E-02 
572	 9.51010501699511E-02 
573	 0.095577174105266 
574	 0.096051608948184 
575	 9.65389648070809E-02 
576	 9.70408418515624E-02 
577	 9.76099600981619E-02 
578	 9.81438363694424E-02 
579	 9.86084229205887E-02 
580	 9.91029620062266E-02 
581	 9.95259710581588E-02 
582	 9.99043404326189E-02 
583	 0.100302964119799 
584	 0.100772848593766 
585	 0.101227606651766 
586	 0.101655944276054 
587	 0.10214743253113 
588	 0.102595027555682 
589	 0.103038847137307 
590	 0.10349708662452 
591	 0.103891499348804 
592	 0.104231543926749 
593	 0.10458318900999 
594	 0.105028880708878 
595	 0.105443750340013 
596	 0.10581831039141 
597	 0.106171027123637 
598	 0.106514231203881 
599	 0.106936265694931 
600	 0.107360526465795 
601	 0.10767034655831 
602	 0.108040045115874 
603	 0.10839614381103 
604	 0.108708140018878 
605	 0.109035621269821 
606	 0.109373427455972 
607	 0.109720246254457 
608	 0.110069825905316 
609	 0.110405621764866 
610	 0.110699532850079 
611	 0.110979501277459 
612	 0.111321381045074 
613	 0.111564926479384 
614	 0.111785439205089 
615	 0.11206996220161 
616	 0.112394799458495 
617	 0.112677623408978 
618	 0.112929171885278 
619	 0.113217746927033 
620	 0.113453930220858 
621	 0.113713109127593 
622	 0.114027204180313 
623	 0.114312858206229 
624	 0.114556147098609 
625	 0.114773818275802 
626	 0.114994915440316 
627	 0.115217848411602 
628	 0.115477185529603 
629	 0.115745169213969 
630	 0.11592584856101 
631	 0.116190195591551 
632	 0.116483622764171 
633	 0.116722581912399 
634	 0.116922045035583 
635	 0.11715968240168 
636	 0.117399807069339 
637	 0.11754568309585 
638	 0.117737087787043 
639	 0.117976727495155 
640	 0.118233944963483 
641	 0.118447594421345 
642	 0.118678911431158 
643	 0.118910169597093 
644	 0.119107480842204 
645	 0.119308478553298 
646	 0.119490285637876 
647	 0.119672312815473 
648	 0.119928542494493 
649	 0.120181322470035 
650	 0.120411811088019 
651	 0.120630433043216 
652	 0.12089163548164 
653	 0.121078524825303 
654	 0.121199768269898 
655	 0.121360120941869 
656	 0.121710957824642 
657	 0.122012776965301 
658	 0.122153421680112 
659	 0.122349149701289 
660	 0.12255118353018 
661	 0.122748501746372 
662	 0.122939715083167 
663	 0.123119433373964 
664	 0.123268508472968 
665	 0.123402519190549 
666	 0.123570010385907 
667	 0.123806270781805 
668	 0.1240179462776 
669	 0.124160661606817 
670	 0.124399811378863 
671	 0.124633060845681 
672	 0.124836916869422 
673	 0.125031815902474 
674	 0.125253763919468 
675	 0.125455865360211 
676	 0.125632302070957 
677	 0.125857226928136 
678	 0.126090137037345 
679	 0.126324898593321 
680	 0.126563877492089 
681	 0.126799360893264 
682	 0.127031846017392 
683	 0.127263752520631 
684	 0.127499670189255 
685	 0.127797245426837 
686	 0.128205631036495 
687	 0.128711045782701 
688	 0.129078776455024 
689	 0.129353759697053 
690	 0.129584665872888 
691	 0.129804285783261 
692	 0.130009679799185 
693	 0.130258087502824 
694	 0.130576133726597 
695	 0.130940843372863 
696	 0.131224853495459 
697	 0.131501354442077 
698	 0.1318332009567 
699	 0.132118948951848 
700	 0.132403053489818 
701	 0.13269099319284 
702	 0.132974621458828 
703	 0.133248961531077 
704	 0.133553291824105 
705	 0.133871931976818 
706	 0.134119396209932 
707	 0.134374447544452 
708	 0.134618459741834 
709	 0.134826547317884 
710	 0.134988991062575 
711	 0.135218775856447 
712	 0.135520460075562 
713	 0.135829107054036 
714	 0.136027195155341 
715	 0.136155169751396 
716	 0.13627270349388 
717	 0.136432094453708 
718	 0.136645552748813 
719	 0.136923259926163 
720	 0.137226929859866 
721	 0.13747029997392 
722	 0.137629224795855 
723	 0.137759295495114 
724	 0.137926418939339 
725	 0.138086496735825 
726	 0.138268675754946 
727	 0.138486618543142 
728	 0.138712523644458 
729	 0.13888117114688 
730	 0.139054645032458 
731	 0.139281315604423 
732	 0.139468681608768 
733	 0.139664993315773 
734	 0.13983952674802 
735	 0.139940614393152 
736	 0.140126893079127 
737	 0.140339844401079 
738	 0.140534367287006 
739	 0.140714805732347 
740	 0.140915230903712 
741	 0.141096950319361 
742	 0.141250726901915 
743	 0.14153682295971 
744	 0.14171403913941 
745	 0.141811110451496 
746	 0.141986716954195 
747	 0.142164136264698 
748	 0.142338372635722 
749	 0.142491879919593 
750	 0.142589608412836 
751	 0.142812241765422 
752	 0.143046506193247 
753	 0.143185264729564 
754	 0.143342126790717 
755	 0.143581027357267 
756	 0.143866132332025 
757	 0.144130485193489 
758	 0.144450863476293 
759	 0.144902687984177 
760	 0.145575663438619 
761	 0.146252456059336 
762	 0.146450501358834 
763	 0.14641448327634 
764	 0.146372923376562 
765	 0.146218853438766 
766	 0.146111894369204 
767	 0.146057512135413 
768	 0.146038072699773 
769	 0.146088737381075 
770	 0.146216475077567 
771	 0.146368805402328 
772	 0.146461238667831 
773	 0.146647965037409 
774	 0.146805626635529 
775	 0.146887684737802 
776	 0.147064993832604 
777	 0.147239975135855 
778	 0.14738705200535 
779	 0.147519506140172 
780	 0.14773324415008 
781	 0.147877229521041 
782	 0.147976550136434 
783	 0.148153107893149 
784	 0.148312877738291 
785	 0.148463037515343 
786	 0.148598535491203 
787	 0.148690006288954 
788	 0.148880872561682 
789	 0.149066749977633 
790	 0.149168104828844 
791	 0.149345048198995 
792	 0.149472179992723 
793	 0.149565984571934 
794	 0.149694236994063 
795	 0.149848676085974 
796	 0.150014686694705 
797	 0.150160432335791 
798	 0.150252586897452 
799	 0.150384422544356 
800	 0.150513884494886 
801	 0.150628047625775 
802	 0.15080096821258 
803	 0.150962713193415 
804	 0.151109950471136 
805	 0.151256872998784 
806	 0.151409934764731 
807	 0.151554456748086 
808	 0.15170546394664 
809	 0.151872769319412 
810	 0.15196150734906 
811	 0.152000583015951 
812	 0.152044767211113 
813	 0.152162227557911 
814	 0.152257519001495 
815	 0.152395759150029 
816	 0.152601634685535 
817	 0.152765063453225 
818	 0.152867891606278 
819	 0.152999714478758 
820	 0.153211915171193 
821	 0.153306223683247 
822	 0.153411523808026 
823	 0.153561558050986 
824	 0.153730244632511 
825	 0.153880175198592 
826	 0.154011288966463 
827	 0.154131482808714 
828	 0.154245877549934 
829	 0.154295922825073 
830	 0.154439172320916 
831	 0.154670034279227 
832	 0.154659910075565 
833	 0.154739528736821 
834	 0.154884982263407 
835	 0.155015186448448 
836	 0.155154125037229 
837	 0.155300476421636 
838	 0.155434147846322 
839	 0.1555378584587 
840	 0.155658499578823 
841	 0.155784887228095 
842	 0.155909781013864 
843	 0.156029838023894 
844	 0.156165361062803 
845	 0.156249175302644 
846	 0.156323149650946 
847	 0.15657820009007 
848	 0.156610408771082 
849	 0.156625150097949 
850	 0.156797076522671 
851	 0.156883047366012 
852	 0.156982608407276 
853	 0.157088842376869 
854	 0.157183120840826 
855	 0.157321737876606 
856	 0.157433093756947 
857	 0.157518742059911 
858	 0.157618005141673 
859	 0.157740437878236 
860	 0.157871543375602 
861	 0.15798039772421 
862	 0.158042955470715 
863	 0.158255378869889 
864	 0.158319411101848 
865	 0.158201840017022 
866	 0.158365188007563 
867	 0.158471106059068 
868	 0.158581535313376 
869	 0.158784893190785 
870	 0.15904288170277 
871	 0.159058144179961 
872	 0.158989314714983 
873	 0.15909003847987 
874	 0.159333256002528 
875	 0.159469868784327 
876	 0.159524010042313 
877	 0.159651865407993 
878	 0.159898968540185 
879	 0.159928693567304 
880	 0.159816356233963 
881	 0.159941338484167 
882	 0.160020341851485 
883	 0.160253536065491 
884	 0.16057835579156 
885	 0.160605686177125 
886	 0.160621044492031 
887	 0.160768258328278 
888	 0.16100593139075 
889	 0.161012151106696 
890	 0.16098965752795 
891	 0.161047350806767 
892	 0.161210304338309 
893	 0.161368587677364 
894	 0.161412804663145 
895	 0.161378516725335 
896	 0.161382617595785 
897	 0.161545101611861 
898	 0.161822030441147 
899	 0.162035204095652 
900	 0.162030033267532 
901	 0.162118892257683 
902	 0.162204826306035 
903	 0.162274363334189 
904	 0.162363243146915 
905	 0.162382661121909 
906	 0.162522126462527 
907	 0.162764939107402 
908	 0.162860856009378 
909	 0.162803166241554 
910	 0.162774292448362 
911	 0.162815471333142 
912	 0.162732651253184 
913	 0.162706762367328 
914	 0.162871496777397 
915	 0.163155953466602 
916	 0.163157015437185 
917	 0.163449910108997 
918	 0.163770153299931 
919	 0.163870347741616 
920	 0.164072219407157 
921	 0.164020995477063 
922	 0.163901013835077 
923	 0.16399545607371 
924	 0.164354087766453 
925	 0.164599407177513 
926	 0.164377550485831 
927	 0.163606854999333 
928	 0.163352600760404 
929	 0.163672173783288 
930	 0.163991238563639 
931	 0.163439789475097 
932	 0.162999031870962 
933	 0.162237126518862 
934	 0.161926494652663 
935	 0.163229826750034 
936	 0.162812331790756 
937	 0.162652265681565 
938	 0.163100265269873 
939	 0.163050945633863 
940	 0.163738673322751 
941	 0.164542902094374 
942	 0.164637915668203 
943	 0.163506958684349 
944	 0.164134789547257 
945	 0.164618855437763 
946	 0.164282032407111 
947	 0.164818137664986 
948	 0.164130670584539 
949	 0.163795615826074 
950	 0.164587167995029 
951	 0.165329589788187 
952	 0.165833442440134 
953	 0.165202158744088 
954	 0.163914637827599 
955	 0.164583807148311 
956	 0.165943318987968 
957	 0.166861075189628 
958	 0.166961340519288 
959	 0.167141896778685 
960	 0.167371682525165 
961	 0.167146093777802 
962	 0.166573299710196 
963	 0.167126809202262 
964	 0.16836915333187 
965	 0.168840891991628 
966	 0.16798927096124 
967	 0.167751646828528 
968	 0.168184217826902 
969	 0.168929776557232 
970	 0.169382767284937 
971	 0.168729827578512 
972	 0.16831712220021 
973	 0.168520573984262 
974	 0.169108577925494 
975	 0.169187022682431 
976	 0.169124297783285 
977	 0.169401650023536 
978	 0.170130497742187 
979	 0.170110967549891 
980	 0.170260644979096 
981	 0.170040239841637 
982	 0.169208614186443 
983	 0.17037977426053 
984	 0.170731502917145 
985	 0.170374985355498 
986	 0.170434846298074 
987	 0.171186063982057 
988	 0.171536338066193 
989	 0.171691512140179 
990	 0.172223739148883 
991	 0.172963485992715 
992	 0.17283941383488 
993	 0.172499458275625 
994	 0.172841879113732 
995	 0.172735107966258 
996	 0.172446795577106 
997	 0.172115858772408 
998	 0.171903351754705 
999	 0.172235602857036 
1000	 0.172301735762377 
1001	 0.176057688464488 
1002	 0.176284616425239 
1003	 0.176583593746391 
1004	 0.176860464348094 
1005	 0.1771827573669 
1006	 0.177373387077199 
1007	 0.177573848144239 
1008	 0.177640265122422 
1009	 0.177620476135956 
1010	 0.177735945265281 
1011	 0.17764809054384 
1012	 0.1775802022101 
1013	 0.177558670272128 
1014	 0.177390925966965 
1015	 0.177554760899323 
1016	 0.177848257318967 
1017	 0.178058098260676 
1018	 0.178324101449966 
1019	 0.178577179866183 
1020	 0.178736367525223 
1021	 0.178902351288954 
1022	 0.179000807533993 
1023	 0.179169984486167 
1024	 0.179393476120461 
1025	 0.179451169661729 
1026	 0.179498003050799 
1027	 0.179617722637805 
1028	 0.179737635875053 
1029	 0.179864340676634 
1030	 0.18004564354544 
1031	 0.180241072879834 
1032	 0.18047153758735 
1033	 0.18059819310869 
1034	 0.180756910778004 
1035	 0.180932035008768 
1036	 0.181059746793397 
1037	 0.181059189584693 
1038	 0.181102749382503 
1039	 0.181154190317046 
1040	 0.181140975585654 
1041	 0.181278319829913 
1042	 0.181310199281245 
1043	 0.18137043388773 
1044	 0.181471247664471 
1045	 0.181592011800661 
1046	 0.181729139191282 
1047	 0.181939858810452 
1048	 0.182064285600273 
1049	 0.182291522250672 
1050	 0.182417036417365 
1051	 0.182471918381414 
1052	 0.182712083213829 
1053	 0.182991855315566 
1054	 0.183078398196697 
1055	 0.183113760397972 
1056	 0.183297701437676 
1057	 0.183391793070406 
1058	 0.183326391909568 
1059	 0.183420905525846 
1060	 0.183625143056184 
1061	 0.183739855570246 
1062	 0.183946398613044 
1063	 0.18420136616474 
1064	 0.184433206998596 
1065	 0.184533118553451 
1066	 0.184478306878592 
1067	 0.184426032831022 
1068	 0.184551126314356 
1069	 0.184851867590366 
1070	 0.185019174830874 
1071	 0.185291678803018 
1072	 0.185478691934717 
1073	 0.185484998110501 
1074	 0.185540259285671 
1075	 0.185624345653874 
1076	 0.185786075302548 
1077	 0.185823269075713 
1078	 0.185770436281179 
1079	 0.18573014370781 
1080	 0.185674601633592 
1081	 0.185749075053593 
1082	 0.18607659843008 
1083	 0.186302159345513 
1084	 0.186674318925986 
1085	 0.186883136655479 
1086	 0.186996341053933 
1087	 0.187068364875272 
1088	 0.187047870829611 
1089	 0.187117020481894 
1090	 0.187188349088781 
1091	 0.187185933026931 
1092	 0.187422574733037 
1093	 0.187493485598007 
1094	 0.187401019482304 
1095	 0.187638248471264 
1096	 0.187725081722834 
1097	 0.187693420918585 
1098	 0.187841995867644 
1099	 0.188111374167211 
1100	 0.18828881807401 
1101	 0.188659584780063 
1102	 0.18875093616686 
1103	 0.188616156427645 
1104	 0.188572274994587 
1105	 0.188306674265801 
1106	 0.188232809419194 
1107	 0.188460372525718 
1108	 0.188410249825075 
1109	 0.188330514379751 
1110	 0.188310496678693 
1111	 0.188364957698714 
1112	 0.188333451827774 
1113	 0.18848371796536 
1114	 0.188995467211131 
1115	 0.189205402528607 
1116	 0.189390385049209 
1117	 0.189427323967066 
1118	 0.189073605898229 
1119	 0.188996454817517 
1120	 0.188931466832519 
1121	 0.188879899811903 
1122	 0.189007668822219 
1123	 0.189143552047857 
1124	 0.189290566241871 
1125	 0.189425625399918 
1126	 0.189510598192502 
1127	 0.189696850908421 
1128	 0.189700435643783 
1129	 0.189238783906589 
1130	 0.189474951078051 
1131	 0.1900894609954 
1132	 0.190432086788905 
1133	 0.19118704685916 
1134	 0.191473633443602 
1135	 0.191224348702971 
1136	 0.191259231834232 
1137	 0.191220576404911 
1138	 0.191340043937475 
1139	 0.191604368079915 
1140	 0.192022512633233 
1141	 0.192050362179591 
1142	 0.191964480364249 
1143	 0.191982084590981 
1144	 0.191663278384571 
1145	 0.191815459771208 
1146	 0.19231226144284 
1147	 0.192666511270319 
1148	 0.193305769277712 
1149	 0.193483523381666 
1150	 0.193370835062861 
1151	 0.193380297503479 
1152	 0.193073498981719 
1153	 0.193091714712257 
1154	 0.193308638080936 
1155	 0.193560335616866 
1156	 0.193912830498118 
1157	 0.194210910292701 
1158	 0.194421978088582 
1159	 0.194607046875543 
1160	 0.194731670767977 
1161	 0.194788543348914 
1162	 0.194859658645827 
1163	 0.194873087331158 
1164	 0.194994523331232 
1165	 0.195170649669165 
1166	 0.195249678972341 
1167	 0.19532741384708 
1168	 0.195420956058438 
1169	 0.195468073993584 
1170	 0.195538275259301 
1171	 0.195688362299054 
1172	 0.195751241873711 
1173	 0.195792359356231 
1174	 0.195845934453059 
1175	 0.195937945402653 
1176	 0.196054623556884 
1177	 0.196168098828968 
1178	 0.196377411516785 
1179	 0.196417583011901 
1180	 0.196327441131024 
1181	 0.196339197143979 
1182	 0.196232614271794 
1183	 0.196285813539635 
1184	 0.196523095375726 
1185	 0.196696059386744 
1186	 0.196969996988158 
1187	 0.197100449762385 
1188	 0.197228625333096 
1189	 0.197152952651934 
1190	 0.197024966974899 
1191	 0.197121141793752 
1192	 0.197174157052686 
1193	 0.197270531132584 
1194	 0.197438016976635 
1195	 0.197694830909159 
1196	 0.197808404430335 
1197	 0.197961540680181 
1198	 0.198055691906706 
1199	 0.198037386835805 
1200	 0.198052457459678 
1201	 0.198022900378648 
1202	 0.198092956783939 
1203	 0.198249534832668 
1204	 0.198306215214211 
1205	 0.198396182888 
1206	 0.198439631435676 
1207	 0.198356167475714 
1208	 0.198347219450056 
1209	 0.198539976011174 
1210	 0.19866437701529 
1211	 0.198734912049549 
1212	 0.198857906550978 
1213	 0.198894395999322 
1214	 0.198920726162415 
1215	 0.198960745544925 
1216	 0.198995558382078 
1217	 0.1990538134207 
1218	 0.19918910431943 
1219	 0.199264000603611 
1220	 0.199214423393594 
1221	 0.199344558393778 
1222	 0.199617215154876 
1223	 0.199692688940208 
1224	 0.199672204922755 
1225	 0.199977625770897 
1226	 0.200085947596233 
1227	 0.199945078285763 
1228	 0.200030957017628 
1229	 0.200046345527292 
1230	 0.199836197541144 
1231	 0.199869333181468 
1232	 0.200051387593496 
1233	 0.200146754245023 
1234	 0.200423912586611 
1235	 0.200621971217487 
1236	 0.200687880889508 
1237	 0.200597975966946 
1238	 0.200602599079455 
1239	 0.200505484655047 
1240	 0.20053303972482 
1241	 0.200645452851731 
1242	 0.200706866244175 
1243	 0.200815075905218 
1244	 0.200864180155659 
1245	 0.200894451870645 
1246	 0.201030135602196 
1247	 0.201172182719921 
1248	 0.201240730094279 
1249	 0.201201074762986 
1250	 0.201137152038612 
1251	 0.201104371398978 
1252	 0.201197996815397 
1253	 0.201383107693711 
1254	 0.201599346050266 
1255	 0.201803117655141 
1256	 0.201780368903476 
1257	 0.201841595600378 
1258	 0.201920539259376 
1259	 0.201965675117674 
1260	 0.202038378290453 
1261	 0.202161821192624 
1262	 0.202316748782679 
1263	 0.202254199901917 
1264	 0.202429758141224 
1265	 0.202480169225597 
1266	 0.202485617049991 
1267	 0.20271060520333 
1268	 0.202849738379857 
1269	 0.202838161369195 
1270	 0.202797830572802 
1271	 0.202676600125228 
1272	 0.202564670604741 
1273	 0.202586999608789 
1274	 0.202660641993002 
1275	 0.202806883800908 
1276	 0.202875343294389 
1277	 0.202809276133618 
1278	 0.202888697063455 
1279	 0.203058783107595 
1280	 0.203068892614452 
1281	 0.20305161020656 
1282	 0.203013248419767 
1283	 0.202847262932174 
1284	 0.202673849544744 
1285	 0.202769853652699 
1286	 0.202991209829474 
1287	 0.203134459034873 
1288	 0.203184326388915 
1289	 0.203146136904196 
1290	 0.203065193527783 
1291	 0.202963918691028 
1292	 0.202957172815729 
1293	 0.203124527123522 
1294	 0.203314020380887 
1295	 0.203431005260505 
1296	 0.203498523838166 
1297	 0.2034541774574 
1298	 0.203238819309083 
1299	 0.203036880209085 
1300	 0.203115836670306 
1301	 0.203260788580819 
1302	 0.203347640460258 
1303	 0.203400914589327 
1304	 0.203502875989148 
1305	 0.203543277463042 
1306	 0.203448283481625 
1307	 0.203528907354232 
1308	 0.203597629329598 
1309	 0.203515910426742 
1310	 0.203395531785164 
1311	 0.203390607797395 
1312	 0.203412878937981 
1313	 0.20355277448542 
1314	 0.203682330966407 
1315	 0.203580477119921 
1316	 0.203543260797634 
1317	 0.20370250581325 
1318	 0.203948115780064 
1319	 0.203952803594347 
1320	 0.203800905972754 
1321	 0.203707303496984 
1322	 0.203456283044268 
1323	 0.203381969051143 
1324	 0.203509406131033 
1325	 0.203571365866983 
1326	 0.203773618780687 
1327	 0.203837808477641 
1328	 0.203921500538013 
1329	 0.204115017873149 
1330	 0.204120610210523 
1331	 0.203991752720523 
1332	 0.203996829433395 
1333	 0.203879123406663 
1334	 0.203605293313254 
1335	 0.203662133345191 
1336	 0.203741755403751 
1337	 0.203651254114034 
1338	 0.203698750405472 
1339	 0.20364981931179 
1340	 0.203527627952919 
1341	 0.203622040461038 
1342	 0.203700003469845 
1343	 0.203672170349409 
1344	 0.203580680208581 
1345	 0.203532819419332 
1346	 0.203457978133025 
1347	 0.202738421584304 
1348	 0.201688129517007 
1349	 0.201267022489858 
1350	 0.201143564096808 
1351	 0.201617260803982 
1352	 0.202748338481224 
1353	 0.202705996967965 
1354	 0.202115075446247 
1355	 0.202321589220428 
1356	 0.200949926566964 
1357	 0.19975491089448 
1358	 0.199872780338575 
1359	 0.198060379952544 
1360	 0.190473167401698 
1361	 0.190454314676137 
1362	 0.194781467472126 
1363	 0.184638354420407 
1364	 0.192170438243934 
1365	 0.203847261618982 
1366	 0.179173425922259 
1367	 0.179043151390392 
1368	 0.190338439067628 
1369	 0.158905288954781 
1370	 0.188311477938402 
1371	 0.248758658397545 
1372	 0.242853209946598 
1373	 0.186802017150598 
1374	 0.151343918964031 
1375	 0.171969974247804 
1376	 0.142867224168113 
1377	 0.111739147107704 
1378	 0.162879185625958 
1379	 0.179662031523588 
1380	 0.159550678874588 
1381	 0.18329501855513 
1382	 0.182670306288158 
1383	 0.124264355933452 
1384	 9.26436799337299E-02 
1385	 0.140572402392119 
1386	 0.168159502422131 
1387	 0.136415598944252 
1388	 0.12881864960178 
1389	 0.135090272584848 
1390	 0.131803202368841 
1391	 0.125789216108424 
1392	 0.153641968380356 
1393	 0.18720182012607 
1394	 0.190323385294532 
1395	 0.193749155952106 
1396	 0.209636965063439 
1397	 0.198003780058127 
1398	 0.171169206018333 
1399	 0.172582165095705 
1400	 0.179536716532491 
1401	 0.180415011438158 
1402	 0.192315096422646 
1403	 0.196634678510914 
1404	 0.19410290333422 
1405	 0.195689228017318 
1406	 0.200707663987815 
1407	 0.200141673009105 
1408	 0.189907065172586 
1409	 0.189847579465806 
1410	 0.196268432379184 
1411	 0.197024057205216 
1412	 0.197701076313019 
1413	 0.198941762326481 
1414	 0.198751590844713 
1415	 0.196000806169829 
1416	 0.195543128211725 
1417	 0.198132505369257 
1418	 0.196198446969372 
1419	 0.194823456339355 
1420	 0.197528948509474 
1421	 0.197456038262426 
1422	 0.196863035406405 
1423	 0.197966345359661 
1424	 0.197830755630901 
1425	 0.198275237462926 
1426	 0.198503273897809 
1427	 0.198863287318077 
1428	 0.198576581727997 
1429	 0.199277474383167 
1430	 0.199008051297813 
1431	 0.198527213003504 
1432	 0.199077969546987 
1433	 0.197837887547244 
1434	 0.196784428592037 
1435	 0.198289927714984 
1436	 0.199249656021613 
1437	 0.199521690680165 
1438	 0.200208702751676 
1439	 0.199841759578383 
1440	 0.19959393760166 
1441	 0.200927562423936 
1442	 0.201965396384088 
1443	 0.201008361578441 
1444	 0.199739876182979 
1445	 0.199844948498877 
1446	 0.200603078453562 
1447	 0.201045468295656 
1448	 0.201537091258201 
1449	 0.201438953334113 
1450	 0.200919416523668 
1451	 0.201433675867411 
1452	 0.20158421208546 
1453	 0.201467289223648 
1454	 0.201634221641412 
1455	 0.201162312716419 
1456	 0.201317890545863 
1457	 0.201982615794273 
1458	 0.201945410042113 
1459	 0.202215094024274 
1460	 0.202608484056727 
1461	 0.20217145391957 
1462	 0.201807505385162 
1463	 0.201841744270246 
1464	 0.201858210599504 
1465	 0.20194428711975 
1466	 0.201990013990089 
1467	 0.202202454205398 
1468	 0.202506966767515 
1469	 0.202607805969782 
1470	 0.202686966958436 
1471	 0.202890515463366 
1472	 0.202859471529321 
1473	 0.202932583588209 
1474	 0.203279151046508 
1475	 0.203468380500152 
1476	 0.203530010481941 
1477	 0.203436239330821 
1478	 0.203194165334363 
1479	 0.20324051755182 
1480	 0.203505021574994 
1481	 0.20340812220816 
1482	 0.20349605815005 
1483	 0.204189325899004 
1484	 0.204718344656396 
1485	 0.204967629383459 
1486	 0.205274592182661 
1487	 0.205419798482989 
1488	 0.205243928582276 
1489	 0.205186367121615 
1490	 0.205330438327373 
1491	 0.205312079280103 
1492	 0.205285560217994 
1493	 0.205383578674261 
1494	 0.205506773420175 
1495	 0.205639888895388 
1496	 0.205795225290586 
1497	 0.205939610443364 
1498	 0.206018791865781 
1499	 0.206080653342638 
1500	 0.206150735080649 
1501	 0.206341954282392 
1502	 0.206637037344906 
1503	 0.206711262625355 
1504	 0.206747825016398 
1505	 0.206885122697012 
1506	 0.206890570975991 
1507	 0.206947519028483 
1508	 0.207065517150272 
1509	 0.207068539340987 
1510	 0.206969782953314 
1511	 0.20684326803171 
1512	 0.206917635151017 
1513	 0.207180453734252 
1514	 0.207463364750988 
1515	 0.207599074365812 
1516	 0.207624044288318 
1517	 0.207754264776301 
1518	 0.207821486249449 
1519	 0.207932611027852 
1520	 0.208093151517915 
1521	 0.207987807851911 
1522	 0.207905139753747 
1523	 0.207936689603349 
1524	 0.208044719591906 
1525	 0.208189334844331 
1526	 0.208195438338 
1527	 0.208295500728701 
1528	 0.208376979375765 
1529	 0.208429943857891 
1530	 0.208609921262251 
1531	 0.208670674667383 
1532	 0.208543645269751 
1533	 0.208658466270803 
1534	 0.208972908222149 
1535	 0.209032460817437 
1536	 0.20901302483114 
1537	 0.209085351810456 
1538	 0.209089261133734 
1539	 0.208974171772082 
1540	 0.208917136452863 
1541	 0.209046315774085 
1542	 0.209112618076071 
1543	 0.209104946604778 
1544	 0.209267034335054 
1545	 0.209640837533654 
1546	 0.209703354049754 
1547	 0.20944861762761 
1548	 0.20953866634969 
1549	 0.209748864578983 
1550	 0.209787700125657 
1551	 0.209987655709599 
1552	 0.210072431092251 
1553	 0.209865301551805 
1554	 0.209756006979105 
1555	 0.209885919395724 
1556	 0.21011165555331 
1557	 0.21012519867935 
1558	 0.209996031853487 
1559	 0.209971401797763 
1560	 0.209988941409015 
1561	 0.209966404579797 
1562	 0.210016059425435 
1563	 0.210214170991848 
1564	 0.210238584532588 
1565	 0.210179289439154 
1566	 0.210333079029925 
1567	 0.21034521087371 
1568	 0.210314276997421 
1569	 0.210615862028559 
1570	 0.210866499997091 
1571	 0.210936945628121 
1572	 0.211020264271506 
1573	 0.210862648916411 
1574	 0.210622330453487 
1575	 0.210697695224506 
1576	 0.210816290281516 
1577	 0.210801355200554 
1578	 0.210732647772666 
1579	 0.210520454036777 
1580	 0.210325861756183 
1581	 0.210466552937346 
1582	 0.210790823881341 
1583	 0.210987948166584 
1584	 0.211003776042751 
1585	 0.210877595880727 
1586	 0.210790600854944 
1587	 0.21083898037419 
1588	 0.211076284409189 
1589	 0.211138862766521 
1590	 0.21067287530877 
1591	 0.21048122426634 
1592	 0.210765450817574 
1593	 0.210950505320233 
1594	 0.211433842674726 
1595	 0.211911120382604 
1596	 0.211723750854465 
1597	 0.211617120769263 
1598	 0.211770642108336 
1599	 0.211695421735135 
1600	 0.211618400654875 
1601	 0.211583381853243 
1602	 0.211576377389501 
1603	 0.211891930796046 
1604	 0.212253077865305 
1605	 0.212247491194728 
1606	 0.212084995106537 
1607	 0.212004096357386 
1608	 0.211911107747405 
1609	 0.212066822704513 
1610	 0.212415788737702 
1611	 0.212412601022367 
1612	 0.212231804744151 
1613	 0.212068006393763 
1614	 0.211877249673294 
1615	 0.212004425668814 
1616	 0.212341638415734 
1617	 0.212423763508384 
1618	 0.212340721938991 
1619	 0.212117875063277 
1620	 0.211860464370076 
1621	 0.2119474540386 
1622	 0.212300633593583 
1623	 0.212581824497289 
1624	 0.212616514102077 
1625	 0.212547407826761 
1626	 0.212515731730182 
1627	 0.212497602304769 
1628	 0.212434290821987 
1629	 0.212369360768454 
1630	 0.212377308935522 
1631	 0.212329999007464 
1632	 0.21237194880351 
1633	 0.212675106943398 
1634	 0.212902106281422 
1635	 0.212738108217895 
1636	 0.212511512246954 
1637	 0.212497773075519 
1638	 0.212499971254711 
1639	 0.212601122237112 
1640	 0.212798062567474 
1641	 0.212816665166296 
1642	 0.212799094215335 
1643	 0.212901341827712 
1644	 0.212970059473735 
1645	 0.212890372446957 
1646	 0.21273901972678 
1647	 0.212632862858485 
1648	 0.21269078094071 
1649	 0.212926418410106 
1650	 0.213080046815847 
1651	 0.213103275038215 
1652	 0.213087863926454 
1653	 0.212914126247168 
1654	 0.212796912157709 
1655	 0.212865788177092 
1656	 0.212955737023914 
1657	 0.21318124655271 
1658	 0.213369344018021 
1659	 0.213390386882291 
1660	 0.21324251323484 
1661	 0.213030225715105 
1662	 0.212951979843906 
1663	 0.212886943600672 
1664	 0.212950647925009 
1665	 0.213215470447008 
1666	 0.213403843083604 
1667	 0.2133689812064 
1668	 0.21318420726066 
1669	 0.212987310290537 
1670	 0.212933555369257 
1671	 0.213052320761162 
1672	 0.213151041133204 
1673	 0.213109547350945 
1674	 0.213011628653935 
1675	 0.212919946228325 
1676	 0.21299889950045 
1677	 0.213145081508471 
1678	 0.213105515879878 
1679	 0.213090325172279 
1680	 0.213040153360461 
1681	 0.21305890733184 
1682	 0.213142112770444 
1683	 0.213009090713869 
1684	 0.213003891945445 
1685	 0.212987289494418 
1686	 0.212727401072989 
1687	 0.212713740586363 
1688	 0.212886875342111 
1689	 0.212895654535785 
1690	 0.21303867816647 
1691	 0.21322127073948 
1692	 0.213069612145842 
1693	 0.213186295259994 
1694	 0.213312317509222 
1695	 0.213114979176502 
1696	 0.21315038571225 
1697	 0.212912861388845 
1698	 0.212599789266304 
1699	 0.212649795899247 
1700	 0.212771276575872 
1701	 0.212914517893962 
1702	 0.213111723454861 
1703	 0.213229827402404 
1704	 0.21302352888606 
1705	 0.212940335884825 
1706	 0.213023046723393 
1707	 0.213064330715426 
1708	 0.213046217965712 
1709	 0.213082221530444 
1710	 0.213175833859216 
1711	 0.21324544602242 
1712	 0.21342154335841 
1713	 0.213400570934416 
1714	 0.21316277716609 
1715	 0.213122209024177 
1716	 0.213117160199101 
1717	 0.213057837561543 
1718	 0.213096900822942 
1719	 0.21304497965306 
1720	 0.21280414907657 
1721	 0.212739171522783 
1722	 0.212836060134776 
1723	 0.212901528188616 
1724	 0.213020839112454 
1725	 0.212968144106134 
1726	 0.212831114552901 
1727	 0.212794337791551 
1728	 0.212635352893516 
1729	 0.212670073127626 
1730	 0.2129467170794 
1731	 0.212859196820162 
1732	 0.212622701030674 
1733	 0.212592047405353 
1734	 0.21246229879958 
1735	 0.212461041084832 
1736	 0.212756597293707 
1737	 0.212735156805102 
1738	 0.212477981511374 
1739	 0.212495564162025 
1740	 0.212476881751563 
1741	 0.212586913888009 
1742	 0.213034642530424 
1743	 0.213033337320552 
1744	 0.212846568113772 
1745	 0.212835218596282 
1746	 0.212600338778897 
1747	 0.212654437222348 
1748	 0.213016006379185 
1749	 0.213112657395394 
1750	 0.213177901130169 
1751	 0.213152386362482 
1752	 0.213111879283131 
1753	 0.213033620195734 
1754	 0.21301916449697 
1755	 0.213072831982038 
1756	 0.212990852709969 
1757	 0.213055357089758 
1758	 0.213156966697121 
1759	 0.212898697455735 
1760	 0.212840946227322 
1761	 0.212974134486092 
1762	 0.212819233564776 
1763	 0.212681911834183 
1764	 0.212827824910815 
1765	 0.212967470058225 
1766	 0.212907049427748 
1767	 0.213152042223215 
1768	 0.213185860498879 
1769	 0.212638247643183 
1770	 0.212538464748085 
1771	 0.213094568854137 
1772	 0.213167772351051 
1773	 0.213393131147769 
1774	 0.213410705589479 
1775	 0.212456703046859 
1776	 0.212242308996965 
1777	 0.212914005081193 
1778	 0.212959391364558 
1779	 0.213008255796375 
1780	 0.212904896212023 
1781	 0.211963782794381 
1782	 0.211630068217807 
1783	 0.211644708053307 
1784	 0.21171770385141 
1785	 0.212113538272949 
1786	 0.212493540584925 
1787	 0.213563331219476 
1788	 0.213598298266883 
1789	 0.213031505623339 
1790	 0.212314093957858 
1791	 0.209833344723235 
1792	 0.209155203592108 
1793	 0.209736298501335 
1794	 0.209910855992577 
1795	 0.211357408361483 
1796	 0.211602299252719 
1797	 0.210561549517372 
1798	 0.210710455663322 
1799	 0.211281467252113 
1800	 0.211437273856566 
1801	 0.212144649160857 
1802	 0.212124816250712 
1803	 0.210916376557464 
1804	 0.210399793942932 
1805	 0.210362460276276 
1806	 0.210022764935379 
1807	 0.209271137979772 
1808	 0.208904562862956 
1809	 0.207846577025089 
1810	 0.209008709163466 
1811	 0.213832610017469 
1812	 0.212943230704589 
1813	 0.213294348871892 
1814	 0.211177004153658 
1815	 0.20346728417509 
1816	 0.205674599903764 
1817	 0.211939522280047 
1818	 0.212864462435981 
1819	 0.212369624403436 
1820	 0.204504962449758 
1821	 0.196512545452614 
1822	 0.180841773328549 
1823	 0.172910367618793 
1824	 0.173602588934023 
1825	 0.16973388793242 
1826	 0.184507649152182 
1827	 0.187023511107436 
1828	 0.167654178458182 
1829	 0.154677763307134 
1830	 0.136859748766546 
1831	 0.128021163527525 
1832	 0.142124567142342 
1833	 0.166491575285207 
1834	 9.00482188961014E-02 
1835	 7.16574376446749E-02 
1836	 0.52350032650151 
1837	 0.668202015280256 
1838	 0.507434459023869 
1839	 7.23272992150467E-02 
1840	 0.365015282395574 
1841	 0.298882816567267 
1842	-4.73926523237063E-02 
1843	-0.281809856378664 
1844	-0.210490749666476 
1845	-5.27758564134056 
1846	 22.5504559638708 
1847	 0.822137837412283 
1848	 8.74859410996515 
1849	 4.59267577831277 
1850	 0.700277122369279 
1851	 0.526654911707908 
1852	-0.331058033877448 
1853	-0.754225417603244 
1854	 2.33721506077638E-02 
1855	 0.562464286174243 
1856	 0.367502128444419 
1857	 0.256381080079554 
1858	 0.773211728702109 
1859	 2.16479719969191 
1860	 1.46912972362069 
1861	 6.79884240520828 
1862	 2.03891938414902 
1863	-0.162402565004595 
1864	-9.57427528739009E-02 
1865	 0.318658481656715 
1866	 0.421903137415461 
1867	 0.447927723850685 
1868	 1.06688766552527 
1869	 0.686340449167645 
1870	 0.646723167709492 
1871	 0.581140319518681 
1872	 0.813525891190107 
1873	 0.14442199212259 
1874	-0.400828874126813 
1875	-0.342530782130318 
1876	 5.17601700231079E-04 
1877	 0.149204797322726 
1878	 0.162753276386981 
1879	 0.123031954706725 
1880	 0.081399911105032 
1881	-0.231785758489299 
1882	-0.142885403309069 
1883	 0.331667757724056 
1884	 0.346386708850764 
1885	 0.160442674998073 
1886	 0.333476971582071 
1887	 0.232099887917234 
1888	 0.143105039925306 
1889	 0.220543809693929 
1890	 9.34164997906954E-02 
1891	 0.0701062519134 
1892	 5.72423749251271E-02 
1893	 3.44721021807118E-02 
1894	-4.85936988056646E-03 
1895	 6.94490707889669E-03 
1896	-2.11512992962107E-02 
1897	 6.56166146306559E-02 
1898	 0.228821922028195 
1899	 0.395047710293294 
1900	 0.374448346129757 
1901	 0.19349789979562 
1902	 0.115331469330093 
1903	-5.29668515113236E-02 
1904	-0.170422859236083 
1905	-0.101846914330693 
1906	-5.07157451752543E-02 
1907	-0.363482562016572 
1908	-0.156874636261944 
1909	 0.300037955341589 
1910	 0.393249976119212 
1911	 0.418672641575397 
1912	 0.435239362333708 
1913	 0.360896834279478 
1914	 0.106945467907455 
1915	 0.100064878289296 
1916	 0.161720389424632 
1917	 0.167887931460368 
1918	 0.214942209177304 
1919	 0.265839380059296 
1920	 0.194176561616459 
1921	 0.168764220201798 
1922	 0.180707284635465 
1923	 0.129588336376834 
1924	 0.125684450881218 
1925	 0.146459779056564 
1926	 0.162592018970177 
1927	 0.141528999629547 
1928	 0.150124564165263 
1929	 0.159467911805945 
1930	 0.153407050509752 
1931	 0.158459074128667 
1932	 0.16842146492415 
1933	 0.164725099427855 
1934	 0.160116177603914 
1935	 0.163794465180032 
1936	 0.170511782254422 
1937	 0.180748365580354 
1938	 0.189080163240807 
1939	 0.187382198336052 
1940	 0.183696818233291 
1941	 0.181153442803987 
1942	 0.178132689841379 
1943	 0.185684585551391 
1944	 0.191307476521754 
1945	 0.188345285207504 
1946	 0.190519173288116 
1947	 0.194943981799872 
1948	 0.19351105035314 
1949	 0.190540884208005 
1950	 0.194837754451663 
1951	 0.19379748434655 
1952	 0.192043537438776 
1953	 0.193125765875293 
1954	 0.191575898902449 
1955	 0.19201579558338 
1956	 0.193605677070498 
1957	 0.192085471644528 
1958	 0.192426370393912 
1959	 0.194141427495255 
1960	 0.195008371272538 
1961	 0.192630493781994 
1962	 0.19270415157167 
1963	 0.193262581924162 
1964	 0.19161484847166 
1965	 0.191328135338947 
1966	 0.193252898070536 
1967	 0.194005687403975 
1968	 0.193575443410356 
1969	 0.193807343364082 
1970	 0.194589616536251 
1971	 0.193904527582827 
1972	 0.193553615140212 
1973	 0.195498185616049 
1974	 0.195304970986397 
1975	 0.194118192817558 
1976	 0.194704141378856 
1977	 0.19472168645129 
1978	 0.195382966535584 
1979	 0.197653384663516 
1980	 0.198744742250148 
1981	 0.198058305137379 
1982	 0.197932778484646 
1983	 0.197426362275253 
1984	 0.197419353773087 
1985	 0.19748846636864 
1986	 0.198434659183014 
1987	 0.198568963666968 
1988	 0.197704452312087 
1989	 0.198081472871159 
1990	 0.198459035344212 
1991	 0.198718091112733 
1992	 0.199696543526267 
1993	 0.200048050301267 
1994	 0.198862064422437 
1995	 0.198886049535633 
1996	 0.199635847083256 
1997	 0.200455155315897 
1998	 0.200375165666033 
1999	 0.200450036938014 
2000	 0.200181827556996 
2001	 0.199514278731659 
2002	 0.200008781870306 
2003	 0.201591093443416 
2004	 0.203193541189928 
2005	 0.203907468254397 
2006	 0.20496039523025 
2007	 0.2065299186802 
2008	 0.207591429662295 
2009	 0.208198699124162 
2010	 0.208526391144885 
2011	 0.20869586021443 
2012	 0.208256916492913 
2013	 0.206187428710273 
2014	 0.204536396476545 
2015	 0.205516447982789 
2016	 0.205118660920638 
2017	 0.204142304895482 
2018	 0.205161538689781 
2019	 0.205297662336347 
2020	 0.203950488221509 
2021	 0.203882769625658 
2022	 0.20481328805757 
2023	 0.205048988029919 
2024	 0.204885239330282 
2025	 0.204879253969177 
2026	 0.204342432911546 
2027	 0.203795332880486 
2028	 0.203240701429436 
2029	 0.203282013147772 
2030	 0.204054701287631 
2031	 0.204045253726234 
2032	 0.203902839373073 
2033	 0.203728508552791 
2034	 0.20365134441994 
2035	 0.203249656823587 
2036	 0.202919720481901 
2037	 0.203214347464014 
2038	 0.20337036139829 
2039	 0.202930789647804 
2040	 0.202585066059574 
2041	 0.202606043462571 
2042	 0.202417252713111 
2043	 0.201951095220851 
2044	 0.20180696952816 
2045	 0.202078909649321 
2046	 0.202874443709055 
2047	 0.202854827896941 
2048	 0.202715997090125 
2049	 0.203143404223979 
2050	 0.203584245318441 
2051	 0.203339181047994 
2052	 0.203497006169466 
2053	 0.203809647111603 
2054	 0.202999592928045 
2055	 0.201914922440016 
2056	 0.202538253531958 
2057	 0.203620599394109 
2058	 0.203469564039852 
2059	 0.203307512552192 
2060	 0.203231021998954 
2061	 0.202073112714591 
2062	 0.202096560244273 
2063	 0.203504535170097 
2064	 0.203608527191503 
2065	 0.203483503827082 
2066	 0.20319024208441 
2067	 0.202095467917807 
2068	 0.201799582495769 
2069	 0.202384056345622 
2070	 0.202335809790225 
2071	 0.202153596177746 
2072	 0.202372731933899 
2073	 0.202095364049744 
2074	 0.201346305602996 
2075	 0.200868830414353 
2076	 0.200159760045386 
2077	 0.200125820125993 
2078	 0.200608280048722 
2079	 0.200722759914318 
2080	 0.201200128558218 
2081	 0.201218646903464 
2082	 0.200952514860076 
2083	 0.200709354072534 
2084	 0.200544108340978 
2085	 0.200767596335631 
2086	 0.200379006420016 
2087	 0.200197313979444 
2088	 0.200929070325188 
2089	 0.201149031870614 
2090	 0.201226858995113 
2091	 0.201599566358118 
2092	 0.201414303498602 
2093	 0.200394268386974 
2094	 0.200100724576301 
2095	 0.199833933982886 
2096	 0.199801916222469 
2097	 0.200216828286072 
2098	 0.200534816452855 
2099	 0.2004140192394 
2100	 0.200576363705762 
2101	 0.200637509365062 
2102	 0.200237129634414 
2103	 0.200127300430174 
2104	 0.200558292490779 
2105	 0.200951896364343 
2106	 0.201316043919809 
2107	 0.201302999859987 
2108	 0.200567960062985 
2109	 0.200715320833533 
2110	 0.201385707148819 
2111	 0.201508199004502 
2112	 0.202023166643197 
2113	 0.202197082851676 
2114	 0.201783881462482 
2115	 0.201149656543587 
2116	 0.200980048537977 
2117	 0.200994071027993 
2118	 0.201331793165546 
2119	 0.201666725849094 
2120	 0.201436070512624 
2121	 0.200976402374913 
2122	 0.200400627401328 
2123	 0.200041892917298 
2124	 0.200232536371488 
2125	 0.201594645642737 
2126	 0.201859488557002 
2127	 0.201855403409287 
2128	 0.201895644837931 
2129	 0.201168064242278 
2130	 0.201165188421287 
2131	 0.202111922560074 
2132	 0.20213963962059 
2133	 0.201678153080794 
2134	 0.201626018036945 
2135	 0.201452270018889 
2136	 0.201076268968909 
2137	 0.201310601229529 
2138	 0.201679790234402 
2139	 0.201740232926757 
2140	 0.201604568303875 
2141	 0.201383182159503 
2142	 0.20164238592274 
2143	 0.201608156060942 
2144	 0.201402238636247 
2145	 0.201346468056534 
2146	 0.201225640121477 
2147	 0.201085394038211 
2148	 0.201384063107869 
2149	 0.20116656959673 
2150	 0.200127013338198 
2151	 0.199936550003487 
2152	 0.200161538549436 
2153	 0.199949761861137 
2154	 0.199472733111645 
2155	 0.199471154306471 
2156	 0.199149609029925 
2157	 0.198672373694808 
2158	 0.198767249288152 
2159	 0.19928733822021 
2160	 0.198995544039705 
2161	 0.198991116523908 
2162	 0.200110517572077 
2163	 0.199239542304881 
2164	 0.198579915772288 
2165	 0.197346304975601 
2166	 0.197314457757109 
2167	 0.197744238883237 
2168	 0.197707603281009 
2169	 0.197838990968196 
2170	 0.197899297796129 
2171	 0.197728124316592 
2172	 0.197467917915898 
2173	 0.197648215624994 
2174	 0.197451657433022 
2175	 0.197340334026051 
2176	 0.197040374871819 
2177	 0.196360784692491 
2178	 0.196179835371139 
2179	 0.195808595776648 
2180	 0.194588928757494 
2181	 0.194648895945537 
2182	 0.195976069117817 
2183	 0.196633306855588 
2184	 0.196158662696042 
2185	 0.19556524863679 
2186	 0.194159222736085 
2187	 0.193710492440238 
2188	 0.193246595696155 
2189	 0.192956798107306 
2190	 0.193019219154644 
2191	 0.192929528125747 
2192	 0.193078556756058 
2193	 0.193072919034727 
2194	 0.193531483751077 
2195	 0.193349998372396 
2196	 0.192312148938626 
2197	 0.191462056653374 
2198	 0.19180761632686 
2199	 0.191833115354374 
2200	 0.19219185087746 
2201	 0.192932783193092 
2202	 0.191968699896276 
2203	 0.191094666618126 
2204	 0.192292142537543 
2205	 0.192425191989628 
2206	 0.191579977530563 
2207	 0.191859008022464 
2208	 0.19183598408903 
2209	 0.191234501086314 
2210	 0.191174249103729 
2211	 0.19219337006454 
2212	 0.192881224156593 
2213	 0.193086204068969 
2214	 0.193379605989536 
2215	 0.194633154989688 
2216	 0.195088308936761 
2217	 0.194594598871418 
2218	 0.194640063459622 
2219	 0.194537498226505 
2220	 0.194369997651513 
2221	 0.193757960351153 
2222	 0.194829915632486 
2223	 0.194986115313039 
2224	 0.194883677568548 
2225	 0.195485782544295 
2226	 0.195299933152592 
2227	 0.195689747524798 
2228	 0.196171566008283 
2229	 0.194972178403942 
2230	 0.194119165624946 
2231	 0.194307893010638 
2232	 0.194200291456356 
2233	 0.195168580389747 
2234	 0.197198194098151 
2235	 0.197599489427842 
2236	 0.197534658966483 
2237	 0.197539962116855 
2238	 0.196840761473732 
2239	 0.196413068472425 
2240	 0.196793084329736 
2241	 0.196047118050971 
2242	 0.193569250444802 
2243	 0.193390132575479 
2244	 0.194454113559406 
2245	 0.193960049637818 
2246	 0.193871276430062 
2247	 0.19426472101175 
2248	 0.193840170288665 
2249	 0.193470526079528 
2250	 0.194448432104731 
2251	 0.193906687604059 
2252	 0.193029058047414 
2253	 0.191955419443231 
2254	 0.190962475242804 
2255	 0.19190588421835 
2256	 0.192493232014952 
2257	 0.191772638986012 
2258	 0.191559859140315 
2259	 0.192645274729042 
2260	 0.194174655460152 
2261	 0.194931594243224 
2262	 0.194520561525725 
2263	 0.193506541131801 
2264	 0.192258014516342 
2265	 0.191176449048064 
2266	 0.191305431092473 
2267	 0.192267567853565 
2268	 0.192831878780346 
2269	 0.192962932948771 
2270	 0.191825053424066 
2271	 0.190056485475488 
2272	 0.190141666954442 
2273	 0.191806322435825 
2274	 0.191280246513027 
2275	 0.189988905248094 
2276	 0.190850770397872 
2277	 0.192016095849809 
2278	 0.191905723632785 
2279	 0.193947065304359 
2280	 0.19369178122499 
2281	 0.188561827586782 
2282	 0.187242526164333 
2283	 0.188313063762887 
2284	 0.18893245854589 
2285	 0.191495945384393 
2286	 0.192396751227641 
2287	 0.192756626993206 
2288	 0.191138343044544 
2289	 0.19087361732368 
2290	 0.191070802171113 
2291	 0.189945985200498 
2292	 0.19033890142805 
2293	 0.191510414037346 
2294	 0.190625282044292 
2295	 0.188235486178027 
2296	 0.187920545354108 
2297	 0.187901213046668 
2298	 0.18623932734449 
2299	 0.186189890135323 
2300	 0.187049288229378 
2301	 0.18629102514954 
2302	 0.184060679301373 
2303	 0.184131216046856 
2304	 0.186246055811403 
2305	 0.188213633754529 
2306	 0.189729254839869 
2307	 0.188008463985148 
2308	 0.185941355108583 
2309	 0.183878402128932 
2310	 0.181736755777701 
2311	 0.183914928284725 
2312	 0.18442892089399 
2313	 0.183558900216377 
2314	 0.18528808019412 
2315	 0.184680038279233 
2316	 0.185065315321674 
2317	 0.188444577661781 
2318	 0.189452229588732 
2319	 0.189804990335118 
2320	 0.190549768424537 
2321	 0.190326569275091 
2322	 0.187613011232565 
2323	 0.186600645351094 
2324	 0.186721133810417 
2325	 0.186363006062136 
2326	 0.184711031146695 
2327	 0.184686526365417 
2328	 0.186465934852437 
2329	 0.186100980748704 
2330	 0.186392424045516 
2331	 0.187044006636229 
2332	 0.185788476141679 
2333	 0.184498041382233 
2334	 0.18255228422527 
2335	 0.181340540538232 
2336	 0.181420560502729 
2337	 0.181959243499478 
2338	 0.182464067140883 
2339	 0.183781014258278 
2340	 0.18558122556475 
2341	 0.187380765394664 
2342	 0.188346134780432 
2343	 0.189213869068103 
2344	 0.187063307264573 
2345	 0.182195671706239 
2346	 0.18096366244072 
2347	 0.185183728007185 
2348	 0.18754887510702 
2349	 0.184569866140929 
2350	 0.182867855794666 
2351	 0.182146959487235 
2352	 0.182581674240626 
2353	 0.186050087893839 
2354	 0.185489448937862 
2355	 0.183010682546059 
2356	 0.181912789454933 
2357	 0.182207011844165 
2358	 0.186354914328289 
2359	 0.186126029407004 
2360	 0.182498379122663 
2361	 0.181026712388335 
2362	 0.176093560869634 
2363	 0.173893876393676 
2364	 0.17614394857559 
2365	 0.177257625352332 
2366	 0.176643655418697 
2367	 0.175600958245703 
2368	 0.176112975244115 
2369	 0.175841419835261 
2370	 0.179991256799895 
2371	 0.187188065270558 
2372	 0.187771280560932 
2373	 0.184207954332092 
2374	 0.18295053274466 
2375	 0.180331570382616 
2376	 0.178244744544181 
2377	 0.185656309467581 
2378	 0.189251060128443 
2379	 0.182817730149181 
2380	 0.176952129563294 
2381	 0.170907897029779 
2382	 0.166216576051002 
2383	 0.166109502416969 
2384	 0.173975726741005 
2385	 0.183686606788649 
2386	 0.184027720423593 
2387	 0.17933692292618 
2388	 0.168249208855431 
2389	 0.160547650532312 
2390	 0.163815310327181 
2391	 0.166563399423155 
2392	 0.174911104804313 
2393	 0.176814387287813 
2394	 0.167946704670407 
2395	 0.171074512554568 
2396	 0.178189507883891 
2397	 0.17882519736535 
2398	 0.178574107873852 
2399	 0.180216094328475 
2400	 0.176615285851716 
2401	 0.170353625694761 
2402	 0.174416995912748 
2403	 0.178066629345267 
2404	 0.174522073391626 
2405	 0.178226875041168 
2406	 0.181367095250434 
2407	 0.173734823723005 
2408	 0.166203682890017 
2409	 0.158525818026356 
2410	 0.155010657706327 
2411	 0.159251156555688 
2412	 0.17428243628527 
2413	 0.188743823419331 
2414	 0.187805683087499 
2415	 0.18513360854001 
2416	 0.172747281405395 
2417	 0.161252580191922 
2418	 0.164875385346194 
2419	 0.163261836100881 
2420	 0.162241368277367 
2421	 0.161934507287099 
2422	 0.158028679639024 
2423	 0.163206392541014 
2424	 0.169798956838223 
2425	 0.177118526975044 
2426	 0.180438972474158 
2427	 0.166293199170311 
2428	 0.15821070681553 
2429	 0.159148803251249 
2430	 0.155903075256593 
2431	 0.161513651308256 
2432	 0.168898972097294 
2433	 0.164370211794717 
2434	 0.159730745389196 
2435	 0.170288704778569 
2436	 0.17271777595134 
2437	 0.158097932162334 
2438	 0.149206851932441 
2439	 0.142021742108404 
2440	 0.135481959566813 
2441	 0.145614121161741 
2442	 0.174808681044418 
2443	 0.19066894815896 
2444	 0.187102543696855 
2445	 0.184218317733392 
2446	 0.159820312869209 
2447	 0.130538643204676 
2448	 0.138604622830465 
2449	 0.158617002663004 
2450	 0.165361571418738 
2451	 0.172100170502805 
2452	 0.173612050712152 
2453	 0.175428662050029 
2454	 0.176007596108352 
2455	 0.155927783903902 
2456	 0.130054023359181 
2457	 0.114807786019529 
2458	 0.111516349280427 
2459	 0.134622950979069 
2460	 0.168809203041234 
2461	 0.160621270546546 
2462	 0.142050236464875 
2463	 0.132907834708169 
2464	 0.105485905271161 
2465	 0.101619223074731 
2466	 0.109779597745377 
2467	 0.120892011401452 
2468	 0.143886103192714 
2469	 0.144954509837404 
2470	 0.154508372181202 
2471	 0.16402638358794 
2472	 0.130650705099155 
2473	 0.140725273984807 
2474	 0.199781071647046 
2475	 0.198283407666229 
2476	 0.197424622615618 
2477	 0.212337060885875 
2478	 0.165072261742254 
2479	 0.132142814781759 
2480	 0.16362408658962 
2481	 5.35938405362237E-02 
2482	-1.25022201149993E-02 
2483	 1.86454470232749E-02 
2484	 4.23822256694046E-03 
2485	 0.163522182194246 
2486	 0.320030979870025 
2487	 0.202620967793949 
2488	 8.54719603562178E-02 
2489	-6.11220974913455E-02 
2490	-0.166541883238928 
2491	 0.071454094038747 
2492	 0.508958948023949 
2493	 0.503546005816012 
2494	 0.283095415112385 
2495	-0.121238688718381 
2496	-0.441407950489693 
2497	-0.438762050803208 
2498	-0.377781339942157 
2499	-0.12411360520466 
2500	 2.09277931602411E-02 
