Wavelength	09/27/123 at 12:28:02
350	 2.78690006064782E-02 
351	 2.79432019429596E-02 
352	 0.028016537606008 
353	 2.81488764566072E-02 
354	 2.85458284009972E-02 
355	 2.88266932958905E-02 
356	 2.88553346627855E-02 
357	 0.028692803306721 
358	 2.86953962209613E-02 
359	 2.89116088327734E-02 
360	 2.90361484624571E-02 
361	 2.87215676053646E-02 
362	 2.89544256554212E-02 
363	 2.94498037178026E-02 
364	 2.98169927984636E-02 
365	 2.97192815872733E-02 
366	 2.95828627240088E-02 
367	 2.94889247852215E-02 
368	 2.94061338158881E-02 
369	 2.98401479506989E-02 
370	 3.01712227286949E-02 
371	 3.00676664804821E-02 
372	 3.00928028471223E-02 
373	 3.03127529049936E-02 
374	 3.05366476773014E-02 
375	 0.030471396909356 
376	 3.05965933586903E-02 
377	 3.08220680047266E-02 
378	 3.10129504395767E-02 
379	 3.10915502245365E-02 
380	 3.11802590955404E-02 
381	 3.12658323826561E-02 
382	 3.13009232683766E-02 
383	 3.16016721721777E-02 
384	 3.19325670258556E-02 
385	 3.21004138795209E-02 
386	 3.21600219778081E-02 
387	 3.22344704753662E-02 
388	 3.23953831332285E-02 
389	 3.26618299189968E-02 
390	 3.28940869930744E-02 
391	 3.31556412692235E-02 
392	 0.033431568418002 
393	 0.033504240577322 
394	 3.36544328028776E-02 
395	 3.37772996821811E-02 
396	 3.36926480010723E-02 
397	 3.38409811377153E-02 
398	 3.40864689532524E-02 
399	 3.42924430457591E-02 
400	 3.44066901618819E-02 
401	 3.45524639225896E-02 
402	 3.46628387246235E-02 
403	 3.46335914292189E-02 
404	 3.46286807117661E-02 
405	 3.46602790456841E-02 
406	 3.47473709574276E-02 
407	 3.49701263715878E-02 
408	 3.51184355967945E-02 
409	 3.52063233037714E-02 
410	 3.53353219677351E-02 
411	 3.55453454821713E-02 
412	 3.57119691077279E-02 
413	 3.57969749685159E-02 
414	 3.59151358689403E-02 
415	 3.61400115171335E-02 
416	 3.63599016593006E-02 
417	 3.64216896546776E-02 
418	 3.64463466402113E-02 
419	 3.65327508375762E-02 
420	 3.67081096801142E-02 
421	 3.69008080706299E-02 
422	 3.70693364585765E-02 
423	 3.72270637315587E-02 
424	 3.74023775926572E-02 
425	 0.037549217059973 
426	 3.77227975357123E-02 
427	 0.037930493662768 
428	 3.80925222329078E-02 
429	 3.82895030673407E-02 
430	 3.84821768905258E-02 
431	 3.86132521412867E-02 
432	 0.038759275291262 
433	 3.89100484954496E-02 
434	 3.90575979068964E-02 
435	 3.92022519571439E-02 
436	 0.039446862638989 
437	 3.96818175148891E-02 
438	 3.97878355736052E-02 
439	 3.99823244575763E-02 
440	 4.01734887957877E-02 
441	 4.03058560081761E-02 
442	 4.03884324925502E-02 
443	 4.05686246447085E-02 
444	 4.07804785778381E-02 
445	 4.09308231654545E-02 
446	 4.11443903899639E-02 
447	 4.13631966906837E-02 
448	 4.15473352262669E-02 
449	 4.16932635605225E-02 
450	 4.18429981959479E-02 
451	 4.20071650376716E-02 
452	 4.21803335422256E-02 
453	 4.23370030672378E-02 
454	 4.24988948707788E-02 
455	 0.042666498616423 
456	 4.28141413775384E-02 
457	 4.29854167264996E-02 
458	 4.31713156085073E-02 
459	 0.043345858748312 
460	 4.34727643126945E-02 
461	 4.35878901045817E-02 
462	 4.37216016493656E-02 
463	 4.38912102880243E-02 
464	 4.40831553875465E-02 
465	 4.42591884450727E-02 
466	 4.43957275350395E-02 
467	 4.45512092291689E-02 
468	 4.47183559530553E-02 
469	 4.48972305809776E-02 
470	 4.50936579982405E-02 
471	 4.52275000431769E-02 
472	 4.53492917543548E-02 
473	 4.55097286047936E-02 
474	 4.56567716824433E-02 
475	 4.58373938435221E-02 
476	 4.60283845554551E-02 
477	 4.61566786085263E-02 
478	 4.63213227928589E-02 
479	 4.64982749526674E-02 
480	 4.66632531291223E-02 
481	 4.68576768710732E-02 
482	 4.70831817140603E-02 
483	 4.72964747322903E-02 
484	 4.74303040248475E-02 
485	 4.76028857802086E-02 
486	 4.78403461379209E-02 
487	 4.81178824242753E-02 
488	 4.83361241324344E-02 
489	 4.85292056580585E-02 
490	 0.048734359944584 
491	 4.89812743126209E-02 
492	 4.91782689006985E-02 
493	 4.93580867782699E-02 
494	 4.95554811164163E-02 
495	 0.049764839318707 
496	 5.00083823926481E-02 
497	 5.02569176758445E-02 
498	 5.04687809446948E-02 
499	 5.07384635516372E-02 
500	 0.051014220095693 
501	 5.12543526307122E-02 
502	 5.14607913707368E-02 
503	 5.16634666903227E-02 
504	 5.18879510274271E-02 
505	 5.21524584013009E-02 
506	 5.24467640429086E-02 
507	 5.27181186356616E-02 
508	 5.29435241828213E-02 
509	 5.31461498311515E-02 
510	 5.33508417858421E-02 
511	 5.35816860457523E-02 
512	 5.38522266028568E-02 
513	 5.41451133130914E-02 
514	 0.054394199258523 
515	 0.054604182775375 
516	 5.48717119058377E-02 
517	 5.51740201305657E-02 
518	 5.54979123866825E-02 
519	 5.58141825350271E-02 
520	 5.60590299636432E-02 
521	 5.62742512067829E-02 
522	 5.65119631581271E-02 
523	 5.68278626141954E-02 
524	 5.71340877887795E-02 
525	 5.73941316920528E-02 
526	 5.76201245359715E-02 
527	 5.79369344993913E-02 
528	 5.82668584743886E-02 
529	 5.85731014304571E-02 
530	 5.88586443640298E-02 
531	 5.91180987548197E-02 
532	 5.93916983845336E-02 
533	 0.059704553693325 
534	 6.00314074893368E-02 
535	 6.03636122418458E-02 
536	 6.06668385485829E-02 
537	 6.09084998148575E-02 
538	 6.12435235209954E-02 
539	 0.061616109860167 
540	 6.19679528801592E-02 
541	 6.22995581665146E-02 
542	 6.26407212012866E-02 
543	 6.29896657225161E-02 
544	 0.0633323394016 
545	 6.36596727403386E-02 
546	 6.39794184289254E-02 
547	 6.42968048641452E-02 
548	 6.46034632057291E-02 
549	 6.49476002049086E-02 
550	 6.53392204473849E-02 
551	 0.065761031375962 
552	 6.61328170502341E-02 
553	 6.64635656652056E-02 
554	 6.67808242868003E-02 
555	 6.71289977781417E-02 
556	 6.74888489437321E-02 
557	 6.78588821475348E-02 
558	 6.82367951981402E-02 
559	 6.86131750240407E-02 
560	 0.068975576456347 
561	 6.93427190812191E-02 
562	 6.97638800283925E-02 
563	 7.01688603961523E-02 
564	 7.05355086490962E-02 
565	 7.08716509855678E-02 
566	 7.12310642704474E-02 
567	 0.071638121845754 
568	 7.20423032290011E-02 
569	 7.23566448964239E-02 
570	 7.27102123853755E-02 
571	 7.30736807665271E-02 
572	 7.34059061307972E-02 
573	 7.37018616842105E-02 
574	 7.39982150702151E-02 
575	 7.43081824256235E-02 
576	 7.46306141985634E-02 
577	 7.49849078364706E-02 
578	 7.53220552295368E-02 
579	 7.56267552777797E-02 
580	 7.59456493087058E-02 
581	 0.076255127535253 
582	 7.65632343133426E-02 
583	 7.68732066039584E-02 
584	 7.71294931607786E-02 
585	 7.73750513348189E-02 
586	 0.077669666565949 
587	 7.80894036535213E-02 
588	 7.84482467639337E-02 
589	 7.87388817944437E-02 
590	 7.89885256610252E-02 
591	 7.92307762054919E-02 
592	 7.94795700044305E-02 
593	 7.97558964629503E-02 
594	 8.00695636386934E-02 
595	 8.03151605794577E-02 
596	 8.05399524627347E-02 
597	 8.07948454156561E-02 
598	 8.10673401728054E-02 
599	 8.13871094097334E-02 
600	 8.17162735453377E-02 
601	 8.19985150800885E-02 
602	 8.22612627785301E-02 
603	 8.25077948396669E-02 
604	 8.27472087675092E-02 
605	 8.29955167067115E-02 
606	 8.32241592702167E-02 
607	 8.34867766810263E-02 
608	 0.083821266486409 
609	 0.084079845959345 
610	 8.43049943524308E-02 
611	 8.45332075480838E-02 
612	 8.47840144287695E-02 
613	 8.49776450706209E-02 
614	 8.51920359019765E-02 
615	 8.54855557339593E-02 
616	 8.57662877977719E-02 
617	 8.60057117629961E-02 
618	 8.62046837435223E-02 
619	 8.63951935857569E-02 
620	 8.66015108104779E-02 
621	 8.68160357926895E-02 
622	 8.70408177383489E-02 
623	 8.73107121797626E-02 
624	 8.75892851237917E-02 
625	 8.78531874146958E-02 
626	 8.80845114778276E-02 
627	 8.82709272781435E-02 
628	 8.84862851865988E-02 
629	 8.87297729646281E-02 
630	 8.89118107336425E-02 
631	 8.91341876617374E-02 
632	 0.089344912910673 
633	 8.94968384196243E-02 
634	 8.96791041336287E-02 
635	 8.99317476673119E-02 
636	 9.01981065240765E-02 
637	 9.03682451232795E-02 
638	 0.090540800709358 
639	 9.07154687515828E-02 
640	 9.08845845495077E-02 
641	 0.091054630236505 
642	 9.12221569705272E-02 
643	 9.13759634222729E-02 
644	 9.15143239355212E-02 
645	 9.16906892572863E-02 
646	 0.091876627251727 
647	 9.20657838233587E-02 
648	 9.22864572115388E-02 
649	 9.25146760759253E-02 
650	 9.27078787196248E-02 
651	 9.28506767731605E-02 
652	 0.093013554666642 
653	 9.31701378088109E-02 
654	 9.33315527938954E-02 
655	 9.35407274937274E-02 
656	 9.38549444585014E-02 
657	 9.40952730189524E-02 
658	 9.41972513682888E-02 
659	 9.43430656413544E-02 
660	 9.44811545843293E-02 
661	 9.46246293447193E-02 
662	 9.47886355366463E-02 
663	 9.48894012953388E-02 
664	 9.50335192062457E-02 
665	 9.52109119510854E-02 
666	 9.52929947246486E-02 
667	 9.54711356375745E-02 
668	 9.56252955041103E-02 
669	 9.56928795087463E-02 
670	 9.59556954006503E-02 
671	 0.096182818453471 
672	 9.63338100378423E-02 
673	 9.64773043510018E-02 
674	 9.66939789829199E-02 
675	 9.69047471253345E-02 
676	 9.70848356725823E-02 
677	 9.73200817406187E-02 
678	 9.75510462608901E-02 
679	 9.77893277641822E-02 
680	 0.098049759346728 
681	 9.82748402543258E-02 
682	 9.85177313850851E-02 
683	 9.87974114415099E-02 
684	 9.91060045377614E-02 
685	 9.95082409428154E-02 
686	 0.100015019797734 
687	 0.100597082254192 
688	 0.10106622903957 
689	 0.10152936175961 
690	 0.101977990246947 
691	 0.102388148036657 
692	 0.102942763344777 
693	 0.103527641120267 
694	 0.10409608603885 
695	 0.104665418611207 
696	 0.105209164349678 
697	 0.10574214123164 
698	 0.106294762191175 
699	 0.106854877919593 
700	 0.107434275079375 
701	 0.108018187756678 
702	 0.108578099258373 
703	 0.109066413385622 
704	 0.109590651309503 
705	 0.110138551333571 
706	 0.110543409899699 
707	 0.111037449924938 
708	 0.111548116085856 
709	 0.111985134772047 
710	 0.112398682051152 
711	 0.112762623800515 
712	 0.113131764037757 
713	 0.113583540172813 
714	 0.114010431140498 
715	 0.114418913593262 
716	 0.114831865798561 
717	 0.115245734238391 
718	 0.115655786299825 
719	 0.116083945060654 
720	 0.116499976805687 
721	 0.116748192813829 
722	 0.116964100339493 
723	 0.117239752851627 
724	 0.11759971090264 
725	 0.117970671248794 
726	 0.11828314537949 
727	 0.11855813684335 
728	 0.118909001798358 
729	 0.119205973145346 
730	 0.119454401567492 
731	 0.119691779154558 
732	 0.119943835716642 
733	 0.120180298489465 
734	 0.120426692151706 
735	 0.120722844041376 
736	 0.120990253221925 
737	 0.121228414866245 
738	 0.121462700398068 
739	 0.12173577702374 
740	 0.122034066446019 
741	 0.122313827272616 
742	 0.122557002215867 
743	 0.12285955939904 
744	 0.123099256458555 
745	 0.123308793946351 
746	 0.123590376076637 
747	 0.123896395044201 
748	 0.124173895713667 
749	 0.124407354071798 
750	 0.124632656642271 
751	 0.124903773238804 
752	 0.125190788118642 
753	 0.12545546513858 
754	 0.125696112447164 
755	 0.126002941895273 
756	 0.126346487633437 
757	 0.1266593024795 
758	 0.127007835513553 
759	 0.127475990060062 
760	 0.128190313055349 
761	 0.129008413022511 
762	 0.129397275686479 
763	 0.129483455967229 
764	 0.129498942692378 
765	 0.129467939155879 
766	 0.129484608460877 
767	 0.129561810402525 
768	 0.129685583374969 
769	 0.129803132849544 
770	 0.129980176148506 
771	 0.130205005739518 
772	 0.130407830103618 
773	 0.130637458953363 
774	 0.130912272360137 
775	 0.131220951028622 
776	 0.131513776081692 
777	 0.131719674703616 
778	 0.131891544649309 
779	 0.13211804218085 
780	 0.132474264859004 
781	 0.13273301800276 
782	 0.132899626765724 
783	 0.133124859102259 
784	 0.133392331560899 
785	 0.133671138045625 
786	 0.133925316912491 
787	 0.13412300060735 
788	 0.134418057531957 
789	 0.134737526359988 
790	 0.134993476751586 
791	 0.135214579700847 
792	 0.135401501990146 
793	 0.135608306138883 
794	 0.135891353605743 
795	 0.136205880067031 
796	 0.136460822337626 
797	 0.136659330806737 
798	 0.136883286455954 
799	 0.13708977667196 
800	 0.1373103013376 
801	 0.137562272372466 
802	 0.13782408527912 
803	 0.138126057552541 
804	 0.13840681454067 
805	 0.138609940104986 
806	 0.138765302644594 
807	 0.138980138931131 
808	 0.139271121210102 
809	 0.139586434420361 
810	 0.139830619005586 
811	 0.140076730010494 
812	 0.140346472618074 
813	 0.140596389830784 
814	 0.14086606755357 
815	 0.141147876272544 
816	 0.14145083818172 
817	 0.141849330056183 
818	 0.141986261333725 
819	 0.142062138381775 
820	 0.14230737162572 
821	 0.142470723443315 
822	 0.142656929881777 
823	 0.142900074162233 
824	 0.143179716843818 
825	 0.143413767973855 
826	 0.143627500571207 
827	 0.143857482791375 
828	 0.144126753785937 
829	 0.144335408413428 
830	 0.144517661483833 
831	 0.14472158285157 
832	 0.144974971304317 
833	 0.145195656795911 
834	 0.145374231551332 
835	 0.145528493600559 
836	 0.145657753087167 
837	 0.145892896433088 
838	 0.146170143932657 
839	 0.146361892599859 
840	 0.146513089600011 
841	 0.146720917375 
842	 0.14695711406723 
843	 0.147111142591921 
844	 0.147372093330797 
845	 0.147559460255873 
846	 0.14765635818408 
847	 0.147920533482683 
848	 0.148113691331351 
849	 0.148317401315708 
850	 0.148595400859837 
851	 0.148794966586425 
852	 0.148959496207795 
853	 0.149093466131538 
854	 0.149233469109112 
855	 0.149556940385268 
856	 0.149856150959769 
857	 0.149985963876186 
858	 0.149930613247407 
859	 0.150095286166192 
860	 0.150398023266418 
861	 0.150723462900133 
862	 0.150965212379429 
863	 0.151071387298376 
864	 0.15113249333852 
865	 0.151233794089619 
866	 0.151419162321771 
867	 0.151633277495443 
868	 0.151794480425025 
869	 0.151934680830933 
870	 0.152359061869281 
871	 0.15261840477963 
872	 0.152702007368759 
873	 0.152760488214741 
874	 0.152923797884123 
875	 0.153121186777146 
876	 0.153359713378947 
877	 0.153657345620903 
878	 0.153917498931429 
879	 0.15405046515979 
880	 0.154152098503455 
881	 0.154428401442617 
882	 0.15460037007632 
883	 0.15481929808534 
884	 0.155092503214795 
885	 0.155221475234002 
886	 0.155358915838477 
887	 0.155559373352315 
888	 0.155779238359666 
889	 0.155826905552223 
890	 0.155938969151299 
891	 0.156162660870096 
892	 0.156461056950565 
893	 0.156755874589238 
894	 0.156790466831669 
895	 0.156738734729716 
896	 0.156914369597311 
897	 0.157361468926505 
898	 0.157786610709671 
899	 0.158060110534822 
900	 0.158203344896146 
901	 0.15837721522399 
902	 0.158558741855513 
903	 0.158655286557938 
904	 0.158593271388087 
905	 0.158787127878253 
906	 0.159117935918262 
907	 0.159307497635444 
908	 0.159063238720561 
909	 0.159376832643987 
910	 0.159708876355081 
911	 0.159789554212323 
912	 0.160057221490614 
913	 0.15996356298244 
914	 0.160092244865474 
915	 0.160634540081404 
916	 0.160709319575069 
917	 0.160795392224091 
918	 0.161050848926329 
919	 0.161402797024081 
920	 0.161449210034918 
921	 0.161350921753242 
922	 0.161308756186178 
923	 0.161468145014537 
924	 0.161739526636408 
925	 0.162050023755479 
926	 0.162094002769635 
927	 0.161629510087163 
928	 0.161217040443702 
929	 0.16152429150802 
930	 0.162015099457584 
931	 0.16148460532063 
932	 0.161393351444642 
933	 0.161188191949676 
934	 0.161055288443897 
935	 0.161794328755258 
936	 0.163165705355692 
937	 0.163418353980708 
938	 0.162803448344355 
939	 0.162980507424547 
940	 0.163316499710401 
941	 0.163593194223451 
942	 0.163538245559329 
943	 0.162922672529504 
944	 0.162637037721058 
945	 0.162967131084211 
946	 0.163595787571292 
947	 0.163654500188723 
948	 0.163664532928113 
949	 0.163548973635019 
950	 0.163572070128678 
951	 0.164503217417094 
952	 0.165177557956598 
953	 0.165162130585208 
954	 0.164737756117573 
955	 0.164957252576801 
956	 0.165320395143166 
957	 0.165763451487272 
958	 0.166084229458098 
959	 0.165691305611358 
960	 0.166131255048732 
961	 0.166309467933508 
962	 0.165719367912773 
963	 0.166223353259654 
964	 0.167570280326138 
965	 0.168146256346329 
966	 0.16719845049099 
967	 0.166548676377628 
968	 0.167095999622408 
969	 0.168001095444181 
970	 0.168182058519484 
971	 0.167462975052064 
972	 0.166858362860309 
973	 0.167231155976002 
974	 0.168514687866472 
975	 0.168242402784156 
976	 0.16769052560684 
977	 0.167593932303807 
978	 0.16815342681937 
979	 0.168533911889537 
980	 0.16869569595632 
981	 0.168454596591314 
982	 0.16797629148467 
983	 0.168637487803271 
984	 0.16914539186081 
985	 0.169316889454852 
986	 0.169405927511426 
987	 0.169467482439373 
988	 0.169837496265709 
989	 0.170254228906092 
990	 0.170345308987625 
991	 0.170341481812762 
992	 0.170138241419739 
993	 0.170147324167196 
994	 0.170719472823493 
995	 0.171288966494268 
996	 0.171026606015325 
997	 0.170293257441723 
998	 0.169916429634569 
999	 0.170213343772932 
1000	 0.170632155777388 
1001	 0.175610889533738 
1002	 0.175618668392557 
1003	 0.175763115224722 
1004	 0.175955785857123 
1005	 0.176318372422417 
1006	 0.176486344708772 
1007	 0.176568711061616 
1008	 0.176740800121583 
1009	 0.176818497723558 
1010	 0.177090220761571 
1011	 0.17740970076243 
1012	 0.177425862286657 
1013	 0.177544607205881 
1014	 0.177629803353241 
1015	 0.17759813343124 
1016	 0.177685192275367 
1017	 0.177842599572868 
1018	 0.17807220688782 
1019	 0.178183327117043 
1020	 0.178297866836104 
1021	 0.178463469155759 
1022	 0.178518861205017 
1023	 0.178602308418713 
1024	 0.178704140821741 
1025	 0.178803065119957 
1026	 0.178955160836105 
1027	 0.17911743954603 
1028	 0.179206761593158 
1029	 0.179348856334555 
1030	 0.179617441611948 
1031	 0.179754186572512 
1032	 0.179768271263488 
1033	 0.179857783914484 
1034	 0.18001227898112 
1035	 0.179981397555258 
1036	 0.180022235003011 
1037	 0.180152368681432 
1038	 0.180301887028686 
1039	 0.180376949818547 
1040	 0.180351616186718 
1041	 0.180511446264141 
1042	 0.180742870177722 
1043	 0.180870435239776 
1044	 0.181067605174745 
1045	 0.181386055314849 
1046	 0.181653752317227 
1047	 0.181738192469809 
1048	 0.181978652019038 
1049	 0.182262235014057 
1050	 0.182271052716569 
1051	 0.182326599180686 
1052	 0.182378091289567 
1053	 0.182329507063469 
1054	 0.182456414631559 
1055	 0.182625752909074 
1056	 0.182848744177527 
1057	 0.183037328544339 
1058	 0.183266454558348 
1059	 0.183412502803571 
1060	 0.183525874246934 
1061	 0.183597322425582 
1062	 0.183603578540365 
1063	 0.183696949000205 
1064	 0.183731732122248 
1065	 0.183793407646142 
1066	 0.18412499318149 
1067	 0.184388389387453 
1068	 0.184646487855882 
1069	 0.184949912223572 
1070	 0.185124497324772 
1071	 0.185116053890859 
1072	 0.185205591723053 
1073	 0.185296958765082 
1074	 0.18534369788205 
1075	 0.185295010538094 
1076	 0.185463079700717 
1077	 0.185573613967263 
1078	 0.185678174292815 
1079	 0.185869479298166 
1080	 0.185961538250965 
1081	 0.186123637163275 
1082	 0.186292936612423 
1083	 0.18640295588463 
1084	 0.186491961324929 
1085	 0.186608987492229 
1086	 0.186691544509958 
1087	 0.186785224229751 
1088	 0.186886041078611 
1089	 0.187049459309175 
1090	 0.187258499948801 
1091	 0.187314447432084 
1092	 0.187616382973229 
1093	 0.187933690543766 
1094	 0.187944966052303 
1095	 0.187980698431715 
1096	 0.188085073547718 
1097	 0.188116708159321 
1098	 0.188172775625471 
1099	 0.188315701839858 
1100	 0.188504268241911 
1101	 0.188652850365632 
1102	 0.188811306243509 
1103	 0.189182589432601 
1104	 0.18938215036775 
1105	 0.18941248768967 
1106	 0.189511049718504 
1107	 0.189685395172417 
1108	 0.189664972658822 
1109	 0.189568489768878 
1110	 0.189774058684985 
1111	 0.189923874840127 
1112	 0.190105809856597 
1113	 0.190253855309937 
1114	 0.190485126658696 
1115	 0.190669407250649 
1116	 0.190783832324326 
1117	 0.190979983161632 
1118	 0.191258733014801 
1119	 0.191487907000564 
1120	 0.191769259472966 
1121	 0.191904055002761 
1122	 0.191781362184265 
1123	 0.19186180154145 
1124	 0.191977135506845 
1125	 0.192028162446825 
1126	 0.192210657056003 
1127	 0.192600302076134 
1128	 0.192899047903648 
1129	 0.193132006538735 
1130	 0.193408775086734 
1131	 0.193837983807241 
1132	 0.194008416560265 
1133	 0.193982292400092 
1134	 0.194069613697838 
1135	 0.194199583866693 
1136	 0.194145715812827 
1137	 0.194022678663074 
1138	 0.193931431567823 
1139	 0.193362706475107 
1140	 0.193415941135305 
1141	 0.193461034425386 
1142	 0.193796357838556 
1143	 0.193824266402706 
1144	 0.193776327626036 
1145	 0.193905078779801 
1146	 0.193978177423638 
1147	 0.194093881488316 
1148	 0.194543359362914 
1149	 0.194643934240652 
1150	 0.194494937827164 
1151	 0.194403446550749 
1152	 0.193966015863586 
1153	 0.193996042966799 
1154	 0.194232797693591 
1155	 0.194570711787472 
1156	 0.194893931294574 
1157	 0.195295160742415 
1158	 0.195301571814773 
1159	 0.19495600739088 
1160	 0.194911108205373 
1161	 0.1948027033904 
1162	 0.19480277051051 
1163	 0.195013397731569 
1164	 0.195004572705259 
1165	 0.194827715895402 
1166	 0.194840983715658 
1167	 0.194891836065031 
1168	 0.194894235836043 
1169	 0.194951604451744 
1170	 0.195026930995747 
1171	 0.195052232991448 
1172	 0.195100063156545 
1173	 0.195250736083437 
1174	 0.195358322100423 
1175	 0.195328734621699 
1176	 0.195139345571012 
1177	 0.195119840695699 
1178	 0.19507256000905 
1179	 0.195096036063494 
1180	 0.195256771391977 
1181	 0.195317359336941 
1182	 0.195307654019657 
1183	 0.195342563179193 
1184	 0.195373295502238 
1185	 0.19544290423272 
1186	 0.195601348756188 
1187	 0.195695890289496 
1188	 0.195843274060721 
1189	 0.195826184739207 
1190	 0.195842526695168 
1191	 0.195838891335496 
1192	 0.195889345807085 
1193	 0.196109971984158 
1194	 0.196220321130229 
1195	 0.196349332766968 
1196	 0.196422652337043 
1197	 0.196410812550281 
1198	 0.196438837576019 
1199	 0.19647771413009 
1200	 0.196536139686208 
1201	 0.196629632246357 
1202	 0.196686512529076 
1203	 0.196648794540821 
1204	 0.196745958719604 
1205	 0.196893619607412 
1206	 0.197120809989412 
1207	 0.197211168830899 
1208	 0.197297611793528 
1209	 0.197266136107929 
1210	 0.197100197359737 
1211	 0.197189449198038 
1212	 0.197364977206752 
1213	 0.197532917817687 
1214	 0.197755434989348 
1215	 0.197799489264973 
1216	 0.197591666737827 
1217	 0.197663106106121 
1218	 0.197833838908066 
1219	 0.197918622666419 
1220	 0.198216042251833 
1221	 0.198330144264369 
1222	 0.198076554884545 
1223	 0.198062917800776 
1224	 0.198146579118481 
1225	 0.198245702515685 
1226	 0.198332193725556 
1227	 0.198674043112058 
1228	 0.198798175327275 
1229	 0.198815336774644 
1230	 0.198909841087781 
1231	 0.198869635701759 
1232	 0.198845011672201 
1233	 0.199008157576156 
1234	 0.19914621194078 
1235	 0.199175387133004 
1236	 0.199275159167778 
1237	 0.199387383007367 
1238	 0.199457405196597 
1239	 0.199602657002108 
1240	 0.199705132634936 
1241	 0.199682218260078 
1242	 0.199748106822216 
1243	 0.19989888822399 
1244	 0.199894030256378 
1245	 0.199833084930178 
1246	 0.200089974898007 
1247	 0.200248833483466 
1248	 0.200202049069995 
1249	 0.200386783498989 
1250	 0.2004862375374 
1251	 0.200389160803906 
1252	 0.200462419551469 
1253	 0.200480879020859 
1254	 0.200425284895622 
1255	 0.200623625900508 
1256	 0.200831933118924 
1257	 0.200929350184099 
1258	 0.201002719985106 
1259	 0.201132602297304 
1260	 0.201149969903383 
1261	 0.201254533736046 
1262	 0.201462676458303 
1263	 0.201742995084867 
1264	 0.201870979461763 
1265	 0.201927634666808 
1266	 0.202050783132825 
1267	 0.202074622815774 
1268	 0.202074017967143 
1269	 0.202134395719357 
1270	 0.202258818271541 
1271	 0.202387930621062 
1272	 0.202404641578175 
1273	 0.202526395896008 
1274	 0.20262451109206 
1275	 0.202618858078178 
1276	 0.202705211408409 
1277	 0.202666979946458 
1278	 0.202650375084351 
1279	 0.20272232099044 
1280	 0.202710319752133 
1281	 0.202627279008183 
1282	 0.202677798684266 
1283	 0.202760349374949 
1284	 0.202810808995163 
1285	 0.202890021991787 
1286	 0.202948236874126 
1287	 0.202972210838807 
1288	 0.203005636359524 
1289	 0.203099767909918 
1290	 0.203276888042041 
1291	 0.203360068019238 
1292	 0.203227179787854 
1293	 0.203192217700651 
1294	 0.203389256147818 
1295	 0.20358956930364 
1296	 0.203745074784022 
1297	 0.203857533644447 
1298	 0.203810772318005 
1299	 0.203740249352315 
1300	 0.203812129598473 
1301	 0.203886430821427 
1302	 0.203928872047911 
1303	 0.204009656307544 
1304	 0.204103599415676 
1305	 0.20422378131824 
1306	 0.204401819681899 
1307	 0.204552860633714 
1308	 0.204628638827172 
1309	 0.204549354829054 
1310	 0.204587918093275 
1311	 0.204739027842621 
1312	 0.204782215367271 
1313	 0.20495525719013 
1314	 0.205142687920335 
1315	 0.205214057737062 
1316	 0.205273590632781 
1317	 0.205406689155306 
1318	 0.205599008653477 
1319	 0.205521477055053 
1320	 0.205511938671548 
1321	 0.205733497468105 
1322	 0.205785083644118 
1323	 0.205865686753602 
1324	 0.205971224893335 
1325	 0.205913177130132 
1326	 0.205848116153217 
1327	 0.205829134804025 
1328	 0.206030671276885 
1329	 0.206345059651115 
1330	 0.206432278361424 
1331	 0.206421986113436 
1332	 0.206419077790568 
1333	 0.206331389351622 
1334	 0.206217994056598 
1335	 0.206407551828225 
1336	 0.206556544591731 
1337	 0.206561386147221 
1338	 0.20646809735553 
1339	 0.206506641018198 
1340	 0.20677928939913 
1341	 0.20685502124124 
1342	 0.206932399692675 
1343	 0.206912967494016 
1344	 0.206471584897836 
1345	 0.20628460871613 
1346	 0.206528898312919 
1347	 0.206650071168143 
1348	 0.206673918255969 
1349	 0.206554344406428 
1350	 0.206396668531772 
1351	 0.206942803663138 
1352	 0.207653516750608 
1353	 0.207088974012735 
1354	 0.206004505351547 
1355	 0.205044891231416 
1356	 0.204771453971793 
1357	 0.206215594857017 
1358	 0.206082799078466 
1359	 0.207023612812799 
1360	 0.205367270131488 
1361	 0.204365664401608 
1362	 0.201572298762589 
1363	 0.207122070180085 
1364	 0.220613260003522 
1365	 0.222342382850685 
1366	 0.217281536098808 
1367	 0.222369875825427 
1368	 0.245670757224699 
1369	 0.215485334259599 
1370	 0.172423195548249 
1371	 0.206496107942957 
1372	 0.225802860125701 
1373	 0.177076269114132 
1374	 0.155234143085449 
1375	 0.166742739880995 
1376	 0.14305527117673 
1377	 0.139499143471375 
1378	 0.183820526090867 
1379	 0.199113182876638 
1380	 0.151826462930851 
1381	 0.147697164799673 
1382	 0.166089465042971 
1383	 0.141186917436528 
1384	 0.174925993112022 
1385	 0.25415613933459 
1386	 0.261793620444519 
1387	 0.214608567898908 
1388	 0.252117328658446 
1389	 0.266226622869314 
1390	 0.250860792842834 
1391	 0.209510809622353 
1392	 0.264428486010977 
1393	 0.247895993838212 
1394	 0.197105474883962 
1395	 0.237315411897878 
1396	 0.237749631764307 
1397	 0.21230292940864 
1398	 0.221262284810135 
1399	 0.211552254435305 
1400	 0.206622531477387 
1401	 0.219368188056772 
1402	 0.22005834581682 
1403	 0.208195204879472 
1404	 0.199015581021788 
1405	 0.202201322239378 
1406	 0.207430302604832 
1407	 0.212265652425882 
1408	 0.215306977642442 
1409	 0.20524653350768 
1410	 0.195475408938345 
1411	 0.198969949306639 
1412	 0.202399749070993 
1413	 0.203654286174675 
1414	 0.207524979170259 
1415	 0.203364166312123 
1416	 0.197082369278503 
1417	 0.198980965306947 
1418	 0.200206374570767 
1419	 0.199360511793307 
1420	 0.199971206246132 
1421	 0.198027467545748 
1422	 0.195707118864597 
1423	 0.196070228015782 
1424	 0.19527506149982 
1425	 0.195536172570047 
1426	 0.19583013108609 
1427	 0.196509288767869 
1428	 0.195058587165838 
1429	 0.195257842565486 
1430	 0.195421827328292 
1431	 0.194897964510482 
1432	 0.195550621053137 
1433	 0.195184638392649 
1434	 0.194269702465777 
1435	 0.193760474178197 
1436	 0.192985207889187 
1437	 0.192804325702097 
1438	 0.193179651634937 
1439	 0.192974370608217 
1440	 0.193066548636127 
1441	 0.193858909705873 
1442	 0.193705340791281 
1443	 0.193063774230907 
1444	 0.192883357928385 
1445	 0.192494230245766 
1446	 0.192279939121773 
1447	 0.192407538359706 
1448	 0.192064544993359 
1449	 0.19170685743096 
1450	 0.191749605312591 
1451	 0.191672550685605 
1452	 0.191688857525234 
1453	 0.191755543139836 
1454	 0.191715470505775 
1455	 0.191713060211427 
1456	 0.191690800445515 
1457	 0.192111165489549 
1458	 0.192382541772515 
1459	 0.19212696946517 
1460	 0.19228359608636 
1461	 0.191958489702192 
1462	 0.191483964616496 
1463	 0.192166852605061 
1464	 0.192368726635558 
1465	 0.192154267052189 
1466	 0.192478861027218 
1467	 0.192207333781954 
1468	 0.19198929397568 
1469	 0.192505155987358 
1470	 0.192759072692295 
1471	 0.192829116595064 
1472	 0.193120155383613 
1473	 0.193699561226467 
1474	 0.193635025933418 
1475	 0.193582745194347 
1476	 0.193528066615643 
1477	 0.193198047686364 
1478	 0.193400052782065 
1479	 0.194038447946211 
1480	 0.194196877183321 
1481	 0.193648618876107 
1482	 0.19332980166842 
1483	 0.193473775699901 
1484	 0.193766473328996 
1485	 0.194407524951005 
1486	 0.194638082773158 
1487	 0.194267520515971 
1488	 0.193918155642626 
1489	 0.193866006067131 
1490	 0.194212147186897 
1491	 0.194476833422274 
1492	 0.194356223477949 
1493	 0.194211970968733 
1494	 0.194374085352968 
1495	 0.194567005365583 
1496	 0.194720110977749 
1497	 0.194934133720743 
1498	 0.194849591327511 
1499	 0.194729037701823 
1500	 0.194991450176978 
1501	 0.195253244018972 
1502	 0.195273400708937 
1503	 0.195267077345474 
1504	 0.195280627228849 
1505	 0.195339459631216 
1506	 0.195566787383986 
1507	 0.195739322028943 
1508	 0.19569420960237 
1509	 0.195790560213967 
1510	 0.196090940981998 
1511	 0.196154836894117 
1512	 0.196209426038177 
1513	 0.196393614751821 
1514	 0.196191301307877 
1515	 0.196134974751535 
1516	 0.196598008848223 
1517	 0.196785725494301 
1518	 0.196843887649122 
1519	 0.197104882318412 
1520	 0.197073945973488 
1521	 0.196964303083256 
1522	 0.197204080267342 
1523	 0.197383180958639 
1524	 0.197422951205909 
1525	 0.197621827197983 
1526	 0.197749982097496 
1527	 0.197717191045287 
1528	 0.197870621665584 
1529	 0.198128723188093 
1530	 0.198116380862956 
1531	 0.19816686394358 
1532	 0.198323140448023 
1533	 0.198443630964144 
1534	 0.198504346211365 
1535	 0.198602847934663 
1536	 0.19867404924127 
1537	 0.198737402730111 
1538	 0.19874196186527 
1539	 0.198938436772871 
1540	 0.199084166351635 
1541	 0.199013769127524 
1542	 0.198906140376558 
1543	 0.198903404188169 
1544	 0.198909269315668 
1545	 0.199099290029978 
1546	 0.199490480465633 
1547	 0.199521808990269 
1548	 0.199353939373337 
1549	 0.199438439766871 
1550	 0.199319869720623 
1551	 0.199309977744164 
1552	 0.199689243007922 
1553	 0.19975551324969 
1554	 0.199771207714051 
1555	 0.199905685391478 
1556	 0.199827838963879 
1557	 0.199945513995411 
1558	 0.200262837783311 
1559	 0.200244069566041 
1560	 0.200087222395765 
1561	 0.200182495810812 
1562	 0.20025856772931 
1563	 0.200323569010904 
1564	 0.200543213601838 
1565	 0.200412676772834 
1566	 0.200092494553392 
1567	 0.200236353407252 
1568	 0.20055941668967 
1569	 0.200881789612974 
1570	 0.201149379986097 
1571	 0.201095555887641 
1572	 0.200889427285605 
1573	 0.200764059708823 
1574	 0.200907689041024 
1575	 0.201091388816763 
1576	 0.2010393972546 
1577	 0.201017758995998 
1578	 0.201106967765592 
1579	 0.201265856193255 
1580	 0.20162125729618 
1581	 0.201895115131535 
1582	 0.20179066469045 
1583	 0.201724038002975 
1584	 0.201736723250078 
1585	 0.201736181485416 
1586	 0.202004133172857 
1587	 0.202200629397387 
1588	 0.202207364132358 
1589	 0.202202145788372 
1590	 0.202124728264979 
1591	 0.20216796918883 
1592	 0.202287203463099 
1593	 0.202310587212346 
1594	 0.202366495815473 
1595	 0.202435347057913 
1596	 0.202608555403435 
1597	 0.202900608818722 
1598	 0.203077678316841 
1599	 0.203265053553048 
1600	 0.203481254274337 
1601	 0.203624106514055 
1602	 0.203773005665955 
1603	 0.203934318534726 
1604	 0.203938928125656 
1605	 0.203902009901645 
1606	 0.204200727616877 
1607	 0.204400495126901 
1608	 0.204339993045288 
1609	 0.204537545608189 
1610	 0.20456477879929 
1611	 0.204362828728801 
1612	 0.204414254652349 
1613	 0.204540446361175 
1614	 0.204788941441151 
1615	 0.204983095405052 
1616	 0.204976101600929 
1617	 0.204998071476646 
1618	 0.204967969884563 
1619	 0.204997150109486 
1620	 0.205254226372549 
1621	 0.20545253437478 
1622	 0.205320393653809 
1623	 0.205255480676506 
1624	 0.205423258354944 
1625	 0.205492778138505 
1626	 0.205620966257839 
1627	 0.205839467752159 
1628	 0.205918210162105 
1629	 0.205886052062503 
1630	 0.205887637479866 
1631	 0.205935407622112 
1632	 0.205865826610574 
1633	 0.205937283424034 
1634	 0.206281871321312 
1635	 0.206397474775758 
1636	 0.206407032459255 
1637	 0.20654512798255 
1638	 0.20650218551341 
1639	 0.206517446267505 
1640	 0.206769972007469 
1641	 0.206838702486676 
1642	 0.206819268234909 
1643	 0.206878932167001 
1644	 0.206938706045421 
1645	 0.207111489643384 
1646	 0.20718041242911 
1647	 0.207171043776783 
1648	 0.207295126430636 
1649	 0.20727583894895 
1650	 0.20724653360465 
1651	 0.207337509921081 
1652	 0.207270749589744 
1653	 0.207239289254625 
1654	 0.207396074340356 
1655	 0.207475402719562 
1656	 0.207483728405572 
1657	 0.20765679964733 
1658	 0.20767174702304 
1659	 0.207504833499524 
1660	 0.207494537184837 
1661	 0.207329205803238 
1662	 0.207300428330911 
1663	 0.207770471258965 
1664	 0.207959925468382 
1665	 0.207751517589873 
1666	 0.207665993844898 
1667	 0.207508833400921 
1668	 0.207285255362047 
1669	 0.207416076207167 
1670	 0.207656724722091 
1671	 0.207603268945202 
1672	 0.207526522814478 
1673	 0.207488824003727 
1674	 0.207238306573036 
1675	 0.206998182834301 
1676	 0.207053292382386 
1677	 0.20715805225748 
1678	 0.20702662835697 
1679	 0.206933476958267 
1680	 0.206903568400772 
1681	 0.206769219814513 
1682	 0.206823210163395 
1683	 0.206880781994755 
1684	 0.206581064524711 
1685	 0.20650677340485 
1686	 0.2064582411304 
1687	 0.206148948524566 
1688	 0.206148842961244 
1689	 0.206059740682064 
1690	 0.205884021875513 
1691	 0.20608201572147 
1692	 0.206062055008747 
1693	 0.205670047134492 
1694	 0.205478773309987 
1695	 0.205397270083511 
1696	 0.205412300150777 
1697	 0.205612161882201 
1698	 0.205635499693464 
1699	 0.205537991022998 
1700	 0.205508551528712 
1701	 0.205543082480618 
1702	 0.205376411794779 
1703	 0.205326372408789 
1704	 0.205118082017894 
1705	 0.205038179774773 
1706	 0.205291467152009 
1707	 0.205349009322476 
1708	 0.205358925293306 
1709	 0.205244106070578 
1710	 0.204957812699406 
1711	 0.20480274610685 
1712	 0.204454091640055 
1713	 0.204368649297996 
1714	 0.204579529988193 
1715	 0.204601987673572 
1716	 0.204888585823172 
1717	 0.204832815088621 
1718	 0.204341518209193 
1719	 0.20418338748062 
1720	 0.203912765733432 
1721	 0.203756356450742 
1722	 0.204012554466105 
1723	 0.203953853536916 
1724	 0.20375713132486 
1725	 0.203585774645607 
1726	 0.203102334941556 
1727	 0.203039329516356 
1728	 0.203234134544432 
1729	 0.20333238307544 
1730	 0.203805540276371 
1731	 0.203817622317935 
1732	 0.203372468253479 
1733	 0.203373717265394 
1734	 0.203401246502746 
1735	 0.203425573293615 
1736	 0.203719366729704 
1737	 0.203853615605218 
1738	 0.203886173422009 
1739	 0.203863405916082 
1740	 0.203839427292931 
1741	 0.203787136384852 
1742	 0.20341823525429 
1743	 0.203517973928373 
1744	 0.20404819327775 
1745	 0.204262641502435 
1746	 0.204622942850632 
1747	 0.204562949379917 
1748	 0.203981667717266 
1749	 0.203947749093539 
1750	 0.203972780862354 
1751	 0.204245665870976 
1752	 0.204704460875351 
1753	 0.204695674545933 
1754	 0.204317608046854 
1755	 0.204152954002032 
1756	 0.204058689709224 
1757	 0.204112326849133 
1758	 0.204464942428047 
1759	 0.20428507427677 
1760	 0.204028750468029 
1761	 0.204112094271074 
1762	 0.203819925974144 
1763	 0.20409382923747 
1764	 0.204685388328145 
1765	 0.204622869125833 
1766	 0.204881098613082 
1767	 0.205004963631594 
1768	 0.204550288399956 
1769	 0.204575598393332 
1770	 0.204708034012741 
1771	 0.204394182526211 
1772	 0.204454931062571 
1773	 0.204626233284488 
1774	 0.204681770111499 
1775	 0.205133466461858 
1776	 0.205302119554024 
1777	 0.20496556493921 
1778	 0.204889275384755 
1779	 0.20469520117228 
1780	 0.204921382545171 
1781	 0.205823519220934 
1782	 0.206179449820118 
1783	 0.206808983263068 
1784	 0.20677154381166 
1785	 0.205419642162854 
1786	 0.205140505665242 
1787	 0.204949358643562 
1788	 0.205262616042382 
1789	 0.207045498199087 
1790	 0.207416397905209 
1791	 0.207224612152396 
1792	 0.207181116846346 
1793	 0.206068804941159 
1794	 0.205932685928935 
1795	 0.206666144319368 
1796	 0.206818051501172 
1797	 0.207167014774874 
1798	 0.207141295701216 
1799	 0.206651650970308 
1800	 0.206127499730213 
1801	 0.204910963906051 
1802	 0.204900848596185 
1803	 0.205350243957857 
1804	 0.206324806939004 
1805	 0.209249387446371 
1806	 0.210948853770182 
1807	 0.212380471075453 
1808	 0.213835201944366 
1809	 0.215427373848906 
1810	 0.214264221355211 
1811	 0.211026661615023 
1812	 0.207841683044763 
1813	 0.204895061339499 
1814	 0.208743533539116 
1815	 0.21837605802852 
1816	 0.223469048811065 
1817	 0.229359935652204 
1818	 0.222841343904832 
1819	 0.220281308365064 
1820	 0.219891781818491 
1821	 0.21627141063918 
1822	 0.208750186852684 
1823	 0.20794742781572 
1824	 0.208578962711293 
1825	 0.212262086537697 
1826	 0.239204165476161 
1827	 0.253237795232174 
1828	 0.265080491664885 
1829	 0.255474491272645 
1830	 0.205458780319958 
1831	 0.227450501228251 
1832	 0.177943232093357 
1833	 0.145260605555514 
1834	 0.23294198029367 
1835	 0.288091396009801 
1836	 0.219241393627998 
1837	 0.245530799490071 
1838	 0.391122573770832 
1839	 0.259342337735313 
1840	 0.172353791528168 
1841	 0.389789146867388 
1842	 0.581191097977307 
1843	 0.688392389927337 
1844	 0.704328411467328 
1845	 0.328963153915566 
1846	-2.99834034804888 
1847	 0.882033678390604 
1848	 3.77361506170048 
1849	 2.10409999268254 
1850	 0.826932006665628 
1851	 0.88882781991915 
1852	 0.726072041880118 
1853	 0.471094281458602 
1854	 3.93149400634637 
1855	 3.60173351527087 
1856	 0.591563226571596 
1857	 0.559921392262698 
1858	 2.19439867939972 
1859	 4.22035916939227 
1860	 3.21811438977426 
1861	 20.0975336170962 
1862	 6.27409352041806 
1863	 0.139499558471509 
1864	 3.14828811401387E-02 
1865	-0.767017179391821 
1866	-0.94313524871264 
1867	-0.139945324741045 
1868	 1.27668217843773 
1869	 1.04165035859356 
1870	 1.09790602307569 
1871	 1.25742108466473 
1872	 0.943379141219272 
1873	 0.738728750194904 
1874	 1.10370590814639 
1875	 1.2067631908607 
1876	 1.56867874327455 
1877	 0.868855852941172 
1878	 0.545176778398362 
1879	 0.467626442181329 
1880	 0.241309798281841 
1881	-1.41977740304768E-02 
1882	-0.018401856254846 
1883	 0.143097887698396 
1884	 0.14531399779298 
1885	 0.185189343024185 
1886	 0.147397791874064 
1887	 6.35234438647752E-02 
1888	 0.249813471149654 
1889	 0.37416233538247 
1890	 0.363021316620719 
1891	 0.388795292237282 
1892	 0.374989198132821 
1893	 0.34670829106985 
1894	 0.31260860824828 
1895	 0.366838932364559 
1896	 0.484617716764645 
1897	 0.50166093240588 
1898	 0.668788408008346 
1899	 0.66667224733632 
1900	 0.535497420440649 
1901	 0.55687222226188 
1902	 0.486631072322428 
1903	 0.370553633171231 
1904	 0.324312535181648 
1905	 0.359955927850942 
1906	 0.235458726862045 
1907	 0.306266447309257 
1908	 0.466353216170964 
1909	 0.449539382271223 
1910	 0.410897737396717 
1911	 0.216090876110164 
1912	 4.89211044560821E-02 
1913	 4.68273479848085E-02 
1914	 0.169250313820471 
1915	 0.20272557427309 
1916	 0.266955267184017 
1917	 0.265862160187404 
1918	 0.246226532212367 
1919	 0.184010613764808 
1920	 0.142137225374867 
1921	 0.162925980605421 
1922	 0.202378506185336 
1923	 0.232852604305141 
1924	 0.231179883664428 
1925	 0.220474740962771 
1926	 0.211910950776902 
1927	 0.194414767047967 
1928	 0.186650472730412 
1929	 0.20521008571261 
1930	 0.209966055500952 
1931	 0.193575153439653 
1932	 0.166382315751778 
1933	 0.145898895882551 
1934	 0.147815925429313 
1935	 0.149900915826286 
1936	 0.16028698841111 
1937	 0.170062025259877 
1938	 0.175184902716302 
1939	 0.167652214249276 
1940	 0.158999321802772 
1941	 0.15841213376126 
1942	 0.160992898902033 
1943	 0.162175771730393 
1944	 0.160931652829157 
1945	 0.158579193908798 
1946	 0.161036528759022 
1947	 0.163177851740113 
1948	 0.170490338786689 
1949	 0.173684962508251 
1950	 0.171086408972993 
1951	 0.168216929226055 
1952	 0.165073396096976 
1953	 0.166963569858594 
1954	 0.17192728223247 
1955	 0.173800039577448 
1956	 0.171805519651529 
1957	 0.169428126087207 
1958	 0.168553919139352 
1959	 0.168717189827488 
1960	 0.168768817014296 
1961	 0.169508480268362 
1962	 0.171346936850866 
1963	 0.17280752776244 
1964	 0.174172062222325 
1965	 0.17475783260026 
1966	 0.174005635752102 
1967	 0.174330097294809 
1968	 0.174962576602841 
1969	 0.175498085305445 
1970	 0.176368005765893 
1971	 0.178052474498025 
1972	 0.177184292528747 
1973	 0.176053782995285 
1974	 0.176563097420812 
1975	 0.175787595014446 
1976	 0.175755713876903 
1977	 0.177350627643829 
1978	 0.177943769100171 
1979	 0.177478277181846 
1980	 0.177505879861003 
1981	 0.177727622096591 
1982	 0.177679123916758 
1983	 0.177128534489142 
1984	 0.177423789743146 
1985	 0.17854971419687 
1986	 0.17892810262976 
1987	 0.178953058102404 
1988	 0.179549866817209 
1989	 0.179635509246498 
1990	 0.1792896344484 
1991	 0.179532909960976 
1992	 0.180402395235468 
1993	 0.181108824492311 
1994	 0.182096448211041 
1995	 0.18239798001579 
1996	 0.182527176313965 
1997	 0.18244866744226 
1998	 0.181765124137061 
1999	 0.181261866825012 
2000	 0.182538425143832 
2001	 0.184088286079566 
2002	 0.184361308913823 
2003	 0.185279164445762 
2004	 0.186443814951767 
2005	 0.187087253841206 
2006	 0.18796651009298 
2007	 0.190439046189237 
2008	 0.190809866930543 
2009	 0.189594037667257 
2010	 0.188262190557158 
2011	 0.187167630377494 
2012	 0.18791661099058 
2013	 0.189942127208878 
2014	 0.18964242960882 
2015	 0.188448050493411 
2016	 0.188630388388761 
2017	 0.187928747865237 
2018	 0.186878212884926 
2019	 0.186543518450146 
2020	 0.186769155476697 
2021	 0.186151537255777 
2022	 0.185214889150298 
2023	 0.185006736190588 
2024	 0.184380612341843 
2025	 0.184054443339854 
2026	 0.183936055255866 
2027	 0.183774952731162 
2028	 0.183802429842702 
2029	 0.183238912005597 
2030	 0.182866118444571 
2031	 0.183328089619813 
2032	 0.183258787327742 
2033	 0.183109949517917 
2034	 0.1827600253394 
2035	 0.182129575724357 
2036	 0.181742385628777 
2037	 0.181148135469741 
2038	 0.181125861985051 
2039	 0.181516503736666 
2040	 0.181080422502379 
2041	 0.180200298454258 
2042	 0.179701262328831 
2043	 0.179306606264686 
2044	 0.178522631534792 
2045	 0.17816592508646 
2046	 0.178591644358227 
2047	 0.1786993945268 
2048	 0.178693678478632 
2049	 0.178534214508635 
2050	 0.178482853312268 
2051	 0.178140762870717 
2052	 0.177027953809613 
2053	 0.176758635926474 
2054	 0.177785907890508 
2055	 0.178165549532976 
2056	 0.178112730981422 
2057	 0.177970241512054 
2058	 0.177697805196131 
2059	 0.17793070940258 
2060	 0.177878157784703 
2061	 0.178816384890161 
2062	 0.17864023198292 
2063	 0.1770387306956 
2064	 0.176185452180922 
2065	 0.175196840781214 
2066	 0.1747858307606 
2067	 0.174945081349561 
2068	 0.175394662006004 
2069	 0.17540875486067 
2070	 0.174974519995353 
2071	 0.174647043285944 
2072	 0.174518046596704 
2073	 0.174044829544944 
2074	 0.174165406402116 
2075	 0.174116843482351 
2076	 0.17380841087504 
2077	 0.173419345915334 
2078	 0.17290146431686 
2079	 0.173026894191066 
2080	 0.173448727972431 
2081	 0.17368446085939 
2082	 0.173897246786678 
2083	 0.174033964605467 
2084	 0.173671623647672 
2085	 0.173272496872804 
2086	 0.173247662917915 
2087	 0.17263560150851 
2088	 0.172030089352603 
2089	 0.172530496655292 
2090	 0.172325267759113 
2091	 0.171956270268101 
2092	 0.171870803495694 
2093	 0.171375701671955 
2094	 0.171340347374097 
2095	 0.17237099631611 
2096	 0.172459694302694 
2097	 0.172094200783853 
2098	 0.17199196301778 
2099	 0.171696641266914 
2100	 0.171071411243961 
2101	 0.171612603027264 
2102	 0.172068833731164 
2103	 0.17178296449377 
2104	 0.171924075798615 
2105	 0.171910153286009 
2106	 0.171370500029181 
2107	 0.171172001364848 
2108	 0.171141605815152 
2109	 0.171016374046873 
2110	 0.170776889717944 
2111	 0.170798702003366 
2112	 0.170921391272821 
2113	 0.171060563755656 
2114	 0.171509395729104 
2115	 0.17172937584544 
2116	 0.171715944523499 
2117	 0.172111362390786 
2118	 0.171966759110246 
2119	 0.171676248356446 
2120	 0.17261167134893 
2121	 0.172761092035119 
2122	 0.172391926177084 
2123	 0.173260576471371 
2124	 0.17359089641636 
2125	 0.173298232942097 
2126	 0.172914685025703 
2127	 0.172544240085946 
2128	 0.172498195819958 
2129	 0.171953550067912 
2130	 0.172065914886205 
2131	 0.17331769119014 
2132	 0.173725617010259 
2133	 0.173657657177589 
2134	 0.17404659763471 
2135	 0.174167906468798 
2136	 0.173959134318155 
2137	 0.174073969640198 
2138	 0.173914526570732 
2139	 0.173415664616547 
2140	 0.173470621591979 
2141	 0.173883782376571 
2142	 0.173817165886056 
2143	 0.173817062971435 
2144	 0.173979017801474 
2145	 0.174053868850602 
2146	 0.1739521746955 
2147	 0.174175727244578 
2148	 0.17456174094724 
2149	 0.174709725668882 
2150	 0.17479840656418 
2151	 0.174962150016496 
2152	 0.175122702571679 
2153	 0.175377730435877 
2154	 0.175204817354688 
2155	 0.174796939069086 
2156	 0.174844924501216 
2157	 0.174826239753286 
2158	 0.174950873251949 
2159	 0.175480004581421 
2160	 0.175574102223352 
2161	 0.175460260148618 
2162	 0.175723805330195 
2163	 0.175984789749435 
2164	 0.17589363195157 
2165	 0.175105349492572 
2166	 0.174968353991376 
2167	 0.174943910894557 
2168	 0.175210838827768 
2169	 0.175952053401102 
2170	 0.176077745563859 
2171	 0.176243935869523 
2172	 0.176276501518284 
2173	 0.175398864564313 
2174	 0.17570768028984 
2175	 0.176885150581264 
2176	 0.177129439567347 
2177	 0.177187867225829 
2178	 0.176838247610811 
2179	 0.175749119117175 
2180	 0.17542877076269 
2181	 0.175582061608533 
2182	 0.175793801993712 
2183	 0.176423135760222 
2184	 0.176431124901198 
2185	 0.176635317310274 
2186	 0.176895631962202 
2187	 0.177040225780899 
2188	 0.176959308068635 
2189	 0.177525226417417 
2190	 0.178540734375537 
2191	 0.178629797239083 
2192	 0.178879307120109 
2193	 0.178710548523495 
2194	 0.177137650923418 
2195	 0.176920657099371 
2196	 0.177767334260445 
2197	 0.177580721992611 
2198	 0.178193461036467 
2199	 0.178504915877639 
2200	 0.177536926461967 
2201	 0.178457575149041 
2202	 0.180106344679218 
2203	 0.179838382487799 
2204	 0.179855474362894 
2205	 0.180144517915671 
2206	 0.178768342220192 
2207	 0.177667974023595 
2208	 0.177873534465445 
2209	 0.178382504681106 
2210	 0.178569017192301 
2211	 0.179156816496133 
2212	 0.179309680735251 
2213	 0.178764684634315 
2214	 0.178638032366075 
2215	 0.178861747551487 
2216	 0.179248244977488 
2217	 0.179767972659972 
2218	 0.180235574563811 
2219	 0.180796991479022 
2220	 0.181216063352943 
2221	 0.182124848033688 
2222	 0.181648011630856 
2223	 0.180654964559488 
2224	 0.181315639108483 
2225	 0.180848351390152 
2226	 0.180227170596784 
2227	 0.181225260278688 
2228	 0.181763207298873 
2229	 0.181414357339049 
2230	 0.181204372808082 
2231	 0.180934185198163 
2232	 0.179398701199352 
2233	 0.17917491486683 
2234	 0.180555628930449 
2235	 0.180391598673918 
2236	 0.180000814218473 
2237	 0.180037455936466 
2238	 0.179487190867801 
2239	 0.179530344888807 
2240	 0.180566115295787 
2241	 0.180360379777088 
2242	 0.179182583236064 
2243	 0.178749487699704 
2244	 0.178858882680857 
2245	 0.178370105587324 
2246	 0.177548165332433 
2247	 0.17684084675487 
2248	 0.175696657207256 
2249	 0.174773602710019 
2250	 0.173845689009272 
2251	 0.173926845737332 
2252	 0.174224999503863 
2253	 0.173603585513302 
2254	 0.173632634100845 
2255	 0.173215889909292 
2256	 0.172499721380332 
2257	 0.172507925584027 
2258	 0.1728010131527 
2259	 0.173415494723795 
2260	 0.172529121416316 
2261	 0.171340340289311 
2262	 0.171147758663362 
2263	 0.169638712014241 
2264	 0.168297327344321 
2265	 0.167788088440687 
2266	 0.167500054774784 
2267	 0.168378507402194 
2268	 0.169286831357329 
2269	 0.170056217252959 
2270	 0.169024723964963 
2271	 0.166445460476019 
2272	 0.165380609223547 
2273	 0.164042820793988 
2274	 0.164149643898096 
2275	 0.166880404094345 
2276	 0.166480282944427 
2277	 0.164449145199252 
2278	 0.164673135278197 
2279	 0.164705806789945 
2280	 0.164186780459244 
2281	 0.165038268093021 
2282	 0.164853997234713 
2283	 0.162907125309162 
2284	 0.162397993665857 
2285	 0.163263236734725 
2286	 0.163315760227732 
2287	 0.163051063213625 
2288	 0.162169249381781 
2289	 0.161068344580371 
2290	 0.161243426250898 
2291	 0.16298999195799 
2292	 0.163387720856375 
2293	 0.162283020957408 
2294	 0.160772702614577 
2295	 0.159176304807502 
2296	 0.158789971158455 
2297	 0.159744306505289 
2298	 0.161062726348278 
2299	 0.162085478693172 
2300	 0.161463972626734 
2301	 0.16066691775543 
2302	 0.162146969466858 
2303	 0.16261969220567 
2304	 0.161381170658754 
2305	 0.161942559230623 
2306	 0.163137335955479 
2307	 0.163483059313647 
2308	 0.162599940099925 
2309	 0.160770631254759 
2310	 0.161590390901635 
2311	 0.162014439555806 
2312	 0.161605154963243 
2313	 0.162287560737119 
2314	 0.159024237277587 
2315	 0.157955371799714 
2316	 0.16145403636425 
2317	 0.161318732450218 
2318	 0.15914990693322 
2319	 0.158827205480119 
2320	 0.157058003176444 
2321	 0.156407440248872 
2322	 0.159139396161146 
2323	 0.159773642946071 
2324	 0.157340760026841 
2325	 0.157257603216014 
2326	 0.158963088027123 
2327	 0.159198094766856 
2328	 0.159476893133974 
2329	 0.160317978328321 
2330	 0.161297511149776 
2331	 0.161089896913976 
2332	 0.160226738626475 
2333	 0.160588438767537 
2334	 0.160263704624942 
2335	 0.159507874010141 
2336	 0.160562198041505 
2337	 0.161587784342284 
2338	 0.160460404918548 
2339	 0.160699734930653 
2340	 0.163401861322232 
2341	 0.163761689673152 
2342	 0.160238614067292 
2343	 0.16117939092362 
2344	 0.16386534268297 
2345	 0.161979540772259 
2346	 0.161722828148422 
2347	 0.161023080439241 
2348	 0.156300915106543 
2349	 0.155364167825497 
2350	 0.156483702446542 
2351	 0.156413780497943 
2352	 0.156354537393604 
2353	 0.157223020921357 
2354	 0.157669701912528 
2355	 0.158117024095779 
2356	 0.160815433909198 
2357	 0.159307404617259 
2358	 0.158546887935671 
2359	 0.160149624609142 
2360	 0.158378467430628 
2361	 0.158388765558659 
2362	 0.158613694656879 
2363	 0.158210555396035 
2364	 0.157269027726835 
2365	 0.158475289813406 
2366	 0.16575550338439 
2367	 0.168107236390704 
2368	 0.165417384688857 
2369	 0.163414954491486 
2370	 0.158604640514455 
2371	 0.158479047853204 
2372	 0.163603895544604 
2373	 0.165912111265334 
2374	 0.166989800333864 
2375	 0.166333254308225 
2376	 0.160641013002759 
2377	 0.157925159175739 
2378	 0.160904949295851 
2379	 0.161793083737234 
2380	 0.162848761108144 
2381	 0.16407677715793 
2382	 0.157306147533406 
2383	 0.148873376082679 
2384	 0.151967466961701 
2385	 0.157557174551094 
2386	 0.159705979453139 
2387	 0.160939372785012 
2388	 0.154635084353826 
2389	 0.150730440483385 
2390	 0.157163533437438 
2391	 0.158481863788663 
2392	 0.159015854726716 
2393	 0.162585049710909 
2394	 0.155483412305721 
2395	 0.147311156664346 
2396	 0.149048541859256 
2397	 0.152473147571374 
2398	 0.150786360099759 
2399	 0.153058978110995 
2400	 0.155829339747847 
2401	 0.151603036329095 
2402	 0.15506527899885 
2403	 0.163630460458646 
2404	 0.161916687710204 
2405	 0.159495260151664 
2406	 0.157587755416629 
2407	 0.145811909338906 
2408	 0.137583113733665 
2409	 0.138262782439167 
2410	 0.144790381995295 
2411	 0.152384804605194 
2412	 0.159006222137279 
2413	 0.161275441274625 
2414	 0.153382713025267 
2415	 0.157535980299599 
2416	 0.164164518637858 
2417	 0.156173015024614 
2418	 0.154312655493301 
2419	 0.148535031950308 
2420	 0.133156446342873 
2421	 0.141187004258919 
2422	 0.167200168674075 
2423	 0.169751307877789 
2424	 0.156448993159296 
2425	 0.1505247488608 
2426	 0.138095708598988 
2427	 0.128017347370363 
2428	 0.144761548033185 
2429	 0.154160825128873 
2430	 0.15399963787693 
2431	 0.16202322949668 
2432	 0.163191105555416 
2433	 0.167690173541015 
2434	 0.164213343880614 
2435	 0.158488718584535 
2436	 0.161864076751482 
2437	 0.155649897954231 
2438	 0.153663710073965 
2439	 0.150202399985864 
2440	 0.144336870639312 
2441	 0.154941616866342 
2442	 0.1707090805998 
2443	 0.171155270844796 
2444	 0.159103511903568 
2445	 0.155962575352918 
2446	 0.143153264581239 
2447	 0.139992379439908 
2448	 0.156611751104519 
2449	 0.151543876584809 
2450	 0.159720297015966 
2451	 0.15946626164033 
2452	 0.155288053927374 
2453	 0.190106623956836 
2454	 0.18129851082902 
2455	 0.145677427422103 
2456	 0.146638053495344 
2457	 0.145419998358643 
2458	 0.145309568337042 
2459	 0.168136414503528 
2460	 0.166517221472993 
2461	 0.144397927278936 
2462	 0.149141648682835 
2463	 0.166578496758395 
2464	 0.159678308345607 
2465	 0.124288349865291 
2466	 9.49484117016546E-02 
2467	 9.16658682081969E-02 
2468	 9.54692087387863E-02 
2469	 0.115513759115032 
2470	 0.16005397469718 
2471	 0.159563388812368 
2472	 0.161171723599551 
2473	 0.16880741762093 
2474	 0.098074968809782 
2475	 9.07579289385124E-02 
2476	 0.182324056232694 
2477	 0.184986387014791 
2478	 0.12979385164586 
2479	 0.144886629409488 
2480	 0.117010847476207 
2481	 0.118193782309935 
2482	 0.221563674093339 
2483	 0.204198995869054 
2484	 0.152171990707351 
2485	 0.208916708331294 
2486	 0.172690110774171 
2487	 0.176781689388038 
2488	 0.251505616189707 
2489	 0.233581949464959 
2490	 6.26019143799664E-02 
2491	-0.168463147434619 
2492	-0.229376438112297 
2493	 1.42388360409624E-02 
2494	 0.253702249719086 
2495	 0.629553440776897 
2496	 0.504367562707795 
2497	 0.203321635843143 
2498	 0.176179262362993 
2499	 5.27851835042531E-02 
2500	 0.196308748080971 
