Wavelength	09/27/123 at 12:27:47
350	 3.15459740008795E-02 
351	 3.16541311491937E-02 
352	 3.20519875731399E-02 
353	 3.21490731434066E-02 
354	 3.14700542878757E-02 
355	 0.031684864481129 
356	 3.20387828423427E-02 
357	 3.20652285717372E-02 
358	 3.24640312994276E-02 
359	 3.27223673988298E-02 
360	 3.27832372093924E-02 
361	 3.27980032013577E-02 
362	 3.28670479551167E-02 
363	 3.31276607551321E-02 
364	 3.34876563146914E-02 
365	 3.33510862090216E-02 
366	 3.33697457192601E-02 
367	 3.35236922619319E-02 
368	 0.033529644196513 
369	 3.37687485382725E-02 
370	 3.39666003325577E-02 
371	 3.39957111736704E-02 
372	 0.034223371434057 
373	 3.45155867165435E-02 
374	 3.47416162274409E-02 
375	 3.47983598255835E-02 
376	 3.50358928877002E-02 
377	 3.53394319155847E-02 
378	 3.55360518386563E-02 
379	 3.53977330031655E-02 
380	 3.55175578659921E-02 
381	 3.59365540562318E-02 
382	 3.63935132760094E-02 
383	 3.66389957753825E-02 
384	 3.68471147565035E-02 
385	 3.71135756268818E-02 
386	 3.72203875147642E-02 
387	 3.74388732571747E-02 
388	 3.76977882618414E-02 
389	 3.78228658045411E-02 
390	 3.81347142619646E-02 
391	 3.85421514523809E-02 
392	 3.89161029265791E-02 
393	 3.91360452875444E-02 
394	 3.93302755484865E-02 
395	 3.95228034942032E-02 
396	 3.97023703654027E-02 
397	 3.99102013201263E-02 
398	 4.01166601724311E-02 
399	 4.02892998965229E-02 
400	 4.04032360731198E-02 
401	 0.040460433189685 
402	 4.05121096284331E-02 
403	 4.06205776694285E-02 
404	 4.07648701450496E-02 
405	 4.09481289861503E-02 
406	 4.11618681034164E-02 
407	 4.13710269176856E-02 
408	 4.16203173364405E-02 
409	 4.18850318257293E-02 
410	 4.21142346090131E-02 
411	 4.22668378485386E-02 
412	 4.24162640536132E-02 
413	 4.26069398832793E-02 
414	 4.28187815028705E-02 
415	 4.30678910884637E-02 
416	 4.32970508886729E-02 
417	 4.34415696301497E-02 
418	 4.35877933020868E-02 
419	 4.37749801480599E-02 
420	 4.40053501791089E-02 
421	 4.42395993996173E-02 
422	 4.44094404695481E-02 
423	 4.45790641878049E-02 
424	 4.48462748445713E-02 
425	 4.51708747473794E-02 
426	 4.54363271423935E-02 
427	 4.56346557394065E-02 
428	 4.59327711215851E-02 
429	 4.62494931617941E-02 
430	 4.65150703185223E-02 
431	 4.66920460598679E-02 
432	 4.69140343834039E-02 
433	 4.71327776154782E-02 
434	 4.73288540975797E-02 
435	 4.75363732970418E-02 
436	 4.78148196178034E-02 
437	 4.81062681370164E-02 
438	 4.83432480118682E-02 
439	 4.86370901772361E-02 
440	 4.89143498286492E-02 
441	 4.91288651405003E-02 
442	 0.049277772287138 
443	 4.94792845245992E-02 
444	 4.97235226883483E-02 
445	 0.049968496402851 
446	 5.02299782142045E-02 
447	 5.04930337284612E-02 
448	 5.07451760419136E-02 
449	 5.09842287728248E-02 
450	 5.11710565131644E-02 
451	 5.13360061609034E-02 
452	 5.15265158313727E-02 
453	 5.17708370238392E-02 
454	 5.19980416778017E-02 
455	 5.21757273295635E-02 
456	 5.23232245013127E-02 
457	 5.24981743071719E-02 
458	 5.27101483199359E-02 
459	 5.29351963789069E-02 
460	 5.30692612439628E-02 
461	 5.32285526655008E-02 
462	 5.34343519021422E-02 
463	 5.35965133567653E-02 
464	 5.37367126055577E-02 
465	 5.38961131723508E-02 
466	 5.40952356141762E-02 
467	 5.42519199245176E-02 
468	 5.44026813566751E-02 
469	 5.45772890527735E-02 
470	 5.47945128326729E-02 
471	 5.49744459594876E-02 
472	 5.51613682507725E-02 
473	 5.53843528619175E-02 
474	 5.55256864020515E-02 
475	 5.56889878389885E-02 
476	 5.58815716306469E-02 
477	 5.60370944160321E-02 
478	 5.62225071502323E-02 
479	 5.64167303292819E-02 
480	 5.65980560973372E-02 
481	 5.67828793264738E-02 
482	 5.70035445118565E-02 
483	 5.72696324941551E-02 
484	 5.75672764960881E-02 
485	 5.78296921096993E-02 
486	 5.81074005558234E-02 
487	 5.84153334710024E-02 
488	 5.86185740154614E-02 
489	 5.88391814131344E-02 
490	 5.91091378467536E-02 
491	 5.94067621598291E-02 
492	 5.96912129188425E-02 
493	 5.99325200022005E-02 
494	 0.060144965555823 
495	 6.04268687180875E-02 
496	 6.07125534394056E-02 
497	 6.09967300769732E-02 
498	 6.13014630817548E-02 
499	 6.16579009205272E-02 
500	 6.20335099671647E-02 
501	 6.23751717963898E-02 
502	 6.25936825275616E-02 
503	 6.28277831509035E-02 
504	 6.31211725233915E-02 
505	 6.34730317290401E-02 
506	 6.38616703013869E-02 
507	 6.41791638503341E-02 
508	 6.44173273565115E-02 
509	 6.47222847036572E-02 
510	 6.50367050998032E-02 
511	 0.065356167468731 
512	 6.56840707017915E-02 
513	 0.065994227689329 
514	 6.63057252205315E-02 
515	 6.66301313276271E-02 
516	 6.69662056025222E-02 
517	 6.72677550471139E-02 
518	 6.76028240346515E-02 
519	 6.80116607742954E-02 
520	 6.83249670263536E-02 
521	 6.86299461130681E-02 
522	 6.89718296453894E-02 
523	 6.93493736516033E-02 
524	 6.96982911295093E-02 
525	 0.070037130124799 
526	 0.070396194580459 
527	 0.070777404284695 
528	 7.11410377402724E-02 
529	 7.14812414084762E-02 
530	 7.18273617065872E-02 
531	 7.22266616215046E-02 
532	 7.26419858059985E-02 
533	 7.30315161852778E-02 
534	 7.33877234573065E-02 
535	 7.37910280691868E-02 
536	 7.42017876215847E-02 
537	 7.45277475991137E-02 
538	 7.49235929634641E-02 
539	 7.53760482001857E-02 
540	 0.075852193448828 
541	 7.63345224419052E-02 
542	 7.68064030640939E-02 
543	 7.72627320868848E-02 
544	 7.77098837113801E-02 
545	 7.81644785745333E-02 
546	 7.85831398477519E-02 
547	 0.078974688931779 
548	 7.94341533158187E-02 
549	 7.99315168030372E-02 
550	 8.04463063361496E-02 
551	 8.09599772738826E-02 
552	 0.081453583289823 
553	 8.19169618368371E-02 
554	 8.23631270220899E-02 
555	 8.28343997501046E-02 
556	 8.33521699252906E-02 
557	 8.38829250021398E-02 
558	 0.084386389622823 
559	 8.48840504389735E-02 
560	 8.53918151311146E-02 
561	 8.59256271771861E-02 
562	 8.65066755103783E-02 
563	 8.70760639282819E-02 
564	 8.76042952499981E-02 
565	 0.088097351111714 
566	 8.86344231838075E-02 
567	 8.92098060590361E-02 
568	 8.97784603732937E-02 
569	 9.02782166985644E-02 
570	 9.07845913235332E-02 
571	 0.091291966870347 
572	 9.17843805289388E-02 
573	 9.22672661390165E-02 
574	 9.27270151367859E-02 
575	 9.31785249597999E-02 
576	 9.36414354829495E-02 
577	 9.41152073584986E-02 
578	 9.45641422229321E-02 
579	 9.49833747480329E-02 
580	 9.54212399374928E-02 
581	 9.58258820442433E-02 
582	 0.096194973155795 
583	 9.65430861008473E-02 
584	 9.68922611339204E-02 
585	 9.72680233587937E-02 
586	 9.76939394434129E-02 
587	 9.81990239286582E-02 
588	 9.86400561529286E-02 
589	 0.099042075595294 
590	 0.099430558611175 
591	 0.099757203805773 
592	 0.100102584553158 
593	 0.100495110732149 
594	 0.100906689024284 
595	 0.10121175433717 
596	 0.101501683853595 
597	 0.101841490153512 
598	 0.10213068917001 
599	 0.102494316298267 
600	 0.102878928524952 
601	 0.103181188406301 
602	 0.103539374627485 
603	 0.103894430777468 
604	 0.104217961981739 
605	 0.104548729048247 
606	 0.104837002071042 
607	 0.105156303076546 
608	 0.105570149862284 
609	 0.105923621363947 
610	 0.106221628114298 
611	 0.106501630988022 
612	 0.106822143630832 
613	 0.107089331233243 
614	 0.107352059865805 
615	 0.107655265086837 
616	 0.107947240994712 
617	 0.108216675305797 
618	 0.108458549934391 
619	 0.108686940405925 
620	 0.108939859993786 
621	 0.109191302299954 
622	 0.1094366700432 
623	 0.109737035037798 
624	 0.110013617034577 
625	 0.110266883599576 
626	 0.110515961395729 
627	 0.110699712384154 
628	 0.110936517504772 
629	 0.111223198201981 
630	 0.111408140065605 
631	 0.111680321486274 
632	 0.111939472121896 
633	 0.112094875960061 
634	 0.112325336689492 
635	 0.112590888054341 
636	 0.112848163746323 
637	 0.11305645688075 
638	 0.113229633188736 
639	 0.11343374712891 
640	 0.113686001037991 
641	 0.113885861713903 
642	 0.114080631784311 
643	 0.114267104409605 
644	 0.114442733744655 
645	 0.114698749847332 
646	 0.114914048285883 
647	 0.115074420753173 
648	 0.115311581702229 
649	 0.115576941159114 
650	 0.115829916676881 
651	 0.116050289432563 
652	 0.116277960628503 
653	 0.116453100049203 
654	 0.116597203217299 
655	 0.116793939878789 
656	 0.117127616926065 
657	 0.117422108664556 
658	 0.117583000218695 
659	 0.117728327847866 
660	 0.117917568667638 
661	 0.118138656310087 
662	 0.11834943389418 
663	 0.118498204257881 
664	 0.118671441157746 
665	 0.118870244959299 
666	 0.119007179017096 
667	 0.119204756430866 
668	 0.119415318229121 
669	 0.119589099780707 
670	 0.119766879949368 
671	 0.119957566100177 
672	 0.120153983343072 
673	 0.120351065003601 
674	 0.120656344360884 
675	 0.120922262343936 
676	 0.12109241319306 
677	 0.121286790549916 
678	 0.121462970307646 
679	 0.12168319410027 
680	 0.121993908328785 
681	 0.122283798615446 
682	 0.122514639966373 
683	 0.122704234832621 
684	 0.122912533189775 
685	 0.12319076823352 
686	 0.123658093183598 
687	 0.124296558810807 
688	 0.124636506133006 
689	 0.124868916379232 
690	 0.125096253625019 
691	 0.125361248980378 
692	 0.125628685807684 
693	 0.125941465504926 
694	 0.126295036543406 
695	 0.126629163564473 
696	 0.126994946921652 
697	 0.127342009885655 
698	 0.127646564564498 
699	 0.127936032109837 
700	 0.128251625165744 
701	 0.128604028420493 
702	 0.128972432833706 
703	 0.129250704547031 
704	 0.129539097225308 
705	 0.129849048978964 
706	 0.130071168997605 
707	 0.130380749084449 
708	 0.130712375198427 
709	 0.130984059743458 
710	 0.131208605441824 
711	 0.131430282975251 
712	 0.131690520253212 
713	 0.132008359974744 
714	 0.132233910077933 
715	 0.132417051326561 
716	 0.132610139680645 
717	 0.132823139417235 
718	 0.133113545359889 
719	 0.133427784098927 
720	 0.133690042724907 
721	 0.133925858469046 
722	 0.134150810178521 
723	 0.134356940848766 
724	 0.134495482232558 
725	 0.134630754740634 
726	 0.134830475243889 
727	 0.135104421937925 
728	 0.13537819870603 
729	 0.135524199818318 
730	 0.13567724167182 
731	 0.13594733631114 
732	 0.136159135194846 
733	 0.136323739327441 
734	 0.136486751271807 
735	 0.136699344488876 
736	 0.136896359887928 
737	 0.137122396628182 
738	 0.13736351186066 
739	 0.137509406410207 
740	 0.137721048829504 
741	 0.137944309946952 
742	 0.138119150883619 
743	 0.138355738638232 
744	 0.138546707063528 
745	 0.138715577161181 
746	 0.138941272546353 
747	 0.139154759809979 
748	 0.1393337126401 
749	 0.139485065598853 
750	 0.139649612336673 
751	 0.139875412521916 
752	 0.140114850500197 
753	 0.140315218235599 
754	 0.140478443681241 
755	 0.140679498991897 
756	 0.140926913357453 
757	 0.141216785710258 
758	 0.141687938797524 
759	 0.142459396042315 
760	 0.143457685040447 
761	 0.14376152279546 
762	 0.143774239037604 
763	 0.143786131975717 
764	 0.143804703070922 
765	 0.143511156265379 
766	 0.143345392434403 
767	 0.143334013599343 
768	 0.143406657247107 
769	 0.143496675653962 
770	 0.143620213569516 
771	 0.143787604967247 
772	 0.143997535545121 
773	 0.144159456786101 
774	 0.144335385479525 
775	 0.144551671039348 
776	 0.144727248999315 
777	 0.144878913485112 
778	 0.145004544964744 
779	 0.145128483992856 
780	 0.1454055440783 
781	 0.145606139392056 
782	 0.145731107665684 
783	 0.14592037902239 
784	 0.146115682218282 
785	 0.146296745771818 
786	 0.146449003843403 
787	 0.146566128644181 
788	 0.146779370134214 
789	 0.147002264706631 
790	 0.147146051410914 
791	 0.147262000190284 
792	 0.147374088903113 
793	 0.14753615367233 
794	 0.14777981797767 
795	 0.147977498561852 
796	 0.148139463071434 
797	 0.14826897874719 
798	 0.148367128042306 
799	 0.148533187462694 
800	 0.148734821386764 
801	 0.148926840655003 
802	 0.149082559590666 
803	 0.149298881656527 
804	 0.14946710954238 
805	 0.149514337905608 
806	 0.149665135376893 
807	 0.149865617408895 
808	 0.150064951755135 
809	 0.15021750912257 
810	 0.150353226913211 
811	 0.150491800138875 
812	 0.150637100215987 
813	 0.150777735494621 
814	 0.150866501792506 
815	 0.151044803037729 
816	 0.151345450169957 
817	 0.15152497601167 
818	 0.151567643289741 
819	 0.151653436176869 
820	 0.151908004289229 
821	 0.152074300862513 
822	 0.152245242790819 
823	 0.152404285877258 
824	 0.152506068999995 
825	 0.152685742532154 
826	 0.152901585197554 
827	 0.153074889640005 
828	 0.153116752871366 
829	 0.153212935066468 
830	 0.153412765612009 
831	 0.153664342921551 
832	 0.153801187804605 
833	 0.153919265155876 
834	 0.153986274905365 
835	 0.154012864857486 
836	 0.154204332149079 
837	 0.15442131279569 
838	 0.154619152995593 
839	 0.154790853417212 
840	 0.154896879126099 
841	 0.15506969697812 
842	 0.155284171187323 
843	 0.155394121368043 
844	 0.155469409981393 
845	 0.155572749665044 
846	 0.15573861559662 
847	 0.155961977258212 
848	 0.156123808384817 
849	 0.156242596439582 
850	 0.156348895477362 
851	 0.156402923108595 
852	 0.156578440848355 
853	 0.156812646267952 
854	 0.156977317359645 
855	 0.157042737880083 
856	 0.157100366629267 
857	 0.157195853492482 
858	 0.15732981315785 
859	 0.157449068062238 
860	 0.157579840689048 
861	 0.157704047333649 
862	 0.15777649230307 
863	 0.157955090302293 
864	 0.15811905030061 
865	 0.158197063036506 
866	 0.158271006110971 
867	 0.158458295768308 
868	 0.158587433908686 
869	 0.158597752675043 
870	 0.158836189812124 
871	 0.158975502947755 
872	 0.159038615358674 
873	 0.159137501150145 
874	 0.159235201333746 
875	 0.15942528365847 
876	 0.159683139416953 
877	 0.15990802163622 
878	 0.160010604389099 
879	 0.160067109235553 
880	 0.160139939999594 
881	 0.160263913044729 
882	 0.160302607087352 
883	 0.160454399404507 
884	 0.16073596789191 
885	 0.160924173315215 
886	 0.161175569543735 
887	 0.161278812290487 
888	 0.161178842556429 
889	 0.161172665656413 
890	 0.161360651975239 
891	 0.161643532229844 
892	 0.161861376059538 
893	 0.161886052319399 
894	 0.161877208457843 
895	 0.161876457604296 
896	 0.161910795659448 
897	 0.162130725225063 
898	 0.162337199499598 
899	 0.162480757449851 
900	 0.162595866317129 
901	 0.162641792546648 
902	 0.162723090039115 
903	 0.162800555919162 
904	 0.16278279769166 
905	 0.163064364600682 
906	 0.163417484954494 
907	 0.163672385532138 
908	 0.163787580121037 
909	 0.163914261552238 
910	 0.163744582652918 
911	 0.163412656072042 
912	 0.163680437945475 
913	 0.163878527831637 
914	 0.164051655892692 
915	 0.164243622897215 
916	 0.164233072876586 
917	 0.164383986579451 
918	 0.164719457567031 
919	 0.165059073933462 
920	 0.164993471862828 
921	 0.164858684459256 
922	 0.16477409695593 
923	 0.164829376436845 
924	 0.165282450010497 
925	 0.165640961765808 
926	 0.165402743663634 
927	 0.164453737170795 
928	 0.164483301634147 
929	 0.165233521487685 
930	 0.165617853780696 
931	 0.16445050725117 
932	 0.164713473014808 
933	 0.164631033015474 
934	 0.164046265415177 
935	 0.164298214435107 
936	 0.163860725753613 
937	 0.164209825679916 
938	 0.165052880808412 
939	 0.164888372097807 
940	 0.165357166357632 
941	 0.165873277509359 
942	 0.166015829092137 
943	 0.165803799336825 
944	 0.16573137527086 
945	 0.165769020662768 
946	 0.165760116106112 
947	 0.165542855235789 
948	 0.165614556304401 
949	 0.165857169046892 
950	 0.166151712833587 
951	 0.16656551623032 
952	 0.167505878579235 
953	 0.167547774433867 
954	 0.166457706507807 
955	 0.166344042974228 
956	 0.166908321041569 
957	 0.167481524916101 
958	 0.167668172949051 
959	 0.167757676861004 
960	 0.168636073030907 
961	 0.169119645272565 
962	 0.168606064245836 
963	 0.168572220707287 
964	 0.169045405902059 
965	 0.16958962726475 
966	 0.169781048143582 
967	 0.16953219296816 
968	 0.16966790298594 
969	 0.170076230680367 
970	 0.170416331045113 
971	 0.170589302514694 
972	 0.17040695796826 
973	 0.170686402209081 
974	 0.171757033694965 
975	 0.171515216271527 
976	 0.171100357479575 
977	 0.170920977442253 
978	 0.171169929357676 
979	 0.172294600627412 
980	 0.172471454114232 
981	 0.171780650219647 
982	 0.171221357391744 
983	 0.172120539381503 
984	 0.172779251367721 
985	 0.172871092527366 
986	 0.172746447396215 
987	 0.172980934963794 
988	 0.172793081776044 
989	 0.172817783003804 
990	 0.173707782297082 
991	 0.174038193215054 
992	 0.174300182615247 
993	 0.174605807506851 
994	 0.174776123620646 
995	 0.174094720257514 
996	 0.174124790141175 
997	 0.174464938068812 
998	 0.174144125883356 
999	 0.173449766397886 
1000	 0.173807697027932 
1001	 0.174037313935361 
1002	 0.174166475164355 
1003	 0.174268109430256 
1004	 0.174436923319092 
1005	 0.174613976119965 
1006	 0.174753638324418 
1007	 0.174877483479493 
1008	 0.17512930061243 
1009	 0.175350733620066 
1010	 0.175657630010506 
1011	 0.175738181328984 
1012	 0.175766373826015 
1013	 0.17600020564987 
1014	 0.176112595824664 
1015	 0.176227535186226 
1016	 0.176527898387505 
1017	 0.176753980325023 
1018	 0.176875151863105 
1019	 0.177013376597058 
1020	 0.1772350667054 
1021	 0.177355817367832 
1022	 0.177374309521796 
1023	 0.177563894251556 
1024	 0.177749240406568 
1025	 0.177804011111459 
1026	 0.177951153496571 
1027	 0.177802346498817 
1028	 0.177730366227305 
1029	 0.17796814558501 
1030	 0.178210058146553 
1031	 0.178425547526625 
1032	 0.17877856904 
1033	 0.178958406244358 
1034	 0.179011581569351 
1035	 0.179135416158756 
1036	 0.179200392324432 
1037	 0.179366915981936 
1038	 0.179664632082664 
1039	 0.179856419079124 
1040	 0.179916693486695 
1041	 0.179931644908151 
1042	 0.180000917728191 
1043	 0.180062606065873 
1044	 0.180178857813383 
1045	 0.180392091283535 
1046	 0.180726336793879 
1047	 0.180862183401557 
1048	 0.180921341151862 
1049	 0.181068675344984 
1050	 0.181180921372162 
1051	 0.181203956955909 
1052	 0.181309703518444 
1053	 0.181580530034988 
1054	 0.181727165316583 
1055	 0.181729277906305 
1056	 0.181802505676937 
1057	 0.181895307549678 
1058	 0.181777919367686 
1059	 0.181900564507868 
1060	 0.182257371561546 
1061	 0.182546789593169 
1062	 0.182814212839619 
1063	 0.182976519302771 
1064	 0.183069805381474 
1065	 0.183173800873707 
1066	 0.183122971398194 
1067	 0.18310518317206 
1068	 0.183205442614058 
1069	 0.183361056928382 
1070	 0.183547911440091 
1071	 0.183881870709909 
1072	 0.184131897798046 
1073	 0.184451017613823 
1074	 0.184569997914397 
1075	 0.184544617175965 
1076	 0.184613015134168 
1077	 0.184628920445872 
1078	 0.184639564667058 
1079	 0.184829693150678 
1080	 0.184927265143531 
1081	 0.184992546629588 
1082	 0.185167313684885 
1083	 0.185384759323011 
1084	 0.185743641598551 
1085	 0.185951635837639 
1086	 0.186185488403297 
1087	 0.186317395412652 
1088	 0.186279172599969 
1089	 0.186347466342016 
1090	 0.186450191544033 
1091	 0.186437831579147 
1092	 0.186555571925767 
1093	 0.186774532815572 
1094	 0.186998949676677 
1095	 0.187213979399907 
1096	 0.187302631028627 
1097	 0.187268622106016 
1098	 0.187343147241813 
1099	 0.187341933170646 
1100	 0.187456214570985 
1101	 0.187745906241051 
1102	 0.187894915801871 
1103	 0.188059365456757 
1104	 0.188154596926071 
1105	 0.188107348981276 
1106	 0.188153338452732 
1107	 0.188243467704881 
1108	 0.188261697574831 
1109	 0.188293848595295 
1110	 0.188449075758943 
1111	 0.188571967291445 
1112	 0.188726895605832 
1113	 0.188758951873704 
1114	 0.188753897244346 
1115	 0.188761520483344 
1116	 0.188602421213307 
1117	 0.188558606000115 
1118	 0.188685163720471 
1119	 0.188686313097409 
1120	 0.188525678942134 
1121	 0.188513888323884 
1122	 0.188527466052795 
1123	 0.188559866431659 
1124	 0.188655169173681 
1125	 0.188842230009623 
1126	 0.189227064878821 
1127	 0.189775608731079 
1128	 0.190181305723968 
1129	 0.190904498146096 
1130	 0.191087339083194 
1131	 0.190714754891009 
1132	 0.190744470047325 
1133	 0.190571227793812 
1134	 0.190755783506451 
1135	 0.191654225740595 
1136	 0.191809865358458 
1137	 0.191569786609582 
1138	 0.191568008927107 
1139	 0.191375116306355 
1140	 0.190992451580739 
1141	 0.191116992214414 
1142	 0.191789046306226 
1143	 0.191921552928344 
1144	 0.191957499468636 
1145	 0.192032499979459 
1146	 0.191815768295172 
1147	 0.191954441225807 
1148	 0.192378282765835 
1149	 0.192593396087283 
1150	 0.192890115091916 
1151	 0.193078532053063 
1152	 0.193036959956047 
1153	 0.193154611000974 
1154	 0.193409615082546 
1155	 0.193451839817205 
1156	 0.193643422693972 
1157	 0.194024000257901 
1158	 0.19417528815529 
1159	 0.194310046770798 
1160	 0.194402584187154 
1161	 0.194368035029835 
1162	 0.194419514532034 
1163	 0.194472436594632 
1164	 0.194576965984199 
1165	 0.194742627589334 
1166	 0.194844397427688 
1167	 0.194943158402178 
1168	 0.195046416206527 
1169	 0.195063656002898 
1170	 0.195154263652678 
1171	 0.195270329559296 
1172	 0.19550317785922 
1173	 0.195685232490426 
1174	 0.195811068253146 
1175	 0.19586107474315 
1176	 0.195788348649715 
1177	 0.195844390015512 
1178	 0.195942997078117 
1179	 0.195982402905232 
1180	 0.196019318057141 
1181	 0.196125556235215 
1182	 0.196164195324428 
1183	 0.196252784372125 
1184	 0.196505407928761 
1185	 0.196646114478457 
1186	 0.196717636471418 
1187	 0.196814936594243 
1188	 0.196935917358861 
1189	 0.197031065012578 
1190	 0.197029252782986 
1191	 0.196902923574625 
1192	 0.196897056189994 
1193	 0.196948349245653 
1194	 0.197072157292399 
1195	 0.197442001618433 
1196	 0.197553804531169 
1197	 0.197524751190624 
1198	 0.197577244192756 
1199	 0.197537961959975 
1200	 0.197605776189968 
1201	 0.197835891425986 
1202	 0.197954524492834 
1203	 0.198012088839211 
1204	 0.198083754374637 
1205	 0.198115811474237 
1206	 0.198186418733911 
1207	 0.19824153792144 
1208	 0.19842543793061 
1209	 0.198586798312043 
1210	 0.198631050037644 
1211	 0.198817925320803 
1212	 0.198886828751223 
1213	 0.198878824796531 
1214	 0.199050375688407 
1215	 0.199125653042064 
1216	 0.199131136507395 
1217	 0.199183955030064 
1218	 0.199238015449935 
1219	 0.19929661302285 
1220	 0.199385864207049 
1221	 0.199459842770819 
1222	 0.199494390210093 
1223	 0.199578262435454 
1224	 0.199672984409102 
1225	 0.199809733817563 
1226	 0.19989722508842 
1227	 0.199990000107934 
1228	 0.200068315303102 
1229	 0.20012670442881 
1230	 0.200184041116102 
1231	 0.20022103566907 
1232	 0.200344645079619 
1233	 0.200364910474662 
1234	 0.200303732605147 
1235	 0.200562899092762 
1236	 0.200651170745141 
1237	 0.200557298708063 
1238	 0.200624820569404 
1239	 0.200781908456663 
1240	 0.200863761167054 
1241	 0.201096115353179 
1242	 0.201198491182545 
1243	 0.201196253027518 
1244	 0.201118042112666 
1245	 0.201133101104966 
1246	 0.201159553197378 
1247	 0.201335251603834 
1248	 0.201490964047665 
1249	 0.201510716212118 
1250	 0.201508608225611 
1251	 0.201541636107256 
1252	 0.201725442209729 
1253	 0.202016874061303 
1254	 0.202168403072741 
1255	 0.20219055097328 
1256	 0.20213537322663 
1257	 0.202152024093728 
1258	 0.202130624631001 
1259	 0.20223798985857 
1260	 0.202476231931953 
1261	 0.202601962601301 
1262	 0.202709976752428 
1263	 0.202834755831946 
1264	 0.202889721986549 
1265	 0.203005393590935 
1266	 0.203104435693866 
1267	 0.203055456013564 
1268	 0.203039851202211 
1269	 0.203135685113046 
1270	 0.203196388865119 
1271	 0.203217783991692 
1272	 0.203227077743517 
1273	 0.203310392007034 
1274	 0.20348238998339 
1275	 0.203606398417185 
1276	 0.203624762145387 
1277	 0.203473725981079 
1278	 0.203344224888226 
1279	 0.203346182392641 
1280	 0.203313237088772 
1281	 0.203370997536427 
1282	 0.20340253788214 
1283	 0.203436632773464 
1284	 0.203311653436805 
1285	 0.203239003962003 
1286	 0.203406772118944 
1287	 0.203465439135495 
1288	 0.203473785709478 
1289	 0.203624568570973 
1290	 0.203587746029816 
1291	 0.20359045705807 
1292	 0.203643695696805 
1293	 0.203561566639819 
1294	 0.203618725891533 
1295	 0.20364141462118 
1296	 0.203660766166332 
1297	 0.203909247249197 
1298	 0.204026024317224 
1299	 0.203931387512005 
1300	 0.204039566884561 
1301	 0.204235015297546 
1302	 0.20421937941936 
1303	 0.20426344666776 
1304	 0.204463207431276 
1305	 0.204499084119582 
1306	 0.204329469381096 
1307	 0.204436945548999 
1308	 0.204614419481643 
1309	 0.204460632227849 
1310	 0.204512068371347 
1311	 0.204608639605569 
1312	 0.204422174443554 
1313	 0.204720729084633 
1314	 0.205149560927569 
1315	 0.204994284750905 
1316	 0.205090773212896 
1317	 0.205181935535911 
1318	 0.204910761334425 
1319	 0.205141399566834 
1320	 0.205388652053552 
1321	 0.20525806131632 
1322	 0.205374550376377 
1323	 0.205347405204343 
1324	 0.205041534457534 
1325	 0.205272146339978 
1326	 0.205610040399011 
1327	 0.205511626904058 
1328	 0.20569943939291 
1329	 0.205784138919189 
1330	 0.205646315441085 
1331	 0.205060182634552 
1332	 0.205077074828862 
1333	 0.205261640458444 
1334	 0.205071023220376 
1335	 0.20524189637584 
1336	 0.20550187291094 
1337	 0.205316202077835 
1338	 0.205355003147941 
1339	 0.205473173157012 
1340	 0.205383188607659 
1341	 0.205427966653905 
1342	 0.205613498160935 
1343	 0.205639188938732 
1344	 0.205190451615891 
1345	 0.204817741793537 
1346	 0.204504791761688 
1347	 0.204233674882557 
1348	 0.204453746228974 
1349	 0.204425326099959 
1350	 0.204099632128821 
1351	 0.203863080158158 
1352	 0.203705150288157 
1353	 0.203179095948623 
1354	 0.203124720901849 
1355	 0.203576462925492 
1356	 0.201228131824168 
1357	 0.199173228079498 
1358	 0.199078641231139 
1359	 0.197075196522096 
1360	 0.190544945283986 
1361	 0.192147515932629 
1362	 0.203524743548989 
1363	 0.197863905186947 
1364	 0.199526217857196 
1365	 0.229417347617066 
1366	 0.232633080182217 
1367	 0.226739267179124 
1368	 0.242433154862101 
1369	 0.187456304824326 
1370	 6.79166885463885E-02 
1371	 6.79016523328268E-02 
1372	 0.186737993505056 
1373	 0.223611465134478 
1374	 0.244373614506541 
1375	 0.290517191423525 
1376	 0.186705626591892 
1377	 0.124339458972775 
1378	 0.194732829966363 
1379	 0.192872929065794 
1380	 0.18785342274 
1381	 0.217995919357352 
1382	 0.188108444243874 
1383	 0.170670891901041 
1384	 0.174538185585101 
1385	 0.155796446652572 
1386	 0.174318459719381 
1387	 0.223240968196467 
1388	 0.246074751930075 
1389	 0.24121171545103 
1390	 0.225712646989426 
1391	 0.193188637405913 
1392	 0.170443110062872 
1393	 0.178872765934078 
1394	 0.203333494212746 
1395	 0.220178214231527 
1396	 0.213036773552147 
1397	 0.198337918621696 
1398	 0.173989361806824 
1399	 0.167982290588259 
1400	 0.20335134775499 
1401	 0.219934784258799 
1402	 0.216032475734424 
1403	 0.215372920288451 
1404	 0.201390112208224 
1405	 0.191098048047789 
1406	 0.197830281016947 
1407	 0.200891909473937 
1408	 0.202118429374748 
1409	 0.205683152767584 
1410	 0.20276452173448 
1411	 0.19879776439698 
1412	 0.198851408385688 
1413	 0.19690150793437 
1414	 0.196331927839835 
1415	 0.199680986020778 
1416	 0.199772963564726 
1417	 0.19865342577564 
1418	 0.199007388298776 
1419	 0.197867881010353 
1420	 0.197038297537963 
1421	 0.197982937629249 
1422	 0.19861181167803 
1423	 0.198509928374595 
1424	 0.197758348178372 
1425	 0.197029279228968 
1426	 0.197160134632396 
1427	 0.197274664909844 
1428	 0.197548450807604 
1429	 0.198683827774725 
1430	 0.199964098621841 
1431	 0.199179313961151 
1432	 0.1986528182183 
1433	 0.19913832580922 
1434	 0.197374614053113 
1435	 0.196104564831352 
1436	 0.197687940849799 
1437	 0.19841991049479 
1438	 0.199063035597991 
1439	 0.199943144944582 
1440	 0.198888307025053 
1441	 0.197985069385246 
1442	 0.198437507900516 
1443	 0.199296622662699 
1444	 0.199538077718518 
1445	 0.199094668139357 
1446	 0.199141056759507 
1447	 0.199194143478427 
1448	 0.199115858605302 
1449	 0.199625249875936 
1450	 0.199957028006724 
1451	 0.199986801413633 
1452	 0.200262973087954 
1453	 0.200468243256924 
1454	 0.200292245973727 
1455	 0.20008129417665 
1456	 0.199952255135604 
1457	 0.199580418639836 
1458	 0.199486626109284 
1459	 0.200360702968513 
1460	 0.200988934396027 
1461	 0.200741351009671 
1462	 0.200987416010289 
1463	 0.201123859600611 
1464	 0.200400208645631 
1465	 0.200829816571317 
1466	 0.202007384881911 
1467	 0.201504262059833 
1468	 0.200710314251532 
1469	 0.200833342024961 
1470	 0.200806667065025 
1471	 0.200174650495775 
1472	 0.200230402559436 
1473	 0.201276107319332 
1474	 0.201388070994819 
1475	 0.200861883009902 
1476	 0.20095101809298 
1477	 0.201170324237948 
1478	 0.20147264929896 
1479	 0.20215016593567 
1480	 0.202552043528445 
1481	 0.202674548594045 
1482	 0.202695927524942 
1483	 0.202679573889232 
1484	 0.202906824963298 
1485	 0.20313968555665 
1486	 0.203219208062632 
1487	 0.20337031874413 
1488	 0.203485239579496 
1489	 0.203489958139663 
1490	 0.203613408281449 
1491	 0.203774345645189 
1492	 0.203941038071971 
1493	 0.204204980979216 
1494	 0.20441300665229 
1495	 0.204627668876412 
1496	 0.20467842435498 
1497	 0.204619190998082 
1498	 0.204773048501594 
1499	 0.204791625877352 
1500	 0.204908162447969 
1501	 0.205258493692265 
1502	 0.205323723651533 
1503	 0.205398718863115 
1504	 0.205599507300036 
1505	 0.205518272234587 
1506	 0.205377066835708 
1507	 0.205558815122714 
1508	 0.205858769499318 
1509	 0.20608011256516 
1510	 0.206279720351942 
1511	 0.206268073530821 
1512	 0.206112630522051 
1513	 0.206099976650703 
1514	 0.206243711010969 
1515	 0.206460430262379 
1516	 0.206519344669516 
1517	 0.206532463702351 
1518	 0.206727384384273 
1519	 0.206815873896843 
1520	 0.206876435558319 
1521	 0.206926091699797 
1522	 0.206796178883277 
1523	 0.206943343431462 
1524	 0.207224251169126 
1525	 0.207198789907396 
1526	 0.207265303118041 
1527	 0.207452894292871 
1528	 0.207510374757572 
1529	 0.207632345283132 
1530	 0.207759001256703 
1531	 0.207828235645444 
1532	 0.207601480625166 
1533	 0.207671779765037 
1534	 0.207999542572294 
1535	 0.208103715769826 
1536	 0.208156411190661 
1537	 0.208249079681379 
1538	 0.208246262668911 
1539	 0.208355598334105 
1540	 0.208534654515282 
1541	 0.208538737777119 
1542	 0.208444052429481 
1543	 0.208465492540138 
1544	 0.20857356183441 
1545	 0.208754161654474 
1546	 0.208859187453675 
1547	 0.208835225797949 
1548	 0.208903695591482 
1549	 0.208948452554608 
1550	 0.20891075451204 
1551	 0.208994106024958 
1552	 0.209014435096694 
1553	 0.208918833559869 
1554	 0.209066204749368 
1555	 0.209251039724877 
1556	 0.209225119028075 
1557	 0.209277512082634 
1558	 0.209421559106438 
1559	 0.209477864121896 
1560	 0.209516932972103 
1561	 0.20965799890519 
1562	 0.209698435657126 
1563	 0.209617974368081 
1564	 0.209675485738146 
1565	 0.209611614312472 
1566	 0.209448607499774 
1567	 0.209611508118143 
1568	 0.209798275159666 
1569	 0.209884307266309 
1570	 0.210042481190632 
1571	 0.21012783028247 
1572	 0.210150375561723 
1573	 0.210129340265348 
1574	 0.210255411658189 
1575	 0.210453991890675 
1576	 0.210503315858081 
1577	 0.210520825868346 
1578	 0.21048608022097 
1579	 0.210606329583649 
1580	 0.210722963053952 
1581	 0.210658278039283 
1582	 0.210825459515302 
1583	 0.210826712217056 
1584	 0.210559830636302 
1585	 0.210751334548082 
1586	 0.210942320065805 
1587	 0.210736448680234 
1588	 0.210826295325388 
1589	 0.210963205617108 
1590	 0.210870047982798 
1591	 0.211000510691929 
1592	 0.211033810787714 
1593	 0.210878718397111 
1594	 0.210907039563019 
1595	 0.21112433453534 
1596	 0.211496357789508 
1597	 0.211708398335517 
1598	 0.211585594525979 
1599	 0.211429669880114 
1600	 0.211423395565107 
1601	 0.211538172789646 
1602	 0.211690064298159 
1603	 0.211821792100141 
1604	 0.211688676553165 
1605	 0.211581317684451 
1606	 0.211949530697056 
1607	 0.212210709694376 
1608	 0.212221939346411 
1609	 0.212344465096878 
1610	 0.212310020434645 
1611	 0.212187493514401 
1612	 0.212386732870659 
1613	 0.2124999176419 
1614	 0.212447788768095 
1615	 0.212499257953993 
1616	 0.212455434629658 
1617	 0.212488141737444 
1618	 0.212526532443989 
1619	 0.212551801951584 
1620	 0.212646537137906 
1621	 0.212609222957123 
1622	 0.212599720872461 
1623	 0.212597391049205 
1624	 0.212550629332493 
1625	 0.212598211556688 
1626	 0.212719981204992 
1627	 0.212747789649215 
1628	 0.212823501346876 
1629	 0.212968901170019 
1630	 0.212944004230689 
1631	 0.212994871314982 
1632	 0.213038502696568 
1633	 0.213021008937131 
1634	 0.213153683570725 
1635	 0.213100506408345 
1636	 0.212938281102978 
1637	 0.21292176793622 
1638	 0.212917999162737 
1639	 0.213106120272674 
1640	 0.213381468832069 
1641	 0.213426988754963 
1642	 0.213421258980667 
1643	 0.213325720348359 
1644	 0.213303567844137 
1645	 0.213496794423861 
1646	 0.213570299708318 
1647	 0.21361281004803 
1648	 0.21361769905725 
1649	 0.213575190977095 
1650	 0.213611622831383 
1651	 0.213526936531721 
1652	 0.213468598986571 
1653	 0.21347362136046 
1654	 0.21327553682707 
1655	 0.213351096464543 
1656	 0.213761037663056 
1657	 0.213788328631099 
1658	 0.213735320993856 
1659	 0.213894038336279 
1660	 0.213565520172056 
1661	 0.213204030923185 
1662	 0.213405355182487 
1663	 0.213508534303419 
1664	 0.213681211499753 
1665	 0.214120913743919 
1666	 0.214101327417631 
1667	 0.213935131995274 
1668	 0.213955079837233 
1669	 0.213646753340813 
1670	 0.213392602719103 
1671	 0.213453006235131 
1672	 0.21338620906447 
1673	 0.213396941675236 
1674	 0.213505223235971 
1675	 0.213385547089773 
1676	 0.213359994423713 
1677	 0.213548785894051 
1678	 0.213739707433845 
1679	 0.213771771981855 
1680	 0.213498933312893 
1681	 0.21327741496225 
1682	 0.213235272360575 
1683	 0.21325832730611 
1684	 0.213484087515632 
1685	 0.213675634446206 
1686	 0.213475087654275 
1687	 0.213244202568002 
1688	 0.213214380133298 
1689	 0.213085275511304 
1690	 0.213005685662531 
1691	 0.213228661682251 
1692	 0.213276990453237 
1693	 0.21300472849303 
1694	 0.212960996496425 
1695	 0.212999284633215 
1696	 0.212971703664714 
1697	 0.213090226465292 
1698	 0.213115787822515 
1699	 0.213055246973933 
1700	 0.213136345277739 
1701	 0.213223690193442 
1702	 0.213260304771088 
1703	 0.213273467396286 
1704	 0.213217823131694 
1705	 0.213239925396029 
1706	 0.213295884147951 
1707	 0.213283860626435 
1708	 0.213204850696282 
1709	 0.213116485902355 
1710	 0.213016560492813 
1711	 0.213074839646504 
1712	 0.21327748614695 
1713	 0.213258607338953 
1714	 0.213189631093531 
1715	 0.213114070140268 
1716	 0.212860923521046 
1717	 0.21283182483927 
1718	 0.212985099271799 
1719	 0.212952150955448 
1720	 0.212876810852951 
1721	 0.212861336630646 
1722	 0.212871398554163 
1723	 0.212766924552943 
1724	 0.212632678634988 
1725	 0.212602865271664 
1726	 0.212516666395055 
1727	 0.212377232654993 
1728	 0.212255530656166 
1729	 0.212081695526137 
1730	 0.211737746565017 
1731	 0.211693842334879 
1732	 0.211882853605498 
1733	 0.212121031285599 
1734	 0.212493668189343 
1735	 0.212654700553689 
1736	 0.212924711709296 
1737	 0.212796898570823 
1738	 0.212268742638736 
1739	 0.212201526142924 
1740	 0.211984376948289 
1741	 0.212183934129453 
1742	 0.213010067592297 
1743	 0.213174098376437 
1744	 0.213268756915976 
1745	 0.213162208735437 
1746	 0.212595708612991 
1747	 0.212438048839226 
1748	 0.212307542033689 
1749	 0.212293553145109 
1750	 0.212465959416553 
1751	 0.212642986577711 
1752	 0.212855680452216 
1753	 0.21289602051459 
1754	 0.212867747754399 
1755	 0.2127392336302 
1756	 0.212517224370349 
1757	 0.212497614056811 
1758	 0.212637906886853 
1759	 0.2126071728196 
1760	 0.212731040788841 
1761	 0.212744345906913 
1762	 0.212533145574557 
1763	 0.212621070530217 
1764	 0.212428779503377 
1765	 0.212486236475991 
1766	 0.212598812190937 
1767	 0.212287621170065 
1768	 0.212481516124579 
1769	 0.212258621839961 
1770	 0.211927117294767 
1771	 0.211810299877325 
1772	 0.211868020949461 
1773	 0.212518639336861 
1774	 0.212733121811751 
1775	 0.212874453150349 
1776	 0.212901219258889 
1777	 0.212390892475274 
1778	 0.212176558242897 
1779	 0.212066004574555 
1780	 0.212044614774228 
1781	 0.212226547527879 
1782	 0.212266999863411 
1783	 0.212269720034036 
1784	 0.212315918240795 
1785	 0.212363512006423 
1786	 0.212442677507227 
1787	 0.212667935746673 
1788	 0.212755955330973 
1789	 0.212788775042413 
1790	 0.212693105277096 
1791	 0.212422934800309 
1792	 0.212229754798516 
1793	 0.211852252848423 
1794	 0.211453460312226 
1795	 0.210972180713199 
1796	 0.210934160887113 
1797	 0.211150081711927 
1798	 0.211198019364451 
1799	 0.212055592670944 
1800	 0.211639903677169 
1801	 0.209658797730144 
1802	 0.209328605998548 
1803	 0.20880085553055 
1804	 0.209323931861731 
1805	 0.212814129288145 
1806	 0.213150327753673 
1807	 0.212491695246739 
1808	 0.210492421505674 
1809	 0.203629048148191 
1810	 0.202529064050229 
1811	 0.204145030676998 
1812	 0.205133192095779 
1813	 0.211195016206811 
1814	 0.215796820506874 
1815	 0.215500880049173 
1816	 0.220945969893579 
1817	 0.218785259634508 
1818	 0.208006337435653 
1819	 0.20106578667224 
1820	 0.190651445144401 
1821	 0.184220931898593 
1822	 0.183666072254627 
1823	 0.185839976636966 
1824	 0.205192258884249 
1825	 0.212041338492321 
1826	 0.211340494876575 
1827	 0.216565225094794 
1828	 0.206232149081623 
1829	 0.20324112693877 
1830	 0.221473021471121 
1831	 5.51141097138408E-02 
1832	 0.20684109924257 
1833	 0.262216358569565 
1834	 0.170774034191145 
1835	 0.188880739805754 
1836	 0.336291053257213 
1837	 0.34299757221594 
1838	 0.192727405282885 
1839	 0.11639696220996 
1840	 0.434489795220747 
1841	 0.226714926332068 
1842	 0.130148052686873 
1843	 0.440279655038746 
1844	 0.460590597902202 
1845	-2.61129533651275 
1846	 20.995857081191 
1847	-1.33266449885708 
1848	-3.92696794596499 
1849	-0.46828683015394 
1850	 0.367415522812325 
1851	 0.508305058883291 
1852	 1.76634625488696 
1853	 1.35553398702428 
1854	-1.71939674232169 
1855	-2.53804282893232 
1856	-0.70972035734311 
1857	-0.394002353997573 
1858	 0.661249775186511 
1859	 4.86589629644557 
1860	 4.55587537612304 
1861	 24.8328740055573 
1862	 9.60067204516442 
1863	 0.130551906122903 
1864	 3.61300195634552E-02 
1865	 0.553993288694049 
1866	 0.598805656324881 
1867	 0.813312296327861 
1868	 1.30309924916847 
1869	 0.780912216390344 
1870	 0.344311040339928 
1871	 0.241219158137588 
1872	 0.920934917088367 
1873	 0.709781188556747 
1874	 0.329499020272883 
1875	 0.258777289238276 
1876	 0.141687355975177 
1877	 0.182043833263574 
1878	 8.36523583983743E-02 
1879	 9.65047004135891E-02 
1880	 0.167272894259413 
1881	 0.207386851910892 
1882	 0.233969830251519 
1883	 0.402644451107958 
1884	 0.378260420696194 
1885	 0.233213341066442 
1886	 0.175558667440027 
1887	 0.170683207311665 
1888	 0.166429024495533 
1889	 0.237294535245981 
1890	 0.219918025003029 
1891	 0.207280868324696 
1892	 0.118854448441816 
1893	 0.125244705888883 
1894	 0.241157298089308 
1895	 0.301806732602725 
1896	 0.422969764125981 
1897	 0.353516641367582 
1898	 0.432095780836209 
1899	 0.346628620299348 
1900	-8.25039953818746E-03 
1901	-0.014980714065183 
1902	-0.024170102466328 
1903	-0.119970616488864 
1904	-0.112939015803064 
1905	 0.20540449480631 
1906	 0.331699694985509 
1907	-5.30797243340075E-02 
1908	-0.333933051693758 
1909	-0.153358518948327 
1910	 0.223566758030433 
1911	 0.370572572853287 
1912	 0.358808680277929 
1913	 0.351185725658314 
1914	 0.10747477029816 
1915	 1.63076423303008E-02 
1916	-5.26285899130942E-02 
1917	 7.85951500673488E-02 
1918	 0.147075587427498 
1919	 0.172172290667917 
1920	 0.22875571544943 
1921	 0.19311522136284 
1922	 0.158045077188454 
1923	 0.188237023806965 
1924	 0.183695124178289 
1925	 0.178290477614769 
1926	 0.182621357946102 
1927	 0.174093399446995 
1928	 0.137262294886115 
1929	 0.13941730791835 
1930	 0.168097692785974 
1931	 0.176643774503051 
1932	 0.176704684889896 
1933	 0.186080556821595 
1934	 0.188731964553155 
1935	 0.186128688494131 
1936	 0.182846647382674 
1937	 0.192180239107489 
1938	 0.193440174661922 
1939	 0.178779454904116 
1940	 0.182188144670433 
1941	 0.194476545658581 
1942	 0.189210533020324 
1943	 0.187319974560006 
1944	 0.194486060055148 
1945	 0.191866787556109 
1946	 0.189126913375422 
1947	 0.18545187282261 
1948	 0.189512619791535 
1949	 0.186026016780956 
1950	 0.180051904206828 
1951	 0.183932124230474 
1952	 0.186687932752826 
1953	 0.184923614376799 
1954	 0.184862697445393 
1955	 0.185266592793375 
1956	 0.187360986528378 
1957	 0.190117020415139 
1958	 0.190259056205154 
1959	 0.190595004438605 
1960	 0.188637612605576 
1961	 0.186393495155273 
1962	 0.18614700106225 
1963	 0.187770381447173 
1964	 0.189188773053872 
1965	 0.190032221026849 
1966	 0.190729287811822 
1967	 0.191239472162102 
1968	 0.191943061090203 
1969	 0.192126909494811 
1970	 0.191947638669198 
1971	 0.191509973327431 
1972	 0.191526482787973 
1973	 0.191527763295348 
1974	 0.191768784633744 
1975	 0.191869742318739 
1976	 0.191793355534864 
1977	 0.192409215389238 
1978	 0.193576866088708 
1979	 0.194698246451979 
1980	 0.194629433470733 
1981	 0.193881024094764 
1982	 0.193804368630422 
1983	 0.193330002336133 
1984	 0.193029162076192 
1985	 0.193859417767654 
1986	 0.195010075535529 
1987	 0.195211915198367 
1988	 0.195186415320867 
1989	 0.195252114805555 
1990	 0.194997830575933 
1991	 0.195240265028219 
1992	 0.196133307588617 
1993	 0.19634192472778 
1994	 0.196020161632881 
1995	 0.196476467216523 
1996	 0.197119001470225 
1997	 0.197334297628594 
1998	 0.198154206447904 
1999	 0.198930083994482 
2000	 0.199457977398392 
2001	 0.199454305726941 
2002	 0.198573347417235 
2003	 0.199588035921766 
2004	 0.201230491990399 
2005	 0.200590447696097 
2006	 0.201339388555304 
2007	 0.205397985553944 
2008	 0.205951639371055 
2009	 0.203594423758512 
2010	 0.203261057643444 
2011	 0.204012340633797 
2012	 0.201996560967477 
2013	 0.202922177564945 
2014	 0.204407398809838 
2015	 0.202681153244768 
2016	 0.201827220462812 
2017	 0.201508874794366 
2018	 0.200644104477213 
2019	 0.20029827928648 
2020	 0.200052528151193 
2021	 0.200580672792833 
2022	 0.201640013079976 
2023	 0.202799797581721 
2024	 0.201918655879472 
2025	 0.201150040402016 
2026	 0.200837951243114 
2027	 0.200013508135229 
2028	 0.199868246699012 
2029	 0.199821021450793 
2030	 0.199344783812107 
2031	 0.199098209265353 
2032	 0.19883108517538 
2033	 0.199351616099008 
2034	 0.199385938647301 
2035	 0.199193200368996 
2036	 0.198144387619374 
2037	 0.198668773046449 
2038	 0.199715192803191 
2039	 0.199083383994347 
2040	 0.198802918937961 
2041	 0.198691035936612 
2042	 0.197762978876314 
2043	 0.198220016781981 
2044	 0.199192023617702 
2045	 0.19925743045738 
2046	 0.198350743046501 
2047	 0.198224708039116 
2048	 0.198337345931064 
2049	 0.198080941320813 
2050	 0.197851387669533 
2051	 0.197584550377497 
2052	 0.197419313926577 
2053	 0.197002628831938 
2054	 0.19735774451273 
2055	 0.198028775650764 
2056	 0.197142019245721 
2057	 0.196202982947611 
2058	 0.196268850256039 
2059	 0.197049063818574 
2060	 0.197279510816556 
2061	 0.198103730831678 
2062	 0.198198014196188 
2063	 0.19761707576205 
2064	 0.197103147880109 
2065	 0.196193006062791 
2066	 0.196006880781729 
2067	 0.196377562064821 
2068	 0.196018791406123 
2069	 0.195902079613931 
2070	 0.196541999430997 
2071	 0.197184733678846 
2072	 0.197159877366687 
2073	 0.196997902609479 
2074	 0.197147663305598 
2075	 0.197081897849544 
2076	 0.196811011517204 
2077	 0.196388411884263 
2078	 0.195482518266066 
2079	 0.195495076247954 
2080	 0.196067406936521 
2081	 0.195868240084641 
2082	 0.195606213462331 
2083	 0.195834998287808 
2084	 0.195584711639479 
2085	 0.195255396201755 
2086	 0.195895797232891 
2087	 0.196294299428756 
2088	 0.195636221324662 
2089	 0.19520912662763 
2090	 0.195102549996528 
2091	 0.195181403902511 
2092	 0.194952718444456 
2093	 0.194901454664931 
2094	 0.194694367879269 
2095	 0.193778000785811 
2096	 0.19359183983348 
2097	 0.19407001171216 
2098	 0.194156062997502 
2099	 0.193747485914849 
2100	 0.194068770975312 
2101	 0.194416737889798 
2102	 0.194310833813258 
2103	 0.194967017719943 
2104	 0.195520005035986 
2105	 0.195025251324268 
2106	 0.194675745868697 
2107	 0.194642875628882 
2108	 0.194621809369991 
2109	 0.194718090188874 
2110	 0.195303159109486 
2111	 0.195645563643385 
2112	 0.195827954918943 
2113	 0.19585634452487 
2114	 0.195638645972444 
2115	 0.195820536524692 
2116	 0.195953408018489 
2117	 0.19602191214377 
2118	 0.19644946334928 
2119	 0.19626649071551 
2120	 0.195809641707991 
2121	 0.196213401732087 
2122	 0.195913337660467 
2123	 0.195407481866414 
2124	 0.195440250785821 
2125	 0.195592416765804 
2126	 0.195571678049127 
2127	 0.196058661633939 
2128	 0.196380156322243 
2129	 0.196340343061746 
2130	 0.196348218709753 
2131	 0.196435412470691 
2132	 0.196445633273326 
2133	 0.196342424825955 
2134	 0.19635315906924 
2135	 0.196142146748009 
2136	 0.196094681887449 
2137	 0.195504273216165 
2138	 0.195351143402926 
2139	 0.195870191650679 
2140	 0.195774553639408 
2141	 0.195456437763501 
2142	 0.195490666042011 
2143	 0.195408463679984 
2144	 0.194886574434969 
2145	 0.194800376369728 
2146	 0.195169226042812 
2147	 0.195253350711085 
2148	 0.195443660613077 
2149	 0.19539199094852 
2150	 0.19494308873784 
2151	 0.19481162841171 
2152	 0.194759247893745 
2153	 0.194597971869733 
2154	 0.193937523469009 
2155	 0.193764390981411 
2156	 0.193602525029662 
2157	 0.192758825571643 
2158	 0.193163466702068 
2159	 0.194062473267513 
2160	 0.194031916131265 
2161	 0.193901964161231 
2162	 0.19387498714288 
2163	 0.19432871049452 
2164	 0.194340332856839 
2165	 0.194295788814946 
2166	 0.194363825372421 
2167	 0.194128932468586 
2168	 0.193999844181272 
2169	 0.194368395453509 
2170	 0.193993714093632 
2171	 0.192779069289826 
2172	 0.192529925482938 
2173	 0.192407750338957 
2174	 0.192487716877881 
2175	 0.192199441665612 
2176	 0.191953319657019 
2177	 0.192174175684254 
2178	 0.191537607198688 
2179	 0.191148036398032 
2180	 0.19148569273002 
2181	 0.191842722071322 
2182	 0.192227966488644 
2183	 0.192236860341318 
2184	 0.192465980288313 
2185	 0.192646700628854 
2186	 0.191656599036924 
2187	 0.191140698875907 
2188	 0.191479589712235 
2189	 0.191523519019853 
2190	 0.190718668209541 
2191	 0.190366928703308 
2192	 0.190626662099415 
2193	 0.19092850874992 
2194	 0.191528581329018 
2195	 0.191611378689186 
2196	 0.191840230081536 
2197	 0.191639977367614 
2198	 0.191604151679226 
2199	 0.19146190544331 
2200	 0.190660723590103 
2201	 0.190434462239881 
2202	 0.19104813617076 
2203	 0.190875156224874 
2204	 0.191322535712544 
2205	 0.192287078137897 
2206	 0.191921171007539 
2207	 0.190304464172036 
2208	 0.189420394618945 
2209	 0.190239554379269 
2210	 0.190305122554554 
2211	 0.190278935266222 
2212	 0.190544335528706 
2213	 0.190887100848653 
2214	 0.191048619163054 
2215	 0.191570220858397 
2216	 0.191707651208744 
2217	 0.191254762056084 
2218	 0.191233344292384 
2219	 0.191625274295622 
2220	 0.191749244293471 
2221	 0.191873602029199 
2222	 0.191760195402919 
2223	 0.192616659595359 
2224	 0.192802060874048 
2225	 0.19239022612572 
2226	 0.193005467902081 
2227	 0.193374404960957 
2228	 0.192669379936811 
2229	 0.192915643687217 
2230	 0.194182413220997 
2231	 0.193913474201206 
2232	 0.192368550329559 
2233	 0.191636485952126 
2234	 0.191350366387078 
2235	 0.191820503059343 
2236	 0.193166130314886 
2237	 0.193168658598305 
2238	 0.192144011304718 
2239	 0.192319628524946 
2240	 0.192487309050231 
2241	 0.192771639731693 
2242	 0.194954589571826 
2243	 0.194664798775544 
2244	 0.191072965776572 
2245	 0.190645944240581 
2246	 0.191595582360006 
2247	 0.191616865729107 
2248	 0.193556815356271 
2249	 0.193843425548069 
2250	 0.19220920308583 
2251	 0.190944195305116 
2252	 0.190179059708375 
2253	 0.189569171501516 
2254	 0.189761131399774 
2255	 0.18911313382564 
2256	 0.189016144769445 
2257	 0.189290958247807 
2258	 0.188247079679867 
2259	 0.188133908200667 
2260	 0.188564720869853 
2261	 0.188247802521986 
2262	 0.188835888717621 
2263	 0.189375365594434 
2264	 0.189176643829413 
2265	 0.188794324984959 
2266	 0.187499333188026 
2267	 0.18572368580611 
2268	 0.18555467486176 
2269	 0.18669565887059 
2270	 0.186293625855618 
2271	 0.18558046233739 
2272	 0.186084592760334 
2273	 0.186025355419086 
2274	 0.186229286682238 
2275	 0.188653649675959 
2276	 0.189349451767024 
2277	 0.188222666115181 
2278	 0.187409878566272 
2279	 0.18630984835909 
2280	 0.186549253218613 
2281	 0.187623401021548 
2282	 0.18735210403599 
2283	 0.187178251464947 
2284	 0.18731176599544 
2285	 0.186184506568242 
2286	 0.185333121837263 
2287	 0.185132458597948 
2288	 0.185623527771532 
2289	 0.186134239982461 
2290	 0.187357275347188 
2291	 0.187641343279778 
2292	 0.186923206795692 
2293	 0.18508922341257 
2294	 0.182039776238189 
2295	 0.181091711142583 
2296	 0.182083040047791 
2297	 0.181890176496814 
2298	 0.181415449900113 
2299	 0.182843397382727 
2300	 0.183964320833316 
2301	 0.18222934288209 
2302	 0.181599731766978 
2303	 0.182088115795549 
2304	 0.181033408715161 
2305	 0.180681910383581 
2306	 0.180474102467733 
2307	 0.181736527257537 
2308	 0.182826427108978 
2309	 0.181274967318908 
2310	 0.181657864459403 
2311	 0.180910041529066 
2312	 0.177834912231659 
2313	 0.178843219099546 
2314	 0.182817109207407 
2315	 0.184372874573257 
2316	 0.183406335949969 
2317	 0.182863773167951 
2318	 0.182437638782757 
2319	 0.182232237452666 
2320	 0.183590342979758 
2321	 0.184144918770776 
2322	 0.184053964439959 
2323	 0.182897333140296 
2324	 0.180717205711602 
2325	 0.180392056585893 
2326	 0.179871220015142 
2327	 0.179394063058302 
2328	 0.18112883285727 
2329	 0.181091425868096 
2330	 0.179042759721337 
2331	 0.178559867251273 
2332	 0.177948177293815 
2333	 0.178080234868564 
2334	 0.180401202622938 
2335	 0.181034899983718 
2336	 0.181147616445319 
2337	 0.181138700049185 
2338	 0.179678976511661 
2339	 0.178940851686566 
2340	 0.179280760784719 
2341	 0.177950269265844 
2342	 0.177089234540117 
2343	 0.176881638614882 
2344	 0.177574449740153 
2345	 0.181308356404009 
2346	 0.183621067116342 
2347	 0.181347920135325 
2348	 0.178057660965767 
2349	 0.174446135680195 
2350	 0.17157623392286 
2351	 0.173209874383949 
2352	 0.177104506449056 
2353	 0.177771245901179 
2354	 0.177148677636404 
2355	 0.180403392980427 
2356	 0.182358792960694 
2357	 0.182461456540913 
2358	 0.18356458308363 
2359	 0.180998657192333 
2360	 0.176972602745333 
2361	 0.174823166430272 
2362	 0.176979935869024 
2363	 0.179317313270051 
2364	 0.177856265592246 
2365	 0.178149027851692 
2366	 0.179106935844584 
2367	 0.177782008254276 
2368	 0.174269388503221 
2369	 0.171884359260975 
2370	 0.172095756086984 
2371	 0.169221229379824 
2372	 0.169145109505936 
2373	 0.17793134325639 
2374	 0.181160986327071 
2375	 0.175481026776513 
2376	 0.17398955770835 
2377	 0.175633513534746 
2378	 0.171879250521628 
2379	 0.171289888474357 
2380	 0.176703734015053 
2381	 0.173765222252132 
2382	 0.167755260031528 
2383	 0.172225058462425 
2384	 0.178057809814911 
2385	 0.177162078321745 
2386	 0.177783955837774 
2387	 0.17799231126212 
2388	 0.174549568757001 
2389	 0.177061026851804 
2390	 0.181706402129574 
2391	 0.177289022080077 
2392	 0.171206756107718 
2393	 0.168687665963561 
2394	 0.168481192698026 
2395	 0.171645865052156 
2396	 0.173386058208095 
2397	 0.172179320932777 
2398	 0.168585552116804 
2399	 0.167754822624372 
2400	 0.175052893545478 
2401	 0.181239661182243 
2402	 0.179339596716249 
2403	 0.176997076115453 
2404	 0.17010022023509 
2405	 0.162128626121945 
2406	 0.164712160004241 
2407	 0.168378637224924 
2408	 0.170697039076945 
2409	 0.169942735386082 
2410	 0.168118308465169 
2411	 0.174431378009035 
2412	 0.176912954636328 
2413	 0.174790259504948 
2414	 0.176118961330087 
2415	 0.174048313905517 
2416	 0.174576814162911 
2417	 0.18206200773419 
2418	 0.183957529274586 
2419	 0.180434248969426 
2420	 0.175949891859205 
2421	 0.171107565767611 
2422	 0.167327237370758 
2423	 0.166467522430342 
2424	 0.174614888151314 
2425	 0.17506866726504 
2426	 0.173949339216959 
2427	 0.182827032227529 
2428	 0.181796505364486 
2429	 0.185458313420284 
2430	 0.191312553868288 
2431	 0.184761760872885 
2432	 0.181074330138997 
2433	 0.174326663479724 
2434	 0.170323946334947 
2435	 0.174024803982635 
2436	 0.166583463397946 
2437	 0.160858386433077 
2438	 0.163224159562464 
2439	 0.164302530114782 
2440	 0.171541718160584 
2441	 0.168940389516739 
2442	 0.160984766817053 
2443	 0.163675342144669 
2444	 0.15123432898773 
2445	 0.151009007002855 
2446	 0.167361416683935 
2447	 0.15756518448245 
2448	 0.146038249242368 
2449	 0.169693628571625 
2450	 0.195501869739856 
2451	 0.191873935646808 
2452	 0.207979704108122 
2453	 0.192686399285838 
2454	 0.129931026785215 
2455	 0.11646759375083 
2456	 0.117271685969844 
2457	 0.123226780131207 
2458	 0.153558392942883 
2459	 0.166045452397047 
2460	 0.139636411188661 
2461	 0.114074141527884 
2462	 0.129240639961406 
2463	 0.139776166833665 
2464	 0.147785626663603 
2465	 0.180303715814374 
2466	 0.181726125617915 
2467	 0.167224911439092 
2468	 0.173610614524307 
2469	 0.16819539406192 
2470	 0.140794669165032 
2471	 0.130214324547202 
2472	 0.130531826254729 
2473	 0.132016295735076 
2474	 0.143765776530883 
2475	 0.135419322284641 
2476	 0.121042782807001 
2477	 0.104003785260365 
2478	 3.97475175210383E-02 
2479	 0.068520762398921 
2480	 0.147224184857974 
2481	 0.128686373285251 
2482	 6.65399884404178E-02 
2483	 0.105870530192044 
2484	 0.144560893403624 
2485	 0.178194415170444 
2486	 0.273608919860631 
2487	 0.260354080220964 
2488	 0.13924902958532 
2489	 7.94065015003915E-02 
2490	 0.139770019408615 
2491	 0.198143907059458 
2492	 0.230656286115152 
2493	 9.13530404223261E-02 
2494	 4.74841426481689E-02 
2495	 0.152139460546256 
2496	 0.137849135526984 
2497	 0.299328658492036 
2498	 0.62286764272201 
2499	 0.359887546589476 
2500	 3.05224459236502E-02 
