Wavelength	09/27/123 at 12:32:13
350	 5.30833792433347E-03 
351	 4.73402863599808E-03 
352	 4.80956979101622E-03 
353	 5.09865112392279E-03 
354	 4.74978885062748E-03 
355	 5.07042121339978E-03 
356	 5.20231107105403E-03 
357	 4.82785605897375E-03 
358	 5.21466556553103E-03 
359	 5.49202747408791E-03 
360	 5.36594118142086E-03 
361	 4.88797095431586E-03 
362	 4.88106699821239E-03 
363	 5.33344272509746E-03 
364	 5.87604171641751E-03 
365	 5.61225407624565E-03 
366	 5.18946959094056E-03 
367	 4.96015903600049E-03 
368	 5.11251291241007E-03 
369	 5.38210312187855E-03 
370	 5.52438081424171E-03 
371	 5.42053673761932E-03 
372	 5.13823804367733E-03 
373	 5.1971419549748E-03 
374	 5.39877125137771E-03 
375	 5.23820872927057E-03 
376	 5.42200232671995E-03 
377	 5.62091596733715E-03 
378	 5.55932084369278E-03 
379	 5.32901339594952E-03 
380	 5.26644410016874E-03 
381	 5.41728046896778E-03 
382	 5.64795027015687E-03 
383	 5.70879596181424E-03 
384	 5.88188569288737E-03 
385	 6.19836863866014E-03 
386	 5.94477739863433E-03 
387	 5.95560848728974E-03 
388	 6.13591556001359E-03 
389	 6.0637702829076E-03 
390	 6.30253431962258E-03 
391	 6.60042147820674E-03 
392	 6.77527665952346E-03 
393	 6.9099392317506E-03 
394	 7.15252937096356E-03 
395	 7.39241789021425E-03 
396	 7.45012400758354E-03 
397	 7.48099477968657E-03 
398	 7.59416826458262E-03 
399	 7.82810429980858E-03 
400	 8.1633302615808E-03 
401	 8.33433328396532E-03 
402	 8.38658747149545E-03 
403	 8.47905727640013E-03 
404	 8.63177770236325E-03 
405	 8.82707365999084E-03 
406	 9.02878891371519E-03 
407	 9.17373795727566E-03 
408	 9.32170772785643E-03 
409	 9.55059616609913E-03 
410	 9.89890722592284E-03 
411	 1.00745126638469E-02 
412	 1.02029996837843E-02 
413	 1.03896049449498E-02 
414	 1.06478143422585E-02 
415	 1.09252347153143E-02 
416	 1.11026058396921E-02 
417	 1.10891309910232E-02 
418	 1.11517627584121E-02 
419	 1.12963200474847E-02 
420	 1.14853542554881E-02 
421	 0.011661310429712 
422	 1.17791981814843E-02 
423	 1.18661543750842E-02 
424	 1.19792911000716E-02 
425	 1.21592733320416E-02 
426	 1.22900592635252E-02 
427	 1.23362128479812E-02 
428	 1.24027844481855E-02 
429	 1.24633177174843E-02 
430	 1.25202393313496E-02 
431	 1.25853780656665E-02 
432	 1.26862309585488E-02 
433	 1.27689149460343E-02 
434	 1.28179904898148E-02 
435	 1.28697424941506E-02 
436	 1.30157295350965E-02 
437	 1.31497382033144E-02 
438	 1.31570508060527E-02 
439	 1.32433285973196E-02 
440	 1.33231297321396E-02 
441	 1.33631218971767E-02 
442	 1.34178389896008E-02 
443	 1.35092270747855E-02 
444	 1.35904007910134E-02 
445	 1.36299195586626E-02 
446	 1.37934663467177E-02 
447	 1.39417307943129E-02 
448	 1.40232018137382E-02 
449	 1.41138208359641E-02 
450	 0.014218751945291 
451	 1.43055450941741E-02 
452	 1.43491108926083E-02 
453	 1.44278178946557E-02 
454	 1.45053384382655E-02 
455	 1.45532993897541E-02 
456	 0.014559033351442 
457	 0.01461930366477 
458	 1.47155619170527E-02 
459	 1.47918282621554E-02 
460	 1.47774549283766E-02 
461	 1.48065528086117E-02 
462	 1.48806854275627E-02 
463	 1.48558678231021E-02 
464	 1.48292642142597E-02 
465	 1.48744619656616E-02 
466	 1.49994455711508E-02 
467	 0.014986260528312 
468	 1.49430911489846E-02 
469	 1.49429912212646E-02 
470	 1.50161969181296E-02 
471	 1.51040051488187E-02 
472	 1.51480389854681E-02 
473	 1.51315622507148E-02 
474	 1.51627841425104E-02 
475	 1.52288371167186E-02 
476	 1.52760508486776E-02 
477	 1.52298599937121E-02 
478	 1.52800929102226E-02 
479	 1.53698152642776E-02 
480	 0.015425214276802 
481	 1.54717794656801E-02 
482	 1.54960293569277E-02 
483	 0.01551780079367 
484	 0.015576754984009 
485	 1.56203988382174E-02 
486	 1.56963584490995E-02 
487	 1.58219835849379E-02 
488	 1.58879469243909E-02 
489	 0.01600429924321 
490	 1.61561694152427E-02 
491	 1.62647385775337E-02 
492	 1.63233075985545E-02 
493	 1.64171122646582E-02 
494	 1.65881385843051E-02 
495	 0.016758730743892 
496	 1.69617796874135E-02 
497	 1.71849068807776E-02 
498	 1.74070261928709E-02 
499	 1.77092953801132E-02 
500	 1.80528338105323E-02 
501	 1.84113244639711E-02 
502	 0.018812316613752 
503	 1.91902516224851E-02 
504	 1.95660264292283E-02 
505	 0.019999579714963 
506	 2.05470261582332E-02 
507	 2.11485422213898E-02 
508	 2.17576694055287E-02 
509	 2.23563267216559E-02 
510	 2.29871025265465E-02 
511	 2.37182326916972E-02 
512	 2.45959344856112E-02 
513	 2.55100427403653E-02 
514	 2.64144996470947E-02 
515	 0.027315052131158 
516	 2.82715583543257E-02 
517	 2.93694458339326E-02 
518	 3.05756752188313E-02 
519	 3.17940450748412E-02 
520	 0.032914263143587 
521	 3.40439555131442E-02 
522	 3.52282490599654E-02 
523	 3.64353974588515E-02 
524	 3.76064227018508E-02 
525	 3.87123747278795E-02 
526	 3.97722062577871E-02 
527	 0.040939498553603 
528	 4.20079181709031E-02 
529	 4.29235946149641E-02 
530	 4.37726653485812E-02 
531	 4.45622600842043E-02 
532	 4.53176567963515E-02 
533	 4.60445280928677E-02 
534	 4.67290097763571E-02 
535	 4.73250292170653E-02 
536	 4.78332511368891E-02 
537	 4.82829569551889E-02 
538	 0.048697987910504 
539	 4.91114699832093E-02 
540	 4.95221458106704E-02 
541	 4.98535305151807E-02 
542	 5.01800470657802E-02 
543	 5.05041949253594E-02 
544	 5.07992518374257E-02 
545	 5.10379551714223E-02 
546	 5.12809688279018E-02 
547	 5.15417063611025E-02 
548	 5.17423563110607E-02 
549	 5.19314573190947E-02 
550	 5.20992845324315E-02 
551	 5.22236854301959E-02 
552	 5.23251953116229E-02 
553	 5.23484371786665E-02 
554	 5.22634956849846E-02 
555	 5.20740740399269E-02 
556	 5.18772125126827E-02 
557	 5.16445521339241E-02 
558	 0.051330058546212 
559	 5.09710889026275E-02 
560	 5.05470542168462E-02 
561	 5.00843409829567E-02 
562	 4.96430481737796E-02 
563	 0.049129313865972 
564	 4.85522782588355E-02 
565	 4.79367280158264E-02 
566	 0.047279925320849 
567	 4.66134784344525E-02 
568	 4.59338967353944E-02 
569	 4.52158346101684E-02 
570	 4.45308806199702E-02 
571	 4.38537280444805E-02 
572	 4.31659172774381E-02 
573	 4.24833382306079E-02 
574	 4.18560052382899E-02 
575	 4.12812461762469E-02 
576	 0.040748134693902 
577	 4.03214651298659E-02 
578	 3.99296248129318E-02 
579	 3.95408396987135E-02 
580	 3.92066877598581E-02 
581	 3.88234570554528E-02 
582	 3.84473734377742E-02 
583	 3.81543142090243E-02 
584	 3.78243979288501E-02 
585	 3.75334496592741E-02 
586	 3.73125791232624E-02 
587	 3.71285272703145E-02 
588	 3.69404663456742E-02 
589	 3.67556384934395E-02 
590	 3.65850949859864E-02 
591	 3.63602614062455E-02 
592	 3.61664453873693E-02 
593	 3.60264279734092E-02 
594	 3.59259565927544E-02 
595	 3.58350238727776E-02 
596	 3.57469983162191E-02 
597	 3.56586647855987E-02 
598	 0.035558741468456 
599	 3.54992803958291E-02 
600	 3.54226194084532E-02 
601	 3.52437952392296E-02 
602	 3.50815149600477E-02 
603	 3.49186941270386E-02 
604	 0.034730079773707 
605	 3.44988745393868E-02 
606	 3.41978759288751E-02 
607	 3.39002503222131E-02 
608	 3.36661228431542E-02 
609	 3.33551682458797E-02 
610	 3.30200866208482E-02 
611	 0.032682677422551 
612	 3.23218112368262E-02 
613	 0.031929549627793 
614	 3.15835663663036E-02 
615	 3.13215383303375E-02 
616	 3.10143698706826E-02 
617	 3.07149536761854E-02 
618	 3.04594160027002E-02 
619	 3.02561995932776E-02 
620	 3.00555656311172E-02 
621	 2.98621298114576E-02 
622	 2.96992810775377E-02 
623	 2.96192111345383E-02 
624	 2.95708063336755E-02 
625	 2.95217852267545E-02 
626	 2.94565923763126E-02 
627	 2.94095007662287E-02 
628	 2.93866311081587E-02 
629	 2.93668495406142E-02 
630	 2.93003010621711E-02 
631	 2.92851007155306E-02 
632	 2.92488820545671E-02 
633	 2.91311176527893E-02 
634	 2.90588137197429E-02 
635	 2.89279541820488E-02 
636	 2.87208389946462E-02 
637	 2.84807174638062E-02 
638	 0.028193569064291 
639	 0.027871795561103 
640	 2.75388315605217E-02 
641	 2.72443633077281E-02 
642	 2.69049581066576E-02 
643	 2.65315309422992E-02 
644	 2.61637130380141E-02 
645	 2.57910715782314E-02 
646	 2.54040282214279E-02 
647	 2.50424095053416E-02 
648	 2.47957251585096E-02 
649	 2.45894731031232E-02 
650	 2.43596543290268E-02 
651	 2.40854150463126E-02 
652	 0.023868689627817 
653	 2.36729355079733E-02 
654	 2.34770205168074E-02 
655	 0.023259219589875 
656	 2.30286958615477E-02 
657	 2.27306136886065E-02 
658	 2.23661720210852E-02 
659	 2.19882720984941E-02 
660	 2.16225756108449E-02 
661	 2.13046945953863E-02 
662	 2.10306980469983E-02 
663	 2.06419951173778E-02 
664	 2.03218753502157E-02 
665	 2.00787298314993E-02 
666	 1.97295344705486E-02 
667	 1.95405882011918E-02 
668	 1.94095846730119E-02 
669	 1.92430168394437E-02 
670	 0.019194760079405 
671	 1.91900902283141E-02 
672	 1.91560767426904E-02 
673	 1.90521816173868E-02 
674	 1.90869711318904E-02 
675	 1.91614046283316E-02 
676	 1.92192181411869E-02 
677	 1.93139043132391E-02 
678	 1.94041562280145E-02 
679	 1.95613667706761E-02 
680	 0.019842573199808 
681	 2.01323700321953E-02 
682	 2.04457248139415E-02 
683	 2.08358254373104E-02 
684	 2.13810322535383E-02 
685	 2.21531755021782E-02 
686	 2.31642078569836E-02 
687	 2.43902634460775E-02 
688	 2.55556949157218E-02 
689	 0.026867132706591 
690	 2.83576741761223E-02 
691	 2.99893991361161E-02 
692	 3.19329467927241E-02 
693	 3.42739677011761E-02 
694	 3.69427097759794E-02 
695	 3.96820617624888E-02 
696	 4.26172511744153E-02 
697	 4.57279995023189E-02 
698	 0.049090897879642 
699	 5.28082276179244E-02 
700	 5.67257115711674E-02 
701	 0.06072508742445 
702	 6.47308502041421E-02 
703	 6.87902133763471E-02 
704	 7.29200666192196E-02 
705	 7.71515823538828E-02 
706	 8.14182970980078E-02 
707	 8.58575972310645E-02 
708	 9.04217509478347E-02 
709	 0.095054958020715 
710	 9.97619047090361E-02 
711	 0.104627315657606 
712	 0.109685417484242 
713	 0.114897639335601 
714	 0.120290135754389 
715	 0.12571507307964 
716	 0.131333307366258 
717	 0.137382792344691 
718	 0.143863152690202 
719	 0.150521951463129 
720	 0.156897232196551 
721	 0.162885048097197 
722	 0.168762578794563 
723	 0.175179054532717 
724	 0.182016829038915 
725	 0.188673306971845 
726	 0.195151546789515 
727	 0.201668788446669 
728	 0.208129433375364 
729	 0.214448215340733 
730	 0.220627662598935 
731	 0.22664435807723 
732	 0.232393490147862 
733	 0.237892449575674 
734	 0.243246695504895 
735	 0.248518805114981 
736	 0.253671711955905 
737	 0.258569778753397 
738	 0.263182985032097 
739	 0.26758594240585 
740	 0.271802678225161 
741	 0.275784328727905 
742	 0.279483790303043 
743	 0.282920293432562 
744	 0.286138664116373 
745	 0.289163801743957 
746	 0.29197293548424 
747	 0.294545255544638 
748	 0.296992048414644 
749	 0.299313132366565 
750	 0.301352086498747 
751	 0.303245268241579 
752	 0.305031161039234 
753	 0.306704612379155 
754	 0.308200134761809 
755	 0.30961155791813 
756	 0.310977479722229 
757	 0.312401165491629 
758	 0.314394607567265 
759	 0.317374694154269 
760	 0.321317029100041 
761	 0.323533425757064 
762	 0.323879788646201 
763	 0.323401471744514 
764	 0.322817479212169 
765	 0.322039417533538 
766	 0.32146301272297 
767	 0.321145726325079 
768	 0.321072872601505 
769	 0.321269416695015 
770	 0.321598149430356 
771	 0.321951425386394 
772	 0.322265032664989 
773	 0.32261543581615 
774	 0.323017256788761 
775	 0.323433823965593 
776	 0.323756334861581 
777	 0.324085724000374 
778	 0.324413892756555 
779	 0.324719624024754 
780	 0.325088182951474 
781	 0.325427599709385 
782	 0.325727906955101 
783	 0.326030687892548 
784	 0.326330535291331 
785	 0.326639652034965 
786	 0.326956700976322 
787	 0.327267019313947 
788	 0.327606440305288 
789	 0.327932490427672 
790	 0.328216597814394 
791	 0.328514115210441 
792	 0.328831374327231 
793	 0.329131534153584 
794	 0.329376056517078 
795	 0.329616822200734 
796	 0.32987390347247 
797	 0.330140693333583 
798	 0.330397302226022 
799	 0.330706004721991 
800	 0.33097044036796 
801	 0.331168790882099 
802	 0.331447059641229 
803	 0.331776087003092 
804	 0.332058721085639 
805	 0.332234298617751 
806	 0.332411152103805 
807	 0.332682279025523 
808	 0.333026379190893 
809	 0.333331288672992 
810	 0.33342148628125 
811	 0.333528392779672 
812	 0.333782540388235 
813	 0.334158668481044 
814	 0.334394524240809 
815	 0.334559884190988 
816	 0.334784140649212 
817	 0.335169547600916 
818	 0.335334954628937 
819	 0.335413375298932 
820	 0.335613044852786 
821	 0.335852576345452 
822	 0.335999119723303 
823	 0.33612267158862 
824	 0.336365374598875 
825	 0.336591508672792 
826	 0.336775017253735 
827	 0.336905220081209 
828	 0.336983055764171 
829	 0.337128370745463 
830	 0.337231721078521 
831	 0.337267806562768 
832	 0.337410479442849 
833	 0.337620849284504 
834	 0.337796584471312 
835	 0.337896383009288 
836	 0.338054795791438 
837	 0.33832520105074 
838	 0.338593408787789 
839	 0.338727610701001 
840	 0.338942612751944 
841	 0.339191579787197 
842	 0.339410481686454 
843	 0.339548026318954 
844	 0.339778407132143 
845	 0.340011193491384 
846	 0.340203378702813 
847	 0.340428409430712 
848	 0.34060828612645 
849	 0.340750256686569 
850	 0.340883700614426 
851	 0.341030553395568 
852	 0.3412653060428 
853	 0.34149951297374 
854	 0.341642607788989 
855	 0.341792153083478 
856	 0.34205556040855 
857	 0.342314331796109 
858	 0.342387962095198 
859	 0.34251290732364 
860	 0.342712997718552 
861	 0.342920843338519 
862	 0.343023981955383 
863	 0.343187888970699 
864	 0.343327064082984 
865	 0.343451677685542 
866	 0.343780662671076 
867	 0.343896143319281 
868	 0.343917501681998 
869	 0.344040588275018 
870	 0.34433277512778 
871	 0.344462721931587 
872	 0.344553567861348 
873	 0.344784108437431 
874	 0.34489632457428 
875	 0.344929615819337 
876	 0.345006812131327 
877	 0.345244892226488 
878	 0.345584832050033 
879	 0.345689907827794 
880	 0.345607655043744 
881	 0.345700277491556 
882	 0.345861654616787 
883	 0.346036945821929 
884	 0.346177458445251 
885	 0.346250289787891 
886	 0.34623439390937 
887	 0.346274717184696 
888	 0.346425058781503 
889	 0.34649657218049 
890	 0.34645688920446 
891	 0.346493135516556 
892	 0.346683357396761 
893	 0.346662165003261 
894	 0.34670323830795 
895	 0.346765924652984 
896	 0.346742355541167 
897	 0.346738509621906 
898	 0.346874417798276 
899	 0.346980383594408 
900	 0.34685897222952 
901	 0.347078205840955 
902	 0.347107802102628 
903	 0.346879731899968 
904	 0.346701134069202 
905	 0.346932639754665 
906	 0.347286757900721 
907	 0.347534225079748 
908	 0.347570241958895 
909	 0.347412055768103 
910	 0.347089272208646 
911	 0.346828286935186 
912	 0.347039133596778 
913	 0.347040843690584 
914	 0.34695026594736 
915	 0.346936886716795 
916	 0.346924524871862 
917	 0.347091907067831 
918	 0.347224047458999 
919	 0.347133734394359 
920	 0.34692835275777 
921	 0.347041065406557 
922	 0.347083248761061 
923	 0.346666766831228 
924	 0.346326903407985 
925	 0.346053698332334 
926	 0.345577658251869 
927	 0.34466896072764 
928	 0.343986490756694 
929	 0.343643767004016 
930	 0.343225684539361 
931	 0.342057388029758 
932	 0.340951748185914 
933	 0.339569156728611 
934	 0.338012376938065 
935	 0.336859837942047 
936	 0.336698893686379 
937	 0.336383000751366 
938	 0.33595291684306 
939	 0.336224871085449 
940	 0.335691610774008 
941	 0.334613108811149 
942	 0.333593816328991 
943	 0.333274696910011 
944	 0.333009523075623 
945	 0.331901664801715 
946	 0.330209032932335 
947	 0.329493337180987 
948	 0.327889617279811 
949	 0.326472275657349 
950	 0.325837204260071 
951	 0.325261163528731 
952	 0.324444091231317 
953	 0.322687800331395 
954	 0.320488205548867 
955	 0.320115602642447 
956	 0.320323378975096 
957	 0.319531610050252 
958	 0.317654043074261 
959	 0.317236452548468 
960	 0.317027915036981 
961	 0.316883913899626 
962	 0.316864007410908 
963	 0.316934994069364 
964	 0.317254233674491 
965	 0.317201549001028 
966	 0.316474000156507 
967	 0.315852427707459 
968	 0.315698092076654 
969	 0.315933474027676 
970	 0.316283161058271 
971	 0.316480177227576 
972	 0.316082897961457 
973	 0.315781115685198 
974	 0.316076001193176 
975	 0.315696415461717 
976	 0.315799911001692 
977	 0.316236928502795 
978	 0.316501389539885 
979	 0.316544855261921 
980	 0.316916827321654 
981	 0.317076615107739 
982	 0.316674177308895 
983	 0.317384117982038 
984	 0.317998874749532 
985	 0.318171594760548 
986	 0.318254180446285 
987	 0.319817327558322 
988	 0.320204847906588 
989	 0.319803967018747 
990	 0.319995908596249 
991	 0.320683762398495 
992	 0.321416592042991 
993	 0.321888413826146 
994	 0.322046901791227 
995	 0.322401119600378 
996	 0.322521840747748 
997	 0.32240615338212 
998	 0.322357697853915 
999	 0.323023279285022 
1000	 0.32369399588034 
1001	 0.332133448390639 
1002	 0.332523464434368 
1003	 0.333077989476144 
1004	 0.333630188809456 
1005	 0.334085421811934 
1006	 0.334539280989466 
1007	 0.335089263554734 
1008	 0.335620358822516 
1009	 0.3359692258313 
1010	 0.336460350235924 
1011	 0.337116840554675 
1012	 0.337675979732089 
1013	 0.338281219826521 
1014	 0.339034906597584 
1015	 0.339753829843064 
1016	 0.340496919910951 
1017	 0.341223888114178 
1018	 0.341969009439377 
1019	 0.342626455621682 
1020	 0.343269497703813 
1021	 0.343826515151485 
1022	 0.344365371813083 
1023	 0.344841821887752 
1024	 0.345395460537038 
1025	 0.346118580948734 
1026	 0.346681855265331 
1027	 0.347310985083119 
1028	 0.347954404235215 
1029	 0.348169504894834 
1030	 0.348524044772088 
1031	 0.349016485972608 
1032	 0.349561573924828 
1033	 0.34997465267696 
1034	 0.350730831811087 
1035	 0.351495703031333 
1036	 0.352067167184295 
1037	 0.352582429640668 
1038	 0.353059356693711 
1039	 0.353631068527038 
1040	 0.354169900361895 
1041	 0.354639999042159 
1042	 0.355151409096811 
1043	 0.355521810500093 
1044	 0.355975006809587 
1045	 0.356398989581921 
1046	 0.357004544318184 
1047	 0.357456805431145 
1048	 0.357797389681855 
1049	 0.358007588753095 
1050	 0.358184107938783 
1051	 0.358438875058269 
1052	 0.358848025189049 
1053	 0.359332651783174 
1054	 0.359569192889975 
1055	 0.359856895334532 
1056	 0.36018684764631 
1057	 0.360478350262291 
1058	 0.360787430327328 
1059	 0.361075458410917 
1060	 0.361359255774081 
1061	 0.361548837698784 
1062	 0.361753989664516 
1063	 0.362025878543732 
1064	 0.362440327142562 
1065	 0.362749202188981 
1066	 0.363009850784066 
1067	 0.363279353891358 
1068	 0.363387501049027 
1069	 0.363629824498264 
1070	 0.363821463081972 
1071	 0.364019865763567 
1072	 0.364194463281302 
1073	 0.364369367631519 
1074	 0.364462645915791 
1075	 0.364522729128461 
1076	 0.364596311235977 
1077	 0.364641992489522 
1078	 0.364736702265059 
1079	 0.364823743443822 
1080	 0.364970239917169 
1081	 0.365069479548555 
1082	 0.364997755465522 
1083	 0.364896883388553 
1084	 0.364651710854372 
1085	 0.364543282231154 
1086	 0.364390670047131 
1087	 0.364305311546742 
1088	 0.364362443173723 
1089	 0.36433007520277 
1090	 0.364190913584115 
1091	 0.36414245620845 
1092	 0.364262127164941 
1093	 0.364187705083826 
1094	 0.364012130891198 
1095	 0.363988472240212 
1096	 0.363812689548333 
1097	 0.363426227440867 
1098	 0.36319868307217 
1099	 0.363070201834379 
1100	 0.362816178224578 
1101	 0.362522562437862 
1102	 0.362238654023402 
1103	 0.361867977073691 
1104	 0.361576211333406 
1105	 0.361397929406427 
1106	 0.36110128390103 
1107	 0.360796198157787 
1108	 0.360340151719445 
1109	 0.359997189479469 
1110	 0.359647743652306 
1111	 0.359364459173824 
1112	 0.359295385849128 
1113	 0.358987473588853 
1114	 0.358510366818112 
1115	 0.358104063391137 
1116	 0.357614637388275 
1117	 0.357142979073372 
1118	 0.356840213076417 
1119	 0.35625299025969 
1120	 0.35547717321834 
1121	 0.354617300502402 
1122	 0.353319131574142 
1123	 0.352226841577877 
1124	 0.351191314103107 
1125	 0.350413838081571 
1126	 0.349160876517079 
1127	 0.348161811498716 
1128	 0.346460996709164 
1129	 0.344263223930802 
1130	 0.342179686172311 
1131	 0.339765552573447 
1132	 0.337858812614237 
1133	 0.33644686924048 
1134	 0.334680649847317 
1135	 0.333213239402815 
1136	 0.331394370745195 
1137	 0.329061683023763 
1138	 0.327008563487325 
1139	 0.324971241996188 
1140	 0.322884858299971 
1141	 0.321035139460112 
1142	 0.319566640980196 
1143	 0.317401980770686 
1144	 0.315196993439449 
1145	 0.312692511886804 
1146	 0.309499358477487 
1147	 0.30700740798252 
1148	 0.304643376379452 
1149	 0.302487850887661 
1150	 0.300790856778101 
1151	 0.298911522231748 
1152	 0.296994895971263 
1153	 0.295311477609295 
1154	 0.293783807142 
1155	 0.292251106275155 
1156	 0.290912597876292 
1157	 0.289747488710829 
1158	 0.288765307575874 
1159	 0.287912765908519 
1160	 0.287158510157062 
1161	 0.286566299737564 
1162	 0.286043805986555 
1163	 0.285566166075402 
1164	 0.285120878315661 
1165	 0.284751230268166 
1166	 0.284393335899711 
1167	 0.284045751894493 
1168	 0.283704902381016 
1169	 0.283270563778107 
1170	 0.283063587785375 
1171	 0.283029136879978 
1172	 0.282945979022971 
1173	 0.282720491266372 
1174	 0.282482586959897 
1175	 0.282164019491642 
1176	 0.281462262512735 
1177	 0.281254077223451 
1178	 0.281359732118919 
1179	 0.281255363089934 
1180	 0.281243969842564 
1181	 0.281111421262817 
1182	 0.280798956005314 
1183	 0.280578728800188 
1184	 0.280415404570071 
1185	 0.280237674581375 
1186	 0.280036973562603 
1187	 0.279877128621366 
1188	 0.279786591709599 
1189	 0.279564645020541 
1190	 0.279527314358935 
1191	 0.279464288747779 
1192	 0.27925387291982 
1193	 0.279260894124715 
1194	 0.279248525181383 
1195	 0.27920705352203 
1196	 0.279171600586883 
1197	 0.279214186114878 
1198	 0.279191813732534 
1199	 0.279114154416938 
1200	 0.279121724431137 
1201	 0.279153300909702 
1202	 0.279233640832119 
1203	 0.279291457993989 
1204	 0.279425464888038 
1205	 0.279626328730173 
1206	 0.279935839796838 
1207	 0.28019120113388 
1208	 0.280478197150286 
1209	 0.280701599899317 
1210	 0.280839017653348 
1211	 0.281034272928736 
1212	 0.28120577034944 
1213	 0.281390612512029 
1214	 0.281730485621334 
1215	 0.282013471784509 
1216	 0.282289353446359 
1217	 0.282591970616712 
1218	 0.282940200372254 
1219	 0.283243469612504 
1220	 0.283511592891594 
1221	 0.283871961702742 
1222	 0.284266988262169 
1223	 0.284600407064326 
1224	 0.284901690393957 
1225	 0.285371688656666 
1226	 0.285754800117482 
1227	 0.286069723579609 
1228	 0.286464131663304 
1229	 0.286777182668812 
1230	 0.287064197300673 
1231	 0.287443345418289 
1232	 0.287783157392424 
1233	 0.28814928688505 
1234	 0.288593640344501 
1235	 0.288966260883915 
1236	 0.289334337898382 
1237	 0.289764151061731 
1238	 0.290102329599637 
1239	 0.290300644415841 
1240	 0.290610580269651 
1241	 0.290963892933739 
1242	 0.291307476178125 
1243	 0.291659540363425 
1244	 0.292108353397522 
1245	 0.29242959692883 
1246	 0.29262887114513 
1247	 0.29305351734445 
1248	 0.29350136879848 
1249	 0.29388235937727 
1250	 0.294312058034629 
1251	 0.294562229541283 
1252	 0.294772450285989 
1253	 0.295032924904221 
1254	 0.295268219029376 
1255	 0.295711161201589 
1256	 0.2960119580193 
1257	 0.296308463713772 
1258	 0.296766008234623 
1259	 0.29705246496592 
1260	 0.297078881233295 
1261	 0.297315964739996 
1262	 0.297668743469025 
1263	 0.29776716674804 
1264	 0.297930507131632 
1265	 0.298237505764487 
1266	 0.298338840333988 
1267	 0.298546610071581 
1268	 0.298732551462531 
1269	 0.298724134355433 
1270	 0.298824583533238 
1271	 0.298739440307717 
1272	 0.298488573259214 
1273	 0.298473258960608 
1274	 0.298548888191372 
1275	 0.29848288602313 
1276	 0.298342685525221 
1277	 0.298092837378151 
1278	 0.29772363475716 
1279	 0.297422797943592 
1280	 0.297125561490971 
1281	 0.297019812143461 
1282	 0.296776338345898 
1283	 0.296443027100327 
1284	 0.296031204566385 
1285	 0.295713340713601 
1286	 0.295347087436648 
1287	 0.29497270665362 
1288	 0.294554316928932 
1289	 0.294058839414953 
1290	 0.293548029549932 
1291	 0.292946650752819 
1292	 0.292435540633512 
1293	 0.291931269541465 
1294	 0.291356885330716 
1295	 0.29087860500785 
1296	 0.29022955048358 
1297	 0.289552647337271 
1298	 0.289082287386616 
1299	 0.288447955385322 
1300	 0.287730342260836 
1301	 0.286921686808332 
1302	 0.285884360296327 
1303	 0.284992546108841 
1304	 0.284160864303333 
1305	 0.283238801823708 
1306	 0.282304195028465 
1307	 0.281572317366419 
1308	 0.280483853416566 
1309	 0.279240092264027 
1310	 0.278134563044679 
1311	 0.276683380595848 
1312	 0.275479148756668 
1313	 0.274506570532352 
1314	 0.273099851827793 
1315	 0.271831506246333 
1316	 0.270536826023907 
1317	 0.268901889172464 
1318	 0.267637341138274 
1319	 0.266379559734616 
1320	 0.264807801336571 
1321	 0.263370456451207 
1322	 0.26183596245411 
1323	 0.260362958819771 
1324	 0.258919498617595 
1325	 0.257156793820739 
1326	 0.25568028979829 
1327	 0.254195806007856 
1328	 0.252427322001918 
1329	 0.250934425075177 
1330	 0.249252747097124 
1331	 0.247382808944873 
1332	 0.245398553620716 
1333	 0.243866637190648 
1334	 0.242300013916446 
1335	 0.240602824895208 
1336	 0.238984245779185 
1337	 0.23729171464243 
1338	 0.235391210813816 
1339	 0.233938918925418 
1340	 0.232978499394655 
1341	 0.231580218703653 
1342	 0.230291622072632 
1343	 0.229748030555343 
1344	 0.228743608807734 
1345	 0.22744366641382 
1346	 0.226741239975604 
1347	 0.225623671832373 
1348	 0.224258384445224 
1349	 0.223373859183435 
1350	 0.22257346396604 
1351	 0.221742328623055 
1352	 0.220542583142819 
1353	 0.219739745066776 
1354	 0.219202736300087 
1355	 0.218313096736321 
1356	 0.217953214099522 
1357	 0.216657283661679 
1358	 0.214003742130432 
1359	 0.211408692108753 
1360	 0.206512598544338 
1361	 0.201934990316633 
1362	 0.207014488604446 
1363	 0.213455390604283 
1364	 0.212665701162757 
1365	 0.206947446620926 
1366	 0.170734064103474 
1367	 0.138060966999625 
1368	 0.128846997624541 
1369	 0.167182161975384 
1370	 0.200618443311334 
1371	 0.18154023196067 
1372	 0.241524313014118 
1373	 0.284824107958564 
1374	 0.263187132446006 
1375	 0.303015220994004 
1376	 0.27246551225536 
1377	 0.171510781783721 
1378	 0.139471453171242 
1379	 0.192117020060786 
1380	 0.211114640047359 
1381	 0.202920811126228 
1382	 0.213787783827226 
1383	 0.212111395482419 
1384	 0.215262904674408 
1385	 0.211896965918507 
1386	 0.19363327593912 
1387	 0.154566387929576 
1388	 0.09040744631264 
1389	 7.02420865308653E-02 
1390	 7.58148814242399E-02 
1391	 8.49929716975955E-02 
1392	 8.71331841739362E-02 
1393	 0.138002049810281 
1394	 0.133001173934763 
1395	 0.075520693117717 
1396	 6.82694458648557E-02 
1397	 6.93104910126279E-02 
1398	 5.77440154618979E-02 
1399	 9.10110202962142E-02 
1400	 0.107217372107111 
1401	 7.04503893299722E-02 
1402	 5.69999979510506E-02 
1403	 6.87685114416666E-02 
1404	 7.54197045552181E-02 
1405	 8.18646164941541E-02 
1406	 8.07070429551067E-02 
1407	 7.26448527769917E-02 
1408	 7.22304031685269E-02 
1409	 7.35264745550987E-02 
1410	 0.069055519491478 
1411	 6.46352231139909E-02 
1412	 5.99252953287355E-02 
1413	 5.81691665025694E-02 
1414	 5.97113053812512E-02 
1415	 5.96412889244385E-02 
1416	 6.00963809548799E-02 
1417	 5.90500235456729E-02 
1418	 5.57899058543105E-02 
1419	 5.63598580139896E-02 
1420	 5.63967187277325E-02 
1421	 5.40260627509335E-02 
1422	 5.55635273276862E-02 
1423	 5.70678652606912E-02 
1424	 5.64285061396299E-02 
1425	 5.65385498365543E-02 
1426	 5.60210081360674E-02 
1427	 5.44371726738578E-02 
1428	 5.30718220347487E-02 
1429	 5.43376989888817E-02 
1430	 5.56544517592855E-02 
1431	 5.61170705234308E-02 
1432	 0.056349294555079 
1433	 5.43028419745512E-02 
1434	 5.20388595960006E-02 
1435	 5.21605507888034E-02 
1436	 5.26987892738817E-02 
1437	 0.053005508933028 
1438	 0.052678725240653 
1439	 5.20919141029506E-02 
1440	 5.18429130377339E-02 
1441	 5.16711092243208E-02 
1442	 5.17205388030884E-02 
1443	 0.051285326541733 
1444	 5.05270578932563E-02 
1445	 5.04126787690408E-02 
1446	 0.050959010552664 
1447	 5.11218755773493E-02 
1448	 5.08455172121194E-02 
1449	 5.05519719603319E-02 
1450	 5.03222969301423E-02 
1451	 5.06315250216358E-02 
1452	 5.09428866993608E-02 
1453	 5.08429696599711E-02 
1454	 0.050858682715551 
1455	 5.07534271555171E-02 
1456	 5.02212564889849E-02 
1457	 5.01900779225205E-02 
1458	 5.05875814931764E-02 
1459	 5.04705858426171E-02 
1460	 5.05615061228877E-02 
1461	 5.09455991692334E-02 
1462	 5.08524442626415E-02 
1463	 5.10024250380011E-02 
1464	 5.12963628938205E-02 
1465	 5.12197994283206E-02 
1466	 5.13964697831437E-02 
1467	 0.051475976876742 
1468	 5.13013024348105E-02 
1469	 5.16219317028923E-02 
1470	 5.20824773927731E-02 
1471	 5.25914115481889E-02 
1472	 5.30170351308384E-02 
1473	 5.37386630147086E-02 
1474	 5.43720298040715E-02 
1475	 5.47598629466217E-02 
1476	 5.52882580659229E-02 
1477	 5.57703289046722E-02 
1478	 5.60884725934425E-02 
1479	 5.65511765731192E-02 
1480	 5.68993850039339E-02 
1481	 5.72914922543655E-02 
1482	 5.80400491926657E-02 
1483	 5.84995227363965E-02 
1484	 5.88170357716167E-02 
1485	 5.94551050560078E-02 
1486	 6.01119835545382E-02 
1487	 6.07661703938773E-02 
1488	 0.061395077499675 
1489	 6.19092645033211E-02 
1490	 0.062444285905339 
1491	 6.28979441417072E-02 
1492	 6.31494464153458E-02 
1493	 6.36806670471632E-02 
1494	 6.43743331456371E-02 
1495	 6.46666472708869E-02 
1496	 6.50561203063773E-02 
1497	 6.58381738578839E-02 
1498	 6.64733720847071E-02 
1499	 6.69717229218318E-02 
1500	 6.78860063789213E-02 
1501	 0.068669268558016 
1502	 6.89771637821077E-02 
1503	 6.95914041374163E-02 
1504	 7.03442850270038E-02 
1505	 0.07097200365061 
1506	 7.16400457775734E-02 
1507	 7.21748703893464E-02 
1508	 7.26702481951221E-02 
1509	 7.32530563122597E-02 
1510	 7.39295477562481E-02 
1511	 7.46160074554388E-02 
1512	 7.52351602186479E-02 
1513	 7.59911319200811E-02 
1514	 7.67672252408449E-02 
1515	 7.74338479958091E-02 
1516	 7.82360586010547E-02 
1517	 7.88788950234576E-02 
1518	 7.93254218278039E-02 
1519	 8.01052802255494E-02 
1520	 8.09043066598733E-02 
1521	 8.14976885417875E-02 
1522	 0.0821828544168 
1523	 8.28178144091395E-02 
1524	 0.083506255674352 
1525	 8.43190409687803E-02 
1526	 8.50360648458181E-02 
1527	 8.58000897994765E-02 
1528	 8.65102489102068E-02 
1529	 8.70206170170678E-02 
1530	 8.76392122157592E-02 
1531	 8.83815553912011E-02 
1532	 8.92039982906036E-02 
1533	 8.99109147530173E-02 
1534	 9.08206848709403E-02 
1535	 9.15027484322102E-02 
1536	 9.18317120006574E-02 
1537	 9.25210143313447E-02 
1538	 0.093365145056877 
1539	 9.40289911942513E-02 
1540	 9.47792720725193E-02 
1541	 0.095614994626155 
1542	 9.62349254949643E-02 
1543	 9.67895180507437E-02 
1544	 9.75481637047569E-02 
1545	 9.83148999143151E-02 
1546	 9.88696861532351E-02 
1547	 9.95446630589386E-02 
1548	 0.100250849637683 
1549	 0.100779328886031 
1550	 0.101441240076136 
1551	 0.102283541995111 
1552	 0.10300340992629 
1553	 0.103518278224664 
1554	 0.104157598915548 
1555	 0.104853654925689 
1556	 0.105443485258249 
1557	 0.106245895303247 
1558	 0.106967349078279 
1559	 0.107374075577409 
1560	 0.107943667960044 
1561	 0.108626737250695 
1562	 0.10939440700796 
1563	 0.110321463846146 
1564	 0.111075166404316 
1565	 0.111558110642361 
1566	 0.111899276555855 
1567	 0.112332908866515 
1568	 0.112890892435608 
1569	 0.113583088539681 
1570	 0.114380884144321 
1571	 0.114976009688738 
1572	 0.115520653807891 
1573	 0.11634510756586 
1574	 0.117165017981132 
1575	 0.117697711746194 
1576	 0.118192345789822 
1577	 0.118674722478374 
1578	 0.11905001066905 
1579	 0.119650694230005 
1580	 0.120374998617035 
1581	 0.120911577220737 
1582	 0.121482692405092 
1583	 0.122038318408034 
1584	 0.122553624456464 
1585	 0.123192788008917 
1586	 0.123684645048663 
1587	 0.124109708754635 
1588	 0.124686054120074 
1589	 0.125162326427088 
1590	 0.125559593417462 
1591	 0.126153244718405 
1592	 0.126797677886802 
1593	 0.127234944806232 
1594	 0.1277136093885 
1595	 0.128251713608424 
1596	 0.128639720941271 
1597	 0.129219784255284 
1598	 0.129879264695236 
1599	 0.130389682216361 
1600	 0.131024149675376 
1601	 0.131501454126991 
1602	 0.131874564726643 
1603	 0.132502861286333 
1604	 0.132928132044128 
1605	 0.133216770980094 
1606	 0.133793804804488 
1607	 0.134379117732276 
1608	 0.134902664607081 
1609	 0.135468118578855 
1610	 0.135877948026808 
1611	 0.136206454617226 
1612	 0.13670962175459 
1613	 0.137275281380718 
1614	 0.137874182756699 
1615	 0.138388929966287 
1616	 0.13860559215201 
1617	 0.13893274790667 
1618	 0.139451520408888 
1619	 0.139893194821553 
1620	 0.140371328365137 
1621	 0.140828501724162 
1622	 0.141185581849862 
1623	 0.141519069514471 
1624	 0.141838746792407 
1625	 0.142168843359754 
1626	 0.142498511758345 
1627	 0.142794982784869 
1628	 0.143057301980045 
1629	 0.143485439624858 
1630	 0.144043148754288 
1631	 0.144354682819547 
1632	 0.144676120893828 
1633	 0.145172550760235 
1634	 0.145466396415591 
1635	 0.1456986100786 
1636	 0.146029371686634 
1637	 0.146188717011089 
1638	 0.146391464052225 
1639	 0.146900142032787 
1640	 0.147295312941535 
1641	 0.14760443200949 
1642	 0.147925659439678 
1643	 0.147936174010972 
1644	 0.14816630627585 
1645	 0.148659860714223 
1646	 0.14888613341189 
1647	 0.149272540269283 
1648	 0.149602742120276 
1649	 0.149571238663106 
1650	 0.149744780038161 
1651	 0.149878109495872 
1652	 0.149867762527574 
1653	 0.150133246527067 
1654	 0.150399275695842 
1655	 0.150536714016973 
1656	 0.150817650673073 
1657	 0.15099283263071 
1658	 0.150971695325525 
1659	 0.151089810479217 
1660	 0.151168157562264 
1661	 0.151242547490926 
1662	 0.151443409726248 
1663	 0.151537525760262 
1664	 0.151483375643112 
1665	 0.151510254801348 
1666	 0.151534064305366 
1667	 0.151506074168263 
1668	 0.151790690948971 
1669	 0.151923523380767 
1670	 0.151862101215065 
1671	 0.152039708774305 
1672	 0.151895817089319 
1673	 0.151555727715391 
1674	 0.151694256471964 
1675	 0.151766784728689 
1676	 0.151512253275067 
1677	 0.15172576326013 
1678	 0.151970842944323 
1679	 0.151645170081659 
1680	 0.151472943581891 
1681	 0.151608892387862 
1682	 0.151461402520083 
1683	 0.151341821595437 
1684	 0.151714941012879 
1685	 0.151734964711415 
1686	 0.151226655702777 
1687	 0.150970529175927 
1688	 0.150506518187259 
1689	 0.150105381705252 
1690	 0.150288068392874 
1691	 0.150109630644863 
1692	 0.149775019874821 
1693	 0.149635135260417 
1694	 0.149349836594228 
1695	 0.149435032285562 
1696	 0.149635756708327 
1697	 0.149361341721633 
1698	 0.149055943381082 
1699	 0.148625604385371 
1700	 0.148250719858443 
1701	 0.148381184446771 
1702	 0.148299095846791 
1703	 0.148102166218887 
1704	 0.147772169234026 
1705	 0.147470281060577 
1706	 0.147151407058456 
1707	 0.14693301793839 
1708	 0.146820833304616 
1709	 0.146609969955283 
1710	 0.146343667762192 
1711	 0.146055763937009 
1712	 0.145693304142099 
1713	 0.145417577353342 
1714	 0.145267428281448 
1715	 0.145026502703913 
1716	 0.14471589194475 
1717	 0.144454374393641 
1718	 0.144151957119979 
1719	 0.143879851446953 
1720	 0.143793398072762 
1721	 0.143474937977409 
1722	 0.143004294208941 
1723	 0.142534628034749 
1724	 0.141764419610504 
1725	 0.141408866234271 
1726	 0.141435930758798 
1727	 0.141117370366941 
1728	 0.140759849987194 
1729	 0.140496327040969 
1730	 0.140087458231961 
1731	 0.139647330548486 
1732	 0.139350932817088 
1733	 0.139049456355196 
1734	 0.13860566955896 
1735	 0.138175625088942 
1736	 0.137991823252233 
1737	 0.137546174365213 
1738	 0.136584633591708 
1739	 0.136198760801068 
1740	 0.136112669229248 
1741	 0.135860920195918 
1742	 0.135996299835223 
1743	 0.135675372919525 
1744	 0.134962045496603 
1745	 0.134472536555746 
1746	 0.133881891975099 
1747	 0.133327913513335 
1748	 0.132878455387006 
1749	 0.132419364856542 
1750	 0.131900056554619 
1751	 0.131577161103525 
1752	 0.131165780168478 
1753	 0.130765632560067 
1754	 0.130275416596665 
1755	 0.129678134108788 
1756	 0.128993275493996 
1757	 0.128266581078143 
1758	 0.127824829999259 
1759	 0.127617717814955 
1760	 0.127461396959507 
1761	 0.127353426953483 
1762	 0.126882029354766 
1763	 0.125780411947061 
1764	 0.124922275430847 
1765	 0.124491284568874 
1766	 0.124045517531299 
1767	 0.124281517685828 
1768	 0.124378183009789 
1769	 0.123774643467044 
1770	 0.123197959300608 
1771	 0.122316548452487 
1772	 0.121702260021607 
1773	 0.121249980790351 
1774	 0.120811107229794 
1775	 0.120520049598476 
1776	 0.120062601329197 
1777	 0.119404784896913 
1778	 0.119144753211724 
1779	 0.119142498225848 
1780	 0.119116030546272 
1781	 0.119496033775281 
1782	 0.119577016752832 
1783	 0.119238248281434 
1784	 0.119196925274519 
1785	 0.119346469505678 
1786	 0.119296168226859 
1787	 0.119530079830722 
1788	 0.119326577267529 
1789	 0.118481923847943 
1790	 0.11816827828307 
1791	 0.117625659671559 
1792	 0.117559156031926 
1793	 0.11837717388768 
1794	 0.118395871265358 
1795	 0.118231619272493 
1796	 0.118209162985165 
1797	 0.117759853630328 
1798	 0.117549435639693 
1799	 0.117871249506947 
1800	 0.117574743461016 
1801	 0.116419585416729 
1802	 0.116291548561128 
1803	 0.116509880177349 
1804	 0.1168843948659 
1805	 0.118129756216581 
1806	 0.119352351308381 
1807	 0.121315091329069 
1808	 0.122206808723232 
1809	 0.122479478486989 
1810	 0.125183694959601 
1811	 0.124975575573933 
1812	 0.124937138136072 
1813	 0.128634706129239 
1814	 0.128616127573308 
1815	 0.126082711289002 
1816	 0.129417376122198 
1817	 0.128552501921952 
1818	 0.123497406025781 
1819	 0.11982923655494 
1820	 0.10713493201077 
1821	 0.103490963940042 
1822	 0.115369184656302 
1823	 0.121775933633724 
1824	 0.134942173318378 
1825	 0.147541623045985 
1826	 0.156482340926536 
1827	 0.160929069179822 
1828	 0.165040256867073 
1829	 0.162874838477777 
1830	 0.134965090826983 
1831	 7.69719730181461E-02 
1832	 1.98369621466874E-02 
1833	 1.69228083152659E-02 
1834	 0.108874971409544 
1835	 0.199943576942468 
1836	 0.235527398158264 
1837	 0.347583652160631 
1838	 0.479975057244319 
1839	 0.267998003679287 
1840	-0.213286838960223 
1841	-7.99910862252442E-03 
1842	-4.34744748107674E-03 
1843	-0.16503492417428 
1844	-0.183781017505601 
1845	 2.32408621915965 
1846	-14.4416330971429 
1847	 0.744623179116054 
1848	-0.18237390926757 
1849	-0.252469462163699 
1850	 0.244909229818594 
1851	 0.292997576712816 
1852	 1.80547000340366 
1853	 1.1143386451629 
1854	-6.08798005682708 
1855	-6.37968215558813 
1856	-1.45039520035681 
1857	-0.683712726072284 
1858	-1.48399648584486 
1859	-0.256310357759971 
1860	 2.82182303049355 
1861	 23.244308760327 
1862	 8.93773819444721 
1863	 0.781004202376337 
1864	 0.665846168234764 
1865	 0.418675467047984 
1866	 6.17414032520286E-02 
1867	 0.241816165114306 
1868	 0.150251490119692 
1869	-9.21925054561857E-02 
1870	-0.379695420189683 
1871	-0.587281933639436 
1872	-1.13403329883649 
1873	-0.448412936409073 
1874	 0.127857741162798 
1875	 0.141343207964686 
1876	 0.235245678134743 
1877	 0.194871802917117 
1878	-0.139084019898554 
1879	-0.416475591133873 
1880	-0.352903567927235 
1881	-0.116965881038328 
1882	-3.88385462971816E-02 
1883	 0.320436751425117 
1884	 0.35790112332549 
1885	 0.305657326958483 
1886	 0.12723029923523 
1887	-1.77443142395043E-02 
1888	-0.207746755101687 
1889	-0.300397865642069 
1890	-0.136522242770117 
1891	-7.01098587486186E-02 
1892	 7.13207532566392E-02 
1893	 0.082369422121932 
1894	 1.59869032806256E-02 
1895	-2.37496293880096E-02 
1896	-0.212255321654229 
1897	-0.128610104845476 
1898	-3.92615409559724E-02 
1899	-9.26105340368388E-02 
1900	 0.196291985856525 
1901	 0.25267051046791 
1902	 0.115529898327644 
1903	-0.359541877766244 
1904	-0.331260197500962 
1905	-0.219450142684153 
1906	-0.27119871295157 
1907	-0.207455279696929 
1908	 1.26724241707147E-02 
1909	-5.46363486012468E-03 
1910	-0.155704403746049 
1911	-0.264827729604087 
1912	-0.221141278257493 
1913	-0.137131364441093 
1914	-2.23104801355944E-02 
1915	 2.85395709457764E-02 
1916	 0.149536430020931 
1917	 0.133856382860322 
1918	 4.85814155974774E-02 
1919	 2.62018251752622E-03 
1920	 1.02819341915127E-02 
1921	 1.48968822311947E-02 
1922	 2.77733638207789E-02 
1923	 0.015564974986961 
1924	 7.45016723648907E-03 
1925	-2.33159373332103E-02 
1926	-3.86356925982513E-03 
1927	-5.52804765129671E-03 
1928	-8.70451031231029E-03 
1929	 1.63809864096683E-02 
1930	 9.52366587793222E-03 
1931	-8.75230365186634E-03 
1932	-1.30936968490488E-02 
1933	-1.03579292619428E-02 
1934	-1.58028578515982E-03 
1935	 1.88035917673487E-03 
1936	 1.22761515128773E-02 
1937	 2.15704031364276E-02 
1938	 2.60928531994138E-02 
1939	 0.021240087293452 
1940	 1.30933890263782E-02 
1941	 8.59831445169459E-03 
1942	 8.85815600354549E-03 
1943	 1.30538366198553E-02 
1944	 1.79513431820572E-02 
1945	 2.06563086115839E-02 
1946	 2.03698973413192E-02 
1947	 1.47789408832244E-02 
1948	 7.59534242294695E-03 
1949	 4.99544822606911E-03 
1950	 6.11406576133372E-03 
1951	 1.15989816504164E-02 
1952	 1.52104730088669E-02 
1953	 1.58521220674001E-02 
1954	 1.50608607206719E-02 
1955	 1.00268638241245E-02 
1956	 8.84972955288065E-03 
1957	 1.04219693991905E-02 
1958	 9.85961555881029E-03 
1959	 9.71278698996765E-03 
1960	 1.23153532973102E-02 
1961	 1.34589284748109E-02 
1962	 1.11097179738897E-02 
1963	 1.17020232472812E-02 
1964	 1.45925856789006E-02 
1965	 1.42948357395964E-02 
1966	 1.48394056913794E-02 
1967	 1.74684680930569E-02 
1968	 1.66528123346203E-02 
1969	 1.61770552418445E-02 
1970	 1.49302173522907E-02 
1971	 1.56397440394125E-02 
1972	 0.016342701006026 
1973	 0.017646107729364 
1974	 1.86912437137705E-02 
1975	 1.79919330555882E-02 
1976	 1.66719256219123E-02 
1977	 1.63769406014345E-02 
1978	 1.66004605178373E-02 
1979	 1.67344204636665E-02 
1980	 1.67449463581096E-02 
1981	 1.59344713383274E-02 
1982	 1.58188246901905E-02 
1983	 1.55519515518923E-02 
1984	 1.65290192837182E-02 
1985	 1.75005576830731E-02 
1986	 1.80187667446796E-02 
1987	 1.79407505671033E-02 
1988	 1.79391498208625E-02 
1989	 1.85066190421043E-02 
1990	 1.91260346002555E-02 
1991	 1.97074440018213E-02 
1992	 1.98952711336521E-02 
1993	 2.00541388982202E-02 
1994	 1.96312226195487E-02 
1995	 1.91354188989491E-02 
1996	 1.81464355526391E-02 
1997	 1.87357465020187E-02 
1998	 1.92236415707378E-02 
1999	 1.88929658604174E-02 
2000	 2.02498113160251E-02 
2001	 2.18187263829456E-02 
2002	 0.021109449484375 
2003	 2.10762377029468E-02 
2004	 0.02355909505041 
2005	 2.36709188522445E-02 
2006	 0.023257485157349 
2007	 2.23220265950968E-02 
2008	 0.022903000256233 
2009	 2.31989727981217E-02 
2010	 0.022507712181185 
2011	 2.30828145625006E-02 
2012	 2.26682843429551E-02 
2013	 2.12489672966953E-02 
2014	 0.021484120113136 
2015	 2.32672609927938E-02 
2016	 2.44479613988295E-02 
2017	 2.44696567545875E-02 
2018	 2.49208086353382E-02 
2019	 2.56407490032162E-02 
2020	 2.71179640282117E-02 
2021	 0.027053066806455 
2022	 2.67623268152546E-02 
2023	 2.57758825083613E-02 
2024	 2.58648169751128E-02 
2025	 2.56174486078288E-02 
2026	 2.48698818685636E-02 
2027	 2.59614015277193E-02 
2028	 2.66501510018585E-02 
2029	 2.60715271491634E-02 
2030	 2.70675548344896E-02 
2031	 2.87338931273704E-02 
2032	 2.91222984706861E-02 
2033	 2.81988552428907E-02 
2034	 2.83716700485711E-02 
2035	 2.88829437251862E-02 
2036	 2.87473308729892E-02 
2037	 2.88340592022748E-02 
2038	 2.96929397828076E-02 
2039	 3.05162660841211E-02 
2040	 3.06244287119981E-02 
2041	 3.04422615699636E-02 
2042	 3.11263161970436E-02 
2043	 3.16621493127216E-02 
2044	 3.11855204050745E-02 
2045	 3.11055577121136E-02 
2046	 3.12377541971248E-02 
2047	 3.12500452285983E-02 
2048	 3.11013777289949E-02 
2049	 3.13724194799579E-02 
2050	 3.22599595752261E-02 
2051	 3.21473434026231E-02 
2052	 3.17208685592172E-02 
2053	 3.20161273343075E-02 
2054	 3.26462169830379E-02 
2055	 3.33660556317762E-02 
2056	 3.44870654588763E-02 
2057	 0.034647415830558 
2058	 3.37520758139807E-02 
2059	 3.29197556449799E-02 
2060	 3.28797367837306E-02 
2061	 3.37293971784094E-02 
2062	 0.033726798673706 
2063	 3.33726384245608E-02 
2064	 3.39048751621363E-02 
2065	 3.45141697696949E-02 
2066	 3.50598946915566E-02 
2067	 3.55596816793031E-02 
2068	 3.61478802444994E-02 
2069	 3.69750809028143E-02 
2070	 3.74481532127413E-02 
2071	 3.77582211661154E-02 
2072	 0.038543728165488 
2073	 3.88857849362073E-02 
2074	 3.83765103324991E-02 
2075	 3.84184343206534E-02 
2076	 3.95799765147452E-02 
2077	 0.039469576208764 
2078	 3.78882869966682E-02 
2079	 3.81317030690063E-02 
2080	 3.90019735341083E-02 
2081	 3.95567913640408E-02 
2082	 4.04719466292754E-02 
2083	 4.11814116409555E-02 
2084	 4.06889979944252E-02 
2085	 4.02779487810662E-02 
2086	 4.12237721780375E-02 
2087	 4.17976040502142E-02 
2088	 4.11748806449529E-02 
2089	 4.15362851482671E-02 
2090	 4.20295601113661E-02 
2091	 4.24352901459824E-02 
2092	 4.24433692129292E-02 
2093	 4.27423765170417E-02 
2094	 4.29723148431806E-02 
2095	 4.25796592068322E-02 
2096	 0.042705519553709 
2097	 4.37451985749683E-02 
2098	 0.04380305433134 
2099	 4.36619203177503E-02 
2100	 4.41579994211055E-02 
2101	 4.43770401257682E-02 
2102	 4.46390829964851E-02 
2103	 4.58089293557022E-02 
2104	 4.66669869034142E-02 
2105	 0.046512374427772 
2106	 4.65805245392938E-02 
2107	 4.65813918201515E-02 
2108	 4.56330021420966E-02 
2109	 4.55646849988935E-02 
2110	 4.60644146395221E-02 
2111	 4.64432293309818E-02 
2112	 4.71450816684239E-02 
2113	 4.75723060457377E-02 
2114	 4.78323378280599E-02 
2115	 4.84312012481609E-02 
2116	 4.88199741521237E-02 
2117	 4.89946895062221E-02 
2118	 0.049045018657033 
2119	 4.93887943968399E-02 
2120	 5.02557865794103E-02 
2121	 5.07673976579372E-02 
2122	 0.050459230714018 
2123	 5.05708422326953E-02 
2124	 0.050718479006015 
2125	 5.04295373698476E-02 
2126	 5.05389511999358E-02 
2127	 5.13533749208864E-02 
2128	 5.14378512330571E-02 
2129	 5.10664902172909E-02 
2130	 5.13751762814609E-02 
2131	 5.17110919575548E-02 
2132	 0.051975689484418 
2133	 5.25869836645499E-02 
2134	 5.32599307440804E-02 
2135	 5.39254961839228E-02 
2136	 0.053962838353183 
2137	 5.33958457465138E-02 
2138	 5.38553883258094E-02 
2139	 0.054616905530375 
2140	 0.054588154637897 
2141	 5.49481585537974E-02 
2142	 5.55242656060389E-02 
2143	 5.57602470297767E-02 
2144	 5.47373974141982E-02 
2145	 0.054903291501605 
2146	 5.62784526670558E-02 
2147	 5.66932575690093E-02 
2148	 5.67661856687406E-02 
2149	 5.68444472469376E-02 
2150	 5.65258876650669E-02 
2151	 5.64296916544044E-02 
2152	 5.59245211327987E-02 
2153	 5.66046862814986E-02 
2154	 0.057054494336772 
2155	 5.67608203373271E-02 
2156	 0.057113129872952 
2157	 0.05744236467277 
2158	 5.75731092293618E-02 
2159	 5.77196297623342E-02 
2160	 5.74452217865962E-02 
2161	 0.057230310411063 
2162	 5.75124456267271E-02 
2163	 5.79454198958367E-02 
2164	 5.81485629837693E-02 
2165	 5.80593643908565E-02 
2166	 0.058338154069756 
2167	 5.86994853740891E-02 
2168	 0.059186943941317 
2169	 6.04566940564997E-02 
2170	 6.06152131389563E-02 
2171	 5.96542790298863E-02 
2172	 5.96684046864713E-02 
2173	 5.97453643805305E-02 
2174	 5.97096145964887E-02 
2175	 6.02237621679906E-02 
2176	 6.07501092707474E-02 
2177	 0.06040703701012 
2178	 0.059920121774594 
2179	 5.98206998358671E-02 
2180	 6.00728995247547E-02 
2181	 6.04792676605078E-02 
2182	 6.09399348287422E-02 
2183	 6.09567448848323E-02 
2184	 6.05476702391781E-02 
2185	 6.06657177438195E-02 
2186	 6.07559128566143E-02 
2187	 6.08898296115907E-02 
2188	 6.18699587771916E-02 
2189	 6.20998351080637E-02 
2190	 6.14353504857913E-02 
2191	 6.12875457175002E-02 
2192	 6.08267240147777E-02 
2193	 0.061028146043146 
2194	 6.22870044316775E-02 
2195	 6.28943607886361E-02 
2196	 6.41348935527704E-02 
2197	 6.36216098568062E-02 
2198	 6.27751869644339E-02 
2199	 6.26549339535791E-02 
2200	 0.062568850444969 
2201	 6.36309511257094E-02 
2202	 6.45297205899283E-02 
2203	 6.45583592853375E-02 
2204	 6.39007470275676E-02 
2205	 6.31010320989691E-02 
2206	 6.42252572380786E-02 
2207	 6.54950786184051E-02 
2208	 6.52244695036843E-02 
2209	 6.57724865270964E-02 
2210	 6.61193376175254E-02 
2211	 6.51312200729986E-02 
2212	 6.45134177006664E-02 
2213	 0.064890270283588 
2214	 6.50060418595226E-02 
2215	 6.42907484340672E-02 
2216	 6.43144282859797E-02 
2217	 6.54756568319276E-02 
2218	 6.53581242826866E-02 
2219	 6.43183767186873E-02 
2220	 6.39846817228123E-02 
2221	 6.36501441016581E-02 
2222	 6.33088969075053E-02 
2223	 6.28879510537467E-02 
2224	 6.27625860802729E-02 
2225	 6.34701162995314E-02 
2226	 0.063367301693751 
2227	 6.29707295770797E-02 
2228	 6.31467910685927E-02 
2229	 6.24330448364905E-02 
2230	 6.28197138472575E-02 
2231	 6.43874395582793E-02 
2232	 6.37535628276765E-02 
2233	 6.20434707938217E-02 
2234	 6.15916951437278E-02 
2235	 0.062094450571348 
2236	 6.28293151075857E-02 
2237	 6.28504601445829E-02 
2238	 6.32599163493369E-02 
2239	 6.32847545765418E-02 
2240	 6.26930745069367E-02 
2241	 6.20548345089447E-02 
2242	 6.09775420134588E-02 
2243	 6.03062876886493E-02 
2244	 0.059664991693212 
2245	 0.059085212413185 
2246	 5.84854134093178E-02 
2247	 5.92670347854589E-02 
2248	 6.14056966682217E-02 
2249	 0.061251821725193 
2250	 6.01287489474967E-02 
2251	 6.11544022163868E-02 
2252	 6.20265151268782E-02 
2253	 0.060394238677126 
2254	 5.92049084393167E-02 
2255	 5.88666238137087E-02 
2256	 5.77494312348624E-02 
2257	 5.56896769732966E-02 
2258	 5.55163868281398E-02 
2259	 5.77537877064082E-02 
2260	 5.73697050312408E-02 
2261	 5.60124151276522E-02 
2262	 5.64806468007918E-02 
2263	 5.55864605451601E-02 
2264	 5.39390795438778E-02 
2265	 5.35613253115028E-02 
2266	 5.40630055439415E-02 
2267	 5.49329181653802E-02 
2268	 5.54164865673783E-02 
2269	 5.52841187904585E-02 
2270	 5.49143838562054E-02 
2271	 5.42606899839022E-02 
2272	 5.36738144135436E-02 
2273	 5.41685501508586E-02 
2274	 5.39550853356057E-02 
2275	 5.30219996625161E-02 
2276	 5.25092655866221E-02 
2277	 5.17253002619061E-02 
2278	 5.16445603848485E-02 
2279	 5.24756987854522E-02 
2280	 5.20448360213505E-02 
2281	 5.12944989081378E-02 
2282	 5.15311738656717E-02 
2283	 5.11713552954875E-02 
2284	 5.05592656494075E-02 
2285	 5.11371886313695E-02 
2286	 0.051117348301025 
2287	 5.04136193771353E-02 
2288	 4.95535921829114E-02 
2289	 4.87945521879153E-02 
2290	 4.86265633792805E-02 
2291	 4.91675286660991E-02 
2292	 4.95183189495482E-02 
2293	 4.97560677623369E-02 
2294	 4.96900184179311E-02 
2295	 4.96396637472328E-02 
2296	 4.90023846790651E-02 
2297	 4.90693523521944E-02 
2298	 0.050586561806582 
2299	 5.04691124761099E-02 
2300	 4.96541945941363E-02 
2301	 4.97716714756468E-02 
2302	 4.92466476617099E-02 
2303	 4.82579121637382E-02 
2304	 4.83526260200658E-02 
2305	 4.89760077022159E-02 
2306	 4.83148918780435E-02 
2307	 4.73810511806673E-02 
2308	 0.046424899380778 
2309	 4.41376366311143E-02 
2310	 4.32417767812963E-02 
2311	 4.57167927174339E-02 
2312	 4.68554792282358E-02 
2313	 4.59767256576474E-02 
2314	 4.69771071482045E-02 
2315	 4.60975225297187E-02 
2316	 4.23624902163443E-02 
2317	 4.31223506069823E-02 
2318	 4.54119749757574E-02 
2319	 0.044127134895041 
2320	 3.95156622983579E-02 
2321	 4.10254346440953E-02 
2322	 4.35025656917583E-02 
2323	 4.28463870499689E-02 
2324	 4.57789224365744E-02 
2325	 4.57578167350966E-02 
2326	 0.040821878229862 
2327	 3.95822323555736E-02 
2328	 0.039283142715696 
2329	 3.89390667954075E-02 
2330	 4.01503257809819E-02 
2331	 4.00496544634457E-02 
2332	 3.97880105499168E-02 
2333	 3.98626358053498E-02 
2334	 3.85531637102729E-02 
2335	 0.037241565416006 
2336	 3.72257756131673E-02 
2337	 0.037875836795947 
2338	 3.79786842051823E-02 
2339	 0.037780159273267 
2340	 3.81850724765089E-02 
2341	 3.76360489856285E-02 
2342	 0.035658267933221 
2343	 3.52703942674542E-02 
2344	 3.58793076694729E-02 
2345	 3.70786549370375E-02 
2346	 3.53881684579413E-02 
2347	 3.31240086619641E-02 
2348	 3.50345764979519E-02 
2349	 3.63875517237097E-02 
2350	 3.43209115933564E-02 
2351	 3.28028382179089E-02 
2352	 3.22225971650833E-02 
2353	 3.04207867427642E-02 
2354	 3.26150188911619E-02 
2355	 3.96481381930887E-02 
2356	 4.12276799978528E-02 
2357	 3.60711560089365E-02 
2358	 3.38604513553196E-02 
2359	 3.68156254347481E-02 
2360	 3.80439312818037E-02 
2361	 3.57526617235424E-02 
2362	 3.54102926706717E-02 
2363	 3.42245399988375E-02 
2364	 3.38112873404274E-02 
2365	 3.84423108809583E-02 
2366	 4.05848785578887E-02 
2367	 3.97308113810507E-02 
2368	 3.87495391416371E-02 
2369	 3.69308494931302E-02 
2370	 3.60137831667661E-02 
2371	 3.56274285117714E-02 
2372	 3.27626329848195E-02 
2373	 3.07004483633713E-02 
2374	 2.92144192043802E-02 
2375	 2.80328803636904E-02 
2376	 2.85129651668105E-02 
2377	 0.024493701961136 
2378	 2.24118177191871E-02 
2379	 0.026116031243126 
2380	 3.10838970086524E-02 
2381	 3.61900414605564E-02 
2382	 3.87352548312863E-02 
2383	 3.84296189290831E-02 
2384	 3.37754082485702E-02 
2385	 2.38240106164198E-02 
2386	 1.94289410400343E-02 
2387	 2.30684692987882E-02 
2388	 2.34366076253593E-02 
2389	 2.64263900776676E-02 
2390	 3.17098381734138E-02 
2391	 2.66935793530234E-02 
2392	 1.70593277367896E-02 
2393	 1.87901436590961E-02 
2394	 2.49797214060617E-02 
2395	 2.08524785959714E-02 
2396	 2.39609352546778E-02 
2397	 0.033731523214147 
2398	 3.25620866075702E-02 
2399	 2.91726730431881E-02 
2400	 2.48809036961353E-02 
2401	 1.84909568202585E-02 
2402	 1.50547779233796E-02 
2403	 1.59608118320468E-02 
2404	 0.020566502681518 
2405	 2.66117584777847E-02 
2406	 2.72089585500202E-02 
2407	 2.74504116509838E-02 
2408	 3.89458321846235E-02 
2409	 0.036318995001416 
2410	 2.31213057587891E-02 
2411	 0.0233277558353 
2412	 1.90549059797083E-02 
2413	 1.25835795223654E-02 
2414	 1.64252312154681E-02 
2415	 1.69323305566808E-02 
2416	 9.63183230794366E-03 
2417	 1.16298053800729E-02 
2418	 2.16893029179372E-02 
2419	 2.40186595879087E-02 
2420	 1.45660798570376E-02 
2421	 2.70430347671872E-03 
2422	-2.66506262476114E-03 
2423	-1.07111353598556E-02 
2424	-1.22087992821302E-02 
2425	 2.03693852871351E-03 
2426	 1.11161711740198E-02 
2427	 0.011377205167257 
2428	 1.65798914952861E-02 
2429	 1.86787826558632E-02 
2430	 2.00532153760004E-02 
2431	 3.71943669349925E-02 
2432	 3.89778906527129E-02 
2433	 2.49617699224623E-02 
2434	 1.48046311070139E-02 
2435	-3.57553722097785E-03 
2436	 3.17133684063736E-03 
2437	 2.91498896834899E-02 
2438	 3.91360492216259E-02 
2439	 3.99150341605286E-02 
2440	 3.27415957688691E-02 
2441	 1.74185094999386E-02 
2442	-9.10061057336812E-04 
2443	-2.53027135859503E-03 
2444	-3.54703590883578E-03 
2445	-1.38950044249743E-02 
2446	 7.25641121556497E-03 
2447	 1.85728551602552E-02 
2448	 5.8737931717638E-03 
2449	 0.02151434931727 
2450	 2.63255231791726E-02 
2451	-9.23885007091352E-03 
2452	-1.24669369247013E-02 
2453	 6.87790800709887E-03 
2454	-1.74495753327147E-02 
2455	-6.49766592131938E-03 
2456	 1.10623370641054E-02 
2457	-2.07519194341311E-02 
2458	-2.27307117795324E-02 
2459	-2.68038843095596E-02 
2460	-0.044623299287533 
2461	-0.026997563790721 
2462	-2.62456647545894E-02 
2463	-3.18359549636839E-02 
2464	 1.15324279607626E-02 
2465	 4.97645999877009E-03 
2466	-2.47448314013532E-02 
2467	-4.30855781663487E-03 
2468	-3.82807888609363E-02 
2469	-5.27663087851329E-02 
2470	-5.05381676729761E-02 
2471	-5.03045213925597E-02 
2472	-3.76660207310632E-02 
2473	-1.06109850267916E-02 
2474	 5.19035965784887E-02 
2475	 6.37886596737085E-02 
2476	 1.92514020535656E-02 
2477	 1.03491311164764E-02 
2478	-2.60384812331287E-03 
2479	-3.04943811239129E-02 
2480	-6.89687770146331E-03 
2481	-6.14183483581047E-02 
2482	-0.146990093645214 
2483	-0.107318086556275 
2484	-0.035117026337044 
2485	-6.5432130729171E-03 
2486	 7.06106732899729E-02 
2487	 5.59203273181851E-02 
2488	-5.94519903561473E-02 
2489	-0.123970365558051 
2490	-8.78615199788329E-02 
2491	-0.061175990663375 
2492	-0.228956339374264 
2493	-0.515504760404686 
2494	-0.727269108909018 
2495	-0.826401699080203 
2496	-0.611341997748896 
2497	-0.362406320224771 
2498	-0.128955638714713 
2499	 0.071440968939286 
2500	 9.24208723718515E-02 
