Wavelength	09/27/123 at 12:32:08
350	 4.42185234819326E-03 
351	 4.00701919196435E-03 
352	 4.12914251753764E-03 
353	 4.35083233329353E-03 
354	 3.89842796750168E-03 
355	 4.30603195716648E-03 
356	 4.62215398820034E-03 
357	 4.31869602151676E-03 
358	 4.19808774584048E-03 
359	 4.34899455910154E-03 
360	 4.49534676803105E-03 
361	 4.25330751013474E-03 
362	 4.15232535637085E-03 
363	 4.34789584394685E-03 
364	 4.69564927681311E-03 
365	 4.51495415516311E-03 
366	 4.45775210925652E-03 
367	 4.50151788511856E-03 
368	 4.37945725923321E-03 
369	 4.6434691021521E-03 
370	 4.83034781719146E-03 
371	 4.69146213087886E-03 
372	 4.70861384721029E-03 
373	 4.77754179448287E-03 
374	 4.80137370941738E-03 
375	 4.68736717946109E-03 
376	 4.53106277601883E-03 
377	 4.63732581604733E-03 
378	 5.04426091958969E-03 
379	 5.19682432267766E-03 
380	 5.02674760134199E-03 
381	 4.8645088895744E-03 
382	 5.19090877275106E-03 
383	 5.44228342485443E-03 
384	 5.6632773245741E-03 
385	 5.84462945666526E-03 
386	 5.64458710004677E-03 
387	 5.63425655184163E-03 
388	 5.81871922987407E-03 
389	 5.96191498978493E-03 
390	 6.16174325458001E-03 
391	 6.41844169124097E-03 
392	 6.69019605700948E-03 
393	 6.86854923252485E-03 
394	 7.09439162225533E-03 
395	 7.24664882897531E-03 
396	 7.16758024709827E-03 
397	 7.20525316960162E-03 
398	 7.38650657192708E-03 
399	 7.64517516181662E-03 
400	 7.83094986299428E-03 
401	 8.01830032967625E-03 
402	 8.1643951927836E-03 
403	 8.22127061449291E-03 
404	 8.3902243308664E-03 
405	 8.65958072521965E-03 
406	 8.96210315106724E-03 
407	 9.16665915079836E-03 
408	 9.39960959313069E-03 
409	 9.63174031074691E-03 
410	 9.80375724012195E-03 
411	 1.00907459795846E-02 
412	 1.02950791000175E-02 
413	 1.04030306987752E-02 
414	 1.07676714617071E-02 
415	 1.11745894629941E-02 
416	 1.14448581729094E-02 
417	 1.14663671584675E-02 
418	 1.15392288812697E-02 
419	 0.011660560566668 
420	 1.18201040994073E-02 
421	 0.012059641685269 
422	 1.22038418504892E-02 
423	 1.23129214285903E-02 
424	 1.25108542361742E-02 
425	 1.27028329892336E-02 
426	 1.28742734651463E-02 
427	 1.30206353851677E-02 
428	 1.31430367275052E-02 
429	 1.32370107849141E-02 
430	 0.013303869512812 
431	 1.33630746797546E-02 
432	 1.35268761029978E-02 
433	 1.36509044519307E-02 
434	 1.36896123838006E-02 
435	 1.37418653101741E-02 
436	 1.38781258397622E-02 
437	 1.40489734758666E-02 
438	 0.014175333466249 
439	 1.42633913653157E-02 
440	 0.014355842362706 
441	 1.44627797774081E-02 
442	 1.45475540326339E-02 
443	 1.46834210963902E-02 
444	 1.47975826522256E-02 
445	 1.48296846266229E-02 
446	 1.50022960640851E-02 
447	 1.52202072023756E-02 
448	 1.54018417629332E-02 
449	 1.55027628510672E-02 
450	 0.01566602237124 
451	 1.58326017260093E-02 
452	 1.59191141661468E-02 
453	 1.60392261898483E-02 
454	 1.61191138494071E-02 
455	 0.016159407554965 
456	 1.62565352876402E-02 
457	 1.63618615611146E-02 
458	 1.64894981102297E-02 
459	 0.016637535222691 
460	 1.66685329306371E-02 
461	 1.66822259569017E-02 
462	 1.67220549404893E-02 
463	 1.67626411375585E-02 
464	 0.016808080572452 
465	 1.69022308324089E-02 
466	 1.70465701288247E-02 
467	 1.70396526738142E-02 
468	 1.70422948576108E-02 
469	 1.71005257234673E-02 
470	 1.71475674129588E-02 
471	 1.71999449497242E-02 
472	 1.72732466379033E-02 
473	 1.73680315983681E-02 
474	 0.017437059280786 
475	 1.74941043283364E-02 
476	 1.75374343907412E-02 
477	 1.75558861592587E-02 
478	 1.75934938832041E-02 
479	 1.76747306248452E-02 
480	 1.77969254080473E-02 
481	 1.78981945558613E-02 
482	 1.79654354551618E-02 
483	 1.80221680277867E-02 
484	 1.81187422742676E-02 
485	 1.82509293395095E-02 
486	 1.83827255747254E-02 
487	 1.84965520313931E-02 
488	 0.01864466360236 
489	 1.87666025036139E-02 
490	 1.88970347583155E-02 
491	 1.91081480265736E-02 
492	 1.92830460738436E-02 
493	 1.94961295391388E-02 
494	 1.97737530256632E-02 
495	 1.99794765132866E-02 
496	 2.01976101474705E-02 
497	 2.04850308068175E-02 
498	 2.08783751020854E-02 
499	 0.021323548310455 
500	 2.17795837311039E-02 
501	 2.22508596015626E-02 
502	 2.28299034819237E-02 
503	 0.023367109941713 
504	 0.023882472528649 
505	 2.44662225966547E-02 
506	 2.51807943947133E-02 
507	 2.59552822857632E-02 
508	 2.67422487660711E-02 
509	 2.75387586151487E-02 
510	 2.83883573138219E-02 
511	 2.93556116243169E-02 
512	 3.04775007625225E-02 
513	 3.16083991615235E-02 
514	 3.27708256207143E-02 
515	 3.39986421466215E-02 
516	 3.53208548390381E-02 
517	 3.66912178995273E-02 
518	 3.81560250624005E-02 
519	 3.97062945896522E-02 
520	 4.11018544542946E-02 
521	 4.24996267888613E-02 
522	 4.39630962834735E-02 
523	 4.54435812554038E-02 
524	 4.68783637397767E-02 
525	 0.048306261218043 
526	 4.97457809591391E-02 
527	 5.10666246118486E-02 
528	 5.23056998051309E-02 
529	 5.34800190378322E-02 
530	 5.46134246770636E-02 
531	 5.56094013526606E-02 
532	 5.65344396746193E-02 
533	 5.74405423380689E-02 
534	 5.83035971418569E-02 
535	 5.90735512218871E-02 
536	 5.97197829956648E-02 
537	 0.060240085626258 
538	 6.08063260726601E-02 
539	 6.13906328076185E-02 
540	 6.19362948938583E-02 
541	 6.23896634326249E-02 
542	 6.28141715560461E-02 
543	 6.32147456209068E-02 
544	 6.35783379745572E-02 
545	 6.39215238824935E-02 
546	 6.42762765411845E-02 
547	 6.46292473106761E-02 
548	 6.48858679501615E-02 
549	 6.51615472448159E-02 
550	 6.54266277289993E-02 
551	 6.56097365580752E-02 
552	 6.56964477112413E-02 
553	 6.57142235617963E-02 
554	 6.56629112290838E-02 
555	 6.55045334142097E-02 
556	 0.065309502242093 
557	 6.50442921888714E-02 
558	 6.46671887367104E-02 
559	 6.42118210673846E-02 
560	 6.37339111735144E-02 
561	 6.32476720268458E-02 
562	 6.27213177674564E-02 
563	 6.20948615583951E-02 
564	 6.13770371948805E-02 
565	 6.05998297124023E-02 
566	 0.059801148024552 
567	 5.90366287070582E-02 
568	 5.82687623049458E-02 
569	 5.74039722213939E-02 
570	 5.65602381010277E-02 
571	 5.57388235150683E-02 
572	 0.054929132172986 
573	 5.41219830749394E-02 
574	 5.33534054398222E-02 
575	 0.052640111061233 
576	 5.19992587509097E-02 
577	 5.14295901927407E-02 
578	 5.08872316298297E-02 
579	 5.03579131038212E-02 
580	 4.98752354819722E-02 
581	 4.94000649340821E-02 
582	 4.89464004991513E-02 
583	 4.85341513989622E-02 
584	 4.81054920142326E-02 
585	 0.047742406972216 
586	 4.74724808101783E-02 
587	 4.72489933257235E-02 
588	 4.69829586314176E-02 
589	 4.66927148669557E-02 
590	 4.64339013012978E-02 
591	 4.62154540849354E-02 
592	 4.59998841091808E-02 
593	 4.57957332632501E-02 
594	 4.56529191636818E-02 
595	 4.55634388875213E-02 
596	 4.54596115525946E-02 
597	 4.52959839752391E-02 
598	 4.50849344695638E-02 
599	 4.49353467256225E-02 
600	 4.48145987828389E-02 
601	 4.46328128940533E-02 
602	 4.44317411210723E-02 
603	 4.41945044715141E-02 
604	 4.39144587329707E-02 
605	 4.36054130198172E-02 
606	 4.32479405012083E-02 
607	 4.29020042912532E-02 
608	 4.26068792787142E-02 
609	 4.22149213841368E-02 
610	 4.17603004484612E-02 
611	 4.13054892315117E-02 
612	 4.09193973239248E-02 
613	 4.04598630611406E-02 
614	 4.00230245676745E-02 
615	 3.96854533809851E-02 
616	 3.93108259961624E-02 
617	 3.89867068625449E-02 
618	 3.86915671058305E-02 
619	 3.83443152798249E-02 
620	 3.80663554649402E-02 
621	 3.78632786375446E-02 
622	 3.77098349640312E-02 
623	 3.75549725983378E-02 
624	 3.74394655180136E-02 
625	 3.73466706082028E-02 
626	 3.72515335166045E-02 
627	 3.72011470681865E-02 
628	 3.71906350948724E-02 
629	 3.71818720084446E-02 
630	 3.71037007097955E-02 
631	 3.70850438932429E-02 
632	 3.70441084577434E-02 
633	 3.69071469152989E-02 
634	 3.68075980925118E-02 
635	 3.66634102783437E-02 
636	 3.64231772294441E-02 
637	 3.60737721098213E-02 
638	 3.57392478708987E-02 
639	 3.53919040507201E-02 
640	 0.034992586469165 
641	 3.45276090466553E-02 
642	 3.40617402042028E-02 
643	 3.35956618747879E-02 
644	 3.31076968310169E-02 
645	 3.26281957630943E-02 
646	 3.21784509229031E-02 
647	 3.17618766965708E-02 
648	 3.13544003835558E-02 
649	 0.03101487052217 
650	 3.07320637391733E-02 
651	 3.04694156897253E-02 
652	 3.01820005992681E-02 
653	 2.98940357452732E-02 
654	 2.96268120500611E-02 
655	 2.93770140890811E-02 
656	 2.90306649405105E-02 
657	 2.86486137673686E-02 
658	 2.82808377376917E-02 
659	 2.78623722631117E-02 
660	 2.73886922438658E-02 
661	 2.69008936799237E-02 
662	 2.64468580191365E-02 
663	 2.60633521640461E-02 
664	 2.57100627587922E-02 
665	 2.53546451568843E-02 
666	 2.49715304869777E-02 
667	 2.46721685053693E-02 
668	 2.44466953774028E-02 
669	 2.42725918167287E-02 
670	 2.41855282074499E-02 
671	 2.41095854753331E-02 
672	 2.40105002978388E-02 
673	 2.39008638933657E-02 
674	 2.39589635886702E-02 
675	 2.40283244895965E-02 
676	 2.40575846825757E-02 
677	 2.41973968159045E-02 
678	 2.43409650097134E-02 
679	 2.45295969839693E-02 
680	 2.48151458513499E-02 
681	 2.51176996980016E-02 
682	 2.55586842460715E-02 
683	 2.61327583291556E-02 
684	 2.67508719111323E-02 
685	 2.76154509204405E-02 
686	 2.88564330317041E-02 
687	 3.04559404779593E-02 
688	 3.18084245950662E-02 
689	 0.033305516071082 
690	 3.50658264488496E-02 
691	 3.70701217781021E-02 
692	 3.94289030099582E-02 
693	 4.21577090765693E-02 
694	 4.52105190568262E-02 
695	 4.84309219224759E-02 
696	 5.18644568983118E-02 
697	 5.54872364376819E-02 
698	 5.93783724850282E-02 
699	 6.35799390121627E-02 
700	 6.79244817007173E-02 
701	 7.23418285821877E-02 
702	 7.68134916351748E-02 
703	 8.12835990863478E-02 
704	 8.58154667581982E-02 
705	 9.04572406392907E-02 
706	 9.51023354296191E-02 
707	 9.98752388240016E-02 
708	 0.104742957544986 
709	 0.109674697418286 
710	 0.114699442385343 
711	 0.119911116610866 
712	 0.12533482030076 
713	 0.130904330549161 
714	 0.136596739359592 
715	 0.142263265712326 
716	 0.148163555248348 
717	 0.154768157584786 
718	 0.161682194207266 
719	 0.168705389235988 
720	 0.175491844996342 
721	 0.181787444029334 
722	 0.187981426787527 
723	 0.194762311665922 
724	 0.201971697950994 
725	 0.209069699191855 
726	 0.215913082209653 
727	 0.222707929580878 
728	 0.22952869672202 
729	 0.236206210697496 
730	 0.242710440759963 
731	 0.249014128705288 
732	 0.255065684030187 
733	 0.260810985292336 
734	 0.26639080913671 
735	 0.271944004412131 
736	 0.27738519818741 
737	 0.282493366607368 
738	 0.28725088013919 
739	 0.291876448864792 
740	 0.296273136175799 
741	 0.30041373220826 
742	 0.30429241389731 
743	 0.307922911283816 
744	 0.311295577418627 
745	 0.314422622900789 
746	 0.317305158867215 
747	 0.320030376025104 
748	 0.322598982361944 
749	 0.324974838110994 
750	 0.32708915611873 
751	 0.329121104025169 
752	 0.331029649123668 
753	 0.332746138195675 
754	 0.334272290930253 
755	 0.335735643932439 
756	 0.337127948197014 
757	 0.33848426729471 
758	 0.340384110483881 
759	 0.343456452816839 
760	 0.347893624400765 
761	 0.350740724523117 
762	 0.351135051732654 
763	 0.350524500255884 
764	 0.349943388719687 
765	 0.349086747241034 
766	 0.348360090111793 
767	 0.347922168998963 
768	 0.347832579643036 
769	 0.34800259181315 
770	 0.348290559013069 
771	 0.348646801640313 
772	 0.349090223265592 
773	 0.349447091755294 
774	 0.349808494530222 
775	 0.350213229975077 
776	 0.350524724731315 
777	 0.350881493366433 
778	 0.351289210334874 
779	 0.351697439879295 
780	 0.352038311267375 
781	 0.352372092294258 
782	 0.35271027650763 
783	 0.353032542782773 
784	 0.353360802181511 
785	 0.353703412000465 
786	 0.354037332425134 
787	 0.354309864226322 
788	 0.354630038370295 
789	 0.354987274926753 
790	 0.355345074018837 
791	 0.355680398423856 
792	 0.35601199519176 
793	 0.35631546744968 
794	 0.356568239205163 
795	 0.356835711555868 
796	 0.357145556942903 
797	 0.357453274400466 
798	 0.357674840838237 
799	 0.357948729188219 
800	 0.358250775573285 
801	 0.358552949060775 
802	 0.358871874756496 
803	 0.359120803415492 
804	 0.359333899931751 
805	 0.359582387418126 
806	 0.359946552701844 
807	 0.360197633423839 
808	 0.360403790329767 
809	 0.360732403517575 
810	 0.360947939728471 
811	 0.361147713520932 
812	 0.361358381639023 
813	 0.361523932970197 
814	 0.361827421504665 
815	 0.362096877462736 
816	 0.362280771940283 
817	 0.362721149521571 
818	 0.363007100002684 
819	 0.363183659900017 
820	 0.363395850462217 
821	 0.363627637857193 
822	 0.36383116685035 
823	 0.364025757283646 
824	 0.364248545913694 
825	 0.364416991726708 
826	 0.36456200556815 
827	 0.364710968584965 
828	 0.364872446754844 
829	 0.364972574718047 
830	 0.365032992512769 
831	 0.365164106101068 
832	 0.36558618618239 
833	 0.365780940356822 
834	 0.365832824421358 
835	 0.365950663045747 
836	 0.366131082525626 
837	 0.366406640588936 
838	 0.366645121435262 
839	 0.366727095083247 
840	 0.367003980362589 
841	 0.367289886340683 
842	 0.367524918872247 
843	 0.36776278332067 
844	 0.367986833193069 
845	 0.368169560485856 
846	 0.36832949768417 
847	 0.368551557785 
848	 0.368724447839342 
849	 0.368926180681085 
850	 0.369191564234814 
851	 0.369338856659617 
852	 0.369542968130686 
853	 0.369837317165109 
854	 0.370160802431112 
855	 0.370269908299607 
856	 0.370493186307452 
857	 0.370766800975329 
858	 0.370860903689933 
859	 0.370970951840093 
860	 0.371196042978733 
861	 0.371463160454274 
862	 0.371580050205783 
863	 0.371770964795018 
864	 0.371884791011144 
865	 0.371899726832199 
866	 0.372085392439232 
867	 0.372341475942695 
868	 0.372576504486604 
869	 0.372774173033703 
870	 0.373102591846665 
871	 0.373116166177204 
872	 0.37310638346851 
873	 0.373416361230068 
874	 0.373575803155304 
875	 0.373756515389499 
876	 0.373968939842758 
877	 0.374151210298065 
878	 0.374429296533875 
879	 0.374527677689893 
880	 0.374502706874034 
881	 0.374665297422914 
882	 0.374673051532236 
883	 0.374762345651322 
884	 0.375010072601997 
885	 0.375230182779669 
886	 0.375274926492621 
887	 0.375253217109164 
888	 0.375325678620295 
889	 0.375598820884872 
890	 0.375642120128559 
891	 0.375637075600677 
892	 0.375767037414791 
893	 0.375788237395128 
894	 0.375685552013876 
895	 0.375564991477093 
896	 0.375584780204406 
897	 0.375837280245758 
898	 0.375940835589501 
899	 0.375997877030525 
900	 0.376252480214019 
901	 0.376200667975091 
902	 0.376136914905258 
903	 0.376126587093976 
904	 0.376073868419715 
905	 0.376335649880708 
906	 0.376630432212291 
907	 0.376743369886473 
908	 0.376608933552556 
909	 0.376550495066011 
910	 0.376451862003321 
911	 0.376241377273691 
912	 0.376016532234356 
913	 0.376108466727962 
914	 0.376356028977558 
915	 0.376520767939963 
916	 0.37641060880281 
917	 0.3764159785853 
918	 0.376538869792622 
919	 0.37664111976489 
920	 0.376540232594646 
921	 0.376441896371701 
922	 0.376258392131299 
923	 0.375901172409476 
924	 0.375596569994917 
925	 0.375229440378825 
926	 0.374617253820767 
927	 0.373718283963377 
928	 0.373311846161762 
929	 0.373159523644576 
930	 0.372708798403667 
931	 0.371370648395927 
932	 0.370228524683362 
933	 0.36874209828548 
934	 0.367432730975226 
935	 0.367316311095163 
936	 0.366030704163664 
937	 0.364871397720637 
938	 0.364382150517053 
939	 0.364185576879738 
940	 0.364263858509929 
941	 0.364005535087227 
942	 0.363349775360905 
943	 0.362794191586535 
944	 0.362248613752353 
945	 0.361382707438025 
946	 0.360062099305745 
947	 0.358515916655275 
948	 0.357883194202037 
949	 0.356786924088328 
950	 0.355047477271033 
951	 0.354647470852925 
952	 0.354425595018592 
953	 0.352824793385091 
954	 0.350074952379772 
955	 0.349151733504003 
956	 0.34862737077098 
957	 0.348227637372289 
958	 0.347857884146033 
959	 0.347325249716561 
960	 0.347070401038341 
961	 0.346865156842208 
962	 0.346417240144917 
963	 0.345606317450166 
964	 0.345703203750413 
965	 0.345895646911171 
966	 0.345378426011194 
967	 0.344549415129516 
968	 0.345078776744939 
969	 0.346058988650494 
970	 0.346345422593208 
971	 0.346405532653311 
972	 0.346106446628399 
973	 0.345590670750634 
974	 0.345213512367862 
975	 0.345806137182843 
976	 0.346090904826316 
977	 0.346083724517892 
978	 0.346214629201524 
979	 0.346530104617405 
980	 0.346826031280708 
981	 0.346703695209283 
982	 0.346264744156581 
983	 0.347424885107133 
984	 0.348446739459207 
985	 0.348873360282112 
986	 0.348874531370558 
987	 0.348754925182355 
988	 0.349061801321951 
989	 0.349613124989411 
990	 0.350063818473425 
991	 0.350836041632779 
992	 0.350997942224321 
993	 0.351232300451392 
994	 0.352278680224912 
995	 0.352371493364336 
996	 0.352722091131774 
997	 0.353223288771426 
998	 0.353314558668141 
999	 0.352906512768173 
1000	 0.353650030032581 
1001	 0.351059404321408 
1002	 0.351643727957584 
1003	 0.352260987409111 
1004	 0.352929015764004 
1005	 0.353635746367484 
1006	 0.354392814677378 
1007	 0.355285385103913 
1008	 0.356075225512041 
1009	 0.356696268595245 
1010	 0.357171701285714 
1011	 0.357624647431073 
1012	 0.358032969752627 
1013	 0.358337829981634 
1014	 0.359084621755387 
1015	 0.359989864051091 
1016	 0.360698703703529 
1017	 0.361448047099576 
1018	 0.362343959121529 
1019	 0.36312364220057 
1020	 0.363736562061915 
1021	 0.364398168412265 
1022	 0.364941597531245 
1023	 0.365355775594415 
1024	 0.36580157018884 
1025	 0.366139884852668 
1026	 0.36664545965307 
1027	 0.367465558991382 
1028	 0.368139378015406 
1029	 0.368724980962325 
1030	 0.369320466267273 
1031	 0.369868617006381 
1032	 0.37026624823453 
1033	 0.370677920952038 
1034	 0.371185757978335 
1035	 0.371677528345647 
1036	 0.37215046667968 
1037	 0.372692491396542 
1038	 0.37336593308898 
1039	 0.374049547033971 
1040	 0.374595616320392 
1041	 0.375154729667313 
1042	 0.375605242943413 
1043	 0.375971706649544 
1044	 0.376453605981473 
1045	 0.377060691055269 
1046	 0.37750092339072 
1047	 0.377904149526865 
1048	 0.378574403191153 
1049	 0.379012489799646 
1050	 0.379399388111543 
1051	 0.380011924564367 
1052	 0.380294133502846 
1053	 0.380495392114566 
1054	 0.380817007461388 
1055	 0.381013669341203 
1056	 0.381211455834818 
1057	 0.381483189427497 
1058	 0.381838618392016 
1059	 0.382160087831268 
1060	 0.382425762341923 
1061	 0.382917053503915 
1062	 0.383353469852869 
1063	 0.383843237250075 
1064	 0.384478679934871 
1065	 0.384696295794498 
1066	 0.38475978079943 
1067	 0.38486258529395 
1068	 0.384910430709685 
1069	 0.385060296994491 
1070	 0.385244415780878 
1071	 0.385596064356751 
1072	 0.385838951168633 
1073	 0.386065281769025 
1074	 0.386235331914274 
1075	 0.386408743673705 
1076	 0.386537202123215 
1077	 0.386523823754973 
1078	 0.386524447088936 
1079	 0.386618797616071 
1080	 0.386685957279345 
1081	 0.386793832314733 
1082	 0.386902745337649 
1083	 0.386870863628873 
1084	 0.386671448597349 
1085	 0.386563424716596 
1086	 0.386389373884157 
1087	 0.386257577068022 
1088	 0.386148106965319 
1089	 0.38606393014574 
1090	 0.386023354226918 
1091	 0.385891294205421 
1092	 0.385694373994864 
1093	 0.385539571466615 
1094	 0.385300870668165 
1095	 0.385228796714729 
1096	 0.38523778443991 
1097	 0.385526681381598 
1098	 0.385435848655523 
1099	 0.385313980551816 
1100	 0.385059564060079 
1101	 0.384471765627589 
1102	 0.384107950274607 
1103	 0.383785522964191 
1104	 0.383457873446139 
1105	 0.383160587240087 
1106	 0.382855572314528 
1107	 0.382567069628814 
1108	 0.382236082516632 
1109	 0.381939918780682 
1110	 0.381751329921902 
1111	 0.381429031565374 
1112	 0.381010146862536 
1113	 0.380697490863083 
1114	 0.380398487140474 
1115	 0.379987984105324 
1116	 0.379654476907875 
1117	 0.379150732716512 
1118	 0.378350177416359 
1119	 0.377607273367562 
1120	 0.376821678746676 
1121	 0.37602098302304 
1122	 0.375212275137509 
1123	 0.374319610486298 
1124	 0.373382149248452 
1125	 0.372640905741142 
1126	 0.371330819690799 
1127	 0.369873057039584 
1128	 0.368157433190586 
1129	 0.366073161177704 
1130	 0.36419304002473 
1131	 0.362532231753705 
1132	 0.3606006260914 
1133	 0.358829036457921 
1134	 0.356778993070299 
1135	 0.3543683040078 
1136	 0.352235994282715 
1137	 0.350037913623035 
1138	 0.347996855139789 
1139	 0.346209114560555 
1140	 0.344413413660893 
1141	 0.342200589631905 
1142	 0.339884622724136 
1143	 0.337429676050821 
1144	 0.334636515289649 
1145	 0.33203883285573 
1146	 0.329417985439548 
1147	 0.327003850431779 
1148	 0.324729641997816 
1149	 0.322396767933401 
1150	 0.320216689842675 
1151	 0.318045126875413 
1152	 0.315670799387577 
1153	 0.313739899264743 
1154	 0.312000945256473 
1155	 0.31057975852732 
1156	 0.309372808153003 
1157	 0.30827689111464 
1158	 0.307165660947738 
1159	 0.306035626487774 
1160	 0.305238658545671 
1161	 0.304516470378038 
1162	 0.303989617209004 
1163	 0.303718565411017 
1164	 0.303400750736221 
1165	 0.303180098286804 
1166	 0.302832628821958 
1167	 0.302444044114077 
1168	 0.30212250471212 
1169	 0.301712833342056 
1170	 0.301392598223031 
1171	 0.301125694425939 
1172	 0.300924619877181 
1173	 0.300756605757052 
1174	 0.300621757931948 
1175	 0.300470869529356 
1176	 0.300396835351284 
1177	 0.300211525959902 
1178	 0.299887708842488 
1179	 0.299773839535078 
1180	 0.29979284156906 
1181	 0.299631775953866 
1182	 0.299509967152048 
1183	 0.299300230882056 
1184	 0.298756365070571 
1185	 0.298571901583314 
1186	 0.298696887845384 
1187	 0.298622834188663 
1188	 0.29865711033665 
1189	 0.2985613612811 
1190	 0.298357652314659 
1191	 0.298085583426885 
1192	 0.298006817564276 
1193	 0.298068747125429 
1194	 0.298064742887484 
1195	 0.29805699209597 
1196	 0.298135993218688 
1197	 0.298320064924989 
1198	 0.298335415716232 
1199	 0.298335227196948 
1200	 0.298370278319119 
1201	 0.298209164073005 
1202	 0.298245387346996 
1203	 0.298465842266665 
1204	 0.298661127843263 
1205	 0.29894272377377 
1206	 0.29917442694083 
1207	 0.299285242019402 
1208	 0.29933097069264 
1209	 0.299415050578957 
1210	 0.299759797168134 
1211	 0.300275026419995 
1212	 0.300719263913689 
1213	 0.301038956039611 
1214	 0.30125256764865 
1215	 0.301528744651736 
1216	 0.30173224447645 
1217	 0.302057357161659 
1218	 0.302518469486195 
1219	 0.302886124134072 
1220	 0.303239157013229 
1221	 0.303556367358896 
1222	 0.303794590778067 
1223	 0.304111008225981 
1224	 0.304347529144186 
1225	 0.304841903723406 
1226	 0.30547491993609 
1227	 0.305876715950353 
1228	 0.306175573335636 
1229	 0.306492476704233 
1230	 0.306704168442747 
1231	 0.307062129737555 
1232	 0.307742216140967 
1233	 0.308342108091089 
1234	 0.308686664217542 
1235	 0.30900637859878 
1236	 0.309405212061771 
1237	 0.309680493877096 
1238	 0.310086595649605 
1239	 0.31075048113182 
1240	 0.311136199771009 
1241	 0.311269314239472 
1242	 0.311591179036589 
1243	 0.311858253724272 
1244	 0.312386874351069 
1245	 0.312830799977781 
1246	 0.31321532254066 
1247	 0.313709540861135 
1248	 0.313952360154271 
1249	 0.3142529776673 
1250	 0.314841531340151 
1251	 0.315137548404223 
1252	 0.315352995683899 
1253	 0.315729101606046 
1254	 0.315949018084549 
1255	 0.316332261796286 
1256	 0.316860285286275 
1257	 0.317174163388539 
1258	 0.317407216802155 
1259	 0.317666664398209 
1260	 0.31774447408272 
1261	 0.317959268668924 
1262	 0.31826790677023 
1263	 0.318660843166004 
1264	 0.318941410688374 
1265	 0.319078424492464 
1266	 0.319284629989892 
1267	 0.319377864380847 
1268	 0.319369754110645 
1269	 0.319539086481469 
1270	 0.319674191842473 
1271	 0.319784318313315 
1272	 0.31989173673396 
1273	 0.319666585907921 
1274	 0.319487028813116 
1275	 0.319512353820186 
1276	 0.319229093352444 
1277	 0.319013187522392 
1278	 0.318856699269872 
1279	 0.318314478177003 
1280	 0.317944750431165 
1281	 0.317780407995209 
1282	 0.317476172177046 
1283	 0.317066741561986 
1284	 0.316776875707345 
1285	 0.316371864812448 
1286	 0.315825864332959 
1287	 0.315461380861076 
1288	 0.315033972463312 
1289	 0.314535747328224 
1290	 0.314218897683242 
1291	 0.313748627406103 
1292	 0.313148430687414 
1293	 0.312663005881699 
1294	 0.312137047840241 
1295	 0.311531923457373 
1296	 0.310930331372198 
1297	 0.310276963519721 
1298	 0.309534838733961 
1299	 0.308776951425465 
1300	 0.307937897911961 
1301	 0.30702938566995 
1302	 0.30616044678263 
1303	 0.305313162219591 
1304	 0.304560875432968 
1305	 0.303638178190616 
1306	 0.302660491380118 
1307	 0.301671928464616 
1308	 0.30061921732602 
1309	 0.299346328158075 
1310	 0.298195426728485 
1311	 0.296960334009633 
1312	 0.295558500832805 
1313	 0.29429848069181 
1314	 0.292964887783063 
1315	 0.291455109913161 
1316	 0.289785627347238 
1317	 0.288052059204382 
1318	 0.286406650540053 
1319	 0.284973073558577 
1320	 0.283691524663192 
1321	 0.282281246733381 
1322	 0.280819429764599 
1323	 0.279113191484003 
1324	 0.277099328841953 
1325	 0.275385166428225 
1326	 0.273692047988635 
1327	 0.271758485626656 
1328	 0.270274915311981 
1329	 0.268714517346989 
1330	 0.266785859363672 
1331	 0.26453561166159 
1332	 0.262610289876486 
1333	 0.260507467020126 
1334	 0.258319016217758 
1335	 0.256702741180065 
1336	 0.255117010655422 
1337	 0.253414031700919 
1338	 0.251732449755114 
1339	 0.250083517262934 
1340	 0.24867157196954 
1341	 0.247169503874405 
1342	 0.245754351265059 
1343	 0.244984301948133 
1344	 0.244179162785837 
1345	 0.243033390359761 
1346	 0.241601851444024 
1347	 0.239891514868369 
1348	 0.238749851134843 
1349	 0.237852101726789 
1350	 0.237059996608455 
1351	 0.23654794795323 
1352	 0.234969717682198 
1353	 0.232690142076475 
1354	 0.232220811620201 
1355	 0.232705325166097 
1356	 0.230508384209761 
1357	 0.228125911883489 
1358	 0.228721324390619 
1359	 0.228527750515343 
1360	 0.226523802792181 
1361	 0.229230684605948 
1362	 0.238760126363233 
1363	 0.224227022035937 
1364	 0.198995714830196 
1365	 0.210692772827759 
1366	 0.21274805508711 
1367	 0.223292435029716 
1368	 0.291093849630158 
1369	 0.232162079874053 
1370	 0.145049955387893 
1371	 0.196507609968447 
1372	 0.214954889153174 
1373	 0.218359919646482 
1374	 0.280317084810237 
1375	 0.186273325630798 
1376	 0.085954311218929 
1377	 0.1790760926291 
1378	 0.148087781039457 
1379	 0.10598457895988 
1380	 0.217051888850003 
1381	 0.183100953225607 
1382	 0.181674349976644 
1383	 0.330800019798043 
1384	 0.275730635448987 
1385	 0.144808405575364 
1386	 0.166200851529718 
1387	 0.171026165943157 
1388	 0.136702479504518 
1389	 0.122339860933222 
1390	 0.14537789194497 
1391	 0.143630230908129 
1392	 0.128319761489378 
1393	 0.120247225180847 
1394	 0.113120644390405 
1395	 9.61500381728958E-02 
1396	 8.44591810062666E-02 
1397	 0.106933294348048 
1398	 0.152029353270013 
1399	 0.142618484648409 
1400	 9.37017716625538E-02 
1401	 8.42432633246979E-02 
1402	 8.75829987729359E-02 
1403	 9.16576882959032E-02 
1404	 0.100668042300887 
1405	 9.12872453723324E-02 
1406	 7.80751525338736E-02 
1407	 0.076124003031247 
1408	 8.06561836900716E-02 
1409	 8.37175491583531E-02 
1410	 7.69149454386238E-02 
1411	 6.85837428603892E-02 
1412	 6.69070642621512E-02 
1413	 6.56599203367081E-02 
1414	 6.56094246113085E-02 
1415	 6.69659898614422E-02 
1416	 6.27015271870311E-02 
1417	 5.92813003462352E-02 
1418	 6.11816671181593E-02 
1419	 6.09454150647473E-02 
1420	 5.85141656636678E-02 
1421	 5.71624965814077E-02 
1422	 5.58494321333634E-02 
1423	 5.58972670520814E-02 
1424	 5.67178145333786E-02 
1425	 5.59253438291861E-02 
1426	 0.055524231623278 
1427	 5.41422969096003E-02 
1428	 5.34940193331868E-02 
1429	 5.37200214116791E-02 
1430	 5.46378306079577E-02 
1431	 5.51521215230222E-02 
1432	 5.38759735232912E-02 
1433	 5.22792360617027E-02 
1434	 5.19149400564122E-02 
1435	 5.20623832933696E-02 
1436	 5.20353733205085E-02 
1437	 5.28819631372364E-02 
1438	 0.053942822593317 
1439	 0.052487603025791 
1440	 5.14520621424464E-02 
1441	 5.21712835533616E-02 
1442	 5.13672557981116E-02 
1443	 5.09866872008601E-02 
1444	 5.13540315002796E-02 
1445	 5.07418999145456E-02 
1446	 5.08218258941728E-02 
1447	 0.05089189536468 
1448	 5.02317162336546E-02 
1449	 4.99364210686095E-02 
1450	 4.96420873095673E-02 
1451	 4.95592754718455E-02 
1452	 5.02261065563639E-02 
1453	 5.06970298699423E-02 
1454	 5.02442182825433E-02 
1455	 4.98100561260984E-02 
1456	 4.99607253175343E-02 
1457	 5.00575161955866E-02 
1458	 5.04153583810538E-02 
1459	 5.10226010609489E-02 
1460	 5.08708721196402E-02 
1461	 5.04705335120661E-02 
1462	 5.04212043263373E-02 
1463	 5.02069039113949E-02 
1464	 5.03013426312932E-02 
1465	 5.08485823419968E-02 
1466	 5.14513423705982E-02 
1467	 5.19565641456664E-02 
1468	 5.18775809877702E-02 
1469	 5.20631948077424E-02 
1470	 5.25496534541082E-02 
1471	 5.30642713870998E-02 
1472	 5.33767612481405E-02 
1473	 5.41420648262593E-02 
1474	 5.46502439842828E-02 
1475	 5.44573590015472E-02 
1476	 0.054782668595166 
1477	 0.055530268750709 
1478	 5.59398186785839E-02 
1479	 5.64881133482692E-02 
1480	 5.71902907389416E-02 
1481	 5.77417807575302E-02 
1482	 5.84590018642455E-02 
1483	 0.059081084170304 
1484	 5.91001738219258E-02 
1485	 5.93281960013526E-02 
1486	 6.00515381879405E-02 
1487	 6.06234732912438E-02 
1488	 6.12264444389722E-02 
1489	 6.20540001621199E-02 
1490	 6.26841685344852E-02 
1491	 6.31093371250776E-02 
1492	 6.36538036255831E-02 
1493	 6.43478657726107E-02 
1494	 6.50625504688372E-02 
1495	 6.56739076926619E-02 
1496	 6.61853505696678E-02 
1497	 6.65022970508174E-02 
1498	 6.68271415724042E-02 
1499	 6.73548335653003E-02 
1500	 6.80029182898607E-02 
1501	 6.88643388132209E-02 
1502	 6.96092650604732E-02 
1503	 7.01636030002374E-02 
1504	 7.08183923496509E-02 
1505	 7.14519883296177E-02 
1506	 7.19427447271452E-02 
1507	 7.24266457666722E-02 
1508	 7.31684807998089E-02 
1509	 7.39928047349352E-02 
1510	 7.46788336648902E-02 
1511	 7.55075844733642E-02 
1512	 7.63677985977806E-02 
1513	 7.69288465149972E-02 
1514	 7.75508600106291E-02 
1515	 7.84369359409262E-02 
1516	 7.92857413675179E-02 
1517	 8.00992564293334E-02 
1518	 8.08105411828859E-02 
1519	 0.081269494768605 
1520	 8.18181923750617E-02 
1521	 8.26296807072804E-02 
1522	 8.34959720808022E-02 
1523	 8.43448497557407E-02 
1524	 8.50122535572462E-02 
1525	 8.55046752175633E-02 
1526	 8.62440551414041E-02 
1527	 8.71712925869504E-02 
1528	 8.79212703634776E-02 
1529	 8.86560505632585E-02 
1530	 8.93751458289331E-02 
1531	 9.00639674130721E-02 
1532	 9.06645935888367E-02 
1533	 9.14304395921797E-02 
1534	 9.22693535296843E-02 
1535	 9.30296476000683E-02 
1536	 0.093834935357607 
1537	 9.45210795267411E-02 
1538	 9.50833481416643E-02 
1539	 9.58765105991696E-02 
1540	 9.66207515405795E-02 
1541	 9.74705263931993E-02 
1542	 9.85081839184868E-02 
1543	 9.91532290830073E-02 
1544	 9.97848118577609E-02 
1545	 0.10058613716357 
1546	 0.101265211392268 
1547	 0.102117451557832 
1548	 0.102964280576959 
1549	 0.103618697101989 
1550	 0.104250813707581 
1551	 0.104891188319776 
1552	 0.10564284285431 
1553	 0.106335449653987 
1554	 0.106965766294606 
1555	 0.10777734507806 
1556	 0.108521142560654 
1557	 0.109217097359164 
1558	 0.10999296693998 
1559	 0.110602230662597 
1560	 0.111300635454802 
1561	 0.112056364027005 
1562	 0.112633394185577 
1563	 0.113389631290898 
1564	 0.11405273106359 
1565	 0.114572795358437 
1566	 0.115423970794007 
1567	 0.116197347916571 
1568	 0.116707665682932 
1569	 0.117289550014267 
1570	 0.117852225576819 
1571	 0.118357250903984 
1572	 0.119130033139098 
1573	 0.120122828980361 
1574	 0.120924607353345 
1575	 0.121557505596793 
1576	 0.122137337310378 
1577	 0.122643331542843 
1578	 0.123282315321548 
1579	 0.124033754334416 
1580	 0.124649866739049 
1581	 0.125283107814109 
1582	 0.125973791904128 
1583	 0.126433085487269 
1584	 0.126861092895412 
1585	 0.127567748657792 
1586	 0.128200692096951 
1587	 0.128780284447314 
1588	 0.129499935515364 
1589	 0.129946390506382 
1590	 0.130309055391806 
1591	 0.130903129802128 
1592	 0.131554835329692 
1593	 0.132170833038244 
1594	 0.132742935561819 
1595	 0.13330707197012 
1596	 0.133902392358496 
1597	 0.134584275113916 
1598	 0.13520742014018 
1599	 0.1356971040722 
1600	 0.136262824715099 
1601	 0.136842562981958 
1602	 0.137398888654075 
1603	 0.138027735449939 
1604	 0.138629446325892 
1605	 0.139175914245231 
1606	 0.139687777819453 
1607	 0.140280262420409 
1608	 0.140877316347138 
1609	 0.141348551961825 
1610	 0.141972823573253 
1611	 0.142781385503124 
1612	 0.143330025877694 
1613	 0.143763528316965 
1614	 0.144231710346499 
1615	 0.144314533557673 
1616	 0.144644540210023 
1617	 0.145327837643822 
1618	 0.145818151140152 
1619	 0.146469688047191 
1620	 0.14700620957212 
1621	 0.147401533082397 
1622	 0.147985787981978 
1623	 0.148423269589025 
1624	 0.148616001655705 
1625	 0.148767606460432 
1626	 0.149202807257507 
1627	 0.149672548489663 
1628	 0.150110244145955 
1629	 0.150903439843416 
1630	 0.151345564808161 
1631	 0.151410387751047 
1632	 0.15182851260247 
1633	 0.152146362941239 
1634	 0.15239973633463 
1635	 0.153031493169904 
1636	 0.153560348640748 
1637	 0.153817686245667 
1638	 0.154161541151913 
1639	 0.154489383318604 
1640	 0.154681314487658 
1641	 0.154913973071974 
1642	 0.155226598877537 
1643	 0.155612450417105 
1644	 0.156069509007713 
1645	 0.156580951196147 
1646	 0.156777036079785 
1647	 0.156831114494742 
1648	 0.157183300406565 
1649	 0.157523140610958 
1650	 0.158003959468284 
1651	 0.158425764796144 
1652	 0.158430706762792 
1653	 0.158387296476191 
1654	 0.158420961482454 
1655	 0.15865206284204 
1656	 0.158914711390818 
1657	 0.159081959516168 
1658	 0.159246613693756 
1659	 0.159198576226957 
1660	 0.159134026063015 
1661	 0.159418692625386 
1662	 0.159863094009752 
1663	 0.160090150925397 
1664	 0.16020416765432 
1665	 0.160203516435956 
1666	 0.159888938044315 
1667	 0.159862984797118 
1668	 0.160188048715399 
1669	 0.16026080263437 
1670	 0.160386025490982 
1671	 0.160634212078819 
1672	 0.160680598343601 
1673	 0.160736477599874 
1674	 0.160658253821451 
1675	 0.160396898242555 
1676	 0.160314211604502 
1677	 0.160296906059119 
1678	 0.1605229799563 
1679	 0.160753478905567 
1680	 0.160382547480554 
1681	 0.160165705258728 
1682	 0.160150332520835 
1683	 0.159843009380129 
1684	 0.159988555334632 
1685	 0.160186721108989 
1686	 0.15971423180967 
1687	 0.159382523529394 
1688	 0.159087261210576 
1689	 0.158643289275091 
1690	 0.158690872557744 
1691	 0.158851957767843 
1692	 0.158775017862857 
1693	 0.158634561877439 
1694	 0.158247306367348 
1695	 0.15786251760958 
1696	 0.157801654953893 
1697	 0.157684443588397 
1698	 0.157531133219078 
1699	 0.157596148273456 
1700	 0.157652385629024 
1701	 0.157470284090966 
1702	 0.157086328405417 
1703	 0.156715471860709 
1704	 0.155900905232883 
1705	 0.155619614566283 
1706	 0.155928612029656 
1707	 0.155782791690109 
1708	 0.155572427887149 
1709	 0.15526581848522 
1710	 0.15466515436616 
1711	 0.15424727794698 
1712	 0.153934938339064 
1713	 0.153617461219744 
1714	 0.153227849856357 
1715	 0.152857211741823 
1716	 0.15266090209904 
1717	 0.152345116459433 
1718	 0.151985005920148 
1719	 0.151499365142485 
1720	 0.15069697236846 
1721	 0.150354306439236 
1722	 0.150258453210877 
1723	 0.150014995728042 
1724	 0.150076910766573 
1725	 0.149793834836592 
1726	 0.149194863123763 
1727	 0.148621946766494 
1728	 0.147866696875573 
1729	 0.147448024636042 
1730	 0.147110464006201 
1731	 0.146732910096422 
1732	 0.146621429250134 
1733	 0.146285235657806 
1734	 0.145706104590725 
1735	 0.145337867222737 
1736	 0.145084718643869 
1737	 0.14478531999889 
1738	 0.144660477028303 
1739	 0.144095633705292 
1740	 0.14320979441191 
1741	 0.142636966832777 
1742	 0.141841449522709 
1743	 0.141347703521622 
1744	 0.141286184421173 
1745	 0.140870301123683 
1746	 0.140416675352693 
1747	 0.139833373573487 
1748	 0.13904876027949 
1749	 0.138527484130168 
1750	 0.138011970762143 
1751	 0.137568313361204 
1752	 0.1371764179302 
1753	 0.136853521328516 
1754	 0.136273945151135 
1755	 0.135567747029189 
1756	 0.134877464540158 
1757	 0.133708359870497 
1758	 0.132647665378106 
1759	 0.13211395073984 
1760	 0.131668886335032 
1761	 0.131752054852718 
1762	 0.13178373201268 
1763	 0.131041709869785 
1764	 0.130300923380888 
1765	 0.129273439116815 
1766	 0.12814778895706 
1767	 0.127703527858863 
1768	 0.127407116539706 
1769	 0.127184759133841 
1770	 0.127230562644718 
1771	 0.127547466411682 
1772	 0.127357117279645 
1773	 0.126901100742813 
1774	 0.126401121475727 
1775	 0.125226515542099 
1776	 0.124617967185408 
1777	 0.124515605055217 
1778	 0.124102712566693 
1779	 0.123603235124353 
1780	 0.12326144335715 
1781	 0.122870107377853 
1782	 0.12258765004764 
1783	 0.122748628790951 
1784	 0.122670841081737 
1785	 0.122285150922263 
1786	 0.122074828218986 
1787	 0.121900847393286 
1788	 0.121718805156423 
1789	 0.121806473501557 
1790	 0.121614044375261 
1791	 0.121009592953291 
1792	 0.12089011387185 
1793	 0.120841921725072 
1794	 0.12081030453211 
1795	 0.121533868193487 
1796	 0.121516194981823 
1797	 0.120557328025306 
1798	 0.120450958154613 
1799	 0.120804727223194 
1800	 0.120091266901754 
1801	 0.119197296486756 
1802	 0.118818219095926 
1803	 0.117203984216635 
1804	 0.117474053489825 
1805	 0.12022300597192 
1806	 0.121559279114176 
1807	 0.122572622058519 
1808	 0.124443557681576 
1809	 0.127424371924488 
1810	 0.129575473540227 
1811	 0.131784602202393 
1812	 0.131469938852878 
1813	 0.128421243153128 
1814	 0.126280339781884 
1815	 0.122537124923743 
1816	 0.123103603344923 
1817	 0.123887172899414 
1818	 0.12618926573393 
1819	 0.127167169047928 
1820	 0.120775145813984 
1821	 0.121374264210628 
1822	 0.130522731457732 
1823	 0.135927364635654 
1824	 0.14654338766529 
1825	 0.157817834229204 
1826	 0.169748835440982 
1827	 0.171654516703802 
1828	 0.160483731228489 
1829	 0.156772203342408 
1830	 0.117565187759691 
1831	 0.142962703442323 
1832	 0.141525450843875 
1833	 0.163299416520102 
1834	 0.436576692487353 
1835	 0.682150986539321 
1836	 0.313919263511281 
1837	 0.251516744253327 
1838	 6.38985132567749E-02 
1839	-0.14093757365317 
1840	-9.11524193182807E-02 
1841	 0.215013648495394 
1842	 0.252307892878253 
1843	 0.161470633986249 
1844	 0.139655329096621 
1845	-2.50057724499957 
1846	 14.7713254956946 
1847	-0.685841475144621 
1848	-0.109601215331379 
1849	 2.17267729404852 
1850	 0.982345190654731 
1851	 0.954407211438884 
1852	 1.5856302022165 
1853	 1.12876631295248 
1854	-3.04166752751022 
1855	-3.67208365735663 
1856	-0.197040928704506 
1857	-3.58141125727678E-02 
1858	 4.96525609762722E-02 
1859	 2.8286704878212 
1860	 1.83294458354727 
1861	-2.24082803904403 
1862	 1.01217974274358 
1863	 0.532291552442587 
1864	 0.552878437801855 
1865	 1.61707905957731 
1866	 2.08233970693151 
1867	 1.94841143189915 
1868	 1.2820951376878 
1869	 1.09161545099285 
1870	 0.648808554614176 
1871	 0.394073861407918 
1872	-0.327511075167782 
1873	-0.267892880703713 
1874	 0.167844031658289 
1875	 0.251492481913666 
1876	 0.502807060411815 
1877	 0.429490968702031 
1878	 0.460659052831747 
1879	 0.434570028986477 
1880	 0.350189705898337 
1881	 0.2500699922789 
1882	 0.240357792923431 
1883	 0.321285129349637 
1884	 0.242241489421713 
1885	 8.41495148930737E-02 
1886	-2.78511744055239E-02 
1887	 3.11511547330715E-02 
1888	 1.79079055768545E-02 
1889	 3.46241460277337E-02 
1890	 0.121866528905981 
1891	 0.136312064971945 
1892	 2.71557465174419E-02 
1893	 7.81542758155562E-03 
1894	 4.89877064934479E-02 
1895	 7.42560359731102E-02 
1896	 0.141617860462172 
1897	 0.11020151127137 
1898	 7.58835860197468E-02 
1899	 0.132286745390692 
1900	 0.249273863001307 
1901	 0.58803423216786 
1902	 0.623732224170355 
1903	 0.392140852022198 
1904	 0.316038236169718 
1905	 0.129572738803575 
1906	-8.98702327112399E-02 
1907	-2.76431319867909E-02 
1908	 0.190616196703334 
1909	 0.135916466037587 
1910	 0.111434869715534 
1911	 0.213786875464885 
1912	 0.129980583954739 
1913	 7.14427281671219E-02 
1914	 7.7141905402716E-03 
1915	 2.94223630299563E-02 
1916	 3.88211931446813E-02 
1917	 6.66305680409305E-02 
1918	 9.28088558920712E-02 
1919	 9.27660381391032E-02 
1920	 8.35631645572946E-02 
1921	 3.01637908956568E-03 
1922	 3.00234201876635E-02 
1923	 9.94012622391164E-02 
1924	 0.089214599037779 
1925	 3.47944841297823E-02 
1926	 4.82578176432159E-02 
1927	 4.94687353767668E-02 
1928	-6.68178373734589E-03 
1929	 8.00193031848435E-03 
1930	 4.44306854474737E-02 
1931	 3.58875854615818E-02 
1932	 2.67821912064747E-02 
1933	 3.85926344786784E-02 
1934	 3.68581536735252E-02 
1935	 0.028644913201727 
1936	 1.75188985020519E-02 
1937	 2.65958713310748E-02 
1938	 2.66386598101915E-02 
1939	 0.015105453423913 
1940	 1.66405137558215E-02 
1941	 1.70400068573035E-02 
1942	 8.28300914796779E-03 
1943	 6.65534121799976E-03 
1944	 1.30192099725764E-02 
1945	 0.017793630820535 
1946	 0.019278895746258 
1947	 2.10909024777773E-02 
1948	 2.05215309177128E-02 
1949	 1.71112370427835E-02 
1950	 1.74058532410373E-02 
1951	 2.11920974371245E-02 
1952	 2.34654587171916E-02 
1953	 2.57557381961342E-02 
1954	 2.43887798749826E-02 
1955	 1.78772743894189E-02 
1956	 1.36653193197287E-02 
1957	 1.36901554930278E-02 
1958	 1.35898370928069E-02 
1959	 1.40391298160661E-02 
1960	 1.67439668081256E-02 
1961	 1.91967577799926E-02 
1962	 1.67628373890876E-02 
1963	 1.49394183465945E-02 
1964	 1.68785077555174E-02 
1965	 1.87581697858746E-02 
1966	 1.83785243136742E-02 
1967	 1.84526799622643E-02 
1968	 1.92924678797973E-02 
1969	 1.95193417967929E-02 
1970	 0.018785831108107 
1971	 1.98161717205749E-02 
1972	 1.99450151087896E-02 
1973	 1.78532558431113E-02 
1974	 1.67310393571453E-02 
1975	 1.64156957569663E-02 
1976	 0.017019846186868 
1977	 1.82479284785915E-02 
1978	 1.79733291303246E-02 
1979	 0.017812090034749 
1980	 1.89722942561288E-02 
1981	 1.94904189202738E-02 
1982	 1.97545342893557E-02 
1983	 2.03736800316546E-02 
1984	 2.07404500342533E-02 
1985	 1.97675415365066E-02 
1986	 1.91728636595228E-02 
1987	 1.96569150822141E-02 
1988	 2.02442762793417E-02 
1989	 2.01304983852368E-02 
1990	 2.09132452008743E-02 
1991	 2.20515070900857E-02 
1992	 2.16086672157949E-02 
1993	 2.13037728670266E-02 
1994	 2.07866093041402E-02 
1995	 2.07679319389405E-02 
1996	 2.01357474736717E-02 
1997	 2.10044637839185E-02 
1998	 2.18721346375448E-02 
1999	 2.21033191900557E-02 
2000	 2.14060580980522E-02 
2001	 2.06052070295391E-02 
2002	 2.13013936481415E-02 
2003	 2.23303861254842E-02 
2004	 2.31316426104242E-02 
2005	 2.38165829297523E-02 
2006	 0.024646449233447 
2007	 2.50479611593612E-02 
2008	 2.59097590574639E-02 
2009	 2.73004703263436E-02 
2010	 2.87258249421481E-02 
2011	 2.91405014330749E-02 
2012	 2.88496940997599E-02 
2013	 2.86120483436466E-02 
2014	 2.86265863346362E-02 
2015	 2.85989042623553E-02 
2016	 2.85947581951965E-02 
2017	 2.74136712107808E-02 
2018	 2.65479312047129E-02 
2019	 2.71643481528985E-02 
2020	 2.90538611916824E-02 
2021	 2.91382691218767E-02 
2022	 2.93751931311428E-02 
2023	 3.02257647012174E-02 
2024	 2.89218467852754E-02 
2025	 2.73326549988501E-02 
2026	 2.86156747007793E-02 
2027	 2.90347849801276E-02 
2028	 2.86092744325408E-02 
2029	 2.99019966961107E-02 
2030	 3.03159653187705E-02 
2031	 2.96586555955818E-02 
2032	 2.95600296998852E-02 
2033	 2.94910821047598E-02 
2034	 2.96981148584636E-02 
2035	 2.99854678249621E-02 
2036	 3.06000787378087E-02 
2037	 3.11764680098493E-02 
2038	 3.13105743170617E-02 
2039	 3.07315383748877E-02 
2040	 3.04597462662794E-02 
2041	 3.10046495707444E-02 
2042	 3.12394765805236E-02 
2043	 3.15512817678729E-02 
2044	 3.20974366710414E-02 
2045	 3.23956867651139E-02 
2046	 3.22681369657712E-02 
2047	 3.24613704462145E-02 
2048	 3.28454212378445E-02 
2049	 3.29702682199475E-02 
2050	 0.032972794213204 
2051	 3.29338532288364E-02 
2052	 3.28993416043026E-02 
2053	 0.033107205968147 
2054	 3.32782407809422E-02 
2055	 3.40595995782048E-02 
2056	 3.48501503210411E-02 
2057	 3.47350831029894E-02 
2058	 3.53892269040331E-02 
2059	 3.66350746191073E-02 
2060	 3.67038724678821E-02 
2061	 0.035784204303617 
2062	 0.036030106834307 
2063	 3.63447352429379E-02 
2064	 0.035977397847353 
2065	 3.53477652053315E-02 
2066	 3.61491089006017E-02 
2067	 3.69838100257696E-02 
2068	 3.63049115763454E-02 
2069	 3.65736972481554E-02 
2070	 0.037792542915994 
2071	 3.71037464507456E-02 
2072	 3.65679336232589E-02 
2073	 3.77114094472109E-02 
2074	 3.86057602966194E-02 
2075	 3.87467976342794E-02 
2076	 3.87653807222203E-02 
2077	 3.90101807205728E-02 
2078	 3.84066312590341E-02 
2079	 3.82771132755769E-02 
2080	 3.85750493812986E-02 
2081	 3.93293390508993E-02 
2082	 3.94235605958654E-02 
2083	 3.94157247175911E-02 
2084	 3.96179238223102E-02 
2085	 4.02168652247161E-02 
2086	 4.08606058184848E-02 
2087	 4.11119436810461E-02 
2088	 4.20073728838637E-02 
2089	 4.28404795564462E-02 
2090	 4.28768121752173E-02 
2091	 4.22247940607167E-02 
2092	 4.21977767376279E-02 
2093	 4.16907788996218E-02 
2094	 4.17799019220105E-02 
2095	 0.042779091200731 
2096	 4.31777619175996E-02 
2097	 4.35912035183342E-02 
2098	 4.33776102134527E-02 
2099	 4.34373590211259E-02 
2100	 4.41048228712976E-02 
2101	 4.41419156066009E-02 
2102	 4.41125023524402E-02 
2103	 4.43117209141809E-02 
2104	 4.42107908770677E-02 
2105	 4.39849974984813E-02 
2106	 4.39505050706677E-02 
2107	 4.43040422568159E-02 
2108	 4.47780591738549E-02 
2109	 4.49673171237339E-02 
2110	 4.54780193935904E-02 
2111	 4.58752192836114E-02 
2112	 4.56962111063865E-02 
2113	 4.57587562210684E-02 
2114	 4.60277004043617E-02 
2115	 4.68465336018659E-02 
2116	 4.72008870827117E-02 
2117	 0.046857274452669 
2118	 4.67308391980729E-02 
2119	 4.76356597591615E-02 
2120	 4.77019346709122E-02 
2121	 4.71840070499982E-02 
2122	 4.80809572053687E-02 
2123	 4.87954561284919E-02 
2124	 4.90580971236431E-02 
2125	 4.96239005625299E-02 
2126	 5.00603173329885E-02 
2127	 4.98713074190074E-02 
2128	 0.049753852077235 
2129	 0.049822868931052 
2130	 0.050117296210962 
2131	 5.00681390760554E-02 
2132	 5.02069330720009E-02 
2133	 5.07878792445876E-02 
2134	 5.13271544192209E-02 
2135	 5.16620008740668E-02 
2136	 5.17949912908994E-02 
2137	 5.16924034865647E-02 
2138	 5.21812043656366E-02 
2139	 5.25818792269832E-02 
2140	 5.28378325043377E-02 
2141	 5.33058996367767E-02 
2142	 5.35368686103236E-02 
2143	 5.34959093911548E-02 
2144	 0.052853542963303 
2145	 0.052983228494198 
2146	 5.33362340256372E-02 
2147	 5.35623806467076E-02 
2148	 5.42682986177764E-02 
2149	 5.47245350199959E-02 
2150	 5.48614195482563E-02 
2151	 5.49130143631922E-02 
2152	 5.49030757734485E-02 
2153	 5.50102826405079E-02 
2154	 0.055179829047865 
2155	 5.57708518270074E-02 
2156	 5.60924217374957E-02 
2157	 5.62959088341014E-02 
2158	 5.59801059756289E-02 
2159	 5.54901459109957E-02 
2160	 5.60347497044131E-02 
2161	 0.056478762501505 
2162	 5.75850092187229E-02 
2163	 5.83756126017551E-02 
2164	 0.05842384646281 
2165	 5.76385113692758E-02 
2166	 5.79571176035832E-02 
2167	 5.84258462744956E-02 
2168	 5.82406908372367E-02 
2169	 5.81052655434323E-02 
2170	 5.79316145930833E-02 
2171	 5.69269520097908E-02 
2172	 5.64646218433427E-02 
2173	 5.62838851652435E-02 
2174	 5.70126209593298E-02 
2175	 5.76813992479526E-02 
2176	 0.058602236852883 
2177	 5.94795970775824E-02 
2178	 5.93962823899594E-02 
2179	 5.99685070646279E-02 
2180	 6.03667792194532E-02 
2181	 6.02445266063749E-02 
2182	 0.060958186964457 
2183	 6.07938524246524E-02 
2184	 6.00162979586839E-02 
2185	 6.01738414522421E-02 
2186	 6.17202452089189E-02 
2187	 0.061585198756078 
2188	 6.06139687002254E-02 
2189	 6.06193324456972E-02 
2190	 5.99980524463411E-02 
2191	 6.00968951774892E-02 
2192	 6.18028784509147E-02 
2193	 6.21251313015208E-02 
2194	 6.14862915651241E-02 
2195	 6.13074039297749E-02 
2196	 6.07123192783025E-02 
2197	 6.11390951933439E-02 
2198	 6.11271713797124E-02 
2199	 6.12428790014726E-02 
2200	 0.061895817659828 
2201	 6.13567425294594E-02 
2202	 6.00966049855609E-02 
2203	 6.05494191388073E-02 
2204	 6.16703694630634E-02 
2205	 6.20372634003918E-02 
2206	 6.31221704545091E-02 
2207	 6.28385390607736E-02 
2208	 6.14800902141087E-02 
2209	 0.062034140295334 
2210	 6.22507315851183E-02 
2211	 6.32751618424469E-02 
2212	 6.33242200827699E-02 
2213	 6.22786878592333E-02 
2214	 6.23277419075778E-02 
2215	 6.34404240736549E-02 
2216	 6.34953168683381E-02 
2217	 6.31533456914256E-02 
2218	 6.34805507298663E-02 
2219	 6.36392921623878E-02 
2220	 6.29933757265345E-02 
2221	 6.23227031724594E-02 
2222	 6.26594960627581E-02 
2223	 6.18612108842519E-02 
2224	 0.060367164998031 
2225	 6.11230185821999E-02 
2226	 6.24348231236338E-02 
2227	 6.21993602215877E-02 
2228	 6.26537138563283E-02 
2229	 6.27490137555287E-02 
2230	 6.14889567353918E-02 
2231	 6.17839430027449E-02 
2232	 0.06287867916917 
2233	 6.22023653390027E-02 
2234	 6.08661800843572E-02 
2235	 6.04590362961978E-02 
2236	 6.06788438075874E-02 
2237	 0.060253947490127 
2238	 6.09232280762919E-02 
2239	 6.02235471331689E-02 
2240	 5.67209207770759E-02 
2241	 5.65925576467602E-02 
2242	 5.83720714007907E-02 
2243	 5.91327524936575E-02 
2244	 6.21399042774152E-02 
2245	 6.28627132636024E-02 
2246	 0.06119327247417 
2247	 6.07154529586496E-02 
2248	 6.00375872571808E-02 
2249	 5.92726514235302E-02 
2250	 5.79046999168943E-02 
2251	 5.84564196091172E-02 
2252	 5.89323784138458E-02 
2253	 5.72601277510255E-02 
2254	 5.53533198238252E-02 
2255	 5.50874588836906E-02 
2256	 5.61871899716797E-02 
2257	 5.64262849383914E-02 
2258	 0.056660511875843 
2259	 5.71848229095978E-02 
2260	 5.58569571215564E-02 
2261	 5.51428186848847E-02 
2262	 5.56450559319677E-02 
2263	 5.50614437712142E-02 
2264	 5.41448297277953E-02 
2265	 5.44637165083694E-02 
2266	 5.49443028221157E-02 
2267	 0.053506660865435 
2268	 5.28840792360921E-02 
2269	 0.054208858838849 
2270	 5.46165953128741E-02 
2271	 5.54110710937242E-02 
2272	 5.54492841686724E-02 
2273	 0.053177955745046 
2274	 5.25637209449229E-02 
2275	 5.33289982691026E-02 
2276	 5.28557133017896E-02 
2277	 5.22725525816159E-02 
2278	 5.12908565253557E-02 
2279	 4.90133964107709E-02 
2280	 4.82544550666905E-02 
2281	 4.76783818932055E-02 
2282	 4.71782743930892E-02 
2283	 4.83271923012434E-02 
2284	 4.87338013408401E-02 
2285	 4.82846681227909E-02 
2286	 4.85737909507462E-02 
2287	 4.98965353325832E-02 
2288	 4.94543027912346E-02 
2289	 4.63994976507226E-02 
2290	 0.046145426113227 
2291	 4.81868679641652E-02 
2292	 4.75491739907153E-02 
2293	 4.70033662214795E-02 
2294	 4.80811045758108E-02 
2295	 4.84946269908837E-02 
2296	 4.75231406392263E-02 
2297	 4.68520669420589E-02 
2298	 4.79688680225755E-02 
2299	 4.76964482433198E-02 
2300	 4.54045012003222E-02 
2301	 4.46545474879575E-02 
2302	 4.58965365896961E-02 
2303	 4.55279022222288E-02 
2304	 4.34515660527326E-02 
2305	 4.49025214807691E-02 
2306	 4.68771683743354E-02 
2307	 4.47861055191887E-02 
2308	 4.32625658152696E-02 
2309	 4.45818591417678E-02 
2310	 0.045270970226668 
2311	 4.59748947105083E-02 
2312	 4.74181298765794E-02 
2313	 4.61545136110454E-02 
2314	 4.31236871589006E-02 
2315	 4.25040823152047E-02 
2316	 4.45538839384969E-02 
2317	 4.64031024768656E-02 
2318	 4.62318537853392E-02 
2319	 4.57105785763592E-02 
2320	 4.37321952150295E-02 
2321	 4.36149553177513E-02 
2322	 0.043364342369231 
2323	 4.19915345741376E-02 
2324	 4.11777109494956E-02 
2325	 4.12029118391506E-02 
2326	 4.11439226820037E-02 
2327	 4.08584565216745E-02 
2328	 4.09799422025719E-02 
2329	 3.98223125086938E-02 
2330	 3.65629859553508E-02 
2331	 3.70222205309346E-02 
2332	 4.12394297365073E-02 
2333	 4.16102596458107E-02 
2334	 3.96669180858421E-02 
2335	 3.96291619611499E-02 
2336	 3.94999983870322E-02 
2337	 3.90301059666403E-02 
2338	 3.97191475328757E-02 
2339	 4.00869287191691E-02 
2340	 3.89206507786256E-02 
2341	 3.88823871764673E-02 
2342	 3.80250215779268E-02 
2343	 3.82851597095926E-02 
2344	 3.87635476107608E-02 
2345	 3.69671573719943E-02 
2346	 3.54822622645342E-02 
2347	 0.036109047176346 
2348	 3.64474303332715E-02 
2349	 3.40640662546914E-02 
2350	 3.47860736456321E-02 
2351	 3.69199191675419E-02 
2352	 3.35854855686469E-02 
2353	 3.14238603262567E-02 
2354	 3.50366437408642E-02 
2355	 3.81412757606972E-02 
2356	 3.54516402444709E-02 
2357	 3.39932423036245E-02 
2358	 3.48636343812069E-02 
2359	 3.18643804672524E-02 
2360	 3.45254859549496E-02 
2361	 0.041054542303569 
2362	 3.82560061897687E-02 
2363	 3.26840904508515E-02 
2364	 3.42742459887617E-02 
2365	 3.70143385366599E-02 
2366	 3.39358548930788E-02 
2367	 3.31255665351529E-02 
2368	 3.53492345814062E-02 
2369	 3.54640628842576E-02 
2370	 3.63367269563045E-02 
2371	 0.038374170376657 
2372	 3.75081876248147E-02 
2373	 3.23257583079863E-02 
2374	 3.29795472601492E-02 
2375	 3.57844226175373E-02 
2376	 3.41675193480895E-02 
2377	 3.43235333569636E-02 
2378	 3.08146092657302E-02 
2379	 2.57322972180582E-02 
2380	 0.025624892405232 
2381	 2.48237499858802E-02 
2382	 2.05877359261495E-02 
2383	 1.79184954371059E-02 
2384	 1.84866467242575E-02 
2385	 2.12722623676477E-02 
2386	 2.80889467396058E-02 
2387	 3.21518917767098E-02 
2388	 3.41373718158512E-02 
2389	 3.92984247546854E-02 
2390	 3.76321605287057E-02 
2391	 3.44429602247417E-02 
2392	 3.63754367275121E-02 
2393	 2.92019023000313E-02 
2394	 0.019983087999216 
2395	 2.65316592970298E-02 
2396	 3.44203684084356E-02 
2397	 3.08782670905802E-02 
2398	 3.44252814256472E-02 
2399	 3.77573430180891E-02 
2400	 0.026072528914431 
2401	 1.56240512076316E-02 
2402	 1.45308569598419E-02 
2403	 2.05868954359832E-02 
2404	 2.51495622384154E-02 
2405	 2.73389465799127E-02 
2406	 3.35218694706868E-02 
2407	 2.32953333322467E-02 
2408	 4.9147819388677E-03 
2409	 1.49907855272416E-02 
2410	 2.15392819129244E-02 
2411	 0.013303030347417 
2412	 2.56073788006454E-02 
2413	 0.028187839806956 
2414	 9.62805777718404E-03 
2415	 9.73376584901432E-03 
2416	 2.61438573787207E-02 
2417	 2.26175230336582E-02 
2418	 1.86465347572934E-02 
2419	 0.021220209086402 
2420	-1.65245790910336E-03 
2421	-3.55398645868498E-03 
2422	 1.07554945666401E-02 
2423	 3.6919739075958E-03 
2424	 1.55863579957593E-02 
2425	 2.42966131627042E-02 
2426	 1.33299661772393E-02 
2427	 1.03404958447604E-02 
2428	 3.66207031874076E-03 
2429	-6.20616514941937E-03 
2430	-1.21917979882399E-02 
2431	-3.70228468510366E-03 
2432	 7.34689166482104E-03 
2433	-2.13404939718643E-03 
2434	 7.20586204759682E-04 
2435	 1.47956210934886E-02 
2436	 0.014702746728921 
2437	 1.34755376489885E-02 
2438	 1.28289796659963E-02 
2439	 1.24496557501178E-02 
2440	 2.29427348003024E-02 
2441	 3.34186969565791E-02 
2442	 0.019396116610672 
2443	 8.37149001390091E-03 
2444	 1.33472130803974E-02 
2445	 1.19538499691039E-02 
2446	 3.31212947080731E-02 
2447	 4.97294727378404E-02 
2448	 2.42930598307045E-02 
2449	 1.89955641000418E-02 
2450	 4.51014146045986E-02 
2451	 4.83624162734374E-02 
2452	 4.42311061317854E-02 
2453	 3.97128961218187E-02 
2454	 9.53522804672748E-03 
2455	 6.75720474996065E-03 
2456	 1.54019629913179E-02 
2457	 1.09253600298548E-02 
2458	 0.025508277172327 
2459	 1.85044064800856E-02 
2460	 8.9678263039928E-03 
2461	 1.60072141586584E-02 
2462	 6.86021022857811E-03 
2463	 1.24758622398275E-02 
2464	 1.96693477356163E-02 
2465	 1.42176128678885E-02 
2466	 3.74360436203094E-03 
2467	-2.66602440669227E-02 
2468	 2.76060056048808E-03 
2469	 1.63470206318632E-02 
2470	 4.64183515643328E-02 
2471	 0.061133483786559 
2472	 3.96800383393438E-02 
2473	 2.82995742470551E-02 
2474	 2.80912579152447E-02 
2475	 6.60531357636877E-03 
2476	-2.62387217311124E-02 
2477	-0.03345127009656 
2478	-3.59500566558844E-02 
2479	 0.012515759456991 
2480	-2.31404074126726E-02 
2481	-1.98208141395677E-02 
2482	-8.08358458955242E-02 
2483	-0.192004998691991 
2484	-6.63452697048025E-02 
2485	 8.51494659087963E-02 
2486	 0.125427410790287 
2487	 0.101538182520852 
2488	 7.06144490684922E-02 
2489	-6.83877409346618E-02 
2490	-0.179590238837976 
2491	 0.133679072544856 
2492	 0.448148689045844 
2493	 0.133959962529485 
2494	 0.149986794524717 
2495	 5.20422629660078E-03 
2496	-0.352402189207796 
2497	-0.193023962228593 
2498	-0.14477333281896 
2499	-8.69575948129577E-02 
2500	 0.15340818966085 
