Wavelength	09/27/123 at 12:32:03
350	 4.85484087019446E-03 
351	 4.40065258102922E-03 
352	 4.46084732243156E-03 
353	 4.72391886868968E-03 
354	 4.38517207891403E-03 
355	 4.34996031612389E-03 
356	 4.37003660442577E-03 
357	 4.31742452177914E-03 
358	 4.60645847536274E-03 
359	 4.78910291752113E-03 
360	 4.73418109473286E-03 
361	 4.5045221698702E-03 
362	 4.52556262729192E-03 
363	 4.77709954975447E-03 
364	 5.05998547299029E-03 
365	 4.90577922115446E-03 
366	 4.75783755994791E-03 
367	 4.71829792970337E-03 
368	 4.73635723581218E-03 
369	 4.84020541098753E-03 
370	 4.85394696672541E-03 
371	 4.72298470637377E-03 
372	 4.70410453609198E-03 
373	 4.69736171993826E-03 
374	 4.75272614409218E-03 
375	 4.96745083040351E-03 
376	 5.18875447692572E-03 
377	 5.3672467204984E-03 
378	 5.44918429911108E-03 
379	 5.29640987590308E-03 
380	 5.23025500475929E-03 
381	 5.37327012923797E-03 
382	 5.69983092454764E-03 
383	 5.77125899152736E-03 
384	 5.87298368670098E-03 
385	 6.09953669419065E-03 
386	 5.87629688289136E-03 
387	 5.88357011733091E-03 
388	 6.0822083611717E-03 
389	 6.1530512458094E-03 
390	 6.37017414921478E-03 
391	 6.43503257715921E-03 
392	 6.35503397120607E-03 
393	 6.84113193099113E-03 
394	 7.24619832058656E-03 
395	 7.34862473055687E-03 
396	 7.19297019933218E-03 
397	 7.50657215831966E-03 
398	 7.87756066756048E-03 
399	 0.008084770450029 
400	 8.41887335246718E-03 
401	 8.58702466663676E-03 
402	 8.62133678437174E-03 
403	 8.68072958503521E-03 
404	 8.93364631051643E-03 
405	 9.19848042454486E-03 
406	 9.37552733031865E-03 
407	 9.5671071885494E-03 
408	 9.7542965884208E-03 
409	 1.00087326790103E-02 
410	 1.03837579764136E-02 
411	 1.05632360063114E-02 
412	 1.07521154376987E-02 
413	 1.10462861325484E-02 
414	 1.12753403934572E-02 
415	 1.16109851576609E-02 
416	 1.19333569311411E-02 
417	 1.20572984559609E-02 
418	 1.21196384154834E-02 
419	 1.23096847262236E-02 
420	 1.26408967323386E-02 
421	 1.28473233473968E-02 
422	 1.30083358008797E-02 
423	 1.31665406658498E-02 
424	 1.33580392517291E-02 
425	 1.36125947393023E-02 
426	 1.38285514079531E-02 
427	 1.39606281451218E-02 
428	 1.40622964257825E-02 
429	 1.41417782650013E-02 
430	 1.42664153118063E-02 
431	 1.44794892906672E-02 
432	 1.45981120283341E-02 
433	 1.46436900845988E-02 
434	 1.46975256120788E-02 
435	 1.49059053717641E-02 
436	 1.50889540478971E-02 
437	 1.51985972340021E-02 
438	 0.015252904155041 
439	 1.53774432299557E-02 
440	 1.55826017302134E-02 
441	 1.57922648297509E-02 
442	 1.58228527588309E-02 
443	 1.59539589609154E-02 
444	 1.61386193074113E-02 
445	 1.62669076909739E-02 
446	 1.64262361645887E-02 
447	 1.66383243356247E-02 
448	 0.016877486789911 
449	 1.70672344983305E-02 
450	 1.72318325342873E-02 
451	 1.73690201308385E-02 
452	 1.74839719961844E-02 
453	 1.76481258049871E-02 
454	 1.77834265895508E-02 
455	 1.78674755852814E-02 
456	 1.79509521974205E-02 
457	 1.80567219534212E-02 
458	 1.81835212228951E-02 
459	 1.83081677819965E-02 
460	 0.018346635519716 
461	 1.84271465475266E-02 
462	 1.85572716587004E-02 
463	 1.86104895164551E-02 
464	 1.86420325456433E-02 
465	 1.87111905146078E-02 
466	 1.88411871304815E-02 
467	 1.89129954611656E-02 
468	 1.89392555647901E-02 
469	 1.89650151888696E-02 
470	 1.90601928454927E-02 
471	 0.019190012710622 
472	 1.93062093293947E-02 
473	 1.93787858728571E-02 
474	 1.94499120372183E-02 
475	 1.95050212119744E-02 
476	 1.95487472923619E-02 
477	 1.96014470500524E-02 
478	 1.96821685487958E-02 
479	 1.97950346116949E-02 
480	 1.99296067938713E-02 
481	 2.00444439624362E-02 
482	 2.01569256517027E-02 
483	 0.020271731971025 
484	 2.03820791315556E-02 
485	 0.020433125864607 
486	 2.05553500191582E-02 
487	 2.08047931121653E-02 
488	 2.09686104689012E-02 
489	 0.021116352699928 
490	 2.12918582121606E-02 
491	 2.15215093948483E-02 
492	 2.17442794968428E-02 
493	 2.19876508043532E-02 
494	 2.22656565961057E-02 
495	 2.25350317963369E-02 
496	 2.28266230863731E-02 
497	 2.31579806385435E-02 
498	 2.35451550053054E-02 
499	 2.40456884998714E-02 
500	 2.45518060297592E-02 
501	 2.50318665912343E-02 
502	 0.025630449709478 
503	 2.62551107556034E-02 
504	 2.68799215821951E-02 
505	 2.75248759325825E-02 
506	 2.83304084708341E-02 
507	 2.91549426354515E-02 
508	 0.029967445223283 
509	 3.09302878498531E-02 
510	 3.19340544580383E-02 
511	 0.032984000425263 
512	 3.41155832013709E-02 
513	 3.53059296667445E-02 
514	 3.65782269205852E-02 
515	 3.79232431485706E-02 
516	 3.92798693809074E-02 
517	 4.07944931317781E-02 
518	 4.24203468168694E-02 
519	 4.40393774118516E-02 
520	 4.55896738049417E-02 
521	 4.71089012693789E-02 
522	 4.86535857571733E-02 
523	 5.02728101647265E-02 
524	 5.18471189268376E-02 
525	 5.33615572406486E-02 
526	 5.48301491033489E-02 
527	 5.62757637681553E-02 
528	 5.76616907991432E-02 
529	 5.89292448652653E-02 
530	 6.00489708624055E-02 
531	 6.11939157479546E-02 
532	 6.22753317236303E-02 
533	 6.32137153449462E-02 
534	 6.41236168102612E-02 
535	 6.49455408311898E-02 
536	 6.56551719903485E-02 
537	 6.62583650341209E-02 
538	 6.68945085759652E-02 
539	 6.75100519496168E-02 
540	 6.80528901123629E-02 
541	 0.068528899127627 
542	 6.90130827168635E-02 
543	 6.95057492706572E-02 
544	 0.06997187544176 
545	 7.03682461131459E-02 
546	 7.07083411045347E-02 
547	 0.071024682369994 
548	 0.071369223273627 
549	 7.16794946861783E-02 
550	 7.19434802004427E-02 
551	 7.21593809859032E-02 
552	 0.072281903079204 
553	 7.23260356830466E-02 
554	 7.23021882236011E-02 
555	 0.072210501759898 
556	 7.20153624396606E-02 
557	 7.17240803902802E-02 
558	 7.13578983008851E-02 
559	 7.09205085527014E-02 
560	 7.04285666803605E-02 
561	 6.99100901074394E-02 
562	 6.93918524783604E-02 
563	 6.87488518516746E-02 
564	 6.80017884861741E-02 
565	 0.06719578411006 
566	 6.63333278579734E-02 
567	 0.065502104763168 
568	 6.46762150631618E-02 
569	 6.37575013442197E-02 
570	 6.28396101543263E-02 
571	 6.19577586261619E-02 
572	 6.11188582744517E-02 
573	 6.02777929049162E-02 
574	 5.94643960189224E-02 
575	 5.87088892364822E-02 
576	 5.80497089244182E-02 
577	 5.74702839579892E-02 
578	 5.68975664672106E-02 
579	 5.63158684039677E-02 
580	 5.58005683286779E-02 
581	 5.53506888216896E-02 
582	 5.49144807859572E-02 
583	 5.44468372248032E-02 
584	 5.40215314815381E-02 
585	 0.053648154453408 
586	 5.33305152152409E-02 
587	 0.053061714753359 
588	 5.27133212738465E-02 
589	 5.23906106422508E-02 
590	 5.21977870934223E-02 
591	 5.19489651823957E-02 
592	 5.17407821799392E-02 
593	 5.15846164562075E-02 
594	 5.14451879878939E-02 
595	 5.13365944241753E-02 
596	 5.12087464412491E-02 
597	 5.10448311406311E-02 
598	 5.09190147947306E-02 
599	 5.08505939037499E-02 
600	 5.07541323412696E-02 
601	 5.05262224324648E-02 
602	 5.03407187163861E-02 
603	 5.01301653976925E-02 
604	 4.98400639478978E-02 
605	 4.94636089884439E-02 
606	 4.90882717260881E-02 
607	 0.048737105140686 
608	 4.83913225028283E-02 
609	 4.79790045820469E-02 
610	 4.75178718442807E-02 
611	 0.047050938169703 
612	 4.66298637658033E-02 
613	 4.61565133092408E-02 
614	 4.56936771872553E-02 
615	 4.53025834898646E-02 
616	 4.49421858993647E-02 
617	 4.46023114438254E-02 
618	 4.42643963818235E-02 
619	 4.39052399012826E-02 
620	 4.36166320808915E-02 
621	 0.043407349040909 
622	 4.32550836410089E-02 
623	 0.043108010682049 
624	 4.29513820474864E-02 
625	 4.28478595750242E-02 
626	 4.28546281735235E-02 
627	 0.042810570021641 
628	 4.27541972980002E-02 
629	 4.27234452143945E-02 
630	 4.27372453724301E-02 
631	 0.042752510133585 
632	 4.26938118878704E-02 
633	 4.25313687135651E-02 
634	 4.23967992694741E-02 
635	 4.22794424353353E-02 
636	 4.21005575635349E-02 
637	 4.17521162279044E-02 
638	 4.13354357278331E-02 
639	 4.09088933033591E-02 
640	 4.04929347367899E-02 
641	 4.00500319828315E-02 
642	 3.95823431041137E-02 
643	 3.90932107942934E-02 
644	 3.85900874504577E-02 
645	 3.81123037776665E-02 
646	 3.76303334419755E-02 
647	 3.71656231819466E-02 
648	 3.67956944681923E-02 
649	 3.64278021584223E-02 
650	 3.60952075041346E-02 
651	 3.58268271457703E-02 
652	 3.55508056862025E-02 
653	 3.52689167750247E-02 
654	 3.49847356942649E-02 
655	 3.46897750205667E-02 
656	 3.44002008466995E-02 
657	 3.40168129066158E-02 
658	 3.35396761873224E-02 
659	 3.30940312550242E-02 
660	 3.26114848417468E-02 
661	 3.21702639776318E-02 
662	 3.18222592252285E-02 
663	 3.12917803731836E-02 
664	 0.030861428721057 
665	 3.05582341308387E-02 
666	 3.01227901402903E-02 
667	 2.98066249767346E-02 
668	 2.95734560459511E-02 
669	 2.93691068580478E-02 
670	 2.92682009082185E-02 
671	 2.92192543290372E-02 
672	 2.91742054047346E-02 
673	 2.91052639256239E-02 
674	 0.02913390749016 
675	 2.91985291834618E-02 
676	 2.92662399383342E-02 
677	 2.93744510353761E-02 
678	 2.95074426481893E-02 
679	 0.029721218633013 
680	 3.00598924859062E-02 
681	 3.04471941392882E-02 
682	 3.08980368571348E-02 
683	 3.14630249431453E-02 
684	 3.22108130501596E-02 
685	 3.31464852565883E-02 
686	 3.44475934975718E-02 
687	 3.61562566845685E-02 
688	 3.76471012061615E-02 
689	 3.92792094897345E-02 
690	 4.11768344876803E-02 
691	 4.33274507279958E-02 
692	 4.58082149021789E-02 
693	 4.86932731502478E-02 
694	 5.19372376187029E-02 
695	 5.53244692454605E-02 
696	 5.89325120630519E-02 
697	 6.27811184009108E-02 
698	 6.69544503161687E-02 
699	 7.13788761179086E-02 
700	 7.59501926038653E-02 
701	 8.06153313009814E-02 
702	 8.53512741612918E-02 
703	 9.00934181543247E-02 
704	 9.48720075354338E-02 
705	 9.97420285072682E-02 
706	 0.104641246514926 
707	 0.109683209634548 
708	 0.114828889232859 
709	 0.120041998609166 
710	 0.125348746234268 
711	 0.130805128695093 
712	 0.136475723974621 
713	 0.142352550633773 
714	 0.148281283957089 
715	 0.154254360067817 
716	 0.160535399086736 
717	 0.167326169182065 
718	 0.174475791348521 
719	 0.181778833619534 
720	 0.188827531107033 
721	 0.19542729537688 
722	 0.201883359927481 
723	 0.20890108786395 
724	 0.216345087962852 
725	 0.223615695374289 
726	 0.230638180438961 
727	 0.237657328740223 
728	 0.244711884081075 
729	 0.251627711957334 
730	 0.258345328342844 
731	 0.264820060690559 
732	 0.271033394001883 
733	 0.276928359160263 
734	 0.282640715038555 
735	 0.288304248451889 
736	 0.293850718458026 
737	 0.299139990469743 
738	 0.304115170869156 
739	 0.308788099437343 
740	 0.3133045209897 
741	 0.317599438181317 
742	 0.321585771708243 
743	 0.325290733845653 
744	 0.328757919531348 
745	 0.332008628802427 
746	 0.335019711958444 
747	 0.337828815283261 
748	 0.340450074522956 
749	 0.34288679082096 
750	 0.345130488156798 
751	 0.347245792476779 
752	 0.34921379722525 
753	 0.351008843215569 
754	 0.352634875643406 
755	 0.354211681451502 
756	 0.355719412168459 
757	 0.357196363232417 
758	 0.359333886788884 
759	 0.362726842659973 
760	 0.367425964586916 
761	 0.370112805937031 
762	 0.370502489767328 
763	 0.369910268088886 
764	 0.369228380194922 
765	 0.368263971994933 
766	 0.367556432947918 
767	 0.36721181464022 
768	 0.367206262456881 
769	 0.367406249015707 
770	 0.367720277038802 
771	 0.368102486448972 
772	 0.368547846367063 
773	 0.369052471293949 
774	 0.369516936268365 
775	 0.36990115847656 
776	 0.370293292752009 
777	 0.370739449874519 
778	 0.371172651906065 
779	 0.37154084385888 
780	 0.3720352898924 
781	 0.372462030856962 
782	 0.372808677135201 
783	 0.373177816713386 
784	 0.373567230578163 
785	 0.373946793476085 
786	 0.374305347516493 
787	 0.374668555300847 
788	 0.375102919947035 
789	 0.375530694294451 
790	 0.375902011519798 
791	 0.376351179465664 
792	 0.376697751412448 
793	 0.376973578616099 
794	 0.377296737790343 
795	 0.37769910000507 
796	 0.37806959233924 
797	 0.378376451036858 
798	 0.378671691219511 
799	 0.379002359302181 
800	 0.379355976010116 
801	 0.379699554663482 
802	 0.379991209805265 
803	 0.38029067263488 
804	 0.380638009242578 
805	 0.381022782283199 
806	 0.381297125166018 
807	 0.381580154522162 
808	 0.381903656637261 
809	 0.382237208563682 
810	 0.382540478612671 
811	 0.382848098436607 
812	 0.383165967327097 
813	 0.383472074058209 
814	 0.383771175484272 
815	 0.38406675407043 
816	 0.384386199761691 
817	 0.384814889616089 
818	 0.385070726712806 
819	 0.385237771130824 
820	 0.385482706625268 
821	 0.385850252645701 
822	 0.386143937913595 
823	 0.386320723885664 
824	 0.386444882239006 
825	 0.386632264864202 
826	 0.386888458257893 
827	 0.387149470863809 
828	 0.387305895751328 
829	 0.387510685352463 
830	 0.387643863913546 
831	 0.387716561964434 
832	 0.388022528194162 
833	 0.388270839956964 
834	 0.388450024030366 
835	 0.388644448255409 
836	 0.38893996959058 
837	 0.389220390818358 
838	 0.389495322566705 
839	 0.389801617840156 
840	 0.390017705599861 
841	 0.390271689203308 
842	 0.390564047244721 
843	 0.390792678767834 
844	 0.391101213413207 
845	 0.391417955088081 
846	 0.391661564104467 
847	 0.391791878044425 
848	 0.391980983618406 
849	 0.392343127535803 
850	 0.392811493180159 
851	 0.392924203272233 
852	 0.393065494640247 
853	 0.393314862376928 
854	 0.393608526106571 
855	 0.39373314397112 
856	 0.393995826924828 
857	 0.394335308979876 
858	 0.394534577288388 
859	 0.394802436107829 
860	 0.395020468859523 
861	 0.395189782376542 
862	 0.395441875727709 
863	 0.395811391286213 
864	 0.396025171946046 
865	 0.39603963607884 
866	 0.396240271335324 
867	 0.396534973519899 
868	 0.396724976629568 
869	 0.396789024600792 
870	 0.397164032752392 
871	 0.397409958829989 
872	 0.397544088306945 
873	 0.397710744500764 
874	 0.397877786625289 
875	 0.398023396313265 
876	 0.39823108220426 
877	 0.398566896245105 
878	 0.398799014327953 
879	 0.398933665376787 
880	 0.399071546571 
881	 0.399356037891883 
882	 0.399442183250845 
883	 0.39953139061857 
884	 0.399744861867312 
885	 0.400026279061896 
886	 0.400266478020404 
887	 0.400336618320744 
888	 0.400310144659444 
889	 0.400549840056065 
890	 0.400578603236268 
891	 0.400538878213448 
892	 0.400637556032441 
893	 0.400839410354938 
894	 0.401004139834289 
895	 0.401102705712151 
896	 0.401175550179812 
897	 0.401317554940701 
898	 0.401271718178906 
899	 0.401220705563363 
900	 0.401457825076909 
901	 0.401573476485578 
902	 0.401663173590819 
903	 0.401762166436511 
904	 0.401835863608997 
905	 0.401966472895054 
906	 0.402116656842493 
907	 0.40225375917562 
908	 0.402346337590007 
909	 0.402452526156748 
910	 0.402285225461297 
911	 0.401959323831102 
912	 0.402142434073496 
913	 0.402236830081118 
914	 0.402277301219853 
915	 0.402392890588242 
916	 0.402612609697482 
917	 0.402528085571977 
918	 0.402437129490234 
919	 0.402560025158863 
920	 0.402536145974016 
921	 0.402405584205695 
922	 0.402107516112959 
923	 0.401709902296256 
924	 0.401801136784121 
925	 0.401779192401099 
926	 0.401177571695313 
927	 0.399946202308089 
928	 0.399691976726752 
929	 0.399554450365805 
930	 0.398912920128083 
931	 0.39753724594127 
932	 0.396486179774191 
933	 0.395300542553612 
934	 0.393886949494699 
935	 0.392624454869634 
936	 0.391861438489336 
937	 0.391548397393915 
938	 0.391300739526578 
939	 0.390710560787338 
940	 0.390883391505378 
941	 0.390549694526016 
942	 0.389698885358995 
943	 0.389550100634228 
944	 0.388266575091868 
945	 0.387005473650172 
946	 0.386111301545855 
947	 0.384399633878276 
948	 0.382822900313895 
949	 0.381802734444336 
950	 0.381202416077276 
951	 0.380372428704764 
952	 0.379799646107615 
953	 0.378653644785559 
954	 0.376852513610762 
955	 0.375786513021385 
956	 0.3749206300234 
957	 0.373856422485166 
958	 0.372882282785011 
959	 0.373391068422228 
960	 0.373108771670867 
961	 0.372364600345782 
962	 0.371888178033022 
963	 0.371801186171655 
964	 0.372360978886156 
965	 0.372387849210337 
966	 0.371398529651746 
967	 0.371203820408787 
968	 0.371678736064133 
969	 0.372236411897927 
970	 0.372345130914886 
971	 0.372085877607515 
972	 0.371830823926094 
973	 0.37206784411228 
974	 0.37284818158697 
975	 0.373009284145483 
976	 0.372718310538623 
977	 0.372634417182736 
978	 0.373181405078662 
979	 0.37339999308601 
980	 0.373238567640161 
981	 0.373125545295072 
982	 0.373524262527649 
983	 0.374378754101759 
984	 0.375097015732071 
985	 0.37513966971642 
986	 0.374657899664306 
987	 0.375983538589059 
988	 0.37657059509624 
989	 0.376650173270253 
990	 0.37725499855405 
991	 0.377788591897826 
992	 0.378236361355626 
993	 0.378809750222032 
994	 0.379615682669598 
995	 0.37997762465088 
996	 0.380504371328033 
997	 0.380861297538503 
998	 0.380693700312895 
999	 0.381063696731793 
1000	 0.381794456389719 
1001	 0.387308140682006 
1002	 0.387964130950375 
1003	 0.388706887189356 
1004	 0.389510580085406 
1005	 0.390436022278068 
1006	 0.391122336914267 
1007	 0.391739275279789 
1008	 0.392464669272221 
1009	 0.39300138514396 
1010	 0.39360875977186 
1011	 0.394483277677892 
1012	 0.395203977980587 
1013	 0.39581424060769 
1014	 0.396434111771618 
1015	 0.397085444738315 
1016	 0.397715657337563 
1017	 0.398356453985525 
1018	 0.399018925230026 
1019	 0.399722661535099 
1020	 0.40025019804536 
1021	 0.400792186808861 
1022	 0.401487960924654 
1023	 0.402216944062876 
1024	 0.40295867713781 
1025	 0.403706824649212 
1026	 0.404388516507505 
1027	 0.404985690571162 
1028	 0.405642302584825 
1029	 0.40627609729885 
1030	 0.406779683626776 
1031	 0.40730490878328 
1032	 0.407737115684587 
1033	 0.408254768020554 
1034	 0.408865513742139 
1035	 0.409486879057906 
1036	 0.410164712899625 
1037	 0.410814082682411 
1038	 0.411460303070219 
1039	 0.41215058877185 
1040	 0.412748102551378 
1041	 0.413390169423307 
1042	 0.414004843086702 
1043	 0.414421440400956 
1044	 0.414880654890177 
1045	 0.415340748201877 
1046	 0.415750074109717 
1047	 0.416136782697423 
1048	 0.416716047630066 
1049	 0.417364484852659 
1050	 0.417939605029778 
1051	 0.418539997101603 
1052	 0.419090383689744 
1053	 0.419570937871566 
1054	 0.420058405190817 
1055	 0.420490525008425 
1056	 0.42088917657991 
1057	 0.421230596583419 
1058	 0.421451897787355 
1059	 0.421835711513487 
1060	 0.422248403057401 
1061	 0.422627604141501 
1062	 0.423227452077688 
1063	 0.423641680630385 
1064	 0.423931281521567 
1065	 0.424316916889095 
1066	 0.42459700138054 
1067	 0.424712863852276 
1068	 0.424845585572448 
1069	 0.424995535362344 
1070	 0.425179704998433 
1071	 0.425429853076596 
1072	 0.425689048218939 
1073	 0.426008957982497 
1074	 0.426202196797379 
1075	 0.426384771158323 
1076	 0.426456968593756 
1077	 0.42656054090232 
1078	 0.426718314902318 
1079	 0.426785683263905 
1080	 0.426871855670259 
1081	 0.426938521725254 
1082	 0.426897411934526 
1083	 0.426745039868828 
1084	 0.426365594261641 
1085	 0.426284074530859 
1086	 0.426223585853224 
1087	 0.426149138553149 
1088	 0.426304690831972 
1089	 0.426341991629284 
1090	 0.426261286976523 
1091	 0.426103931208906 
1092	 0.426002124135029 
1093	 0.426015618930891 
1094	 0.425934403505879 
1095	 0.425725938474691 
1096	 0.425563453493297 
1097	 0.425391721918598 
1098	 0.425206215940726 
1099	 0.424970071285548 
1100	 0.424831528409929 
1101	 0.424778604985974 
1102	 0.424653947265784 
1103	 0.424663562322298 
1104	 0.424466851928266 
1105	 0.424050809047093 
1106	 0.423691479681668 
1107	 0.423260036780922 
1108	 0.422701667650992 
1109	 0.422399678275573 
1110	 0.422163613827052 
1111	 0.421845523435265 
1112	 0.42154729692438 
1113	 0.421247869993367 
1114	 0.420808107985463 
1115	 0.420545329910946 
1116	 0.420628734228907 
1117	 0.420298232436208 
1118	 0.419676527415303 
1119	 0.419221401411084 
1120	 0.418644948726565 
1121	 0.417973085601335 
1122	 0.41769651581018 
1123	 0.41693034878617 
1124	 0.415816606729073 
1125	 0.41413472888046 
1126	 0.412712277897453 
1127	 0.411325988780626 
1128	 0.409524817118249 
1129	 0.407823918804669 
1130	 0.405811458792036 
1131	 0.403362048607167 
1132	 0.401256592597028 
1133	 0.399317913918997 
1134	 0.397466798136371 
1135	 0.395965859184047 
1136	 0.394132818830164 
1137	 0.392438323677 
1138	 0.39038790965674 
1139	 0.388152600775887 
1140	 0.385392602747368 
1141	 0.383017443369236 
1142	 0.38061891125043 
1143	 0.378060158364192 
1144	 0.375527646350021 
1145	 0.373021523082485 
1146	 0.370399738564515 
1147	 0.367849407167754 
1148	 0.365417831286365 
1149	 0.363041149124887 
1150	 0.360576970706673 
1151	 0.358339506618421 
1152	 0.356322041727597 
1153	 0.354444633865496 
1154	 0.352632919864185 
1155	 0.351131439336495 
1156	 0.349766905944292 
1157	 0.348235870313972 
1158	 0.34714554719644 
1159	 0.346270703668943 
1160	 0.345407357139559 
1161	 0.344634240008271 
1162	 0.344140282101149 
1163	 0.343726144136336 
1164	 0.343372011181785 
1165	 0.343291130882091 
1166	 0.343053849108741 
1167	 0.342675974112637 
1168	 0.342428660853073 
1169	 0.342266378890585 
1170	 0.342078685839623 
1171	 0.341923915272521 
1172	 0.341786232736151 
1173	 0.341396049943447 
1174	 0.34112482429191 
1175	 0.340950205369546 
1176	 0.34070626784677 
1177	 0.340660835630089 
1178	 0.340920323240049 
1179	 0.340887186682728 
1180	 0.340782691504896 
1181	 0.340706002372634 
1182	 0.340515183822444 
1183	 0.34039617182237 
1184	 0.340321729972056 
1185	 0.340253125698305 
1186	 0.340189174091332 
1187	 0.340110031322681 
1188	 0.340050766587031 
1189	 0.340061403896498 
1190	 0.339993221414966 
1191	 0.339835236550011 
1192	 0.339640126226207 
1193	 0.339529463574821 
1194	 0.339608141246484 
1195	 0.33985541287866 
1196	 0.33997481351286 
1197	 0.34023228991825 
1198	 0.340400528769754 
1199	 0.340440407966756 
1200	 0.340514366938595 
1201	 0.340635887906111 
1202	 0.340745798511298 
1203	 0.340683735875697 
1204	 0.340866513018286 
1205	 0.341266880962563 
1206	 0.341563520529448 
1207	 0.341825472185161 
1208	 0.342280879762173 
1209	 0.342562010344795 
1210	 0.342751755549985 
1211	 0.343281911499708 
1212	 0.343646709006325 
1213	 0.343933428503779 
1214	 0.344498088022041 
1215	 0.344860669982733 
1216	 0.345001182825582 
1217	 0.345412991625454 
1218	 0.345909352808013 
1219	 0.346364699851004 
1220	 0.347008947177534 
1221	 0.347482025762296 
1222	 0.347780600210974 
1223	 0.348199944985881 
1224	 0.348581716074038 
1225	 0.349093191915705 
1226	 0.349625069001987 
1227	 0.350086392136927 
1228	 0.350662563652194 
1229	 0.351225995627146 
1230	 0.351718445864983 
1231	 0.352324129174525 
1232	 0.352863597864253 
1233	 0.353271541833199 
1234	 0.353553274635694 
1235	 0.353834573430907 
1236	 0.354300715281407 
1237	 0.354900479255404 
1238	 0.355338845834644 
1239	 0.355828901138437 
1240	 0.356340342285531 
1241	 0.356729477358157 
1242	 0.357155270194272 
1243	 0.357670864514586 
1244	 0.358260838781012 
1245	 0.358652254834911 
1246	 0.359010880930103 
1247	 0.359518288980315 
1248	 0.360106015683959 
1249	 0.360756351159014 
1250	 0.361255724200337 
1251	 0.361547319560664 
1252	 0.361902770309249 
1253	 0.362280276695468 
1254	 0.362707257568591 
1255	 0.363196830052545 
1256	 0.363598850976771 
1257	 0.364005184352342 
1258	 0.36435368018011 
1259	 0.364688687297758 
1260	 0.365065871736054 
1261	 0.365438857077329 
1262	 0.365798390314888 
1263	 0.365999591790333 
1264	 0.366365320630816 
1265	 0.366655887563026 
1266	 0.36673328203665 
1267	 0.366965474625568 
1268	 0.367113594618097 
1269	 0.367025335995274 
1270	 0.367118959715115 
1271	 0.367369777996904 
1272	 0.367383517760257 
1273	 0.367328464240394 
1274	 0.367387960490506 
1275	 0.367282726075905 
1276	 0.367088592531377 
1277	 0.366931765573962 
1278	 0.366637606787965 
1279	 0.36629951765229 
1280	 0.366049354373674 
1281	 0.365992881595655 
1282	 0.365690592937327 
1283	 0.365335525795274 
1284	 0.364882173422106 
1285	 0.364196553457709 
1286	 0.363770964053807 
1287	 0.363613351225043 
1288	 0.363362700759475 
1289	 0.363153386807625 
1290	 0.362694819696384 
1291	 0.361893397155101 
1292	 0.361138565498534 
1293	 0.360595787644267 
1294	 0.360172203154355 
1295	 0.359740444812718 
1296	 0.359203384601801 
1297	 0.358321796850614 
1298	 0.357309421720196 
1299	 0.356477207435001 
1300	 0.355726048415493 
1301	 0.354941751058295 
1302	 0.354008823142663 
1303	 0.353091024061575 
1304	 0.352126093858845 
1305	 0.35100029633278 
1306	 0.349767513316982 
1307	 0.34866505871619 
1308	 0.347330865221756 
1309	 0.345859006290694 
1310	 0.34465124067973 
1311	 0.343321388619357 
1312	 0.341777002590719 
1313	 0.340186047197119 
1314	 0.338542334969643 
1315	 0.337018734375538 
1316	 0.335336952152896 
1317	 0.333562953688756 
1318	 0.331969325550582 
1319	 0.330069531705275 
1320	 0.328229321694865 
1321	 0.326697477441903 
1322	 0.324824961697801 
1323	 0.322939547997756 
1324	 0.321235544352532 
1325	 0.319350063645066 
1326	 0.317507757280651 
1327	 0.315542878630501 
1328	 0.313446863336311 
1329	 0.311442459414918 
1330	 0.309274845999618 
1331	 0.306926819777901 
1332	 0.30469486223285 
1333	 0.30267969070607 
1334	 0.300420394557247 
1335	 0.298344877589754 
1336	 0.296550488419577 
1337	 0.294562210127896 
1338	 0.292841945401231 
1339	 0.291350452057731 
1340	 0.289700678030889 
1341	 0.288163283247381 
1342	 0.286747557847647 
1343	 0.285507017016654 
1344	 0.284137626999777 
1345	 0.282643484987183 
1346	 0.281459493290607 
1347	 0.280341252425755 
1348	 0.279474125772925 
1349	 0.279201939834117 
1350	 0.278554404712371 
1351	 0.277352236871188 
1352	 0.276322642449785 
1353	 0.274497776090512 
1354	 0.27264124887704 
1355	 0.271984801460728 
1356	 0.270973650469895 
1357	 0.271115593517308 
1358	 0.273201870525672 
1359	 0.273607642587196 
1360	 0.272067652746706 
1361	 0.267003091251642 
1362	 0.258985473318507 
1363	 0.238440731259407 
1364	 0.220578690891447 
1365	 0.236873262728752 
1366	 0.246844461118236 
1367	 0.276366929545612 
1368	 0.304268313582885 
1369	 0.228514121811158 
1370	 0.216561194631878 
1371	 0.245550563030639 
1372	 0.221450965606629 
1373	 0.236367163817656 
1374	 0.258491345580335 
1375	 0.166994975188204 
1376	 9.68769557666812E-02 
1377	 0.152622942723917 
1378	 0.146378293832651 
1379	 0.135131705871345 
1380	 0.188241938657589 
1381	 0.195683377618227 
1382	 0.196853201385406 
1383	 0.206399763368251 
1384	 0.176188175638814 
1385	 0.131212697426187 
1386	 0.145089246811005 
1387	 0.181159169557153 
1388	 0.189883502436326 
1389	 0.188616580367645 
1390	 0.189677717189047 
1391	 0.14874019547894 
1392	 0.121774923457192 
1393	 0.150192330520116 
1394	 0.150981333107943 
1395	 0.136845894850782 
1396	 0.139429759147802 
1397	 0.126949390829315 
1398	 0.123623182342332 
1399	 0.138835083032196 
1400	 0.126054256351816 
1401	 9.69436752667468E-02 
1402	 0.091645059703106 
1403	 8.77596015817297E-02 
1404	 8.75044726019174E-02 
1405	 0.102402744098087 
1406	 9.68349522493498E-02 
1407	 8.16188795245543E-02 
1408	 8.44926083742324E-02 
1409	 8.42907464440795E-02 
1410	 8.04313531733634E-02 
1411	 8.75900545422673E-02 
1412	 8.57299200771711E-02 
1413	 7.66638141608345E-02 
1414	 7.80008111293409E-02 
1415	 8.05053773617926E-02 
1416	 7.69327142922484E-02 
1417	 0.074271341351499 
1418	 7.38244566717674E-02 
1419	 7.08236612003367E-02 
1420	 6.94530381200024E-02 
1421	 0.071428612141208 
1422	 7.29465827786137E-02 
1423	 7.33993578269227E-02 
1424	 7.24873293277331E-02 
1425	 7.05099622054052E-02 
1426	 6.96511685604584E-02 
1427	 6.79731280282834E-02 
1428	 6.77563561764601E-02 
1429	 6.88138571968453E-02 
1430	 6.92755556640307E-02 
1431	 6.85393951167044E-02 
1432	 6.79283042337869E-02 
1433	 6.73547208297653E-02 
1434	 6.61075807789084E-02 
1435	 6.55541173935641E-02 
1436	 6.56292420302125E-02 
1437	 6.56313081477721E-02 
1438	 6.68891358088623E-02 
1439	 6.84044478754694E-02 
1440	 6.78727820312851E-02 
1441	 6.62165463185325E-02 
1442	 6.49566482766466E-02 
1443	 0.064970366005814 
1444	 6.59873466814417E-02 
1445	 6.65892570337803E-02 
1446	 6.63672686624838E-02 
1447	 6.57146369286381E-02 
1448	 0.065432955930804 
1449	 6.54718970890131E-02 
1450	 6.55850274378866E-02 
1451	 6.54382045068464E-02 
1452	 6.48207501534482E-02 
1453	 6.46260888425567E-02 
1454	 6.49975113662915E-02 
1455	 0.065583020674927 
1456	 6.60175781810604E-02 
1457	 6.58473196133196E-02 
1458	 6.53068898622787E-02 
1459	 0.064951146170423 
1460	 6.50959182775017E-02 
1461	 6.55968739642253E-02 
1462	 6.62291602664595E-02 
1463	 6.66638797697934E-02 
1464	 6.66318369356854E-02 
1465	 6.66610598650798E-02 
1466	 6.71791558919477E-02 
1467	 6.77943420628715E-02 
1468	 6.82710284306324E-02 
1469	 6.87182844520015E-02 
1470	 6.92472336355451E-02 
1471	 6.95698094406611E-02 
1472	 0.070046835592862 
1473	 7.06960124247079E-02 
1474	 7.12936484694768E-02 
1475	 7.17576345651832E-02 
1476	 0.072206394279701 
1477	 7.28786405510443E-02 
1478	 7.36575231288136E-02 
1479	 7.41006812354623E-02 
1480	 7.42361594975288E-02 
1481	 7.46950375230991E-02 
1482	 7.53140316923382E-02 
1483	 0.075989539065718 
1484	 0.077172496233628 
1485	 7.80591684480925E-02 
1486	 7.85091781298641E-02 
1487	 7.93093406792319E-02 
1488	 8.00354952499311E-02 
1489	 8.06615349861739E-02 
1490	 8.13665451662412E-02 
1491	 8.18693084953865E-02 
1492	 8.23483631563458E-02 
1493	 0.083042305356706 
1494	 8.39916345385569E-02 
1495	 8.47405561517286E-02 
1496	 8.52623941513537E-02 
1497	 8.60419268114715E-02 
1498	 8.67971842129331E-02 
1499	 8.73909008280597E-02 
1500	 0.088167842509445 
1501	 8.89101905559117E-02 
1502	 0.089588225588916 
1503	 9.05175897760496E-02 
1504	 9.14719371146408E-02 
1505	 9.22987575880737E-02 
1506	 9.29833087737532E-02 
1507	 9.36954385576356E-02 
1508	 9.46608275972303E-02 
1509	 9.56225191906036E-02 
1510	 9.64896537082365E-02 
1511	 9.72883245839264E-02 
1512	 9.79586488475106E-02 
1513	 9.87599955741654E-02 
1514	 0.099734826744782 
1515	 0.100668420661876 
1516	 0.101661740799118 
1517	 0.102555035856022 
1518	 0.103307948855009 
1519	 0.104200615331986 
1520	 0.105083429989037 
1521	 0.105922251163244 
1522	 0.106714907456581 
1523	 0.107406712270376 
1524	 0.108307202881141 
1525	 0.109307136207515 
1526	 0.110238472591709 
1527	 0.111309247051133 
1528	 0.11217592175434 
1529	 0.11275962299178 
1530	 0.113609972766956 
1531	 0.114539886863608 
1532	 0.115576161498862 
1533	 0.11651659743309 
1534	 0.117562338707955 
1535	 0.11846120149049 
1536	 0.1192037836993 
1537	 0.120074933124171 
1538	 0.12098611170086 
1539	 0.121915936907284 
1540	 0.12281640752803 
1541	 0.123612081044834 
1542	 0.124473888599225 
1543	 0.125312113743231 
1544	 0.126184443945014 
1545	 0.127253201451861 
1546	 0.128144664821172 
1547	 0.128966536177468 
1548	 0.129883966977883 
1549	 0.130586592016188 
1550	 0.131242110495369 
1551	 0.132130412556827 
1552	 0.133032688419015 
1553	 0.133897496245357 
1554	 0.134860854741476 
1555	 0.135690950077269 
1556	 0.136375501210136 
1557	 0.137219627291032 
1558	 0.138165868130455 
1559	 0.138954554384543 
1560	 0.1396896361184 
1561	 0.140432338303987 
1562	 0.141154729365074 
1563	 0.142147362433805 
1564	 0.143299450465401 
1565	 0.144163974445379 
1566	 0.144759574335473 
1567	 0.145463979189456 
1568	 0.146270189519389 
1569	 0.147124655141727 
1570	 0.148119047469004 
1571	 0.148852546550002 
1572	 0.149297071224556 
1573	 0.149883665321655 
1574	 0.150581026168589 
1575	 0.151427344687502 
1576	 0.15254425956224 
1577	 0.153490457271736 
1578	 0.154141378169266 
1579	 0.154770359791047 
1580	 0.155349149028732 
1581	 0.156044012737612 
1582	 0.156914621936169 
1583	 0.157663124982399 
1584	 0.158314001069093 
1585	 0.159002726236372 
1586	 0.159606166719851 
1587	 0.160261764097413 
1588	 0.161079158676964 
1589	 0.16179361608791 
1590	 0.162351472180751 
1591	 0.163012150413377 
1592	 0.163896525189128 
1593	 0.164639033070311 
1594	 0.165403723572832 
1595	 0.166268160921382 
1596	 0.16663521897784 
1597	 0.167148912502854 
1598	 0.168052032722839 
1599	 0.168710160104269 
1600	 0.169516389209311 
1601	 0.170246599292214 
1602	 0.17073915860667 
1603	 0.171560139217775 
1604	 0.172377886374943 
1605	 0.173092658425423 
1606	 0.173787306320972 
1607	 0.174327298873366 
1608	 0.174999806760893 
1609	 0.175763500964214 
1610	 0.176442722220368 
1611	 0.177144992017705 
1612	 0.177717984109253 
1613	 0.17820493244458 
1614	 0.178899480690749 
1615	 0.179582662113241 
1616	 0.180201738188778 
1617	 0.180842861922623 
1618	 0.181340236589117 
1619	 0.181681016532581 
1620	 0.1820924661803 
1621	 0.182794693812977 
1622	 0.183410937532269 
1623	 0.183889352536601 
1624	 0.184430636731681 
1625	 0.184719289295352 
1626	 0.185102788508864 
1627	 0.185795767855848 
1628	 0.186336138696584 
1629	 0.186791292295124 
1630	 0.187263242392785 
1631	 0.187632406801639 
1632	 0.188079481562412 
1633	 0.188707002768895 
1634	 0.189303203574594 
1635	 0.18970599860295 
1636	 0.19002424770325 
1637	 0.190420031193916 
1638	 0.190790165459944 
1639	 0.191268967964515 
1640	 0.192107964395926 
1641	 0.192609969115175 
1642	 0.192652361135087 
1643	 0.193000406696079 
1644	 0.193277597040479 
1645	 0.193418582224091 
1646	 0.194111026287178 
1647	 0.194697685640374 
1648	 0.19475398052929 
1649	 0.195004922914615 
1650	 0.1954282757676 
1651	 0.195629455298216 
1652	 0.195911897275969 
1653	 0.196387009577959 
1654	 0.196493529311263 
1655	 0.196557083293803 
1656	 0.196900773250001 
1657	 0.197036421560672 
1658	 0.197196179886546 
1659	 0.197378307723998 
1660	 0.19732519511257 
1661	 0.197455788671338 
1662	 0.197730921052944 
1663	 0.197841719481507 
1664	 0.197994051345588 
1665	 0.198197363725742 
1666	 0.198323523021197 
1667	 0.19862518088389 
1668	 0.198942351247649 
1669	 0.199009882598711 
1670	 0.199032489152888 
1671	 0.198885702252088 
1672	 0.198608258142299 
1673	 0.198589111414729 
1674	 0.198705310912203 
1675	 0.198713536184311 
1676	 0.198622886115883 
1677	 0.19845790617933 
1678	 0.198146483031413 
1679	 0.197947181017564 
1680	 0.198061307268806 
1681	 0.198091264908353 
1682	 0.197927552088846 
1683	 0.197849364708177 
1684	 0.197673418293121 
1685	 0.197343800388107 
1686	 0.197243459078815 
1687	 0.19709410785159 
1688	 0.196828212639808 
1689	 0.197000508754962 
1690	 0.197061163898825 
1691	 0.196670398272349 
1692	 0.196251912247636 
1693	 0.195854303982541 
1694	 0.19559820268465 
1695	 0.195477589212636 
1696	 0.195401161281384 
1697	 0.195134912714448 
1698	 0.194608730465566 
1699	 0.194130448783905 
1700	 0.193858979650339 
1701	 0.193736692728791 
1702	 0.193720343487907 
1703	 0.193567032653283 
1704	 0.193374833880224 
1705	 0.193063447054445 
1706	 0.192609825016831 
1707	 0.192210428615765 
1708	 0.191612176965003 
1709	 0.191308029847894 
1710	 0.191344566631432 
1711	 0.191047964265797 
1712	 0.190885729093155 
1713	 0.190427563374399 
1714	 0.189349133438802 
1715	 0.188772407705081 
1716	 0.188424892090605 
1717	 0.187874763234932 
1718	 0.187471152728885 
1719	 0.187112202307443 
1720	 0.186516181709255 
1721	 0.186107756934735 
1722	 0.186105351205648 
1723	 0.185646424647802 
1724	 0.184867206480297 
1725	 0.184361548892386 
1726	 0.183783451794366 
1727	 0.183264810566955 
1728	 0.182942517781169 
1729	 0.18256655751649 
1730	 0.182097607671295 
1731	 0.181662839565844 
1732	 0.181335099451133 
1733	 0.180993647655856 
1734	 0.180745393422346 
1735	 0.180188793892335 
1736	 0.179411165120731 
1737	 0.17882085239157 
1738	 0.177986976697344 
1739	 0.1774656689145 
1740	 0.17744862051724 
1741	 0.176877468405564 
1742	 0.176013864231466 
1743	 0.175474753493388 
1744	 0.174870169565751 
1745	 0.174202563012714 
1746	 0.1736580875062 
1747	 0.173203528610842 
1748	 0.172791738467393 
1749	 0.172212828989309 
1750	 0.171828948208027 
1751	 0.170744622876246 
1752	 0.169319715251053 
1753	 0.168260563022079 
1754	 0.167746245369358 
1755	 0.167475640951418 
1756	 0.167088594360986 
1757	 0.166650012297294 
1758	 0.166041735337761 
1759	 0.165464052625634 
1760	 0.165207745970658 
1761	 0.164471522640994 
1762	 0.163684141870392 
1763	 0.16298302755847 
1764	 0.16190665347655 
1765	 0.161120302323307 
1766	 0.160649322644175 
1767	 0.160483533496697 
1768	 0.160201290214269 
1769	 0.159482035260043 
1770	 0.158971750404179 
1771	 0.157541761218134 
1772	 0.156833433683528 
1773	 0.157047911207846 
1774	 0.156779958477997 
1775	 0.156908928360889 
1776	 0.156454370935698 
1777	 0.154803074264347 
1778	 0.154234410691701 
1779	 0.153921229292881 
1780	 0.153740224981709 
1781	 0.154954417314912 
1782	 0.154922292494948 
1783	 0.153863760840134 
1784	 0.153348769515705 
1785	 0.152414824282911 
1786	 0.151826354671936 
1787	 0.151472345829261 
1788	 0.151508397227357 
1789	 0.15222666063023 
1790	 0.152348215494052 
1791	 0.152823117016448 
1792	 0.152862127850829 
1793	 0.151606662968796 
1794	 0.151297649231633 
1795	 0.151668267490339 
1796	 0.151635090883396 
1797	 0.15184392730596 
1798	 0.151891661212467 
1799	 0.151686970725351 
1800	 0.151424972189337 
1801	 0.150990085505642 
1802	 0.150955527977588 
1803	 0.150656089192323 
1804	 0.151202548636334 
1805	 0.153216854578961 
1806	 0.154172065313089 
1807	 0.155495572382774 
1808	 0.155248251214055 
1809	 0.152632822810564 
1810	 0.151547301576179 
1811	 0.151257823961617 
1812	 0.15437602246137 
1813	 0.157954425053506 
1814	 0.159395217288915 
1815	 0.161451029839408 
1816	 0.159716200050103 
1817	 0.16045836288468 
1818	 0.160101014127664 
1819	 0.161989914314418 
1820	 0.170087320664346 
1821	 0.175158006022235 
1822	 0.183810821449749 
1823	 0.188685132911286 
1824	 0.18240610930117 
1825	 0.176002434822386 
1826	 0.156027008720788 
1827	 0.151053413224538 
1828	 0.157516963977526 
1829	 0.16582699042663 
1830	 0.199718648267007 
1831	 0.18510267311136 
1832	 4.62422598972679E-02 
1833	 1.72121477442301E-03 
1834	 0.103602653203639 
1835	 0.155444010003472 
1836	 0.322684594168458 
1837	 0.434736431792491 
1838	 0.424701072234914 
1839	 0.160971835988333 
1840	-0.11609352906625 
1841	-0.225544636163209 
1842	 1.69088247974526E-02 
1843	 0.825961659824143 
1844	 1.10215984931229 
1845	 8.43510259604175 
1846	-43.7740666796445 
1847	 1.55068296840016 
1848	 3.70958416960159 
1849	 1.90602710388167 
1850	 0.794173927418273 
1851	 0.965310426978062 
1852	 2.80280827438379 
1853	 2.13602323755952 
1854	 4.20994973338856 
1855	 2.31861965908008 
1856	-0.328188496561658 
1857	-0.298988963101101 
1858	 1.16804668392792 
1859	 2.99441421383806 
1860	 2.12170194062101 
1861	 10.0002629551461 
1862	 4.35751930332769 
1863	 0.122121077592725 
1864	 0.152049389445835 
1865	 1.00468749510893 
1866	 1.13684399613216 
1867	 0.637803518844096 
1868	 0.431206850289643 
1869	 0.228795481784935 
1870	 0.185414768802628 
1871	 0.260241405669178 
1872	 2.15104778117449 
1873	 1.48152851222551 
1874	 0.118863925507503 
1875	 2.99927216148248E-02 
1876	 6.74887080101289E-02 
1877	 3.16607297731762E-02 
1878	 0.121650908375497 
1879	 0.156196407410659 
1880	 0.150707711254919 
1881	 4.65657445017405E-02 
1882	 6.10753972405933E-02 
1883	 0.229920179175731 
1884	 0.188622977366033 
1885	 9.40440911565558E-02 
1886	-0.105491586120398 
1887	-0.202071484007533 
1888	-0.192798275272258 
1889	-0.103002700635905 
1890	-0.109503154902732 
1891	-9.36394017209166E-02 
1892	-0.119977348057165 
1893	-8.33358008587988E-02 
1894	 7.75913021623343E-02 
1895	 0.146750072317175 
1896	 0.220314819385277 
1897	 0.212261493024985 
1898	 0.201249510717312 
1899	-0.105328185678929 
1900	-0.342409692095032 
1901	 1.71733199283369E-02 
1902	-2.11328966058073E-02 
1903	-0.385396196735443 
1904	-0.323676824175957 
1905	-7.25775934117302E-02 
1906	-0.146443212722286 
1907	 3.24208031753766E-02 
1908	 0.364636805814689 
1909	 0.359915445414015 
1910	 0.18691900367469 
1911	-1.01783760503287E-02 
1912	-4.95370273354778E-03 
1913	 0.012573389699349 
1914	 0.119229497269862 
1915	 0.128779148974056 
1916	 0.122671236130084 
1917	 0.119372185905649 
1918	 0.11098493760777 
1919	 6.06144783152572E-02 
1920	 0.034435386284423 
1921	 4.13762863392871E-03 
1922	-4.73320490412608E-02 
1923	-4.69683008900743E-02 
1924	-3.36796073810985E-02 
1925	 2.04467098235392E-03 
1926	 2.4009863989477E-03 
1927	 1.28514012103693E-02 
1928	 0.031423233720812 
1929	 1.22252568888544E-02 
1930	 1.77302465944341E-02 
1931	 5.40542082145847E-02 
1932	 5.18603879664833E-02 
1933	 3.64769586990988E-02 
1934	 3.47679456110695E-02 
1935	 3.04125717714264E-02 
1936	 1.38457023959637E-02 
1937	 8.93945839921803E-03 
1938	 2.57918830940242E-02 
1939	 2.69772894114214E-02 
1940	 2.15847224109926E-02 
1941	 2.55477296510738E-02 
1942	 2.54630134244075E-02 
1943	 0.026524959792648 
1944	 3.00050668627314E-02 
1945	 2.95810537187782E-02 
1946	 2.86905889763269E-02 
1947	 2.47052278065687E-02 
1948	 2.31364918879392E-02 
1949	 0.02432877327294 
1950	 2.38554140472144E-02 
1951	 2.52870063192735E-02 
1952	 2.96656940580138E-02 
1953	 3.12590147662255E-02 
1954	 0.030815870372331 
1955	 2.94474002009364E-02 
1956	 2.98079896104253E-02 
1957	 2.96718806811569E-02 
1958	 2.77428560893021E-02 
1959	 2.55053425371057E-02 
1960	 2.66121457790397E-02 
1961	 2.58202168656272E-02 
1962	 2.25283501450627E-02 
1963	 0.024391504659045 
1964	 2.70004917839709E-02 
1965	 0.026272752452161 
1966	 0.026751997073276 
1967	 2.80129879173214E-02 
1968	 2.74380229912613E-02 
1969	 2.76898388238933E-02 
1970	 2.81697096347907E-02 
1971	 2.98510162809436E-02 
1972	 3.00634761094261E-02 
1973	 2.97594911025209E-02 
1974	 2.96680229337733E-02 
1975	 2.89949376120281E-02 
1976	 2.90372563171526E-02 
1977	 2.95129815931453E-02 
1978	 2.95315829513853E-02 
1979	 2.99531267045726E-02 
1980	 3.04352111573015E-02 
1981	 3.05664502638021E-02 
1982	 3.07321610660587E-02 
1983	 3.10437234810108E-02 
1984	 3.12986506627233E-02 
1985	 3.11798823872245E-02 
1986	 3.10040287517434E-02 
1987	 3.10559723054058E-02 
1988	 3.09076762780492E-02 
1989	 3.10841506547744E-02 
1990	 0.032403017808753 
1991	 3.33330016045253E-02 
1992	 3.28303846462404E-02 
1993	 3.27878847498907E-02 
1994	 3.19976227241782E-02 
1995	 3.18706444517209E-02 
1996	 0.031913034897766 
1997	 3.32146398355528E-02 
1998	 3.36419099038395E-02 
1999	 3.33738532113775E-02 
2000	 3.42579273456709E-02 
2001	 3.55077971060237E-02 
2002	 3.72233479174781E-02 
2003	 3.84679534188129E-02 
2004	 3.76749876178459E-02 
2005	 3.75582592135546E-02 
2006	 3.74903105575771E-02 
2007	 0.037637106008201 
2008	 3.75155362160321E-02 
2009	 3.72003822588092E-02 
2010	 3.68272590188402E-02 
2011	 3.92922777770189E-02 
2012	 4.04803393773013E-02 
2013	 3.91997822677426E-02 
2014	 4.03089793606272E-02 
2015	 4.04205093872965E-02 
2016	 4.04704901825261E-02 
2017	 4.22834492181734E-02 
2018	 4.35155931161811E-02 
2019	 4.43988690257468E-02 
2020	 4.42022618357725E-02 
2021	 4.40698216613737E-02 
2022	 4.43388040896959E-02 
2023	 4.43367943249721E-02 
2024	 4.32248424178548E-02 
2025	 4.30157668009801E-02 
2026	 4.39690377109392E-02 
2027	 4.48841050202097E-02 
2028	 4.50815799715496E-02 
2029	 4.46621652684292E-02 
2030	 4.39423551074685E-02 
2031	 4.37575880033067E-02 
2032	 4.39237483739087E-02 
2033	 4.48054521190622E-02 
2034	 4.50790848636047E-02 
2035	 4.54792881482407E-02 
2036	 4.56121110809842E-02 
2037	 0.045314816617323 
2038	 4.54293462826853E-02 
2039	 4.57853779881198E-02 
2040	 4.60319350658821E-02 
2041	 4.55944493124404E-02 
2042	 4.51290910213658E-02 
2043	 4.57131800912858E-02 
2044	 4.57945197631371E-02 
2045	 4.58111166022723E-02 
2046	 4.63896977311399E-02 
2047	 4.67088570988257E-02 
2048	 4.61870027391282E-02 
2049	 4.62100625451727E-02 
2050	 4.63859759419575E-02 
2051	 4.71854831738736E-02 
2052	 4.83669839684834E-02 
2053	 4.94203501718614E-02 
2054	 4.98512144104282E-02 
2055	 0.050112804196633 
2056	 0.05038447039496 
2057	 4.98252210605186E-02 
2058	 4.97952975240249E-02 
2059	 5.01870437293492E-02 
2060	 5.04087585163489E-02 
2061	 5.01722156268963E-02 
2062	 5.05530594190395E-02 
2063	 5.15384063867639E-02 
2064	 5.20067023839681E-02 
2065	 0.052377444602146 
2066	 5.24757478666559E-02 
2067	 5.26107234993532E-02 
2068	 5.26748129592927E-02 
2069	 5.22680727628788E-02 
2070	 5.22357668302336E-02 
2071	 5.30625209629926E-02 
2072	 5.39228452435546E-02 
2073	 5.39226895242168E-02 
2074	 5.33758487751939E-02 
2075	 5.35518007987724E-02 
2076	 5.34803807829701E-02 
2077	 5.34648249596951E-02 
2078	 5.39643777631847E-02 
2079	 5.45509657633949E-02 
2080	 5.50473576626457E-02 
2081	 5.51536617461588E-02 
2082	 5.54916160194315E-02 
2083	 5.56533567008149E-02 
2084	 5.55411587471765E-02 
2085	 0.055898861087932 
2086	 0.056590674704859 
2087	 5.73024159534912E-02 
2088	 5.79903640461157E-02 
2089	 5.84530185571334E-02 
2090	 5.88451177063567E-02 
2091	 5.92839363709193E-02 
2092	 5.94853665219529E-02 
2093	 5.94163155649512E-02 
2094	 5.93947237090428E-02 
2095	 5.91388014392376E-02 
2096	 5.92331506875677E-02 
2097	 5.96641215589764E-02 
2098	 5.96877073471867E-02 
2099	 6.01265541139166E-02 
2100	 6.03576370160242E-02 
2101	 5.98484345294323E-02 
2102	 5.97544050176548E-02 
2103	 6.02615528537362E-02 
2104	 0.060608999691824 
2105	 6.13104165668666E-02 
2106	 0.062221834948757 
2107	 6.27795174469536E-02 
2108	 6.26774726395729E-02 
2109	 6.26766138633403E-02 
2110	 6.27071967142653E-02 
2111	 6.30878010240181E-02 
2112	 6.36118483595432E-02 
2113	 6.36920866282759E-02 
2114	 6.38577503914195E-02 
2115	 6.38386938226791E-02 
2116	 6.41445410992463E-02 
2117	 6.44971653101228E-02 
2118	 6.47318123443708E-02 
2119	 6.50869538599035E-02 
2120	 6.54263336036144E-02 
2121	 6.53911549687485E-02 
2122	 6.59193425101796E-02 
2123	 6.67677526281595E-02 
2124	 6.73765391455789E-02 
2125	 6.73852085295866E-02 
2126	 0.067872965641567 
2127	 6.90333874321185E-02 
2128	 0.069587685786333 
2129	 6.96547250563413E-02 
2130	 6.98671934140545E-02 
2131	 7.00516275822459E-02 
2132	 7.01078364245815E-02 
2133	 6.98338949097439E-02 
2134	 7.02860252959649E-02 
2135	 7.07715695485224E-02 
2136	 7.05505167110173E-02 
2137	 7.08481035853296E-02 
2138	 0.071120877365269 
2139	 7.03798053490409E-02 
2140	 7.04877031076772E-02 
2141	 7.14090523545949E-02 
2142	 7.17538038559552E-02 
2143	 7.19762535330453E-02 
2144	 7.25982415536861E-02 
2145	 7.29037242090737E-02 
2146	 7.19694291797447E-02 
2147	 7.22991519350261E-02 
2148	 7.41888843616862E-02 
2149	 7.46196421372583E-02 
2150	 7.46313816063719E-02 
2151	 7.49369839789039E-02 
2152	 7.49297085997581E-02 
2153	 7.39665978854966E-02 
2154	 7.40158217410019E-02 
2155	 7.46503490157337E-02 
2156	 7.50575269438474E-02 
2157	 7.57806628152417E-02 
2158	 7.65167829267175E-02 
2159	 7.66509996997326E-02 
2160	 0.076506321711829 
2161	 7.65593833448177E-02 
2162	 7.64570014441207E-02 
2163	 7.60051375345441E-02 
2164	 7.61985153131693E-02 
2165	 7.70618420069933E-02 
2166	 7.71366909430345E-02 
2167	 7.68508410425435E-02 
2168	 7.72078075768754E-02 
2169	 7.75986395469809E-02 
2170	 7.77734579436991E-02 
2171	 7.86013117959788E-02 
2172	 7.89908359338592E-02 
2173	 7.92201532090717E-02 
2174	 7.82156097460599E-02 
2175	 7.75099078512318E-02 
2176	 7.81415134388538E-02 
2177	 7.88697456264093E-02 
2178	 7.87084549232154E-02 
2179	 7.92451197113181E-02 
2180	 7.97350092012265E-02 
2181	 7.97633917863562E-02 
2182	 0.080942833756313 
2183	 8.11306886509562E-02 
2184	 8.03173481973032E-02 
2185	 8.06792343575367E-02 
2186	 8.14648963313739E-02 
2187	 8.17187564829032E-02 
2188	 8.23721662019831E-02 
2189	 8.30005699314226E-02 
2190	 8.31553734996031E-02 
2191	 8.28928514001666E-02 
2192	 8.26490514624781E-02 
2193	 8.30628879491678E-02 
2194	 8.32616497234946E-02 
2195	 8.35449320879992E-02 
2196	 8.49508278010746E-02 
2197	 8.50972839426331E-02 
2198	 8.48983766288334E-02 
2199	 8.47421930384235E-02 
2200	 8.36091460362636E-02 
2201	 8.34314014621236E-02 
2202	 8.38935937146583E-02 
2203	 8.32915617713599E-02 
2204	 8.32586787407055E-02 
2205	 8.40554361728367E-02 
2206	 8.49299673077126E-02 
2207	 8.52798134765809E-02 
2208	 8.48757391055017E-02 
2209	 8.46379686405353E-02 
2210	 8.44003424119422E-02 
2211	 8.32810395310635E-02 
2212	 8.29276933882223E-02 
2213	 8.30207453588755E-02 
2214	 8.32952209466149E-02 
2215	 8.39779754141161E-02 
2216	 8.41075130816937E-02 
2217	 8.44535885639763E-02 
2218	 8.47756738124992E-02 
2219	 0.084737814421903 
2220	 8.43496339765494E-02 
2221	 8.34279470582227E-02 
2222	 8.38450038870196E-02 
2223	 8.41958236152279E-02 
2224	 8.36622684949641E-02 
2225	 8.33662301527764E-02 
2226	 8.30818450016349E-02 
2227	 0.082666945026234 
2228	 8.21027980480181E-02 
2229	 8.29210686584686E-02 
2230	 8.42695262545958E-02 
2231	 8.30928660209742E-02 
2232	 0.081581556673402 
2233	 8.16775466499272E-02 
2234	 8.15315416168647E-02 
2235	 8.14545152440501E-02 
2236	 8.16309889614361E-02 
2237	 8.13263823010156E-02 
2238	 0.079091724321321 
2239	 7.89489645236408E-02 
2240	 8.09785909792396E-02 
2241	 8.10767298049163E-02 
2242	 8.04493178743474E-02 
2243	 8.00956837645529E-02 
2244	 7.85119187405043E-02 
2245	 7.83955964122642E-02 
2246	 7.99620925533167E-02 
2247	 8.04495348840434E-02 
2248	 8.10347066491309E-02 
2249	 8.08414439380436E-02 
2250	 0.079772637250089 
2251	 7.91391780794539E-02 
2252	 0.077494252878993 
2253	 7.58549855863022E-02 
2254	 7.57705106890555E-02 
2255	 7.61273529638886E-02 
2256	 7.59012358273198E-02 
2257	 0.075600711948703 
2258	 7.55627657287598E-02 
2259	 7.45368875376867E-02 
2260	 7.43021948799918E-02 
2261	 7.50275816480144E-02 
2262	 7.33830762128747E-02 
2263	 7.23533619177222E-02 
2264	 7.33366816704114E-02 
2265	 7.24829233342289E-02 
2266	 0.071687421468278 
2267	 0.071904274711226 
2268	 7.09329761518425E-02 
2269	 7.05038644621433E-02 
2270	 7.10344332049929E-02 
2271	 7.04373576634266E-02 
2272	 6.94450799981821E-02 
2273	 6.72447093237352E-02 
2274	 6.66856832951706E-02 
2275	 6.65792620568335E-02 
2276	 6.64635752656262E-02 
2277	 6.70667598496688E-02 
2278	 0.067580780325528 
2279	 6.89463805477475E-02 
2280	 6.85836040898273E-02 
2281	 6.70101497220472E-02 
2282	 6.66782504282706E-02 
2283	 6.51250653377691E-02 
2284	 6.42792653717006E-02 
2285	 6.54639200481817E-02 
2286	 6.53822305673812E-02 
2287	 6.42470717410752E-02 
2288	 6.41842616785732E-02 
2289	 0.06473309195358 
2290	 6.47690106257825E-02 
2291	 6.42456068944812E-02 
2292	 6.34943726024556E-02 
2293	 6.16154684208854E-02 
2294	 6.07167409599726E-02 
2295	 6.29972808412286E-02 
2296	 6.35909230788338E-02 
2297	 6.28282022129921E-02 
2298	 6.42714483370473E-02 
2299	 6.43910222941421E-02 
2300	 6.35791726987588E-02 
2301	 6.35929002515367E-02 
2302	 6.29794201690917E-02 
2303	 6.25635024132896E-02 
2304	 6.14001657876284E-02 
2305	 6.11129017565688E-02 
2306	 6.27664770432824E-02 
2307	 6.30030726528436E-02 
2308	 0.06392505488084 
2309	 6.43907333041751E-02 
2310	 6.16500304064308E-02 
2311	 6.03526329851625E-02 
2312	 6.07551026939269E-02 
2313	 6.08628606357373E-02 
2314	 6.06356880938423E-02 
2315	 5.96341877495324E-02 
2316	 5.85888157570355E-02 
2317	 5.76704501670865E-02 
2318	 0.058729008904068 
2319	 5.80242103367835E-02 
2320	 5.51010435956426E-02 
2321	 5.37139450789785E-02 
2322	 5.34644998040722E-02 
2323	 5.29024892410485E-02 
2324	 5.29179730528206E-02 
2325	 5.34905775301809E-02 
2326	 5.34298137928713E-02 
2327	 5.27257800348128E-02 
2328	 5.28915884379662E-02 
2329	 5.28875391959612E-02 
2330	 5.21234502297154E-02 
2331	 5.16160300538067E-02 
2332	 5.11134254913183E-02 
2333	 5.10412407646528E-02 
2334	 5.21929156966189E-02 
2335	 5.23974125457154E-02 
2336	 5.07197795554137E-02 
2337	 5.07116392344447E-02 
2338	 5.11379156663447E-02 
2339	 5.18935807077058E-02 
2340	 5.37002972287975E-02 
2341	 5.67660577105887E-02 
2342	 5.70892883249537E-02 
2343	 5.62112216964281E-02 
2344	 5.21233626129728E-02 
2345	 4.91829316986348E-02 
2346	 5.13270220392481E-02 
2347	 5.04128403577742E-02 
2348	 4.93293538053756E-02 
2349	 5.06812359379276E-02 
2350	 4.84693440041369E-02 
2351	 4.68016853869903E-02 
2352	 0.046263297804122 
2353	 4.65384593617117E-02 
2354	 4.53969669967025E-02 
2355	 4.25607199814086E-02 
2356	 4.34181009563663E-02 
2357	 4.40159244308061E-02 
2358	 4.70911387912759E-02 
2359	 4.91537204414983E-02 
2360	 4.56878109097086E-02 
2361	 4.27838035495696E-02 
2362	 4.16733017728962E-02 
2363	 4.43006959617806E-02 
2364	 4.74152121305978E-02 
2365	 4.72064597229143E-02 
2366	 4.62322286898183E-02 
2367	 4.48794535010929E-02 
2368	 4.27347626997464E-02 
2369	 4.36293577885394E-02 
2370	 0.046203071608242 
2371	 4.29550988626551E-02 
2372	 4.04013713296984E-02 
2373	 4.49854446625163E-02 
2374	 4.48580238289381E-02 
2375	 4.33060249649979E-02 
2376	 4.79722281160589E-02 
2377	 4.79667451572904E-02 
2378	 0.045990058871391 
2379	 0.048679488489133 
2380	 4.54168775387411E-02 
2381	 3.55161640233326E-02 
2382	 0.034747199404261 
2383	 3.97340464936111E-02 
2384	 3.99022710225068E-02 
2385	 4.23560518908574E-02 
2386	 4.68200391257191E-02 
2387	 4.60586400693093E-02 
2388	 4.51112320832524E-02 
2389	 4.75405498429596E-02 
2390	 4.40985515647057E-02 
2391	 0.036659768491728 
2392	 3.55155164034736E-02 
2393	 3.79428050243962E-02 
2394	 3.70994950379631E-02 
2395	 3.60523913938902E-02 
2396	 3.59996150578774E-02 
2397	 0.036538484623851 
2398	 3.87686570141254E-02 
2399	 3.54369167928479E-02 
2400	 3.54878071868181E-02 
2401	 4.08752467838915E-02 
2402	 3.53213964878109E-02 
2403	 3.85227437992669E-02 
2404	 5.22684125389772E-02 
2405	 4.44502880053299E-02 
2406	 4.22858481725918E-02 
2407	 5.15548741717658E-02 
2408	 0.032303545104789 
2409	 2.19110285238364E-02 
2410	 3.20195377639698E-02 
2411	 2.73853101786119E-02 
2412	 2.67345434975164E-02 
2413	 3.00966359996043E-02 
2414	 2.76180742379181E-02 
2415	 2.57140005379527E-02 
2416	 2.82807918586078E-02 
2417	 3.58441476747988E-02 
2418	 3.16775279501546E-02 
2419	 2.13756314700018E-02 
2420	 3.03008636464147E-02 
2421	 4.76713276629993E-02 
2422	 4.93814648697415E-02 
2423	 5.14239049322152E-02 
2424	 5.70634072548723E-02 
2425	 0.042683517687512 
2426	 2.85653146814952E-02 
2427	 3.02900201361688E-02 
2428	 2.54449883990221E-02 
2429	 2.39334154076598E-02 
2430	 2.79431381178838E-02 
2431	 0.026567517172587 
2432	 3.06137063962263E-02 
2433	 3.91963215363799E-02 
2434	 5.06629858228209E-02 
2435	 5.03838264182071E-02 
2436	 0.034993455144466 
2437	 1.78276707946045E-02 
2438	 2.12054131907635E-03 
2439	 6.17004035702118E-03 
2440	 1.51448315800615E-02 
2441	 5.88206430686721E-03 
2442	 1.17485186271591E-02 
2443	 2.46789562213235E-02 
2444	 1.81157740176795E-02 
2445	 2.08864552130098E-02 
2446	 0.017006460136352 
2447	-4.47465200636264E-03 
2448	-6.82055476442768E-03 
2449	 1.19721443724905E-02 
2450	 2.14187794107905E-02 
2451	 2.48956685856496E-02 
2452	 3.35568495047362E-02 
2453	 2.15223858737982E-02 
2454	 2.06588020040983E-03 
2455	-3.47607759679028E-03 
2456	-5.5982171026222E-03 
2457	-8.68136038716955E-03 
2458	 4.37171723219019E-04 
2459	 1.78036430281019E-02 
2460	 1.25341513083671E-02 
2461	 4.6989172632051E-03 
2462	 1.97047118330532E-02 
2463	 1.60455093355516E-02 
2464	 5.82634438168267E-03 
2465	 3.31754846727742E-02 
2466	 4.34841477337263E-02 
2467	 2.84901382245426E-02 
2468	 2.59751198065532E-02 
2469	 2.73264101016389E-02 
2470	 1.29646940436353E-02 
2471	 7.20837765785222E-03 
2472	 3.78571733070492E-02 
2473	 4.66484122030513E-02 
2474	 2.66923523295477E-02 
2475	 3.66335709479107E-02 
2476	 4.53400581819025E-02 
2477	 4.62944698655414E-02 
2478	 7.15940665830415E-02 
2479	 7.25819198605037E-02 
2480	 4.71762890864701E-02 
2481	 2.30698613295307E-02 
2482	 4.24051557023646E-02 
2483	 1.40941115830501E-02 
2484	-3.62238948294583E-02 
2485	 6.93859017543217E-02 
2486	 0.221245772798749 
2487	 0.239448108362226 
2488	 0.273804938466653 
2489	 0.242177614311703 
2490	-5.22743842072551E-02 
2491	-0.253722017780858 
2492	-0.155433252386776 
2493	 5.72182096014353E-02 
2494	 8.16548333352999E-02 
2495	 0.287647112846428 
2496	 0.475124301667453 
2497	 0.390567499833841 
2498	 0.251116733407024 
2499	 0.133404415986605 
2500	-1.35432301556657E-02 
