Wavelength	09/27/123 at 12:42:40
350	 7.11241151161964E-02 
351	 7.16570355919879E-02 
352	 7.19926658036793E-02 
353	 7.18002215837235E-02 
354	 7.12464022381601E-02 
355	 7.13615506788861E-02 
356	 7.18043800884544E-02 
357	 7.20790119476745E-02 
358	 7.16143265100481E-02 
359	 7.15924005173011E-02 
360	 7.19486311507843E-02 
361	 7.20699438658868E-02 
362	 7.19277927714133E-02 
363	 7.18737387290732E-02 
364	 7.20555489465596E-02 
365	 7.21394694572542E-02 
366	 7.21208653249986E-02 
367	 7.21044024087559E-02 
368	 7.22461411135485E-02 
369	 7.25502237102721E-02 
370	 7.27194008791575E-02 
371	 7.26654319014021E-02 
372	 0.072836372692386 
373	 7.30234771106593E-02 
374	 7.31005710297198E-02 
375	 7.30188432770865E-02 
376	 7.32686733789424E-02 
377	 7.37432479995827E-02 
378	 7.41909390956084E-02 
379	 0.074180047712057 
380	 7.41742388677753E-02 
381	 7.43521025652495E-02 
382	 7.47133136423588E-02 
383	 7.48439366047226E-02 
384	 7.50782558390984E-02 
385	 7.55165248632502E-02 
386	 7.55171002825786E-02 
387	 7.57794441931984E-02 
388	 7.61873499534591E-02 
389	 7.63319215245988E-02 
390	 7.65993160677554E-02 
391	 7.68982102559419E-02 
392	 7.71602994013561E-02 
393	 0.077475157752854 
394	 7.76402160790765E-02 
395	 7.77029936698636E-02 
396	 7.78082755651457E-02 
397	 7.80143386246869E-02 
398	 7.81547131493668E-02 
399	 7.82010994655722E-02 
400	 0.078387152025295 
401	 7.85885039204713E-02 
402	 7.87851076623475E-02 
403	 7.89825499660951E-02 
404	 7.91159242003852E-02 
405	 7.92487024412993E-02 
406	 7.94132488219432E-02 
407	 7.95671833019853E-02 
408	 7.96988166372217E-02 
409	 7.98808934222595E-02 
410	 8.01826543199513E-02 
411	 8.03894906385809E-02 
412	 8.05224873272035E-02 
413	 8.06760094647989E-02 
414	 0.081044478203967 
415	 8.13638333333482E-02 
416	 8.15585982379057E-02 
417	 8.16509573120226E-02 
418	 8.18219902024837E-02 
419	 8.20526002842796E-02 
420	 8.23113153392851E-02 
421	 8.25919719977066E-02 
422	 8.27864273049622E-02 
423	 8.29990836888005E-02 
424	 0.08337051801161 
425	 8.37087517030519E-02 
426	 8.40445180703396E-02 
427	 8.43853363932022E-02 
428	 8.46737140407088E-02 
429	 8.49429802474686E-02 
430	 8.51792390109386E-02 
431	 8.53793227696391E-02 
432	 0.085671015190312 
433	 0.0859620234831 
434	 8.62191089923923E-02 
435	 8.65081114373334E-02 
436	 8.68479857013936E-02 
437	 8.71678641218733E-02 
438	 8.74085986676681E-02 
439	 8.77476654677818E-02 
440	 8.81015058004112E-02 
441	 8.83951985926878E-02 
442	 8.85757052601074E-02 
443	 8.88964194641412E-02 
444	 8.92583567158259E-02 
445	 8.95186162326161E-02 
446	 8.98840407676073E-02 
447	 9.02688917860174E-02 
448	 9.06123168209867E-02 
449	 9.09078941807554E-02 
450	 9.12665770830371E-02 
451	 9.16481624866279E-02 
452	 9.19845320582322E-02 
453	 0.092319614739274 
454	 9.26651098351269E-02 
455	 9.30260449866791E-02 
456	 9.34033226306455E-02 
457	 9.37671669391568E-02 
458	 0.094110515388707 
459	 9.44425973095948E-02 
460	 9.47967897612866E-02 
461	 9.51519885988669E-02 
462	 9.55072773791966E-02 
463	 9.58766464627354E-02 
464	 9.63166834326896E-02 
465	 0.096756916994865 
466	 9.71284176353854E-02 
467	 9.75144877798416E-02 
468	 9.78820458018099E-02 
469	 9.82383400365599E-02 
470	 9.86294517869967E-02 
471	 9.90285943377296E-02 
472	 9.94533620472145E-02 
473	 9.98955173380154E-02 
474	 0.100236881152701 
475	 0.100578150013902 
476	 0.10093843732469 
477	 0.101276668841356 
478	 0.101723360757622 
479	 0.102174282672882 
480	 0.102544045403856 
481	 0.102924388269021 
482	 0.103314448856788 
483	 0.103761747433445 
484	 0.104327110238664 
485	 0.104791012770696 
486	 0.105215928302222 
487	 0.105662527202627 
488	 0.106045967151255 
489	 0.106482284718678 
490	 0.106962028283066 
491	 0.107404551751127 
492	 0.107753332575669 
493	 0.108105595612705 
494	 0.108529844468111 
495	 0.10897943102972 
496	 0.109445790420377 
497	 0.109874623044122 
498	 0.110221692216389 
499	 0.110729808148699 
500	 0.111230988986289 
501	 0.111640860575207 
502	 0.112112980255423 
503	 0.112546272044532 
504	 0.112956988961153 
505	 0.11339741342634 
506	 0.113849243636756 
507	 0.114286399625292 
508	 0.114706541455678 
509	 0.115147809453557 
510	 0.11556847297018 
511	 0.116012107662165 
512	 0.116520935565388 
513	 0.116985930993474 
514	 0.117444005328011 
515	 0.117922137171179 
516	 0.118424476855199 
517	 0.118875187773849 
518	 0.119328335728441 
519	 0.119830182982781 
520	 0.120289206261931 
521	 0.120685952928899 
522	 0.121063114069654 
523	 0.121515674719564 
524	 0.121983754603499 
525	 0.122470363303468 
526	 0.122981718885547 
527	 0.12349695047663 
528	 0.123961426057583 
529	 0.124374456947783 
530	 0.124787464275522 
531	 0.125279594930471 
532	 0.125777919978725 
533	 0.126223149636997 
534	 0.126674077864856 
535	 0.127170634686848 
536	 0.127668284017364 
537	 0.128087070418055 
538	 0.128565897135183 
539	 0.129115513387715 
540	 0.129697159177982 
541	 0.130205207662797 
542	 0.130733955606603 
543	 0.131254220560393 
544	 0.131706942984268 
545	 0.132183908255608 
546	 0.132699782042056 
547	 0.133232019845602 
548	 0.13370057854061 
549	 0.134202058511332 
550	 0.134733928811999 
551	 0.135259458008433 
552	 0.135743425380473 
553	 0.136195643650143 
554	 0.136643784799027 
555	 0.137136275837813 
556	 0.1376768850107 
557	 0.138226715908063 
558	 0.138744735766106 
559	 0.139248962205563 
560	 0.139785309936381 
561	 0.140360217136391 
562	 0.140951562729581 
563	 0.14148829337961 
564	 0.142017932949925 
565	 0.142585471602914 
566	 0.143132835307159 
567	 0.143710889460277 
568	 0.144290564104193 
569	 0.144804138451864 
570	 0.145395296362139 
571	 0.145962047478201 
572	 0.14642365107794 
573	 0.146832069867974 
574	 0.147301129224951 
575	 0.147802842894562 
576	 0.148244744237167 
577	 0.148695892642171 
578	 0.149134753569441 
579	 0.149561567721262 
580	 0.150021179623725 
581	 0.150425116044063 
582	 0.150801063848897 
583	 0.151205065176438 
584	 0.151646987045287 
585	 0.152094716871253 
586	 0.15253909651576 
587	 0.153013471471801 
588	 0.153560506798563 
589	 0.154117820252536 
590	 0.154579797519733 
591	 0.154926333162503 
592	 0.155234680138982 
593	 0.155605610042453 
594	 0.156124547091235 
595	 0.156530443933955 
596	 0.156907609261992 
597	 0.157341656107639 
598	 0.157768226426629 
599	 0.158229382314891 
600	 0.15871431144244 
601	 0.159202383907041 
602	 0.159713438363088 
603	 0.16020141584942 
604	 0.160662692646258 
605	 0.161156059106674 
606	 0.161620983245065 
607	 0.162078715571285 
608	 0.16256943415496 
609	 0.163108224378791 
610	 0.163600353990732 
611	 0.164026241022625 
612	 0.164444867479794 
613	 0.164853470907001 
614	 0.165315003209246 
615	 0.165847580598705 
616	 0.16631796046185 
617	 0.166741850806983 
618	 0.167150073963649 
619	 0.167590221229051 
620	 0.167983790390336 
621	 0.16839185995661 
622	 0.168848958377673 
623	 0.169311577607341 
624	 0.169784163239845 
625	 0.170239160687052 
626	 0.170647700333436 
627	 0.171044451548014 
628	 0.171477024334318 
629	 0.17193310671372 
630	 0.172336277159511 
631	 0.172708123060415 
632	 0.173052362469804 
633	 0.173395634100059 
634	 0.173864456839501 
635	 0.174289492314124 
636	 0.174636302100643 
637	 0.174972664927383 
638	 0.175338342045128 
639	 0.175773126378151 
640	 0.176252263445238 
641	 0.176616213901327 
642	 0.176978411542765 
643	 0.177316306800977 
644	 0.177594485639788 
645	 0.17797133514254 
646	 0.178357849810211 
647	 0.178735339715335 
648	 0.179191671871667 
649	 0.179587553586319 
650	 0.179961409687318 
651	 0.18036364237807 
652	 0.180733511384154 
653	 0.18100141301117 
654	 0.181224827990906 
655	 0.181567449502756 
656	 0.182261377749233 
657	 0.182816159283051 
658	 0.183010119504651 
659	 0.183252594854546 
660	 0.183588964791837 
661	 0.183944426741031 
662	 0.18423069357198 
663	 0.184571373325395 
664	 0.184885082021486 
665	 0.185162768191184 
666	 0.185476199345758 
667	 0.185822116377527 
668	 0.186143696539132 
669	 0.186420577432139 
670	 0.186760930518777 
671	 0.18712200928108 
672	 0.187461739079463 
673	 0.187754710022967 
674	 0.188126576746337 
675	 0.188469917821044 
676	 0.188747423905125 
677	 0.189070538710609 
678	 0.18937166348006 
679	 0.189693856069378 
680	 0.19007611394816 
681	 0.190427725761154 
682	 0.190685661738954 
683	 0.19089665551538 
684	 0.191180991710911 
685	 0.191505065043384 
686	 0.192150620886375 
687	 0.193143833324912 
688	 0.193620484571128 
689	 0.193838758076525 
690	 0.19393468890912 
691	 0.193995121936772 
692	 0.19409981181557 
693	 0.194328251294024 
694	 0.194691145343772 
695	 0.19510618572231 
696	 0.195331315951947 
697	 0.195523118300219 
698	 0.195829183165701 
699	 0.196144704115195 
700	 0.196474455763132 
701	 0.196817575982726 
702	 0.19716577605132 
703	 0.197448915623168 
704	 0.197740012394935 
705	 0.198048095784682 
706	 0.198293858735119 
707	 0.198624559240472 
708	 0.198958874155215 
709	 0.19923125127427 
710	 0.199552396992529 
711	 0.199844018394881 
712	 0.20012521659308 
713	 0.200453929744889 
714	 0.200717867164294 
715	 0.200891217659559 
716	 0.201055867979744 
717	 0.201429702389532 
718	 0.201911465959849 
719	 0.202474647355354 
720	 0.20298200529978 
721	 0.20302428350067 
722	 0.203074474943522 
723	 0.203294481077358 
724	 0.203652114145494 
725	 0.203993842216781 
726	 0.204281125127859 
727	 0.204553074190883 
728	 0.204906073145654 
729	 0.20517396515508 
730	 0.205453893349029 
731	 0.205808214819011 
732	 0.205993633215258 
733	 0.206166581821207 
734	 0.206365082350937 
735	 0.206566546262838 
736	 0.206822263474115 
737	 0.207072724179569 
738	 0.207310200696395 
739	 0.207607764014089 
740	 0.207932182141743 
741	 0.208234866357154 
742	 0.208482992620589 
743	 0.208701321356917 
744	 0.208972859661961 
745	 0.209267951429664 
746	 0.209501541896414 
747	 0.209703449765393 
748	 0.209957997846337 
749	 0.210254019658155 
750	 0.21046012029764 
751	 0.210823604773382 
752	 0.211171757391177 
753	 0.21136313602819 
754	 0.211643920745228 
755	 0.2118717691754 
756	 0.212069324793516 
757	 0.212344247412057 
758	 0.212725117423014 
759	 0.213847151085046 
760	 0.216217439486326 
761	 0.218337449650393 
762	 0.218864443857409 
763	 0.218562462063021 
764	 0.218144633636217 
765	 0.217337579354182 
766	 0.216668248751514 
767	 0.216243942574944 
768	 0.216046590717474 
769	 0.215986260607915 
770	 0.216038623168552 
771	 0.216187291370137 
772	 0.216416628857307 
773	 0.21668425776578 
774	 0.216962377388904 
775	 0.21723738956755 
776	 0.217515797784367 
777	 0.217784561883509 
778	 0.218041046891368 
779	 0.218298532190203 
780	 0.218635250079779 
781	 0.218937484193808 
782	 0.219168112964454 
783	 0.219359553143061 
784	 0.219650560491443 
785	 0.219967114159756 
786	 0.220256930946066 
787	 0.220534392676578 
788	 0.220852960114328 
789	 0.221179224139353 
790	 0.221481499944327 
791	 0.221796860046854 
792	 0.222071724861651 
793	 0.222327449285421 
794	 0.222609846683628 
795	 0.222904282837789 
796	 0.22317331728099 
797	 0.223415577853955 
798	 0.223663892931225 
799	 0.22392121283171 
800	 0.224220403677356 
801	 0.224549972227608 
802	 0.224824163609598 
803	 0.225072879993666 
804	 0.225367528345584 
805	 0.22573476944774 
806	 0.226019977137862 
807	 0.226315002132066 
808	 0.226626976783213 
809	 0.226915905397133 
810	 0.227190620661953 
811	 0.22742651725412 
812	 0.227652818494997 
813	 0.227961101333227 
814	 0.228340599480052 
815	 0.228758396808475 
816	 0.229174032935844 
817	 0.229568210029791 
818	 0.229817294138284 
819	 0.230000427120671 
820	 0.230242500166264 
821	 0.230597582415771 
822	 0.230882493752363 
823	 0.231138869158046 
824	 0.231489685929815 
825	 0.231768832262989 
826	 0.232038890894535 
827	 0.232313361937866 
828	 0.23254841066991 
829	 0.232907958254078 
830	 0.233233944364119 
831	 0.233463687856424 
832	 0.233784525394434 
833	 0.234080233555451 
834	 0.234329681720928 
835	 0.234564494115181 
836	 0.234864499813879 
837	 0.235186961076073 
838	 0.235489065388863 
839	 0.235741675002517 
840	 0.235983813169934 
841	 0.236345441518086 
842	 0.236765892274672 
843	 0.237041587455939 
844	 0.237214439666982 
845	 0.237440004679098 
846	 0.237776340246308 
847	 0.238127906792979 
848	 0.23830519404485 
849	 0.238516547092348 
850	 0.238897749431619 
851	 0.239172514801801 
852	 0.239502598192938 
853	 0.239870881012961 
854	 0.240227222474868 
855	 0.240619795284862 
856	 0.240922402517264 
857	 0.241118924358755 
858	 0.24127750028574 
859	 0.241538131431226 
860	 0.241873756560949 
861	 0.242233937744456 
862	 0.242560819399634 
863	 0.242781513287547 
864	 0.242907707788142 
865	 0.243065377729795 
866	 0.243520908532979 
867	 0.243936043886585 
868	 0.24426944526391 
869	 0.24457566092553 
870	 0.244962842636382 
871	 0.245165268461671 
872	 0.245306512628998 
873	 0.245582360428943 
874	 0.245918087125036 
875	 0.246197517021535 
876	 0.246523086080382 
877	 0.247021160413366 
878	 0.247364421578854 
879	 0.247488210330108 
880	 0.247622158422746 
881	 0.248136144630058 
882	 0.248469923280893 
883	 0.248834182307763 
884	 0.249217378283826 
885	 0.24928798664474 
886	 0.24947086476341 
887	 0.249722174256131 
888	 0.249993970041815 
889	 0.250361034454865 
890	 0.250576547894072 
891	 0.250688841728676 
892	 0.250846976655904 
893	 0.251282358049532 
894	 0.251553805729111 
895	 0.251747308449973 
896	 0.252133332352521 
897	 0.252792058366773 
898	 0.253235005976968 
899	 0.253418195569834 
900	 0.253600436607103 
901	 0.254075224218743 
902	 0.254460571982611 
903	 0.254593420429341 
904	 0.254564361385124 
905	 0.254971108521379 
906	 0.255360004429922 
907	 0.255526273206457 
908	 0.255618312110362 
909	 0.25566348443569 
910	 0.256063765326459 
911	 0.256785008152306 
912	 0.2571539720823 
913	 0.257257002626023 
914	 0.257437999530605 
915	 0.257803520845805 
916	 0.257918778542934 
917	 0.258244342213414 
918	 0.258653983818729 
919	 0.259010967308206 
920	 0.259544218291627 
921	 0.259837195409919 
922	 0.259851159412697 
923	 0.259747425071591 
924	 0.25987205691741 
925	 0.260305821212534 
926	 0.260639887879838 
927	 0.26042464034039 
928	 0.260312853198052 
929	 0.260637365337433 
930	 0.261008539457639 
931	 0.260711404259104 
932	 0.261186837200562 
933	 0.261342730931641 
934	 0.261308182918709 
935	 0.262180443592875 
936	 0.262477850228949 
937	 0.263289449172837 
938	 0.264390970036317 
939	 0.264617037810913 
940	 0.265068341809023 
941	 0.265151240711992 
942	 0.264909091975773 
943	 0.265099656760183 
944	 0.265463122920909 
945	 0.266067935031305 
946	 0.266552762767388 
947	 0.266149800455288 
948	 0.266376662269949 
949	 0.266978313361582 
950	 0.267476715195785 
951	 0.267631049203611 
952	 0.268025739341265 
953	 0.268229326712101 
954	 0.268056811962963 
955	 0.2679920234101 
956	 0.268637264586527 
957	 0.269233421374986 
958	 0.269314123237354 
959	 0.269487260051724 
960	 0.269974152469535 
961	 0.270357544424877 
962	 0.270583933546622 
963	 0.271639999600215 
964	 0.272004822805754 
965	 0.271960383152779 
966	 0.271960403135555 
967	 0.271673311802589 
968	 0.271999622495613 
969	 0.272628173496884 
970	 0.272980948278817 
971	 0.272823886156738 
972	 0.272221269504195 
973	 0.272382562159924 
974	 0.273868385221429 
975	 0.274288026757464 
976	 0.274184874547891 
977	 0.274323540633835 
978	 0.27505587688261 
979	 0.275012969836694 
980	 0.275007877020297 
981	 0.275228364733483 
982	 0.275595436053312 
983	 0.275999986153923 
984	 0.276244740370739 
985	 0.276361839373669 
986	 0.276552782958351 
987	 0.277303395323635 
988	 0.277412684034913 
989	 0.27746487323393 
990	 0.278314644975178 
991	 0.27901650894347 
992	 0.279037033666709 
993	 0.27906444879097 
994	 0.279841267113072 
995	 0.280243992781879 
996	 0.280322708342807 
997	 0.280231688993283 
998	 0.280209436494867 
999	 0.28056750189652 
1000	 0.280472335097322 
1001	 0.280888790724013 
1002	 0.281120220146356 
1003	 0.28121693016724 
1004	 0.281497624044314 
1005	 0.281776614505948 
1006	 0.282074027791914 
1007	 0.282436890557619 
1008	 0.283001161525216 
1009	 0.283243016136124 
1010	 0.283674583716443 
1011	 0.284040074995585 
1012	 0.284293302828549 
1013	 0.284890923318493 
1014	 0.28511658314751 
1015	 0.28507411506554 
1016	 0.285231311216413 
1017	 0.285475358791554 
1018	 0.285624724275144 
1019	 0.285948106480942 
1020	 0.286513137559207 
1021	 0.287017006185731 
1022	 0.287263771707063 
1023	 0.287535931694414 
1024	 0.287954293231559 
1025	 0.288338310683983 
1026	 0.288774072170474 
1027	 0.289114976136252 
1028	 0.289299992184925 
1029	 0.289454954139804 
1030	 0.289838758625029 
1031	 0.290179433809178 
1032	 0.290614337994805 
1033	 0.290900436966792 
1034	 0.291293652178149 
1035	 0.291503396321285 
1036	 0.291669162730923 
1037	 0.292066542849299 
1038	 0.292362963743687 
1039	 0.292665507163453 
1040	 0.293056316960171 
1041	 0.293415779328106 
1042	 0.293794375797462 
1043	 0.294196073285161 
1044	 0.294508286286201 
1045	 0.29474559780022 
1046	 0.294909298802594 
1047	 0.295134720494887 
1048	 0.295386268757576 
1049	 0.295634063714069 
1050	 0.296129067377572 
1051	 0.296682753647908 
1052	 0.297078497104657 
1053	 0.297496271067304 
1054	 0.29786077458564 
1055	 0.298108616803539 
1056	 0.298423783651828 
1057	 0.298696901439365 
1058	 0.29889291658028 
1059	 0.299150197059029 
1060	 0.299447087469169 
1061	 0.299678504763892 
1062	 0.299996009609596 
1063	 0.300379884392782 
1064	 0.300663483572776 
1065	 0.301103844588421 
1066	 0.301550341338794 
1067	 0.301854017249448 
1068	 0.302123956515239 
1069	 0.302442206846506 
1070	 0.302762769097329 
1071	 0.30301455837708 
1072	 0.303379557744121 
1073	 0.303846023509394 
1074	 0.304220084380239 
1075	 0.3045213238927 
1076	 0.305060364512746 
1077	 0.305439757930203 
1078	 0.305804211051204 
1079	 0.30615585693642 
1080	 0.306365868441343 
1081	 0.306723924247329 
1082	 0.307065532282615 
1083	 0.307341146547296 
1084	 0.307608602621442 
1085	 0.30788484845457 
1086	 0.308034801903711 
1087	 0.308320291764967 
1088	 0.308710520773513 
1089	 0.309084573625088 
1090	 0.309488694646275 
1091	 0.309887476258247 
1092	 0.310123737474149 
1093	 0.310462090934776 
1094	 0.310834048514333 
1095	 0.311106163054695 
1096	 0.311520502341458 
1097	 0.312177800214232 
1098	 0.312536504141032 
1099	 0.312770627199784 
1100	 0.313078367288901 
1101	 0.313335555013119 
1102	 0.313542618830805 
1103	 0.313729700922334 
1104	 0.314015425101144 
1105	 0.314290958268576 
1106	 0.314524871295764 
1107	 0.314897681083366 
1108	 0.315209305573544 
1109	 0.315332141647127 
1110	 0.315522387335061 
1111	 0.315718948269696 
1112	 0.315868297582676 
1113	 0.316176715429263 
1114	 0.316633702106218 
1115	 0.31701293459741 
1116	 0.317640984671274 
1117	 0.317988702182739 
1118	 0.317950849588373 
1119	 0.318171629021196 
1120	 0.318438325449521 
1121	 0.318596949677107 
1122	 0.318681517811946 
1123	 0.318934732171776 
1124	 0.319222307807159 
1125	 0.319410031891022 
1126	 0.319720962576298 
1127	 0.320298470281076 
1128	 0.320691025429198 
1129	 0.320871400577329 
1130	 0.321178219143044 
1131	 0.321663026942 
1132	 0.321866646081559 
1133	 0.321912198704027 
1134	 0.321977216992383 
1135	 0.321827044232625 
1136	 0.321858695110057 
1137	 0.322023520658251 
1138	 0.322125831906605 
1139	 0.322264339060804 
1140	 0.322379034944341 
1141	 0.322519827580437 
1142	 0.322650548824326 
1143	 0.322736206010832 
1144	 0.322774391255398 
1145	 0.322943226817031 
1146	 0.323172689506952 
1147	 0.32328332147321 
1148	 0.323419196727255 
1149	 0.323556895473637 
1150	 0.323488132434202 
1151	 0.323655646602639 
1152	 0.324046596519242 
1153	 0.32430372580603 
1154	 0.324619740646497 
1155	 0.324883648525265 
1156	 0.324835937696362 
1157	 0.324576452104868 
1158	 0.324537359573382 
1159	 0.32434469989555 
1160	 0.324391866715374 
1161	 0.324670466532585 
1162	 0.324874117522517 
1163	 0.325106596904232 
1164	 0.325267515257773 
1165	 0.325444404278213 
1166	 0.325515703344693 
1167	 0.325441385782809 
1168	 0.325511939277587 
1169	 0.325566863000291 
1170	 0.325694715633946 
1171	 0.325986915498178 
1172	 0.326179446853461 
1173	 0.326220120005085 
1174	 0.326413059639287 
1175	 0.326464870323449 
1176	 0.326334802825541 
1177	 0.326416209611265 
1178	 0.326573289753246 
1179	 0.326724682336299 
1180	 0.326977908745428 
1181	 0.327117112592288 
1182	 0.327134360848109 
1183	 0.327301301950918 
1184	 0.327642630421073 
1185	 0.327747467969762 
1186	 0.327696448228606 
1187	 0.32781623283858 
1188	 0.327887227457769 
1189	 0.327939470839054 
1190	 0.328241355996659 
1191	 0.328628993441812 
1192	 0.328736075487652 
1193	 0.328794560603472 
1194	 0.328917968884451 
1195	 0.32897948476856 
1196	 0.329144034107003 
1197	 0.32945105391132 
1198	 0.329621438088552 
1199	 0.329667780832908 
1200	 0.3298982848242 
1201	 0.330220434300186 
1202	 0.330474847213419 
1203	 0.330864247514659 
1204	 0.331172065023498 
1205	 0.331415927777529 
1206	 0.331501305421467 
1207	 0.331754506545975 
1208	 0.332043682469025 
1209	 0.332252540235485 
1210	 0.332468316796391 
1211	 0.33275012632973 
1212	 0.33309607649816 
1213	 0.333561203977784 
1214	 0.334059838924932 
1215	 0.334408026214809 
1216	 0.334640846577605 
1217	 0.33494410059291 
1218	 0.335096626985685 
1219	 0.335453760728398 
1220	 0.336056036896968 
1221	 0.336477781027542 
1222	 0.336882493683211 
1223	 0.337275524164435 
1224	 0.337579563854092 
1225	 0.337844845917035 
1226	 0.338296574393438 
1227	 0.338762506743887 
1228	 0.339092825317614 
1229	 0.339504220683361 
1230	 0.339774568397425 
1231	 0.340097738803529 
1232	 0.34072565570807 
1233	 0.341165929647359 
1234	 0.341541060340578 
1235	 0.342012748146016 
1236	 0.342497178936215 
1237	 0.342951537458242 
1238	 0.343443153485522 
1239	 0.344070199965099 
1240	 0.344539861075752 
1241	 0.344805386692175 
1242	 0.345241992493197 
1243	 0.345708182704037 
1244	 0.346285491190395 
1245	 0.346774878765718 
1246	 0.347241342701586 
1247	 0.347762966147012 
1248	 0.348215733745202 
1249	 0.348720546682382 
1250	 0.349258579783435 
1251	 0.349648963491487 
1252	 0.350080114319406 
1253	 0.350565585227228 
1254	 0.351066824527447 
1255	 0.351585449495894 
1256	 0.351931579721731 
1257	 0.352429520579207 
1258	 0.353096465648319 
1259	 0.353628088629025 
1260	 0.354132969913683 
1261	 0.354689571621978 
1262	 0.355240761081882 
1263	 0.355647240175748 
1264	 0.356107718987496 
1265	 0.356725740284757 
1266	 0.35722433327207 
1267	 0.357657834154068 
1268	 0.358226816458643 
1269	 0.358619472669812 
1270	 0.358872558492452 
1271	 0.359214410113519 
1272	 0.359609754975174 
1273	 0.360089020793333 
1274	 0.360546713029591 
1275	 0.36084546285899 
1276	 0.360973679297524 
1277	 0.361125414817944 
1278	 0.36145971422958 
1279	 0.361820902274106 
1280	 0.362144444809226 
1281	 0.362508795672458 
1282	 0.362816560216346 
1283	 0.363021621747392 
1284	 0.36337235912453 
1285	 0.363706365669796 
1286	 0.364001039461907 
1287	 0.364428546245793 
1288	 0.36476258038383 
1289	 0.365133663095683 
1290	 0.365751561308302 
1291	 0.366130926968459 
1292	 0.366257328358114 
1293	 0.366540667229477 
1294	 0.366896966216082 
1295	 0.367237656672168 
1296	 0.36769751927142 
1297	 0.368279190594977 
1298	 0.368655571444244 
1299	 0.368886737307302 
1300	 0.369390639188547 
1301	 0.369808815027799 
1302	 0.3699624487944 
1303	 0.370322468478667 
1304	 0.370907518135319 
1305	 0.37128120215079 
1306	 0.371562378181183 
1307	 0.372102379597108 
1308	 0.372396864459434 
1309	 0.37257951259994 
1310	 0.373063546567793 
1311	 0.373412050110428 
1312	 0.373656791484897 
1313	 0.374109683806525 
1314	 0.374549177987252 
1315	 0.374789110048691 
1316	 0.375137347840199 
1317	 0.375567095687379 
1318	 0.375786608193787 
1319	 0.375889997185457 
1320	 0.375997775137886 
1321	 0.376177095456799 
1322	 0.376342158240915 
1323	 0.376482563669896 
1324	 0.376638098201593 
1325	 0.376662832354532 
1326	 0.376503709936253 
1327	 0.376598077403899 
1328	 0.377093999014169 
1329	 0.377210205368161 
1330	 0.377165405483076 
1331	 0.377053008216438 
1332	 0.37683858153247 
1333	 0.376285032645464 
1334	 0.376221484368241 
1335	 0.37659272605908 
1336	 0.376687982213523 
1337	 0.376651797731576 
1338	 0.376703062755381 
1339	 0.376544345948646 
1340	 0.376213138407864 
1341	 0.376143739706829 
1342	 0.376211064600487 
1343	 0.376018805238728 
1344	 0.375952256845225 
1345	 0.375815601071292 
1346	 0.375175864827736 
1347	 0.374475390314111 
1348	 0.373816762430261 
1349	 0.373548876377631 
1350	 0.373766394512801 
1351	 0.373908098562748 
1352	 0.373876732947065 
1353	 0.373251757881721 
1354	 0.371765233933473 
1355	 0.371105562801405 
1356	 0.371941912977037 
1357	 0.372179822780681 
1358	 0.373346769928508 
1359	 0.375274643171086 
1360	 0.377422580041178 
1361	 0.370734779152696 
1362	 0.368871704375637 
1363	 0.377946419852094 
1364	 0.365611558582902 
1365	 0.368552579470842 
1366	 0.413928229481946 
1367	 0.415777313857126 
1368	 0.429619924908423 
1369	 0.435114648468286 
1370	 0.32806393642849 
1371	 0.291535537467155 
1372	 0.334938684552106 
1373	 0.341631535866236 
1374	 0.398586326126113 
1375	 0.443677387314354 
1376	 0.379607755949039 
1377	 0.351105441062199 
1378	 0.394321052339883 
1379	 0.435509890734784 
1380	 0.40798188049201 
1381	 0.403094782325194 
1382	 0.385278802045329 
1383	 0.306991538334592 
1384	 0.328226529078401 
1385	 0.375047467383816 
1386	 0.357421562041937 
1387	 0.370011672472466 
1388	 0.396891322337245 
1389	 0.389830536058081 
1390	 0.351898193838731 
1391	 0.350349190901077 
1392	 0.380806501802767 
1393	 0.345076867526575 
1394	 0.336109113598813 
1395	 0.381638977729928 
1396	 0.37626872526028 
1397	 0.375217895970978 
1398	 0.393754477976994 
1399	 0.380123541393304 
1400	 0.376204231127981 
1401	 0.381144378215627 
1402	 0.372280743027935 
1403	 0.351872283212194 
1404	 0.333530531491713 
1405	 0.336836405840679 
1406	 0.343903056350391 
1407	 0.341948801861425 
1408	 0.343878170793935 
1409	 0.342688455273424 
1410	 0.337751852484978 
1411	 0.343743900648888 
1412	 0.348016136768194 
1413	 0.341881152531176 
1414	 0.338376183832842 
1415	 0.335404533368367 
1416	 0.330829603712225 
1417	 0.332220591102445 
1418	 0.334857800743742 
1419	 0.334488849919346 
1420	 0.334831258670105 
1421	 0.333437369933235 
1422	 0.329696515039338 
1423	 0.328728690707862 
1424	 0.328969996658524 
1425	 0.327531317588094 
1426	 0.327040054219934 
1427	 0.32730444099253 
1428	 0.327495731940283 
1429	 0.327357093104433 
1430	 0.328872703252698 
1431	 0.329475369866603 
1432	 0.327506004970406 
1433	 0.326080276574563 
1434	 0.325268222874254 
1435	 0.324735011199324 
1436	 0.325426419281371 
1437	 0.325408590648155 
1438	 0.324290979918021 
1439	 0.323941397799914 
1440	 0.324806134082059 
1441	 0.325546851600137 
1442	 0.326112874060202 
1443	 0.325789521650572 
1444	 0.324741024661073 
1445	 0.324954444987058 
1446	 0.324739284783483 
1447	 0.323797964405766 
1448	 0.324013216516994 
1449	 0.324456650694877 
1450	 0.324155696001959 
1451	 0.324162474950476 
1452	 0.32461742547683 
1453	 0.324099660386678 
1454	 0.323944473385478 
1455	 0.324831066266856 
1456	 0.324888528477894 
1457	 0.324518931189831 
1458	 0.324339691868403 
1459	 0.324488476164896 
1460	 0.325140219339365 
1461	 0.3254228647167 
1462	 0.325436036006985 
1463	 0.325186410407052 
1464	 0.324518761912693 
1465	 0.324268706974713 
1466	 0.324505135354797 
1467	 0.325105205771477 
1468	 0.325674798803482 
1469	 0.325790881494866 
1470	 0.326060951742891 
1471	 0.326316868068234 
1472	 0.32660710003016 
1473	 0.327000265681417 
1474	 0.327784944700746 
1475	 0.328231454174889 
1476	 0.327816999457428 
1477	 0.327410947040385 
1478	 0.327450376330823 
1479	 0.327915214951107 
1480	 0.328585309991173 
1481	 0.329028933827508 
1482	 0.329249565412337 
1483	 0.329543859455424 
1484	 0.329956942316682 
1485	 0.330479521779083 
1486	 0.331085122147048 
1487	 0.331472970834147 
1488	 0.331688327868911 
1489	 0.331721363551379 
1490	 0.331833951144544 
1491	 0.332321396398605 
1492	 0.332884211129997 
1493	 0.333680035794312 
1494	 0.334394546769909 
1495	 0.334631929964923 
1496	 0.334804590134691 
1497	 0.335060386674013 
1498	 0.335468838164954 
1499	 0.33595328184407 
1500	 0.336347927096482 
1501	 0.336792729834517 
1502	 0.337337909888215 
1503	 0.337835101268759 
1504	 0.338320487483183 
1505	 0.338820808125051 
1506	 0.339182862911771 
1507	 0.339603286069784 
1508	 0.340133504778098 
1509	 0.340521068202257 
1510	 0.341059859100294 
1511	 0.341603607639756 
1512	 0.341920814432119 
1513	 0.342494746859877 
1514	 0.343027401294532 
1515	 0.343326989315508 
1516	 0.343814683310312 
1517	 0.344250144692687 
1518	 0.344672758423372 
1519	 0.345264634674917 
1520	 0.345761856339714 
1521	 0.346242463730234 
1522	 0.346601114175444 
1523	 0.34678432756707 
1524	 0.34721363558686 
1525	 0.347711087697627 
1526	 0.348163433970333 
1527	 0.348742836600901 
1528	 0.349097377894363 
1529	 0.349332184978763 
1530	 0.349720547030205 
1531	 0.350065352216846 
1532	 0.350381802523781 
1533	 0.350776201005467 
1534	 0.351256195089314 
1535	 0.351593895574253 
1536	 0.351855827677811 
1537	 0.352177204470609 
1538	 0.352454101373619 
1539	 0.35279251231208 
1540	 0.353132197916668 
1541	 0.353438681578476 
1542	 0.353713611810476 
1543	 0.354025074515735 
1544	 0.354372057422402 
1545	 0.354885653969679 
1546	 0.355474722004214 
1547	 0.355822757776228 
1548	 0.35608431836257 
1549	 0.356443449515126 
1550	 0.356724465529498 
1551	 0.357010722266795 
1552	 0.357382298923891 
1553	 0.357734903706939 
1554	 0.358060000120162 
1555	 0.358302776332773 
1556	 0.358627498878914 
1557	 0.359084079966778 
1558	 0.359455751597532 
1559	 0.359822888852867 
1560	 0.360214613475291 
1561	 0.360574758258912 
1562	 0.360944390533 
1563	 0.361325342471624 
1564	 0.36186468555693 
1565	 0.36235850841724 
1566	 0.362703431494782 
1567	 0.363228904772828 
1568	 0.363792277839477 
1569	 0.364161675025073 
1570	 0.36453288420438 
1571	 0.36497400530374 
1572	 0.365223670487016 
1573	 0.365560766534877 
1574	 0.366145073873429 
1575	 0.366574209216389 
1576	 0.366902939602174 
1577	 0.367172577299377 
1578	 0.367414546119547 
1579	 0.367716757723203 
1580	 0.36807000524735 
1581	 0.368566856454428 
1582	 0.368878984411751 
1583	 0.369058113484719 
1584	 0.369366642251928 
1585	 0.369710564628974 
1586	 0.370206350973118 
1587	 0.370802985409258 
1588	 0.371433117079337 
1589	 0.371836931115681 
1590	 0.371945934560663 
1591	 0.372414390823476 
1592	 0.373119286182344 
1593	 0.373670400645571 
1594	 0.374488424843276 
1595	 0.375275331833453 
1596	 0.375751592683322 
1597	 0.376414702561234 
1598	 0.377125760376349 
1599	 0.377803721078131 
1600	 0.378525655344602 
1601	 0.379202943583671 
1602	 0.380055876105891 
1603	 0.380834964569043 
1604	 0.381435004625526 
1605	 0.382248663044358 
1606	 0.383097872229449 
1607	 0.383759005040535 
1608	 0.384392697063859 
1609	 0.385151031017927 
1610	 0.385831647962414 
1611	 0.386479103568803 
1612	 0.387366758324948 
1613	 0.388079039251397 
1614	 0.388657386583785 
1615	 0.389241981207332 
1616	 0.389725638584957 
1617	 0.390412447548615 
1618	 0.391092895726473 
1619	 0.391714467465366 
1620	 0.392358483106372 
1621	 0.392794100760954 
1622	 0.393329715081267 
1623	 0.393876353654611 
1624	 0.394216140646605 
1625	 0.394814689146422 
1626	 0.395449713222853 
1627	 0.395826436091478 
1628	 0.396329470630135 
1629	 0.39684017496928 
1630	 0.397105844687253 
1631	 0.397496045201003 
1632	 0.398248699555934 
1633	 0.398831153007039 
1634	 0.399241870361376 
1635	 0.399754056201556 
1636	 0.39990003068217 
1637	 0.400049099901041 
1638	 0.400507607059958 
1639	 0.400890520706131 
1640	 0.401469528314923 
1641	 0.401927783211723 
1642	 0.401958125298371 
1643	 0.402142304049836 
1644	 0.402378143532475 
1645	 0.402415994525334 
1646	 0.402790657024374 
1647	 0.403241619365582 
1648	 0.40330683607118 
1649	 0.403584434361496 
1650	 0.403982784394167 
1651	 0.403931018963429 
1652	 0.4037390872488 
1653	 0.403630386268487 
1654	 0.403374843763162 
1655	 0.403321089692384 
1656	 0.403736864226554 
1657	 0.403930243258108 
1658	 0.403805796925353 
1659	 0.40373259499401 
1660	 0.403260109892378 
1661	 0.402888527461079 
1662	 0.402956523635984 
1663	 0.402895686629268 
1664	 0.403074517457889 
1665	 0.40322593277571 
1666	 0.402824135843774 
1667	 0.402671045971776 
1668	 0.40248815665002 
1669	 0.401981554377072 
1670	 0.402226816304692 
1671	 0.402374631231964 
1672	 0.402044628144216 
1673	 0.402150032256709 
1674	 0.401887515454299 
1675	 0.401663289661145 
1676	 0.402135575036571 
1677	 0.402221123038504 
1678	 0.40223122129678 
1679	 0.402576945963763 
1680	 0.402516737033613 
1681	 0.402584918498711 
1682	 0.402917608467913 
1683	 0.402751109301351 
1684	 0.402513409762447 
1685	 0.402689057529947 
1686	 0.402900553676515 
1687	 0.402934976168082 
1688	 0.403029066243582 
1689	 0.403005684366583 
1690	 0.402705445630433 
1691	 0.402601193057522 
1692	 0.402604330685717 
1693	 0.402643680919324 
1694	 0.4028361802066 
1695	 0.402986005272352 
1696	 0.402999450856337 
1697	 0.402662950472571 
1698	 0.402367388169692 
1699	 0.402341662209483 
1700	 0.402447971514206 
1701	 0.402730041355279 
1702	 0.402489948922782 
1703	 0.402483072313805 
1704	 0.402419501572759 
1705	 0.402460246110084 
1706	 0.402968021952127 
1707	 0.403117442390848 
1708	 0.402975432326746 
1709	 0.402936939954659 
1710	 0.402785018085453 
1711	 0.402667879876319 
1712	 0.402471816994801 
1713	 0.402507960694793 
1714	 0.402819820735232 
1715	 0.402810487889023 
1716	 0.402914826691793 
1717	 0.402967037412888 
1718	 0.402542215770794 
1719	 0.402569871572532 
1720	 0.402997339766096 
1721	 0.40304517657262 
1722	 0.403029611299527 
1723	 0.403146698024846 
1724	 0.403082459285199 
1725	 0.403216734644098 
1726	 0.403745698761339 
1727	 0.403895881162609 
1728	 0.403905552525476 
1729	 0.403996369339644 
1730	 0.403826051076278 
1731	 0.403898760303249 
1732	 0.404146218765145 
1733	 0.404242117046331 
1734	 0.404343118998164 
1735	 0.404560476842319 
1736	 0.404778862015623 
1737	 0.405177952897415 
1738	 0.405970801095407 
1739	 0.406157694433435 
1740	 0.405977230517962 
1741	 0.405908506430305 
1742	 0.405512798925254 
1743	 0.405475335665993 
1744	 0.405840504535512 
1745	 0.406040300999796 
1746	 0.40607276047475 
1747	 0.406334084682246 
1748	 0.406824691696296 
1749	 0.406863327037731 
1750	 0.40680329873797 
1751	 0.406627869861727 
1752	 0.406473141390939 
1753	 0.406688979594896 
1754	 0.406952502219442 
1755	 0.407307961096323 
1756	 0.407840667810822 
1757	 0.407942753236019 
1758	 0.407953462341889 
1759	 0.407657558887851 
1760	 0.407103801771621 
1761	 0.407311662577722 
1762	 0.407671036163145 
1763	 0.408024594685433 
1764	 0.40844805368097 
1765	 0.408470064586155 
1766	 0.40837672687681 
1767	 0.408309746902411 
1768	 0.408151547905763 
1769	 0.407787415770436 
1770	 0.407840840573319 
1771	 0.407976530726572 
1772	 0.408252813326339 
1773	 0.408894456653225 
1774	 0.409249880040274 
1775	 0.410010059888017 
1776	 0.410039600914877 
1777	 0.408936557827238 
1778	 0.408735157081368 
1779	 0.408340094930618 
1780	 0.408450912443654 
1781	 0.410056807814847 
1782	 0.410412145261199 
1783	 0.410073745856512 
1784	 0.409954320263871 
1785	 0.409172847521343 
1786	 0.408916152649948 
1787	 0.40900801034606 
1788	 0.409293533176979 
1789	 0.409993073306125 
1790	 0.410241511795447 
1791	 0.410383971478801 
1792	 0.410725853761416 
1793	 0.410935348841501 
1794	 0.411234988005169 
1795	 0.412355456223586 
1796	 0.412589893102359 
1797	 0.411662285024565 
1798	 0.411392179906525 
1799	 0.410878226278187 
1800	 0.410709987713687 
1801	 0.411498362036582 
1802	 0.41148456295893 
1803	 0.410658290109094 
1804	 0.411331417133012 
1805	 0.412949819585236 
1806	 0.413199236841728 
1807	 0.414559808352022 
1808	 0.413865388319411 
1809	 0.408257977906859 
1810	 0.408537384857869 
1811	 0.413095336585095 
1812	 0.414965968350388 
1813	 0.418866578615685 
1814	 0.426050175254482 
1815	 0.425020536117204 
1816	 0.42692624244928 
1817	 0.430450457633896 
1818	 0.423054035574018 
1819	 0.416011621816504 
1820	 0.397828891628576 
1821	 0.394674534842227 
1822	 0.411212860560676 
1823	 0.414526830079001 
1824	 0.443434179466995 
1825	 0.447785543179443 
1826	 0.382955141537445 
1827	 0.364712194465993 
1828	 0.373708099727322 
1829	 0.373720304404364 
1830	 0.431633920459549 
1831	 0.4854090705913 
1832	 0.596831293891539 
1833	 0.700935367215965 
1834	 1.1572944396298 
1835	 1.90431054300199 
1836	 1.50885290112582 
1837	 1.75478674030605 
1838	 1.874364188719 
1839	 1.94531307548585 
1840	 1.53260007750456 
1841	 1.10273911678111 
1842	 0.943457940758777 
1843	 0.392848667665171 
1844	 0.36022912578294 
1845	 8.64602427711516 
1846	-51.0749189054471 
1847	 3.27201954130154 
1848	 9.41977677957173 
1849	 3.92211142208876 
1850	 0.386855355180508 
1851	 0.526127636011339 
1852	 3.43735058486087 
1853	 3.07743625150368 
1854	 9.76007479201646 
1855	 6.68250538208279 
1856	 0.175568572725111 
1857	-0.861748857705664 
1858	-1.07019790720079 
1859	 4.55542337841501 
1860	 5.29521645971375 
1861	 35.4208726452762 
1862	 15.422190102373 
1863	 0.863015623249918 
1864	 0.554268399854683 
1865	 1.08709086408764 
1866	 1.3519417643427 
1867	 2.35377263157127 
1868	 1.53788605141408 
1869	 1.31671730081056 
1870	 1.52269106696189 
1871	 1.49793790511895 
1872	 2.50471722536078 
1873	 1.87539823657521 
1874	 0.704291553848397 
1875	 0.513013508351866 
1876	 0.446865974895562 
1877	 0.491585296413076 
1878	 0.554675809928571 
1879	 0.729674850502188 
1880	 0.816935629161439 
1881	 0.941282492451721 
1882	 0.820016828356565 
1883	 0.449760940863004 
1884	 0.394732109751252 
1885	 0.301145101352048 
1886	 0.157391242355025 
1887	 0.523459495953716 
1888	 0.532719592242685 
1889	 0.431857664922824 
1890	 0.520174736706622 
1891	 0.509030794893505 
1892	 0.386760499762662 
1893	 0.429838867515903 
1894	 0.619263830326103 
1895	 0.642710356340171 
1896	 0.628442592840476 
1897	 0.68380168258791 
1898	 0.643527072127228 
1899	 0.626708770073685 
1900	 0.751537211720065 
1901	 0.657891926353131 
1902	 0.751242078951022 
1903	 0.941750055187864 
1904	 0.943109533577794 
1905	 0.808220481203415 
1906	 1.05319642329036 
1907	 1.1669186383431 
1908	 0.623052031177773 
1909	 0.504638626451003 
1910	 0.563009100439837 
1911	 0.541640225757499 
1912	 0.537893989993188 
1913	 0.502217911481564 
1914	 0.422426492103687 
1915	 0.418599663951291 
1916	 0.439936812055891 
1917	 0.425252461674681 
1918	 0.42547494434935 
1919	 0.389014905045162 
1920	 0.324298170112069 
1921	 0.271099870257809 
1922	 0.304773986464082 
1923	 0.391997893967021 
1924	 0.401517325985029 
1925	 0.389016425192111 
1926	 0.39358830491011 
1927	 0.403934584556265 
1928	 0.36377704469704 
1929	 0.341318959490392 
1930	 0.348259869676886 
1931	 0.342888210199845 
1932	 0.331986058796204 
1933	 0.343617356166053 
1934	 0.364193871866941 
1935	 0.370166025539503 
1936	 0.373544816051651 
1937	 0.370909678752716 
1938	 0.364249996393007 
1939	 0.351553325084862 
1940	 0.347589430258479 
1941	 0.356853399344883 
1942	 0.35900573501826 
1943	 0.360399426150427 
1944	 0.367049039621759 
1945	 0.362184523554417 
1946	 0.360174411325403 
1947	 0.357079292851453 
1948	 0.36496351862681 
1949	 0.366318221213038 
1950	 0.367203068036384 
1951	 0.374930804042562 
1952	 0.374884584016317 
1953	 0.372744993138928 
1954	 0.374537921011888 
1955	 0.372945391366116 
1956	 0.373827406449707 
1957	 0.376832472762608 
1958	 0.377647208145686 
1959	 0.377270894199907 
1960	 0.379677502729364 
1961	 0.381008359013618 
1962	 0.380197611741771 
1963	 0.380619382675125 
1964	 0.381194588396357 
1965	 0.382506455451047 
1966	 0.38335705761791 
1967	 0.383701977833307 
1968	 0.383310093653918 
1969	 0.383249408341925 
1970	 0.38232973065211 
1971	 0.382238692337935 
1972	 0.382943106949945 
1973	 0.384389312971524 
1974	 0.385051845425312 
1975	 0.384816448764695 
1976	 0.384402568623124 
1977	 0.384349605478307 
1978	 0.385419299133423 
1979	 0.386879090699439 
1980	 0.387702319753906 
1981	 0.388043464100969 
1982	 0.388661063881877 
1983	 0.388739710937623 
1984	 0.388779160307596 
1985	 0.389660663623249 
1986	 0.39105533492663 
1987	 0.391697222557235 
1988	 0.392146413584215 
1989	 0.392332632622734 
1990	 0.392306388879077 
1991	 0.393018766395998 
1992	 0.393854288608584 
1993	 0.394435270724147 
1994	 0.395606501793501 
1995	 0.396349769347716 
1996	 0.396340560474873 
1997	 0.396632909806442 
1998	 0.39803843121514 
1999	 0.399285887128115 
2000	 0.400002814795501 
2001	 0.399824540255075 
2002	 0.399951439386328 
2003	 0.401977066601387 
2004	 0.404378175731406 
2005	 0.406241076201011 
2006	 0.407782209218877 
2007	 0.408025139774963 
2008	 0.408464435602195 
2009	 0.407876125391612 
2010	 0.409172641057191 
2011	 0.411846473170511 
2012	 0.410055458406701 
2013	 0.407161479464104 
2014	 0.406877687258942 
2015	 0.405731099579971 
2016	 0.404901266244612 
2017	 0.40495417116789 
2018	 0.402151515462066 
2019	 0.40010662724857 
2020	 0.396946069126486 
2021	 0.395333047633984 
2022	 0.394215215522663 
2023	 0.394259264310908 
2024	 0.392952238479477 
2025	 0.391078921872834 
2026	 0.390091602413285 
2027	 0.387646607428698 
2028	 0.385567057097778 
2029	 0.385172151383462 
2030	 0.383841266587205 
2031	 0.382187479465552 
2032	 0.381173889211064 
2033	 0.380918219633011 
2034	 0.379520998153153 
2035	 0.377495818787473 
2036	 0.376535337764922 
2037	 0.374974588422245 
2038	 0.373022875905572 
2039	 0.372362874409259 
2040	 0.372253635545238 
2041	 0.371232434664538 
2042	 0.36981502745487 
2043	 0.368999882487985 
2044	 0.367965628676218 
2045	 0.36688310182429 
2046	 0.366392936001606 
2047	 0.365888826610585 
2048	 0.364888769686252 
2049	 0.363927673423135 
2050	 0.363249931387592 
2051	 0.362786279924614 
2052	 0.36209440415946 
2053	 0.361158228579732 
2054	 0.359616281765591 
2055	 0.358905069492773 
2056	 0.357693231168099 
2057	 0.355733959257323 
2058	 0.354535002696262 
2059	 0.353311707856416 
2060	 0.35213293365194 
2061	 0.35067225156955 
2062	 0.349695159663038 
2063	 0.349414638501776 
2064	 0.348481928462432 
2065	 0.347092020521725 
2066	 0.346344598043274 
2067	 0.345731352669272 
2068	 0.344916737079209 
2069	 0.344248166816362 
2070	 0.343286808475963 
2071	 0.341910010539191 
2072	 0.340597117798722 
2073	 0.339762271054538 
2074	 0.339079811328337 
2075	 0.338324593053143 
2076	 0.337792243192314 
2077	 0.337413850087556 
2078	 0.337146100667604 
2079	 0.336371848114997 
2080	 0.335646881866779 
2081	 0.334716721415429 
2082	 0.333440368560799 
2083	 0.3327623277452 
2084	 0.332052060062426 
2085	 0.331082291368647 
2086	 0.330284437440077 
2087	 0.329435793380879 
2088	 0.329730232275653 
2089	 0.330521198476042 
2090	 0.330223986372943 
2091	 0.329410213390021 
2092	 0.328957736635934 
2093	 0.327813920191579 
2094	 0.327130160853895 
2095	 0.326678034027871 
2096	 0.326704058103477 
2097	 0.327273456735802 
2098	 0.327391080606234 
2099	 0.3268492411702 
2100	 0.32720995574322 
2101	 0.327263712250588 
2102	 0.327140000571303 
2103	 0.328185097806603 
2104	 0.328311274775766 
2105	 0.327472888947146 
2106	 0.327017848272933 
2107	 0.326994699755383 
2108	 0.327342357596974 
2109	 0.327659527885962 
2110	 0.328456011758573 
2111	 0.328847243380085 
2112	 0.32865915560018 
2113	 0.329054621391052 
2114	 0.329887677964429 
2115	 0.330475046466876 
2116	 0.330825273380388 
2117	 0.331219346424645 
2118	 0.331217121623721 
2119	 0.331346006602602 
2120	 0.33115487844105 
2121	 0.330994513996274 
2122	 0.331756537837993 
2123	 0.332026392701528 
2124	 0.332067651550382 
2125	 0.332306841530429 
2126	 0.332903544732027 
2127	 0.332906751351528 
2128	 0.333329544481993 
2129	 0.334800053522935 
2130	 0.335656881686622 
2131	 0.336078587691591 
2132	 0.33671541427959 
2133	 0.337803647849467 
2134	 0.337914580186028 
2135	 0.338061707423866 
2136	 0.338515351472095 
2137	 0.338885075098893 
2138	 0.33921563682434 
2139	 0.339526630960062 
2140	 0.340327827418081 
2141	 0.340950770042244 
2142	 0.341346031528963 
2143	 0.341766217752148 
2144	 0.341907496936762 
2145	 0.342124271905227 
2146	 0.342498436293896 
2147	 0.3432258470231 
2148	 0.344037864224697 
2149	 0.344745910976069 
2150	 0.345829867667571 
2151	 0.346290749180297 
2152	 0.346026676995538 
2153	 0.346471178690325 
2154	 0.347792547646783 
2155	 0.348596426791561 
2156	 0.348479036453599 
2157	 0.349446650745101 
2158	 0.350476331152273 
2159	 0.350056718471895 
2160	 0.350364968877464 
2161	 0.351551615187958 
2162	 0.352052220616 
2163	 0.352219681307656 
2164	 0.352822044436698 
2165	 0.354296431272882 
2166	 0.354983200865691 
2167	 0.354917861710952 
2168	 0.355580378291076 
2169	 0.356907733756328 
2170	 0.357094564435468 
2171	 0.356698106962121 
2172	 0.356817154763564 
2173	 0.356301118177025 
2174	 0.356128589898406 
2175	 0.357726278256522 
2176	 0.359780918659041 
2177	 0.360496680035437 
2178	 0.360955235453906 
2179	 0.360784230240059 
2180	 0.359712384519884 
2181	 0.359988145785891 
2182	 0.36177360093446 
2183	 0.363414882814147 
2184	 0.364115115681082 
2185	 0.364444727635378 
2186	 0.364078317504152 
2187	 0.364072761704392 
2188	 0.362914898709417 
2189	 0.364045671370963 
2190	 0.368102104678681 
2191	 0.368526928968544 
2192	 0.367346201611758 
2193	 0.367905824942393 
2194	 0.367543261634454 
2195	 0.366879646957811 
2196	 0.367167298539311 
2197	 0.368181023260707 
2198	 0.36710509900424 
2199	 0.366222471792998 
2200	 0.367966352311896 
2201	 0.368586413431365 
2202	 0.36845487498593 
2203	 0.369242217014318 
2204	 0.368974467621123 
2205	 0.368420020337306 
2206	 0.368154591577 
2207	 0.367729767229052 
2208	 0.368876841032778 
2209	 0.370618910655116 
2210	 0.371092741700889 
2211	 0.371095944206169 
2212	 0.371552948558821 
2213	 0.371654337555554 
2214	 0.371527322253652 
2215	 0.37157445364508 
2216	 0.371658724501504 
2217	 0.371264549909376 
2218	 0.370732895591918 
2219	 0.370732289242669 
2220	 0.370482234166609 
2221	 0.369873275185804 
2222	 0.368548403163351 
2223	 0.367382996347163 
2224	 0.366879779401772 
2225	 0.367214578061925 
2226	 0.367229118440429 
2227	 0.367221438143913 
2228	 0.367692446236899 
2229	 0.366476951769226 
2230	 0.365444008944647 
2231	 0.36548166925767 
2232	 0.364248035833771 
2233	 0.364112519898523 
2234	 0.364234026968203 
2235	 0.362347836496615 
2236	 0.361406427188336 
2237	 0.360376726834209 
2238	 0.358247528065226 
2239	 0.357424853236722 
2240	 0.358059548397251 
2241	 0.357606727672856 
2242	 0.357439215292983 
2243	 0.356771312311793 
2244	 0.355412878696634 
2245	 0.353823246640845 
2246	 0.351433491506938 
2247	 0.350070391054996 
2248	 0.349296386829124 
2249	 0.347983166964845 
2250	 0.347023685703682 
2251	 0.346080580311633 
2252	 0.343972730292469 
2253	 0.341786854276629 
2254	 0.341904274318772 
2255	 0.341089014687942 
2256	 0.339877316226067 
2257	 0.340347476731018 
2258	 0.3384734634106 
2259	 0.334964833247452 
2260	 0.332856677731464 
2261	 0.331497449194943 
2262	 0.330755752393339 
2263	 0.331212046269587 
2264	 0.331026571627414 
2265	 0.328889400746202 
2266	 0.327606754989756 
2267	 0.326617442759906 
2268	 0.324953258027178 
2269	 0.324461235549197 
2270	 0.323371829669696 
2271	 0.321665853343579 
2272	 0.320661639261483 
2273	 0.320518035737953 
2274	 0.320420236838823 
2275	 0.319968728199293 
2276	 0.319861017849836 
2277	 0.320566429799643 
2278	 0.321368146935884 
2279	 0.322862501981572 
2280	 0.32276103152719 
2281	 0.32176888839708 
2282	 0.321846588665109 
2283	 0.32112276422007 
2284	 0.321118685133392 
2285	 0.323617516917104 
2286	 0.323453505441189 
2287	 0.320625531291413 
2288	 0.319298129766568 
2289	 0.320610086591435 
2290	 0.322293831450547 
2291	 0.323560290867409 
2292	 0.32470182560878 
2293	 0.32482854681777 
2294	 0.323133421840731 
2295	 0.322754016577866 
2296	 0.324371463952167 
2297	 0.32507872015987 
2298	 0.325658447415404 
2299	 0.325780529855376 
2300	 0.324430291095813 
2301	 0.323501387363266 
2302	 0.323053152226488 
2303	 0.323882210139068 
2304	 0.325286317388969 
2305	 0.324820360785825 
2306	 0.323754942230865 
2307	 0.323965161615609 
2308	 0.32459534264885 
2309	 0.323700078590198 
2310	 0.321939344350982 
2311	 0.320074597019791 
2312	 0.319192393907305 
2313	 0.3189842753593 
2314	 0.319220554931632 
2315	 0.320832719258879 
2316	 0.321607982188987 
2317	 0.320754346158659 
2318	 0.319606108243064 
2319	 0.319169314724562 
2320	 0.31708124181481 
2321	 0.31543564040368 
2322	 0.315569900284044 
2323	 0.314778981192757 
2324	 0.31301644701236 
2325	 0.312196270975909 
2326	 0.310714453251389 
2327	 0.311282132729742 
2328	 0.313671852242911 
2329	 0.313865728085872 
2330	 0.314658804588097 
2331	 0.315595825360182 
2332	 0.314689126463056 
2333	 0.315003605158312 
2334	 0.318120099575598 
2335	 0.318273580458915 
2336	 0.315751298794968 
2337	 0.315794420290901 
2338	 0.315983960198006 
2339	 0.314178858906745 
2340	 0.31189658263579 
2341	 0.313954797436297 
2342	 0.312019466506863 
2343	 0.309785765009624 
2344	 0.313268837698908 
2345	 0.313010399770144 
2346	 0.311853700330587 
2347	 0.315259878406046 
2348	 0.319553786140718 
2349	 0.322176894178778 
2350	 0.318849269604462 
2351	 0.314999542846632 
2352	 0.31321000439807 
2353	 0.308087583141284 
2354	 0.307321499564708 
2355	 0.312195306686205 
2356	 0.313924870236494 
2357	 0.312548469748689 
2358	 0.311911917661678 
2359	 0.314504469361224 
2360	 0.318330603255011 
2361	 0.323591423322921 
2362	 0.326533185714273 
2363	 0.320470684488013 
2364	 0.315061739403404 
2365	 0.314493193199262 
2366	 0.314751957641721 
2367	 0.316571498268145 
2368	 0.316218462640541 
2369	 0.311060164997688 
2370	 0.308687282962079 
2371	 0.314956158839589 
2372	 0.320305555846046 
2373	 0.321295764194663 
2374	 0.322795910391152 
2375	 0.318750538920135 
2376	 0.312226934610482 
2377	 0.312665861829742 
2378	 0.317607990031462 
2379	 0.320774636396942 
2380	 0.318937998690524 
2381	 0.31850291438349 
2382	 0.315700801598673 
2383	 0.309228349296703 
2384	 0.312471061754577 
2385	 0.320304401875854 
2386	 0.321772749186158 
2387	 0.318173890604392 
2388	 0.318623242170949 
2389	 0.321131199220829 
2390	 0.317615476380715 
2391	 0.319257328116768 
2392	 0.319269234218658 
2393	 0.31271534003637 
2394	 0.320104079347836 
2395	 0.326640269596769 
2396	 0.321777708792488 
2397	 0.321480950519409 
2398	 0.323856407725825 
2399	 0.327516228384538 
2400	 0.336955545253944 
2401	 0.343426061804017 
2402	 0.333453091687422 
2403	 0.318615702684034 
2404	 0.314389579469819 
2405	 0.318722258432059 
2406	 0.321815456727258 
2407	 0.319869832822939 
2408	 0.325647520407379 
2409	 0.326327788522103 
2410	 0.312477505200777 
2411	 0.3217237647311 
2412	 0.334592460136178 
2413	 0.315485304093091 
2414	 0.316735568843753 
2415	 0.32894106453928 
2416	 0.310696792005831 
2417	 0.305459334492416 
2418	 0.314372805952407 
2419	 0.317662045846091 
2420	 0.32994813673346 
2421	 0.344447846612109 
2422	 0.348148674419775 
2423	 0.335408018941923 
2424	 0.32484592651759 
2425	 0.331515607755865 
2426	 0.337929562040629 
2427	 0.335249350977237 
2428	 0.318245526804214 
2429	 0.297462089702218 
2430	 0.289260853984523 
2431	 0.293893055991404 
2432	 0.304484645780198 
2433	 0.306022157298172 
2434	 0.296404181092501 
2435	 0.289405622235663 
2436	 0.285879232489566 
2437	 0.29230864083039 
2438	 0.311050716491767 
2439	 0.316260602765649 
2440	 0.310099727152582 
2441	 0.301949955617071 
2442	 0.286705618236566 
2443	 0.278063310775086 
2444	 0.289879795246565 
2445	 0.303341132096435 
2446	 0.299248000375982 
2447	 0.278431826242687 
2448	 0.256318709010344 
2449	 0.2654322943225 
2450	 0.275365186985084 
2451	 0.283387817711285 
2452	 0.318408515509309 
2453	 0.32337530411534 
2454	 0.31200052232452 
2455	 0.321236380948197 
2456	 0.312433099980012 
2457	 0.283466668225767 
2458	 0.271062131138259 
2459	 0.266853801141211 
2460	 0.251064290756166 
2461	 0.254585851298737 
2462	 0.263086082387205 
2463	 0.263314584310707 
2464	 0.278673141044784 
2465	 0.266402808120313 
2466	 0.25190866955457 
2467	 0.259744091906536 
2468	 0.230897665532559 
2469	 0.23409849703922 
2470	 0.253972694699052 
2471	 0.250293903931653 
2472	 0.265784670836789 
2473	 0.271026371815301 
2474	 0.216860102959906 
2475	 0.216999446034564 
2476	 0.306429832647303 
2477	 0.312066494937545 
2478	 0.25698854066001 
2479	 0.329578675972959 
2480	 0.267665419952094 
2481	 0.217735480272612 
2482	 0.353305421494804 
2483	 0.415602247147134 
2484	 0.379767424667736 
2485	 0.430151994656873 
2486	 0.43656056932853 
2487	 0.332002997605437 
2488	 0.331169465310845 
2489	 0.315939632855889 
2490	 8.96118560156074E-02 
2491	 0.227296482880629 
2492	 0.461838580669072 
2493	 0.359308377089268 
2494	 0.753884855038044 
2495	 0.776315129327375 
2496	 0.383247260354061 
2497	 0.486060259316272 
2498	 0.416536589572797 
2499	 0.329058557793477 
2500	 0.478252753661673 
