Wavelength	09/27/123 at 12:42:20
350	 7.01617401054651E-02 
351	 0.069567247038372 
352	 6.98688084360169E-02 
353	 7.04697914314884E-02 
354	 7.03376020010871E-02 
355	 7.06093197612085E-02 
356	 7.07146420357251E-02 
357	 7.03890137780904E-02 
358	 7.03361154053575E-02 
359	 7.03581647089737E-02 
360	 7.04479221045765E-02 
361	 7.06310112468935E-02 
362	 7.06077443526263E-02 
363	 7.05376929940017E-02 
364	 7.05377409501276E-02 
365	 0.07052311441686 
366	 7.05226465223458E-02 
367	 7.05323842057811E-02 
368	 0.070585732035869 
369	 0.071319870457551 
370	 7.16407802445006E-02 
371	 7.11466840181896E-02 
372	 7.14172265752585E-02 
373	 7.17548132404412E-02 
374	 7.19011488085464E-02 
375	 7.18238653229382E-02 
376	 7.20037717388255E-02 
377	 7.23154553799079E-02 
378	 7.26114529752883E-02 
379	 7.28730976470032E-02 
380	 7.30628393414113E-02 
381	 7.32689309644722E-02 
382	 7.36083724622657E-02 
383	 0.073762101006149 
384	 7.40120885438016E-02 
385	 7.43818657899952E-02 
386	 7.40869021899174E-02 
387	 7.44574158561833E-02 
388	 7.51802812704992E-02 
389	 7.53325899174262E-02 
390	 7.56070535143161E-02 
391	 7.59841777643505E-02 
392	 0.076367005998822 
393	 7.66749062192617E-02 
394	 7.68463347327064E-02 
395	 7.68950537105714E-02 
396	 7.68796378604783E-02 
397	 0.076865493906637 
398	 7.69301578962383E-02 
399	 7.71362723779997E-02 
400	 7.75925849095536E-02 
401	 7.78530868248953E-02 
402	 7.79381922647868E-02 
403	 7.80404242146449E-02 
404	 7.82081499784293E-02 
405	 7.83616317366078E-02 
406	 7.84735903933324E-02 
407	 7.86245395005093E-02 
408	 7.88779865451285E-02 
409	 7.91361059456316E-02 
410	 7.92833053511495E-02 
411	 7.95952652102373E-02 
412	 7.98573618760011E-02 
413	 7.99975300922344E-02 
414	 0.080247474504688 
415	 8.05004135349668E-02 
416	 8.07460745105801E-02 
417	 8.09859781362287E-02 
418	 8.11030641061428E-02 
419	 8.11990149768528E-02 
420	 8.13887605139492E-02 
421	 8.18126822084563E-02 
422	 8.20887282495844E-02 
423	 8.23040149451556E-02 
424	 8.26743968853084E-02 
425	 8.30033506984455E-02 
426	 8.33811533811911E-02 
427	 8.38081228790601E-02 
428	 8.41117680312598E-02 
429	 8.43994513219196E-02 
430	 8.46342029387677E-02 
431	 8.47787719936758E-02 
432	 8.50417072044941E-02 
433	 8.53289526425698E-02 
434	 8.55901819687621E-02 
435	 8.58588851393493E-02 
436	 8.62525653961422E-02 
437	 8.66545400575948E-02 
438	 8.69235255227093E-02 
439	 8.72267321030577E-02 
440	 8.75079582179819E-02 
441	 8.77559843022596E-02 
442	 8.80288896261797E-02 
443	 8.84328031454953E-02 
444	 8.88354441246538E-02 
445	 8.90913639428077E-02 
446	 8.93622316984906E-02 
447	 0.08968741688814 
448	 0.090062493123661 
449	 9.04463124125231E-02 
450	 9.08531072337855E-02 
451	 0.091222630278013 
452	 9.15144287136528E-02 
453	 9.18877726281951E-02 
454	 9.22812593547972E-02 
455	 9.26462345638015E-02 
456	 9.29631693255878E-02 
457	 9.33365088162526E-02 
458	 9.37467920851359E-02 
459	 9.41446407803466E-02 
460	 9.45086282761335E-02 
461	 9.48454437198636E-02 
462	 9.51936211274255E-02 
463	 9.56138026811596E-02 
464	 9.60533351921346E-02 
465	 9.64952103121144E-02 
466	 9.69210950800653E-02 
467	 9.72748093315459E-02 
468	 9.76632477626892E-02 
469	 9.80919918920073E-02 
470	 9.84749281615465E-02 
471	 0.098928225048506 
472	 9.93488559523534E-02 
473	 9.96627285924966E-02 
474	 0.100044714920691 
475	 0.1005106270747 
476	 0.100972829695306 
477	 0.101275571347868 
478	 0.101650036137463 
479	 0.102092011105929 
480	 0.102551561687262 
481	 0.102979366002939 
482	 0.103382318005192 
483	 0.103840273124679 
484	 0.104462371437373 
485	 0.104978225180253 
486	 0.105396441966644 
487	 0.105774584128071 
488	 0.10614292179697 
489	 0.10664616097128 
490	 0.107196448679315 
491	 0.107597055674156 
492	 0.107975893585335 
493	 0.108388318446277 
494	 0.108849974878851 
495	 0.109303292541403 
496	 0.109754837075107 
497	 0.110197055429786 
498	 0.110630587753846 
499	 0.111180598449989 
500	 0.111719634171094 
501	 0.112181461175419 
502	 0.112662532017302 
503	 0.113082915911189 
504	 0.113474795202972 
505	 0.113917137545497 
506	 0.114497719198707 
507	 0.115016965974692 
508	 0.115396230849306 
509	 0.11576003623954 
510	 0.116221825666336 
511	 0.116749441270825 
512	 0.117263220205481 
513	 0.11776358427729 
514	 0.118269375957247 
515	 0.118800353579244 
516	 0.119375716793763 
517	 0.119883990390161 
518	 0.12037022358127 
519	 0.120872717625562 
520	 0.121240111306 
521	 0.12164592717753 
522	 0.122135138720331 
523	 0.122631209674614 
524	 0.123179524318312 
525	 0.123733752637543 
526	 0.12424784853259 
527	 0.124736603521482 
528	 0.125216025387611 
529	 0.125685199267721 
530	 0.126143979800244 
531	 0.12666783379392 
532	 0.127216683076536 
533	 0.127738075438488 
534	 0.128210375741052 
535	 0.128720244121787 
536	 0.129241664710626 
537	 0.129697881207593 
538	 0.130239592491834 
539	 0.130825723494534 
540	 0.131404279709919 
541	 0.1319568547967 
542	 0.13252684494561 
543	 0.133094111494197 
544	 0.133622046520633 
545	 0.134140330256489 
546	 0.134684559240968 
547	 0.135247284910061 
548	 0.135742220365918 
549	 0.136245770544378 
550	 0.136791795102152 
551	 0.137383847392341 
552	 0.137941293708722 
553	 0.138436944606684 
554	 0.138900693175427 
555	 0.139429234149147 
556	 0.139986919566908 
557	 0.140536603882246 
558	 0.141056276031282 
559	 0.141612063177195 
560	 0.142149275522602 
561	 0.142695540634632 
562	 0.143356626282566 
563	 0.143930466798878 
564	 0.144479421301508 
565	 0.145082455759533 
566	 0.145679347051883 
567	 0.146305314386044 
568	 0.146943619143299 
569	 0.147551575082565 
570	 0.148207246078051 
571	 0.14882732298093 
572	 0.149345900358333 
573	 0.149794168387946 
574	 0.150266450915247 
575	 0.150761849173055 
576	 0.151235937326109 
577	 0.1517680624921 
578	 0.152270866042129 
579	 0.152717042404057 
580	 0.153197652460081 
581	 0.15360373218846 
582	 0.153991180124394 
583	 0.154438728782085 
584	 0.15487399301429 
585	 0.155331063665331 
586	 0.155822435965662 
587	 0.156347305546785 
588	 0.157009961083156 
589	 0.157667224552799 
590	 0.158137704253325 
591	 0.158485995638434 
592	 0.158816604816013 
593	 0.159192179991152 
594	 0.159630530805632 
595	 0.160090030559673 
596	 0.160510692172465 
597	 0.160890440153924 
598	 0.1613441162908 
599	 0.16182600616687 
600	 0.162289265033626 
601	 0.162715203619938 
602	 0.163239961493301 
603	 0.163785586006868 
604	 0.164301366436537 
605	 0.164797549108268 
606	 0.165318597294071 
607	 0.165877571721343 
608	 0.166463507450479 
609	 0.167025555193276 
610	 0.167530810563167 
611	 0.168009441130963 
612	 0.168545908308726 
613	 0.168983604204448 
614	 0.169416028933057 
615	 0.169932265752676 
616	 0.170457547109824 
617	 0.170954892080382 
618	 0.171392029946935 
619	 0.171775808582428 
620	 0.172231772849372 
621	 0.172703019689089 
622	 0.173154108384515 
623	 0.173646283153549 
624	 0.174102545142447 
625	 0.17455752597901 
626	 0.175066992413319 
627	 0.175570955189258 
628	 0.176034938242906 
629	 0.176454156739762 
630	 0.176863842981276 
631	 0.177319051289325 
632	 0.177743783766551 
633	 0.178090886594118 
634	 0.178529009607458 
635	 0.178968132608511 
636	 0.17937745808352 
637	 0.179769814418249 
638	 0.180136532205568 
639	 0.180522936220158 
640	 0.180953006688293 
641	 0.181392048153677 
642	 0.181843165346326 
643	 0.182230793666481 
644	 0.182510076867439 
645	 0.182944838197495 
646	 0.18341526833376 
647	 0.183825518698559 
648	 0.184150891441128 
649	 0.184584390542885 
650	 0.185039298564586 
651	 0.185414907603781 
652	 0.185799014613952 
653	 0.186110517750655 
654	 0.186371710380399 
655	 0.186703570553249 
656	 0.187443643894743 
657	 0.188049524556553 
658	 0.188254179924547 
659	 0.18847529264341 
660	 0.188830444419492 
661	 0.189256406664891 
662	 0.189624799478889 
663	 0.189873476864585 
664	 0.190192699474522 
665	 0.190598717750999 
666	 0.19092438062509 
667	 0.19127402259819 
668	 0.191610432167199 
669	 0.191919533040721 
670	 0.192330047323287 
671	 0.192719426193921 
672	 0.193053090407296 
673	 0.193357990456207 
674	 0.193749390773282 
675	 0.194141616155768 
676	 0.194470589396122 
677	 0.194747771000467 
678	 0.195091050110066 
679	 0.19548577055245 
680	 0.195875974288321 
681	 0.196206642518546 
682	 0.196516743449676 
683	 0.196825723251553 
684	 0.197136763306054 
685	 0.197496219928954 
686	 0.198168057981386 
687	 0.199183693723274 
688	 0.199778686546866 
689	 0.200001403562006 
690	 0.200085475502632 
691	 0.200245944784222 
692	 0.200345916825485 
693	 0.200596521118145 
694	 0.201012418887272 
695	 0.201392163784825 
696	 0.201726789739483 
697	 0.202055974923201 
698	 0.202412590215725 
699	 0.20270649823194 
700	 0.203125798936705 
701	 0.203598815895842 
702	 0.203956194774956 
703	 0.204231449835105 
704	 0.20454365237303 
705	 0.2049262786404 
706	 0.205301271724307 
707	 0.205631908708558 
708	 0.205985460088077 
709	 0.206390600554393 
710	 0.206652169290445 
711	 0.206987610923186 
712	 0.207377942182646 
713	 0.207705820455055 
714	 0.208089215072499 
715	 0.208355781711545 
716	 0.208521229323129 
717	 0.208898960507152 
718	 0.209579897629114 
719	 0.210281608676906 
720	 0.210684188734629 
721	 0.210858078981329 
722	 0.210977303852464 
723	 0.211186888420953 
724	 0.211569140525053 
725	 0.211947265233832 
726	 0.212314631848206 
727	 0.21268151469793 
728	 0.213026028629631 
729	 0.21335296815083 
730	 0.213692755716322 
731	 0.214046722410912 
732	 0.214332521351481 
733	 0.214542090011217 
734	 0.21474906518816 
735	 0.215053913962531 
736	 0.215417116620808 
737	 0.215740137349805 
738	 0.216013218356655 
739	 0.216348834879173 
740	 0.216654951757499 
741	 0.216972024981524 
742	 0.217330101647221 
743	 0.21763502577672 
744	 0.217909025588449 
745	 0.218177570393367 
746	 0.218462703416423 
747	 0.218755823220713 
748	 0.219061319466955 
749	 0.219353064826212 
750	 0.219572559811827 
751	 0.219908602696752 
752	 0.220292757859862 
753	 0.220618437159347 
754	 0.220852296344126 
755	 0.221181160386748 
756	 0.221515672767333 
757	 0.221709538160607 
758	 0.222154403111699 
759	 0.22358370576235 
760	 0.226356295519059 
761	 0.228132104658426 
762	 0.228533233312823 
763	 0.228271423732625 
764	 0.227860068105777 
765	 0.227068429274118 
766	 0.226392706270859 
767	 0.22595332125765 
768	 0.225760754274281 
769	 0.225780894102404 
770	 0.225943727440713 
771	 0.226176603039175 
772	 0.226411765791441 
773	 0.226683105123394 
774	 0.226985605067039 
775	 0.227308138688513 
776	 0.227643001545354 
777	 0.227922120276374 
778	 0.228177478688149 
779	 0.228463457497058 
780	 0.228800303148715 
781	 0.229139635007043 
782	 0.229443471765995 
783	 0.229694617983961 
784	 0.229967644788631 
785	 0.230306399277381 
786	 0.230672708635773 
787	 0.230937659879436 
788	 0.231271556535959 
789	 0.231636427896858 
790	 0.231972683706867 
791	 0.232304323372133 
792	 0.23259781690747 
793	 0.232875970132738 
794	 0.233183778908056 
795	 0.23354428133283 
796	 0.233832502735626 
797	 0.234067102743561 
798	 0.234387860919683 
799	 0.234729426993788 
800	 0.235080794277276 
801	 0.235432863356421 
802	 0.235773407576614 
803	 0.236098153813337 
804	 0.2364136970049 
805	 0.236722237458654 
806	 0.236994885189429 
807	 0.237286166762215 
808	 0.237608833797007 
809	 0.23793970003537 
810	 0.238236639729066 
811	 0.238511918604839 
812	 0.238808832423572 
813	 0.239197574293482 
814	 0.239604336461516 
815	 0.240034434499503 
816	 0.240503873927407 
817	 0.241043284447523 
818	 0.241223267220089 
819	 0.241250256935677 
820	 0.241464971949799 
821	 0.241994008551568 
822	 0.242493724640099 
823	 0.242783790694286 
824	 0.242875721011876 
825	 0.243260533951959 
826	 0.243678620800359 
827	 0.244001546588268 
828	 0.244268472557947 
829	 0.244558791308701 
830	 0.244866000886977 
831	 0.245178590937996 
832	 0.245503875522962 
833	 0.245913130523862 
834	 0.246268515750076 
835	 0.246478753882559 
836	 0.2467039175793 
837	 0.247048547665978 
838	 0.247400727716821 
839	 0.247609871073189 
840	 0.247887838589884 
841	 0.248262365626045 
842	 0.248671533106434 
843	 0.248994944027928 
844	 0.249257598084291 
845	 0.249515206908369 
846	 0.249829439040289 
847	 0.25025710468816 
848	 0.250581608850721 
849	 0.250857868327378 
850	 0.251153462895011 
851	 0.251381158334341 
852	 0.251843930990876 
853	 0.252324631947577 
854	 0.252552721606635 
855	 0.252762517796563 
856	 0.253089464425436 
857	 0.253494562955764 
858	 0.253834430105145 
859	 0.253981343076737 
860	 0.25422375302412 
861	 0.254634494552843 
862	 0.255056949095989 
863	 0.255389732474471 
864	 0.255722227723276 
865	 0.256082807027766 
866	 0.256383847443609 
867	 0.256672588906361 
868	 0.256911603108301 
869	 0.257128170773879 
870	 0.257539925044209 
871	 0.257799216696535 
872	 0.25801317350916 
873	 0.258375382135687 
874	 0.258785851465373 
875	 0.259131717881087 
876	 0.259481019856911 
877	 0.259931276573519 
878	 0.260244470577153 
879	 0.260449423988 
880	 0.260679111840042 
881	 0.261109195961306 
882	 0.261491440081498 
883	 0.261857319666127 
884	 0.26222183421896 
885	 0.262543546212784 
886	 0.262704238071035 
887	 0.262885034690638 
888	 0.26319299980316 
889	 0.263481713133706 
890	 0.263585705890615 
891	 0.263808808794619 
892	 0.264353450774212 
893	 0.264834179898819 
894	 0.265032788018611 
895	 0.265196183554771 
896	 0.265662291553631 
897	 0.266209043814583 
898	 0.266633944611536 
899	 0.266894368581972 
900	 0.267086967124319 
901	 0.26744695470993 
902	 0.26762227169848 
903	 0.267641704317221 
904	 0.267807021052009 
905	 0.268300828660022 
906	 0.268946107399886 
907	 0.269527381944311 
908	 0.269822689736974 
909	 0.269671022484333 
910	 0.26967778064676 
911	 0.270035604244124 
912	 0.270203506462661 
913	 0.270629042984946 
914	 0.27110878688912 
915	 0.271487995918096 
916	 0.271904121779488 
917	 0.272081464221816 
918	 0.272267199579213 
919	 0.272674063821615 
920	 0.273135250209346 
921	 0.273712938932959 
922	 0.273980931784968 
923	 0.273720146197506 
924	 0.273888257546533 
925	 0.273971705590385 
926	 0.273943100373293 
927	 0.27402394079753 
928	 0.27448205886788 
929	 0.274959161672099 
930	 0.275233505501676 
931	 0.275310075439428 
932	 0.275975795978193 
933	 0.276216818716577 
934	 0.275704618975337 
935	 0.275164554621741 
936	 0.276224596931094 
937	 0.276833028071279 
938	 0.276781964762943 
939	 0.277390216835582 
940	 0.277950197895889 
941	 0.278100979288289 
942	 0.278099360283961 
943	 0.27866269948286 
944	 0.279007313462421 
945	 0.278997917546185 
946	 0.278918677378977 
947	 0.279386712605695 
948	 0.280012666203032 
949	 0.279923160785518 
950	 0.279369551065338 
951	 0.280124766227167 
952	 0.281619379356521 
953	 0.282641381006935 
954	 0.282664308921815 
955	 0.282435766935939 
956	 0.282640924463619 
957	 0.282918185027984 
958	 0.283057913162272 
959	 0.283578487161411 
960	 0.283881031881863 
961	 0.284092726570413 
962	 0.284469942002286 
963	 0.285119167162731 
964	 0.286292490781395 
965	 0.28675391639587 
966	 0.285960887962424 
967	 0.285653991550448 
968	 0.285912258907908 
969	 0.286577737467327 
970	 0.287301535888348 
971	 0.28761068123589 
972	 0.287649537503449 
973	 0.288057958812299 
974	 0.289029135198015 
975	 0.288956478599725 
976	 0.289071302110572 
977	 0.289010705616093 
978	 0.288420095290229 
979	 0.288784617404101 
980	 0.289458733012492 
981	 0.289821311955484 
982	 0.289753089680059 
983	 0.290743716882582 
984	 0.291359949913303 
985	 0.291502487081113 
986	 0.291640805281265 
987	 0.292209862022475 
988	 0.292670923963457 
989	 0.293022848846403 
990	 0.293385383072518 
991	 0.29349587897384 
992	 0.293062876942267 
993	 0.293047766310829 
994	 0.294138593588574 
995	 0.293984757529769 
996	 0.294664938614439 
997	 0.295459890701798 
998	 0.295059952534132 
999	 0.294666532295637 
1000	 0.294564643390925 
1001	 0.288299969539873 
1002	 0.288575848289553 
1003	 0.289162629965697 
1004	 0.289555680572376 
1005	 0.289694665574902 
1006	 0.289997421305723 
1007	 0.290387340456444 
1008	 0.290765050725805 
1009	 0.290960284367451 
1010	 0.291369818651113 
1011	 0.291688987458558 
1012	 0.291645049886825 
1013	 0.291829583521095 
1014	 0.292156132497099 
1015	 0.292514748766858 
1016	 0.293082010447797 
1017	 0.293543558778696 
1018	 0.294063214206047 
1019	 0.294403392085425 
1020	 0.294624730613873 
1021	 0.294840193479096 
1022	 0.295039931588289 
1023	 0.295315059531565 
1024	 0.295652605367698 
1025	 0.296013590524437 
1026	 0.296408611326089 
1027	 0.296769631135232 
1028	 0.297114371061383 
1029	 0.29739112572384 
1030	 0.29773407498813 
1031	 0.298038523020418 
1032	 0.298321318626423 
1033	 0.298633572666244 
1034	 0.299016668135222 
1035	 0.299234049931874 
1036	 0.299424887015227 
1037	 0.299590536133117 
1038	 0.299927822111816 
1039	 0.300326299425727 
1040	 0.300559481090039 
1041	 0.301018487373311 
1042	 0.301480730458565 
1043	 0.301704530569315 
1044	 0.301941024556084 
1045	 0.302238804945726 
1046	 0.302472331899216 
1047	 0.302464006427577 
1048	 0.302680598271402 
1049	 0.303134977472747 
1050	 0.303558500802198 
1051	 0.304052366935917 
1052	 0.304531360249827 
1053	 0.304935234173464 
1054	 0.305155024445391 
1055	 0.305335877888898 
1056	 0.305532928142205 
1057	 0.305772261617471 
1058	 0.305967960138657 
1059	 0.306320562949484 
1060	 0.306844107089229 
1061	 0.307209656477579 
1062	 0.307647529092486 
1063	 0.308056840535596 
1064	 0.308421338360312 
1065	 0.308856171274975 
1066	 0.309187259464639 
1067	 0.309393419976049 
1068	 0.30974469667485 
1069	 0.310147056643581 
1070	 0.310522412489731 
1071	 0.311013828863782 
1072	 0.311506016200949 
1073	 0.311928721096785 
1074	 0.312340871483115 
1075	 0.312899848486649 
1076	 0.313303173238498 
1077	 0.313385641751112 
1078	 0.313598218258756 
1079	 0.313890876242604 
1080	 0.314117201848125 
1081	 0.314639615249394 
1082	 0.315283862975781 
1083	 0.315725382561434 
1084	 0.316076203478324 
1085	 0.316477993687148 
1086	 0.316806004266257 
1087	 0.317122638065091 
1088	 0.317466948635018 
1089	 0.317828975687325 
1090	 0.318142432678015 
1091	 0.318425475733031 
1092	 0.318764174262695 
1093	 0.319162578962425 
1094	 0.319736326662811 
1095	 0.320239921156329 
1096	 0.32069420308952 
1097	 0.321285769692963 
1098	 0.32165601787036 
1099	 0.321738779226736 
1100	 0.32209924393703 
1101	 0.322658454621577 
1102	 0.322957417332803 
1103	 0.323226212730256 
1104	 0.32347317187785 
1105	 0.323433959872445 
1106	 0.323582110230327 
1107	 0.323799338565296 
1108	 0.324295829034787 
1109	 0.324603936072652 
1110	 0.324776611900903 
1111	 0.325007608319668 
1112	 0.325136540949555 
1113	 0.325312793601525 
1114	 0.3255075595873 
1115	 0.325795304073559 
1116	 0.326163796899537 
1117	 0.326451401308616 
1118	 0.326822941271219 
1119	 0.327132069765989 
1120	 0.327294679482804 
1121	 0.327483649102218 
1122	 0.327512757347115 
1123	 0.327760479091403 
1124	 0.328094177735514 
1125	 0.328464796754869 
1126	 0.328907480287128 
1127	 0.329743228460401 
1128	 0.330006158555004 
1129	 0.329897410657576 
1130	 0.329957500222339 
1131	 0.329717401156542 
1132	 0.329771734515759 
1133	 0.330125730562546 
1134	 0.330231822322915 
1135	 0.330339874940288 
1136	 0.33035273687242 
1137	 0.329929110854088 
1138	 0.329993278084379 
1139	 0.330369697647651 
1140	 0.330743338615081 
1141	 0.330820778237556 
1142	 0.331018614896116 
1143	 0.331106349896602 
1144	 0.330793817086231 
1145	 0.330777139404229 
1146	 0.330912542680998 
1147	 0.331134896966919 
1148	 0.331549032007562 
1149	 0.331641323227564 
1150	 0.331663674024917 
1151	 0.331756947449511 
1152	 0.331606737563718 
1153	 0.331588812848438 
1154	 0.331595458738338 
1155	 0.331935578233964 
1156	 0.332233109221269 
1157	 0.332060641327009 
1158	 0.332027020026206 
1159	 0.331955474154044 
1160	 0.33203086947467 
1161	 0.332034267652103 
1162	 0.332197172211962 
1163	 0.332627206330414 
1164	 0.332752799584792 
1165	 0.332755015054691 
1166	 0.33282853297197 
1167	 0.332744873807851 
1168	 0.332811590322172 
1169	 0.333059904360673 
1170	 0.333171871644418 
1171	 0.333220567367157 
1172	 0.333389797372396 
1173	 0.333434709924408 
1174	 0.333372004888344 
1175	 0.333410689409279 
1176	 0.333480087545052 
1177	 0.33351401673828 
1178	 0.333533043162369 
1179	 0.333679990670629 
1180	 0.333860994022697 
1181	 0.333979403429306 
1182	 0.334190327917172 
1183	 0.334318992153963 
1184	 0.334362643915317 
1185	 0.334441812007535 
1186	 0.334489699756352 
1187	 0.334559903958817 
1188	 0.334623667560371 
1189	 0.33471343680655 
1190	 0.334817699771622 
1191	 0.335186664504541 
1192	 0.335353492105491 
1193	 0.335418934507933 
1194	 0.33559483718044 
1195	 0.335689889502004 
1196	 0.335889967580255 
1197	 0.336315760010785 
1198	 0.336492269709744 
1199	 0.336565829207886 
1200	 0.336724895943213 
1201	 0.336687568262402 
1202	 0.336873279657008 
1203	 0.337317325726228 
1204	 0.337579557732599 
1205	 0.337766035896509 
1206	 0.338168645475947 
1207	 0.338361045208194 
1208	 0.338517588802888 
1209	 0.33886706570339 
1210	 0.339069041540918 
1211	 0.339318101373553 
1212	 0.339657918783395 
1213	 0.339867810276964 
1214	 0.340125708134703 
1215	 0.340442256914161 
1216	 0.340797570704893 
1217	 0.341128496266924 
1218	 0.341551103202958 
1219	 0.341919112501939 
1220	 0.342230391261422 
1221	 0.342546262015418 
1222	 0.342816015064662 
1223	 0.343118672856983 
1224	 0.34335698889269 
1225	 0.343781811544302 
1226	 0.344284523600742 
1227	 0.344819691878605 
1228	 0.345260968800471 
1229	 0.345615266136988 
1230	 0.345975023939326 
1231	 0.346371078035863 
1232	 0.346801267178449 
1233	 0.347273539175963 
1234	 0.347722064513419 
1235	 0.348101891968755 
1236	 0.348524142950734 
1237	 0.348981019732579 
1238	 0.349442257526117 
1239	 0.349900407640547 
1240	 0.350385100757394 
1241	 0.350949174795026 
1242	 0.351382918676091 
1243	 0.351732072975908 
1244	 0.352164797443495 
1245	 0.352539079056546 
1246	 0.353060462929201 
1247	 0.353655818594838 
1248	 0.354089065252145 
1249	 0.354488148369711 
1250	 0.354846134953707 
1251	 0.355226098543633 
1252	 0.355798473828557 
1253	 0.35634161450018 
1254	 0.356757212395448 
1255	 0.357323016633593 
1256	 0.357719043076908 
1257	 0.358134972071528 
1258	 0.358634096368356 
1259	 0.359140616000385 
1260	 0.359500313982528 
1261	 0.360068258818233 
1262	 0.360890648007691 
1263	 0.361323144426116 
1264	 0.361774859890142 
1265	 0.362400489352123 
1266	 0.362778601475248 
1267	 0.363213190155432 
1268	 0.363718820523378 
1269	 0.364063171394483 
1270	 0.364309239882792 
1271	 0.364619223484169 
1272	 0.364977752209619 
1273	 0.365301214289852 
1274	 0.365741930513499 
1275	 0.366205074613416 
1276	 0.366455267805094 
1277	 0.366645649911178 
1278	 0.366749849505734 
1279	 0.366730418218896 
1280	 0.366913521166973 
1281	 0.36727309769398 
1282	 0.367591980901977 
1283	 0.367967566500862 
1284	 0.368399891070825 
1285	 0.368751890929361 
1286	 0.368993447314461 
1287	 0.369299420958767 
1288	 0.369647225193701 
1289	 0.370015930496992 
1290	 0.370327210732896 
1291	 0.370598275996014 
1292	 0.37088894554287 
1293	 0.371239393932169 
1294	 0.371915486150107 
1295	 0.372538657446847 
1296	 0.372926863012332 
1297	 0.373329612903344 
1298	 0.373453149641635 
1299	 0.373645599219946 
1300	 0.374253058538482 
1301	 0.374757096664534 
1302	 0.37524391785951 
1303	 0.375707698981344 
1304	 0.37603084675066 
1305	 0.376445999172673 
1306	 0.376919369264363 
1307	 0.377455568778547 
1308	 0.377780776666321 
1309	 0.378205647166583 
1310	 0.378539997576511 
1311	 0.378837226190492 
1312	 0.37926549728846 
1313	 0.37962575451339 
1314	 0.380048049435215 
1315	 0.380319924514323 
1316	 0.380378160460421 
1317	 0.38077746710071 
1318	 0.38132301791183 
1319	 0.381512234437335 
1320	 0.381828591261322 
1321	 0.382327746720054 
1322	 0.382447312924082 
1323	 0.382562018707861 
1324	 0.382864719967278 
1325	 0.382770475293179 
1326	 0.382569536727114 
1327	 0.382813662356767 
1328	 0.382893415042306 
1329	 0.38272522499788 
1330	 0.382618872531141 
1331	 0.382557592260386 
1332	 0.382095509869316 
1333	 0.381835652372135 
1334	 0.382143039506085 
1335	 0.382369140205904 
1336	 0.382247404384203 
1337	 0.381928559471264 
1338	 0.381565294035596 
1339	 0.381237355360307 
1340	 0.38112319915385 
1341	 0.381053816511068 
1342	 0.380770613832687 
1343	 0.380231125382217 
1344	 0.379945066166477 
1345	 0.380036167559688 
1346	 0.379598313689749 
1347	 0.37901616083025 
1348	 0.378583928686199 
1349	 0.377667929882207 
1350	 0.376976030460076 
1351	 0.376861989866502 
1352	 0.376242401895777 
1353	 0.375319484212101 
1354	 0.375381790046317 
1355	 0.376145108282688 
1356	 0.376513809161361 
1357	 0.374803975887115 
1358	 0.371751576773056 
1359	 0.368991526360381 
1360	 0.362792350016052 
1361	 0.353688286211879 
1362	 0.360016802000491 
1363	 0.373957991772286 
1364	 0.365567913827096 
1365	 0.363288963285285 
1366	 0.364830185421415 
1367	 0.350555357602064 
1368	 0.341504831189294 
1369	 0.341455868857765 
1370	 0.323465684550122 
1371	 0.31022263344802 
1372	 0.383731437957553 
1373	 0.446456721541113 
1374	 0.377536897756976 
1375	 0.279674725262017 
1376	 0.25364706039377 
1377	 0.241282465632668 
1378	 0.292380366902476 
1379	 0.401837802202061 
1380	 0.386122629061176 
1381	 0.329831250258642 
1382	 0.325906836445014 
1383	 0.346780293250664 
1384	 0.35914289730822 
1385	 0.36421373802649 
1386	 0.379127668825025 
1387	 0.354862403567823 
1388	 0.33336474669153 
1389	 0.323825871427167 
1390	 0.324168804836088 
1391	 0.330131038921444 
1392	 0.363485423573935 
1393	 0.369916154636615 
1394	 0.369303310610283 
1395	 0.381760284025847 
1396	 0.361231798168895 
1397	 0.353519044667233 
1398	 0.376587925248625 
1399	 0.370156410657872 
1400	 0.359808320749206 
1401	 0.367644529297634 
1402	 0.363258631385255 
1403	 0.351628145287758 
1404	 0.347987949892674 
1405	 0.345785601817032 
1406	 0.337846223954942 
1407	 0.34136822331698 
1408	 0.347696548416297 
1409	 0.338285750382252 
1410	 0.334671251693773 
1411	 0.341470446622509 
1412	 0.342440819011779 
1413	 0.340710662058302 
1414	 0.340627640204675 
1415	 0.336358312691789 
1416	 0.331096017139014 
1417	 0.330311603946932 
1418	 0.330121907875453 
1419	 0.329583475609947 
1420	 0.327874597621656 
1421	 0.326761966437313 
1422	 0.327831663411462 
1423	 0.325622296936397 
1424	 0.32349105483333 
1425	 0.325197673827904 
1426	 0.325410733629148 
1427	 0.324798927619073 
1428	 0.324032883760466 
1429	 0.324862757721744 
1430	 0.324747888879071 
1431	 0.323669483831337 
1432	 0.323603969497707 
1433	 0.32361957449747 
1434	 0.321742411871116 
1435	 0.320307041517605 
1436	 0.320864895744776 
1437	 0.321031003933111 
1438	 0.32067773118526 
1439	 0.320553434033691 
1440	 0.321337139744885 
1441	 0.321715359694518 
1442	 0.320648855077768 
1443	 0.320564033746683 
1444	 0.320516704750842 
1445	 0.3198755801634 
1446	 0.320807358658164 
1447	 0.321689814106277 
1448	 0.320529585855405 
1449	 0.319591400705279 
1450	 0.319748480071266 
1451	 0.319692621308621 
1452	 0.320145191471342 
1453	 0.320837123634028 
1454	 0.320823237605078 
1455	 0.32075895170043 
1456	 0.32074112131447 
1457	 0.320705179763565 
1458	 0.320813835946318 
1459	 0.320796414710773 
1460	 0.320714251212365 
1461	 0.320963527584018 
1462	 0.321619140056554 
1463	 0.322247642780421 
1464	 0.322282119889162 
1465	 0.321539561744538 
1466	 0.32084349082233 
1467	 0.321244430327371 
1468	 0.321831573569578 
1469	 0.321801228434869 
1470	 0.322099445948205 
1471	 0.322495228405557 
1472	 0.322058617571517 
1473	 0.321766087048032 
1474	 0.323159877108927 
1475	 0.32400755182786 
1476	 0.323795133680771 
1477	 0.323961893876543 
1478	 0.323986447959888 
1479	 0.323912864768209 
1480	 0.324505823261176 
1481	 0.325185388983971 
1482	 0.325377521695952 
1483	 0.325632554450624 
1484	 0.325814685906943 
1485	 0.325885643119632 
1486	 0.326561445842575 
1487	 0.327307512119601 
1488	 0.327467728317261 
1489	 0.327635204586784 
1490	 0.327860065674743 
1491	 0.328093498128495 
1492	 0.328881631101756 
1493	 0.329650474220131 
1494	 0.329825687966226 
1495	 0.33006850175307 
1496	 0.330464823017639 
1497	 0.33089541904724 
1498	 0.331591067442612 
1499	 0.332093238732251 
1500	 0.332467999986028 
1501	 0.332892817249546 
1502	 0.333198733445307 
1503	 0.333617346541296 
1504	 0.3340270463677 
1505	 0.334406897862259 
1506	 0.334972384856986 
1507	 0.335519454986695 
1508	 0.335917636360495 
1509	 0.336336299889021 
1510	 0.336909776086793 
1511	 0.337484045027911 
1512	 0.33789911619561 
1513	 0.338314718158039 
1514	 0.338630306959998 
1515	 0.3389964693417 
1516	 0.339704293379501 
1517	 0.34024905639169 
1518	 0.340580268968316 
1519	 0.340905858405673 
1520	 0.341138659557376 
1521	 0.341411714563173 
1522	 0.341845506814743 
1523	 0.342489727197489 
1524	 0.343044526162747 
1525	 0.343455364457912 
1526	 0.343969990742899 
1527	 0.344301940694301 
1528	 0.344485026496927 
1529	 0.344978400559454 
1530	 0.345553824330153 
1531	 0.345921273483122 
1532	 0.346198897692873 
1533	 0.346605808529293 
1534	 0.346871928782543 
1535	 0.347086783678955 
1536	 0.347466075713564 
1537	 0.347813417873894 
1538	 0.347985299585118 
1539	 0.348328797910573 
1540	 0.348903785291011 
1541	 0.349196131000593 
1542	 0.349448256494677 
1543	 0.349824669691172 
1544	 0.350105427525587 
1545	 0.350445360057635 
1546	 0.350891202887702 
1547	 0.3511267768651 
1548	 0.351351452186741 
1549	 0.351862474619385 
1550	 0.35215068211425 
1551	 0.352392368302029 
1552	 0.352972270914057 
1553	 0.353278025392844 
1554	 0.353493802968996 
1555	 0.353993841127827 
1556	 0.354348686893524 
1557	 0.354615500507992 
1558	 0.354989212342883 
1559	 0.355328475219381 
1560	 0.355610444575646 
1561	 0.355974704932822 
1562	 0.356484861740334 
1563	 0.356923519289512 
1564	 0.357297872958007 
1565	 0.357795195283098 
1566	 0.358226376181791 
1567	 0.3586954392972 
1568	 0.359231390642663 
1569	 0.359495966657436 
1570	 0.359753159436619 
1571	 0.360172366069135 
1572	 0.360667235755983 
1573	 0.361104881242179 
1574	 0.361309471291973 
1575	 0.36158638815269 
1576	 0.361912507675879 
1577	 0.362239963978992 
1578	 0.362771573214748 
1579	 0.363259718223963 
1580	 0.363589392397408 
1581	 0.363904884684998 
1582	 0.364276396445862 
1583	 0.364571136745001 
1584	 0.364769527269743 
1585	 0.365157903652392 
1586	 0.365675779348768 
1587	 0.36615295798534 
1588	 0.366693121632136 
1589	 0.367218075775203 
1590	 0.367537820291036 
1591	 0.367853607648364 
1592	 0.368501739288998 
1593	 0.369147382193306 
1594	 0.369697642662701 
1595	 0.37046459400214 
1596	 0.371038004551906 
1597	 0.371583327516957 
1598	 0.372372758867276 
1599	 0.372943981541316 
1600	 0.37361151929883 
1601	 0.374383465770579 
1602	 0.374989017520792 
1603	 0.375777688708994 
1604	 0.376452865218035 
1605	 0.377070373247491 
1606	 0.378143414620278 
1607	 0.379188744130116 
1608	 0.379967339405977 
1609	 0.380776263851362 
1610	 0.381334928735373 
1611	 0.381688126989897 
1612	 0.382413195197555 
1613	 0.38332722379161 
1614	 0.383992099495643 
1615	 0.384615148224325 
1616	 0.385246059314599 
1617	 0.38568689890262 
1618	 0.386416006066998 
1619	 0.387237398078296 
1620	 0.387678235248846 
1621	 0.388280160088791 
1622	 0.388845337768577 
1623	 0.389173697324992 
1624	 0.389728657042431 
1625	 0.390293448802931 
1626	 0.390742760739156 
1627	 0.39134113692953 
1628	 0.391905259149423 
1629	 0.392390190618328 
1630	 0.392878381731406 
1631	 0.393233876368895 
1632	 0.393630338627849 
1633	 0.393994325744479 
1634	 0.394301192067511 
1635	 0.394696658801503 
1636	 0.395188702755599 
1637	 0.395756654969417 
1638	 0.396165687753492 
1639	 0.396557650584606 
1640	 0.396828231230879 
1641	 0.396903936026276 
1642	 0.397367205949464 
1643	 0.397777060065096 
1644	 0.39801848003083 
1645	 0.398583469762265 
1646	 0.398716658732679 
1647	 0.398536425555842 
1648	 0.398636781050594 
1649	 0.398500966816774 
1650	 0.398492374900543 
1651	 0.398868687005114 
1652	 0.399011261428651 
1653	 0.399038006776362 
1654	 0.398830691933767 
1655	 0.398519986605077 
1656	 0.398720123535411 
1657	 0.398879988580536 
1658	 0.398975860788199 
1659	 0.399268658227067 
1660	 0.398912546337095 
1661	 0.398361538984886 
1662	 0.398287339094789 
1663	 0.398076760457248 
1664	 0.398005840539146 
1665	 0.398299429217685 
1666	 0.398107554047814 
1667	 0.397824223198706 
1668	 0.397742750959102 
1669	 0.397380423067487 
1670	 0.397485766941798 
1671	 0.397826367221553 
1672	 0.397609365221909 
1673	 0.397376581211269 
1674	 0.397085758458913 
1675	 0.396770482126649 
1676	 0.396993056754949 
1677	 0.397461968979171 
1678	 0.397836374064905 
1679	 0.398083566991801 
1680	 0.398039458675335 
1681	 0.397930213799289 
1682	 0.397930681214101 
1683	 0.39791246140175 
1684	 0.398088498823367 
1685	 0.398298613980496 
1686	 0.398004278302943 
1687	 0.397660215796702 
1688	 0.397576634486534 
1689	 0.397437988293318 
1690	 0.397420678397021 
1691	 0.397804693579516 
1692	 0.398078453137316 
1693	 0.39798025050801 
1694	 0.39795046271765 
1695	 0.39782898666722 
1696	 0.397628412041127 
1697	 0.39739261538626 
1698	 0.397293783234347 
1699	 0.39744333099508 
1700	 0.397357183636878 
1701	 0.397418483436154 
1702	 0.397427518374203 
1703	 0.397390262294608 
1704	 0.397314473657155 
1705	 0.397296770327894 
1706	 0.397423152209779 
1707	 0.397425545861736 
1708	 0.39723648835524 
1709	 0.397197330785941 
1710	 0.397130302551867 
1711	 0.397090556573986 
1712	 0.397317133305369 
1713	 0.397347462133828 
1714	 0.397246993116165 
1715	 0.397243141456082 
1716	 0.397240181791674 
1717	 0.397112721945867 
1718	 0.396783327922987 
1719	 0.396813164779189 
1720	 0.397061942607496 
1721	 0.39712484790193 
1722	 0.397475128781027 
1723	 0.397472599711357 
1724	 0.396799240333744 
1725	 0.396849351178882 
1726	 0.397407046558 
1727	 0.397477303002726 
1728	 0.397669542805804 
1729	 0.397846004669997 
1730	 0.397532347711552 
1731	 0.397660831111688 
1732	 0.39822065422968 
1733	 0.398436847847003 
1734	 0.398524055164562 
1735	 0.398756642746819 
1736	 0.399008553173526 
1737	 0.399308959989408 
1738	 0.399866364748714 
1739	 0.399990744784231 
1740	 0.399889849966605 
1741	 0.399780108945673 
1742	 0.399233789378058 
1743	 0.399338717005264 
1744	 0.399740149061808 
1745	 0.400088715858881 
1746	 0.400839385098633 
1747	 0.401048411440115 
1748	 0.401022990795707 
1749	 0.401035840370074 
1750	 0.400908578736797 
1751	 0.40092168934417 
1752	 0.400749683303065 
1753	 0.400951878022363 
1754	 0.400740135005792 
1755	 0.400720952799336 
1756	 0.401012051081523 
1757	 0.401071244554612 
1758	 0.401462998248447 
1759	 0.401495638564405 
1760	 0.401371731770441 
1761	 0.40164834201337 
1762	 0.401482030445238 
1763	 0.40128010309518 
1764	 0.40143188864992 
1765	 0.401432853201419 
1766	 0.401380550451812 
1767	 0.401593305880909 
1768	 0.401802565790238 
1769	 0.401258351617285 
1770	 0.400879935754743 
1771	 0.401299878025032 
1772	 0.401580340045938 
1773	 0.40265478176023 
1774	 0.403239231933136 
1775	 0.403330791977161 
1776	 0.403438584823983 
1777	 0.403534858154497 
1778	 0.403274888160739 
1779	 0.402239669536565 
1780	 0.40194937102413 
1781	 0.401805276274613 
1782	 0.401851781560946 
1783	 0.402898989599912 
1784	 0.403220025378164 
1785	 0.402865896881362 
1786	 0.4029492005341 
1787	 0.403043032014224 
1788	 0.403242857163912 
1789	 0.4040258908502 
1790	 0.404131495302573 
1791	 0.403374605490661 
1792	 0.40355508099945 
1793	 0.404148661669505 
1794	 0.404412839287844 
1795	 0.405859414793079 
1796	 0.405649442140212 
1797	 0.403050361675295 
1798	 0.402635824296409 
1799	 0.402594842028002 
1800	 0.4023247329201 
1801	 0.403938537130532 
1802	 0.403957501043773 
1803	 0.401645237048716 
1804	 0.401990187750994 
1805	 0.404325246191468 
1806	 0.404562362797383 
1807	 0.404950720655378 
1808	 0.40598074528096 
1809	 0.405025241807816 
1810	 0.40797531205892 
1811	 0.412894374167217 
1812	 0.413417393803023 
1813	 0.411001857769069 
1814	 0.410957983501536 
1815	 0.407363012403298 
1816	 0.402369077083974 
1817	 0.397264203033894 
1818	 0.394879610660641 
1819	 0.393419107579443 
1820	 0.403117946554062 
1821	 0.409440402193013 
1822	 0.41203345415155 
1823	 0.413417155740194 
1824	 0.412693463639861 
1825	 0.411258394354856 
1826	 0.414048702909553 
1827	 0.399094931577196 
1828	 0.339957323142054 
1829	 0.320353881308043 
1830	 0.311790360089883 
1831	 0.30426575335464 
1832	 0.505244041566391 
1833	 0.602512513493176 
1834	 1.16081172690927 
1835	 1.76329831039116 
1836	 0.693066932960059 
1837	 0.539958246372118 
1838	 0.428497401861886 
1839	 0.530262354987927 
1840	 0.434929089936922 
1841	 7.92925566302313E-02 
1842	 0.247234132390887 
1843	 0.439821079202166 
1844	 0.70029333843342 
1845	 13.1758842609268 
1846	-74.6968576547755 
1847	 4.57779842376364 
1848	 9.60551719883022 
1849	 1.44607162220784 
1850	-0.028489592095897 
1851	 1.45699021570967E-02 
1852	 1.27048676804301 
1853	 1.69825875402701 
1854	 11.02806061124 
1855	 8.98654860927597 
1856	 0.950422159230957 
1857	 0.230424504795243 
1858	-0.695948019958354 
1859	-0.451385199491957 
1860	 0.372087130423167 
1861	 6.90309549385238 
1862	 5.30393684826297 
1863	 1.40456453591227 
1864	 1.18142890848478 
1865	 1.08942874996401 
1866	 1.050069952045 
1867	 0.72084487779167 
1868	-0.154605313805426 
1869	 0.094802365015849 
1870	 0.698057847907104 
1871	 0.784618791809199 
1872	 0.38919574407778 
1873	 0.453745390759662 
1874	 0.363124321658632 
1875	 0.40861152329648 
1876	 0.638939567531685 
1877	 0.701298966552265 
1878	 0.670541194389055 
1879	 0.921465568074974 
1880	 0.901167699497922 
1881	 0.68412170415803 
1882	 0.652595091973907 
1883	 0.630863259677229 
1884	 0.581436743900981 
1885	 0.551731168036147 
1886	 0.444220230816843 
1887	 0.409246637822513 
1888	 0.587435305393374 
1889	 0.496846812378171 
1890	 0.375021014486304 
1891	 0.39683144429101 
1892	 0.448109536517902 
1893	 0.407848563465702 
1894	 0.457508099242398 
1895	 0.475326982999585 
1896	 0.366755493536323 
1897	 0.259422898393085 
1898	 0.202581815104016 
1899	 0.283841821093718 
1900	 0.324742524656352 
1901	 2.67774480950822E-02 
1902	 7.00841524047713E-02 
1903	 0.509519550872555 
1904	 0.692226970513208 
1905	 0.857464369207917 
1906	 0.940584105520956 
1907	 0.89872919803464 
1908	 0.466006973591671 
1909	 0.279819008987709 
1910	 0.320916984851132 
1911	 0.450741304733321 
1912	 0.434720289991305 
1913	 0.402887999181437 
1914	 0.341965137753074 
1915	 0.325026288416869 
1916	 0.288447918637405 
1917	 0.273849532745467 
1918	 0.313783578396827 
1919	 0.366434305017808 
1920	 0.395919747366926 
1921	 0.357762209735068 
1922	 0.348989381405461 
1923	 0.360393213271296 
1924	 0.346152695031571 
1925	 0.307420035320674 
1926	 0.336029427209508 
1927	 0.366590542283584 
1928	 0.335800320152812 
1929	 0.327725940788249 
1930	 0.332777946511796 
1931	 0.327025590678085 
1932	 0.317890286931332 
1933	 0.31492588357787 
1934	 0.325188444003759 
1935	 0.330718564414029 
1936	 0.33653186792891 
1937	 0.337962642793051 
1938	 0.336806206494572 
1939	 0.334925535848154 
1940	 0.330101383177188 
1941	 0.328291493897446 
1942	 0.335079225298301 
1943	 0.344475438380355 
1944	 0.349991724964602 
1945	 0.348478219191352 
1946	 0.349997091975303 
1947	 0.351014888573665 
1948	 0.351835659835269 
1949	 0.352983606623254 
1950	 0.356244683087666 
1951	 0.358560903206529 
1952	 0.35894460606265 
1953	 0.358722247520183 
1954	 0.361243310449921 
1955	 0.363832573785015 
1956	 0.363435870791566 
1957	 0.360922172979213 
1958	 0.360468023002368 
1959	 0.36032766612436 
1960	 0.361835543184644 
1961	 0.363260674897016 
1962	 0.364885280675105 
1963	 0.366104066591891 
1964	 0.366575319102811 
1965	 0.365933321285596 
1966	 0.365792368642943 
1967	 0.36716409981523 
1968	 0.367683440246136 
1969	 0.367893617390132 
1970	 0.368122433405026 
1971	 0.368946690809799 
1972	 0.368988967884983 
1973	 0.368906732714393 
1974	 0.369901163607238 
1975	 0.370931862748647 
1976	 0.37128365520995 
1977	 0.371987992345773 
1978	 0.372826232680113 
1979	 0.373594856904428 
1980	 0.374615294966285 
1981	 0.375210604046086 
1982	 0.37575520133259 
1983	 0.375976467297433 
1984	 0.376712221780858 
1985	 0.377670452687367 
1986	 0.378342174477127 
1987	 0.379221025093262 
1988	 0.37965919372909 
1989	 0.379774444207994 
1990	 0.380952574455057 
1991	 0.382375800007853 
1992	 0.383288150718722 
1993	 0.384282975856871 
1994	 0.385253742530671 
1995	 0.385968447312273 
1996	 0.386547980389677 
1997	 0.38732165205891 
1998	 0.387305184701553 
1999	 0.387037030169655 
2000	 0.38703034524603 
2001	 0.387706522869268 
2002	 0.389349000566899 
2003	 0.390461050754694 
2004	 0.392832569841176 
2005	 0.395214720987063 
2006	 0.396200445261113 
2007	 0.395391016481132 
2008	 0.396435696051215 
2009	 0.397096931037985 
2010	 0.397860748971792 
2011	 0.399503127344278 
2012	 0.399579617101956 
2013	 0.396841163309776 
2014	 0.394791848123011 
2015	 0.393109160984299 
2016	 0.390721508269138 
2017	 0.388949722885861 
2018	 0.386635818539079 
2019	 0.385358356128844 
2020	 0.385525429150117 
2021	 0.38428896014456 
2022	 0.383195362241155 
2023	 0.381014791693104 
2024	 0.379139923058613 
2025	 0.377990489599931 
2026	 0.377750245614485 
2027	 0.376958540017767 
2028	 0.37508643714187 
2029	 0.372845167637061 
2030	 0.371292417163635 
2031	 0.370474437074867 
2032	 0.369384455907203 
2033	 0.368961047959123 
2034	 0.367846437068462 
2035	 0.366074460647039 
2036	 0.364658121220103 
2037	 0.363737767739584 
2038	 0.362357394449763 
2039	 0.361370169193166 
2040	 0.360337757035029 
2041	 0.358984366263348 
2042	 0.358525305898712 
2043	 0.358066302457088 
2044	 0.357422918355565 
2045	 0.356496246916205 
2046	 0.355130128706859 
2047	 0.353937713494615 
2048	 0.35255270775501 
2049	 0.351545021729734 
2050	 0.350943159083009 
2051	 0.350203187118516 
2052	 0.349232968195943 
2053	 0.348640622120163 
2054	 0.347497089535813 
2055	 0.346315711762164 
2056	 0.345464445793024 
2057	 0.344059118660168 
2058	 0.342795962381212 
2059	 0.342585478361428 
2060	 0.341674269045376 
2061	 0.340482981465058 
2062	 0.339182484107977 
2063	 0.337436649329649 
2064	 0.336089189958483 
2065	 0.33470042429769 
2066	 0.334291686065704 
2067	 0.333720034416227 
2068	 0.332417662575108 
2069	 0.331141911611774 
2070	 0.33036783572466 
2071	 0.329513948843055 
2072	 0.328320843639752 
2073	 0.32721254810098 
2074	 0.326527490639853 
2075	 0.325786270610503 
2076	 0.32498552564525 
2077	 0.324454046809076 
2078	 0.32437097906552 
2079	 0.323612329687738 
2080	 0.322550198034028 
2081	 0.321738050787736 
2082	 0.320467402710038 
2083	 0.319583571240455 
2084	 0.319321851765213 
2085	 0.319313990328972 
2086	 0.319421121361501 
2087	 0.319353169417252 
2088	 0.318759703775386 
2089	 0.317802264483057 
2090	 0.317382335966167 
2091	 0.317178963691138 
2092	 0.31708626484509 
2093	 0.317584894318583 
2094	 0.317310212116387 
2095	 0.316328514576205 
2096	 0.31591069690133 
2097	 0.31539407689528 
2098	 0.315090413757392 
2099	 0.315009049599648 
2100	 0.315859236137307 
2101	 0.316216273135142 
2102	 0.316016639184231 
2103	 0.316237602378158 
2104	 0.316007018512376 
2105	 0.315860167084476 
2106	 0.315946610975615 
2107	 0.316005590407186 
2108	 0.316085430177788 
2109	 0.316451018825347 
2110	 0.317410585003506 
2111	 0.317598064578096 
2112	 0.317291847072905 
2113	 0.317636621415693 
2114	 0.317820410197372 
2115	 0.317818899245834 
2116	 0.318717709019795 
2117	 0.319688320344612 
2118	 0.320039782957449 
2119	 0.319674559032489 
2120	 0.319237191593651 
2121	 0.318972786241909 
2122	 0.319350970462826 
2123	 0.320385905864764 
2124	 0.320687438125452 
2125	 0.32120729713959 
2126	 0.321538464166358 
2127	 0.320863630549179 
2128	 0.321072174903063 
2129	 0.322077811407974 
2130	 0.322734493228674 
2131	 0.323586831510685 
2132	 0.32412926069099 
2133	 0.324386163069166 
2134	 0.324916946772989 
2135	 0.325345237090802 
2136	 0.325196981352428 
2137	 0.325473732869072 
2138	 0.326270126363704 
2139	 0.327170253995164 
2140	 0.327899159685553 
2141	 0.328277644067393 
2142	 0.328556576760452 
2143	 0.329065327475253 
2144	 0.32962086750741 
2145	 0.329943691186265 
2146	 0.330090170698601 
2147	 0.331039429033757 
2148	 0.332329897618105 
2149	 0.33271766060304 
2150	 0.333417336944285 
2151	 0.334119560942382 
2152	 0.333728199693304 
2153	 0.334017491739377 
2154	 0.335625896856562 
2155	 0.336384894165312 
2156	 0.336210890125712 
2157	 0.336493168397434 
2158	 0.336985336718164 
2159	 0.337033019526129 
2160	 0.337478054744317 
2161	 0.338215962178879 
2162	 0.339280930497812 
2163	 0.340642976600667 
2164	 0.340776787461365 
2165	 0.339432955403273 
2166	 0.340041691751524 
2167	 0.341000072961875 
2168	 0.341251618799651 
2169	 0.342623700691743 
2170	 0.343559238966209 
2171	 0.343277932981536 
2172	 0.343222788352271 
2173	 0.343485503336713 
2174	 0.344102136546466 
2175	 0.344350172607939 
2176	 0.344936633494673 
2177	 0.34625287103688 
2178	 0.34714786562529 
2179	 0.347591045497881 
2180	 0.347771668991997 
2181	 0.347143448521344 
2182	 0.347320471949872 
2183	 0.348349527834557 
2184	 0.3491168007305 
2185	 0.349493197780133 
2186	 0.350253829866136 
2187	 0.350584001364135 
2188	 0.349625093096865 
2189	 0.350218507575228 
2190	 0.352720829109541 
2191	 0.353254005641538 
2192	 0.352760970159634 
2193	 0.353003752066041 
2194	 0.352328833020485 
2195	 0.35238796381879 
2196	 0.353649877271276 
2197	 0.354797052758026 
2198	 0.354452473680969 
2199	 0.353774235991309 
2200	 0.35405003977164 
2201	 0.354306870696241 
2202	 0.354678184754829 
2203	 0.355489481261625 
2204	 0.355808838341501 
2205	 0.355441144683595 
2206	 0.355297141451125 
2207	 0.355547420325702 
2208	 0.355808893962522 
2209	 0.356372473045014 
2210	 0.356732523479309 
2211	 0.357304196400622 
2212	 0.357321976158756 
2213	 0.357050937603675 
2214	 0.357052138486033 
2215	 0.356701252066323 
2216	 0.356305996480566 
2217	 0.356019071868976 
2218	 0.355950451407232 
2219	 0.356053359236155 
2220	 0.355852814709472 
2221	 0.355932579334963 
2222	 0.355697996094009 
2223	 0.354591065642203 
2224	 0.353260138830599 
2225	 0.352493028238251 
2226	 0.352017377637067 
2227	 0.352455237338822 
2228	 0.353454249911305 
2229	 0.354872306719896 
2230	 0.355065256747125 
2231	 0.352805194832328 
2232	 0.351521903890263 
2233	 0.350968767880561 
2234	 0.348855362038049 
2235	 0.347871599386277 
2236	 0.347774290924927 
2237	 0.346648686481404 
2238	 0.344976129732413 
2239	 0.34384202963872 
2240	 0.341864331404554 
2241	 0.341082201292567 
2242	 0.341721306765758 
2243	 0.340844135789233 
2244	 0.339731177240057 
2245	 0.339291119367282 
2246	 0.338119455661007 
2247	 0.337206876386898 
2248	 0.338344501375769 
2249	 0.337107231101056 
2250	 0.333735615548152 
2251	 0.331429628976179 
2252	 0.329730917502535 
2253	 0.326852993375759 
2254	 0.325087899366439 
2255	 0.324499612633975 
2256	 0.324751830107427 
2257	 0.324287177869665 
2258	 0.322248915422609 
2259	 0.320422165168704 
2260	 0.319342102260822 
2261	 0.318054669745405 
2262	 0.317345310209057 
2263	 0.317908658516912 
2264	 0.316692909996205 
2265	 0.314395144065765 
2266	 0.313774117705291 
2267	 0.312747395547634 
2268	 0.310442412417175 
2269	 0.308833469918496 
2270	 0.308823665899876 
2271	 0.308452558308257 
2272	 0.30764717340718 
2273	 0.307018911289573 
2274	 0.30729564392841 
2275	 0.307347115800941 
2276	 0.306744111067574 
2277	 0.307012468872322 
2278	 0.307002418896077 
2279	 0.304842936002281 
2280	 0.305252267008256 
2281	 0.308523104255206 
2282	 0.30942332842446 
2283	 0.310167514790939 
2284	 0.311042412754277 
2285	 0.310842741108176 
2286	 0.310939181273931 
2287	 0.311380911029213 
2288	 0.311094464408082 
2289	 0.312247114289292 
2290	 0.312373685602358 
2291	 0.31116357660898 
2292	 0.310457362261937 
2293	 0.307553035380849 
2294	 0.306295374357581 
2295	 0.309156113172581 
2296	 0.30951222634343 
2297	 0.309251322377368 
2298	 0.311061078752765 
2299	 0.309083709181851 
2300	 0.30710103058587 
2301	 0.308445587241018 
2302	 0.307961935361453 
2303	 0.306097759390445 
2304	 0.308229840603015 
2305	 0.311407186975775 
2306	 0.309818914403944 
2307	 0.310031725810265 
2308	 0.312571307107084 
2309	 0.311373392164722 
2310	 0.309357286861816 
2311	 0.308455314536005 
2312	 0.307989892456445 
2313	 0.306977240202579 
2314	 0.306382623844641 
2315	 0.307291273666161 
2316	 0.305761223576377 
2317	 0.302324373933551 
2318	 0.301230851048657 
2319	 0.301942127234736 
2320	 0.305235641264018 
2321	 0.304983896291939 
2322	 0.305457942619553 
2323	 0.304771101278069 
2324	 0.299801944848663 
2325	 0.297786854234261 
2326	 0.297711418569006 
2327	 0.297378482158359 
2328	 0.296654934588646 
2329	 0.2970415605846 
2330	 0.299970025478321 
2331	 0.30100822290176 
2332	 0.301411420722651 
2333	 0.301964803249983 
2334	 0.301008865213935 
2335	 0.3002660780939 
2336	 0.300368970427635 
2337	 0.300503753525032 
2338	 0.300610127897886 
2339	 0.300440811782849 
2340	 0.300173834220108 
2341	 0.300009379653417 
2342	 0.300919382068788 
2343	 0.300741018751356 
2344	 0.300178987608749 
2345	 0.301260542692763 
2346	 0.303543799341058 
2347	 0.303758118596469 
2348	 0.300685807261073 
2349	 0.300749902584065 
2350	 0.301542027102657 
2351	 0.299521068272049 
2352	 0.303113341021611 
2353	 0.303532468991917 
2354	 0.298764238070192 
2355	 0.300090389614306 
2356	 0.303343826061098 
2357	 0.305386086219241 
2358	 0.30579382914696 
2359	 0.306697377296851 
2360	 0.310625673715621 
2361	 0.311006144772335 
2362	 0.30351192530148 
2363	 0.298910292400882 
2364	 0.299299102989724 
2365	 0.296008034832985 
2366	 0.298183282753584 
2367	 0.299886569676068 
2368	 0.293039545254183 
2369	 0.29233287212252 
2370	 0.294188630596925 
2371	 0.295062079990588 
2372	 0.299861236294538 
2373	 0.298722406620203 
2374	 0.296064670462251 
2375	 0.302749903151673 
2376	 0.305379455913631 
2377	 0.30079015425695 
2378	 0.301860187856714 
2379	 0.302981390039884 
2380	 0.299048448540462 
2381	 0.298218712720637 
2382	 0.299426865082875 
2383	 0.298468073804437 
2384	 0.296570987019007 
2385	 0.299318278113288 
2386	 0.30390363007361 
2387	 0.299685658020778 
2388	 0.291546579849259 
2389	 0.286238192211932 
2390	 0.285439797376332 
2391	 0.294702882242559 
2392	 0.307399373771412 
2393	 0.310574853345787 
2394	 0.310943898006174 
2395	 0.309394465282647 
2396	 0.298846606585577 
2397	 0.297675149232364 
2398	 0.310988135981993 
2399	 0.314204958953989 
2400	 0.309894846591768 
2401	 0.313368407578077 
2402	 0.311234855286468 
2403	 0.303856449825603 
2404	 0.309758695209753 
2405	 0.315261871575351 
2406	 0.313504178466045 
2407	 0.315149369547085 
2408	 0.310144599905232 
2409	 0.306553445525767 
2410	 0.309600548480233 
2411	 0.301534724413027 
2412	 0.301039109988045 
2413	 0.310006533230054 
2414	 0.300426499345732 
2415	 0.29759468815314 
2416	 0.311384357758107 
2417	 0.317609240090183 
2418	 0.320095728764392 
2419	 0.31296050852662 
2420	 0.295385083594359 
2421	 0.294369406463102 
2422	 0.305739946208886 
2423	 0.30529609981463 
2424	 0.309784510482522 
2425	 0.307271103011842 
2426	 0.288787715886863 
2427	 0.287582046368182 
2428	 0.290265492849499 
2429	 0.283187937837024 
2430	 0.272927048371043 
2431	 0.277890920792567 
2432	 0.291946218458407 
2433	 0.29074207543441 
2434	 0.297486608389595 
2435	 0.296522412826516 
2436	 0.282452562312506 
2437	 0.283168206663802 
2438	 0.283872554169992 
2439	 0.284851938792954 
2440	 0.291360615848125 
2441	 0.286758169482451 
2442	 0.278719171218134 
2443	 0.279776136287797 
2444	 0.285627635544494 
2445	 0.292136758910439 
2446	 0.292712647802818 
2447	 0.288724653203214 
2448	 0.277419962425962 
2449	 0.274787901045902 
2450	 0.282159256900352 
2451	 0.274995424794196 
2452	 0.275634899962569 
2453	 0.284038637379 
2454	 0.29044732305937 
2455	 0.298097533003838 
2456	 0.303037924617481 
2457	 0.299512662165862 
2458	 0.279503436226394 
2459	 0.272194068082648 
2460	 0.264070269477901 
2461	 0.264953627500016 
2462	 0.281448695945152 
2463	 0.273738007183972 
2464	 0.275833442729087 
2465	 0.259262601139661 
2466	 0.228926049955306 
2467	 0.242337084392915 
2468	 0.267306841799241 
2469	 0.268921093765403 
2470	 0.264313583977444 
2471	 0.27200703106561 
2472	 0.272688276334664 
2473	 0.26663362661523 
2474	 0.251053649416567 
2475	 0.255414838133534 
2476	 0.286607325484383 
2477	 0.303132804232315 
2478	 0.342694887998639 
2479	 0.370108007584868 
2480	 0.313327008589607 
2481	 0.272508974259983 
2482	 0.329761765795957 
2483	 0.297242788829225 
2484	 0.214873209637579 
2485	 0.256733795205249 
2486	 0.245024194380617 
2487	 0.259033828658711 
2488	 0.365229670723793 
2489	 0.35676465456342 
2490	 0.323041370601557 
2491	 0.450755577648974 
2492	 0.799213860078377 
2493	 0.915568220770294 
2494	 0.961657254745387 
2495	 0.946728395501996 
2496	 0.457556093570494 
2497	 0.197453375967769 
2498	 0.222974557131785 
2499	 0.247192526238555 
2500	 0.321318270943256 
