Wavelength	09/27/123 at 12:42:43
350	 7.09883344026594E-02 
351	 7.03519226591278E-02 
352	 7.05037267083634E-02 
353	 7.09945281775534E-02 
354	 0.070902319455322 
355	 0.071102990394389 
356	 7.10600698032553E-02 
357	 7.06544904459862E-02 
358	 7.09137605698976E-02 
359	 7.13914755301138E-02 
360	 7.15818056937525E-02 
361	 7.10891573571319E-02 
362	 7.10424542134035E-02 
363	 7.13459628810789E-02 
364	 7.16707776221504E-02 
365	 7.14930034881157E-02 
366	 7.13134164263255E-02 
367	 7.13554465111161E-02 
368	 7.16664365187375E-02 
369	 0.071832303136077 
370	 7.18271388894904E-02 
371	 7.17720567594153E-02 
372	 0.071994847978604 
373	 7.23382475212486E-02 
374	 7.26179213781278E-02 
375	 7.26595727945776E-02 
376	 7.28025639504361E-02 
377	 7.29469833667224E-02 
378	 7.30550879256851E-02 
379	 7.33552423738073E-02 
380	 7.35716870686125E-02 
381	 7.36960278937003E-02 
382	 0.073866764761535 
383	 7.43045513173426E-02 
384	 7.47146012680892E-02 
385	 7.48881196836674E-02 
386	 7.49307374899664E-02 
387	 7.52007158958351E-02 
388	 7.55802692562965E-02 
389	 7.57699654709981E-02 
390	 0.076012485585837 
391	 7.62678578838719E-02 
392	 7.64991181204958E-02 
393	 7.67388159663589E-02 
394	 0.076935840153561 
395	 7.70261967531808E-02 
396	 7.69917602791842E-02 
397	 7.71673075233323E-02 
398	 7.73858300356482E-02 
399	 7.75374013563035E-02 
400	 7.76840162145829E-02 
401	 7.78493561222696E-02 
402	 7.79957282290176E-02 
403	 0.078077536705023 
404	 7.81706131755073E-02 
405	 7.83490626016759E-02 
406	 7.86021435247326E-02 
407	 7.87756116686478E-02 
408	 7.88927459344341E-02 
409	 7.90282930196295E-02 
410	 7.92655255076092E-02 
411	 7.95469579895379E-02 
412	 7.97892519332216E-02 
413	 0.079968746295173 
414	 8.01489560660652E-02 
415	 8.03789856766708E-02 
416	 8.06478120599488E-02 
417	 8.09029067445274E-02 
418	 8.10186970690905E-02 
419	 8.11566574511288E-02 
420	 8.13974258846137E-02 
421	 8.16635415788323E-02 
422	 8.19185991904846E-02 
423	 0.082204772793471 
424	 8.25639354911947E-02 
425	 8.28182466540042E-02 
426	 8.30794764347968E-02 
427	 8.34007683810078E-02 
428	 8.37143562847347E-02 
429	 8.39641846972645E-02 
430	 0.084199338724445 
431	 8.44929144326118E-02 
432	 0.084800755214496 
433	 8.50863235586675E-02 
434	 8.53220151220287E-02 
435	 8.54799320379644E-02 
436	 8.58030774715422E-02 
437	 8.61875966411856E-02 
438	 8.64648588424206E-02 
439	 8.67680529518523E-02 
440	 8.70933063033703E-02 
441	 8.74020340064701E-02 
442	 8.76161225771471E-02 
443	 8.78824284390211E-02 
444	 8.81828181010364E-02 
445	 8.84740452577235E-02 
446	 8.88490395563187E-02 
447	 8.92386775798897E-02 
448	 8.95848482631351E-02 
449	 8.98580507537931E-02 
450	 9.01990225748372E-02 
451	 9.05744354053717E-02 
452	 9.09111911538308E-02 
453	 9.12228646921163E-02 
454	 9.15774426431513E-02 
455	 9.19616953153964E-02 
456	 9.22675478164247E-02 
457	 9.26070186318889E-02 
458	 9.29724349041288E-02 
459	 9.33317311783521E-02 
460	 9.36896345248987E-02 
461	 9.40031171410951E-02 
462	 0.094318080316484 
463	 9.47633452780906E-02 
464	 9.51796794533802E-02 
465	 9.55621283792229E-02 
466	 9.59406154843201E-02 
467	 9.63255720165423E-02 
468	 9.67074659657136E-02 
469	 9.70746197855056E-02 
470	 9.74180836724085E-02 
471	 9.78141567716273E-02 
472	 9.82164716178978E-02 
473	 9.85860569246151E-02 
474	 9.90180119054755E-02 
475	 9.94122929369021E-02 
476	 9.97399292962158E-02 
477	 0.100035845455959 
478	 0.100444476976219 
479	 0.100868876235437 
480	 0.101233690928263 
481	 0.101670138520858 
482	 0.102086239018989 
483	 0.102504048822331 
484	 0.103008951929324 
485	 0.103387155010282 
486	 0.103791696543079 
487	 0.104321121685818 
488	 0.10477985271128 
489	 0.105170268967046 
490	 0.105537512433486 
491	 0.105944815393006 
492	 0.10632106627599 
493	 0.106716019703355 
494	 0.107153357332779 
495	 0.107551511103507 
496	 0.107986458489367 
497	 0.108437994747632 
498	 0.108850439066157 
499	 0.109288793566041 
500	 0.109718102810733 
501	 0.110140947383207 
502	 0.110654509613615 
503	 0.111086602411467 
504	 0.111450667588525 
505	 0.11183955559583 
506	 0.112340391819535 
507	 0.112813224509085 
508	 0.113210085799964 
509	 0.113648024239268 
510	 0.114071468619223 
511	 0.114494781186504 
512	 0.114942864232233 
513	 0.115389885189495 
514	 0.11583967005108 
515	 0.116302441685992 
516	 0.116793789880288 
517	 0.117333333593394 
518	 0.117839597483772 
519	 0.118234745872803 
520	 0.118594634021442 
521	 0.118986414882657 
522	 0.119447556078276 
523	 0.11998653573796 
524	 0.120434133080605 
525	 0.120850573796135 
526	 0.121318113865149 
527	 0.121802802241029 
528	 0.122273870949195 
529	 0.122717237362088 
530	 0.123143261528819 
531	 0.123580652698366 
532	 0.12405478603022 
533	 0.124560708566496 
534	 0.125029847804252 
535	 0.125502032951824 
536	 0.125954565782198 
537	 0.126344711321253 
538	 0.126830858841985 
539	 0.127370614472138 
540	 0.127909092561796 
541	 0.128426785007124 
542	 0.128966853949801 
543	 0.129493663116923 
544	 0.129955570838559 
545	 0.130420119515757 
546	 0.130915439214983 
547	 0.131435371634142 
548	 0.131918652986325 
549	 0.132402553559757 
550	 0.132888551863037 
551	 0.133371821949734 
552	 0.133864672219721 
553	 0.134347540543193 
554	 0.134808490630678 
555	 0.135249870869708 
556	 0.135769182828464 
557	 0.136345540258605 
558	 0.136917860027186 
559	 0.137431816241892 
560	 0.137950113137152 
561	 0.138510353506005 
562	 0.139128033808995 
563	 0.139670424060535 
564	 0.140186492210837 
565	 0.140737151362014 
566	 0.141279591766378 
567	 0.141865851914333 
568	 0.142463485088636 
569	 0.142992151083048 
570	 0.143518463720597 
571	 0.144010665424293 
572	 0.144446441974186 
573	 0.144861452612116 
574	 0.145336395378546 
575	 0.145839797960882 
576	 0.146290135967196 
577	 0.146762203202456 
578	 0.147182262473351 
579	 0.147548837181371 
580	 0.147991360878129 
581	 0.148443656191655 
582	 0.148866270905295 
583	 0.149242372047038 
584	 0.149657105827844 
585	 0.150047245714852 
586	 0.150425458653574 
587	 0.150906844746636 
588	 0.15143941435799 
589	 0.151975841995908 
590	 0.15243920549933 
591	 0.152776871631808 
592	 0.153135095234884 
593	 0.153550804713505 
594	 0.153975322298306 
595	 0.154433359466125 
596	 0.154822740342156 
597	 0.155121666802365 
598	 0.155502290885205 
599	 0.15600089214287 
600	 0.156555219943355 
601	 0.157067484765296 
602	 0.157555016248646 
603	 0.158008283287457 
604	 0.158454959820214 
605	 0.158971905646519 
606	 0.159463916181537 
607	 0.159950576657358 
608	 0.160460113102466 
609	 0.160886370258593 
610	 0.161328559595364 
611	 0.16180411188078 
612	 0.162243508888095 
613	 0.162663972552964 
614	 0.163079187543525 
615	 0.163511064441383 
616	 0.164020144502651 
617	 0.164510152128206 
618	 0.164929472891519 
619	 0.165288012427796 
620	 0.16569677353565 
621	 0.166148937154715 
622	 0.166606787058839 
623	 0.167005697480884 
624	 0.167422084855435 
625	 0.16786917583633 
626	 0.168326859115695 
627	 0.168748779547741 
628	 0.169201644136509 
629	 0.169668626407191 
630	 0.170036091383186 
631	 0.17043542694633 
632	 0.17081649444351 
633	 0.171134823662504 
634	 0.171518192632105 
635	 0.171923280509536 
636	 0.172327690623867 
637	 0.172722834464623 
638	 0.173072693002166 
639	 0.173431879756721 
640	 0.1738311431646 
641	 0.174227236624402 
642	 0.174590123440219 
643	 0.174925155488251 
644	 0.175258845425544 
645	 0.175596299818386 
646	 0.175975401651055 
647	 0.17638361341251 
648	 0.176752143744174 
649	 0.177166794122171 
650	 0.177586117125624 
651	 0.177949566880573 
652	 0.178224222299767 
653	 0.178453379178726 
654	 0.178717781345392 
655	 0.179137823578425 
656	 0.179861768465661 
657	 0.180357248704853 
658	 0.180463844437416 
659	 0.180783286895823 
660	 0.181109477607426 
661	 0.181413629997441 
662	 0.181716061594707 
663	 0.182016737740733 
664	 0.182343944137849 
665	 0.182692021358446 
666	 0.183020901598264 
667	 0.183327840143602 
668	 0.183616605967387 
669	 0.183914716845418 
670	 0.184317954481443 
671	 0.184660249679167 
672	 0.184929453755432 
673	 0.185209474699004 
674	 0.18563247089229 
675	 0.1860306877446 
676	 0.186311515666563 
677	 0.186548521106417 
678	 0.186830338108831 
679	 0.187184609168794 
680	 0.187587250603081 
681	 0.187913700173236 
682	 0.188156203854894 
683	 0.188372319722975 
684	 0.188657586695353 
685	 0.188966525562404 
686	 0.189605252128223 
687	 0.19060340269602 
688	 0.191031008612702 
689	 0.191226230957026 
690	 0.191344246844651 
691	 0.191454148577289 
692	 0.191548089500942 
693	 0.191779303152631 
694	 0.192138553931767 
695	 0.1924427138677 
696	 0.192685831646824 
697	 0.192912172567439 
698	 0.193183989668836 
699	 0.19353229405512 
700	 0.193922717160472 
701	 0.194311941325254 
702	 0.19465190403732 
703	 0.194879501542784 
704	 0.195120644724551 
705	 0.195418226283896 
706	 0.19570063382546 
707	 0.196005275770852 
708	 0.196328451454039 
709	 0.196646054392776 
710	 0.196866390238829 
711	 0.197126428991468 
712	 0.197448935939483 
713	 0.197791653966141 
714	 0.198083936535582 
715	 0.198263032442013 
716	 0.198384588896202 
717	 0.198662442243769 
718	 0.199228993485486 
719	 0.199879177045468 
720	 0.200315935282048 
721	 0.200474284656883 
722	 0.200500705527486 
723	 0.200609517133262 
724	 0.201001780392364 
725	 0.201375140498878 
726	 0.201653351114797 
727	 0.201871632720339 
728	 0.202148288435312 
729	 0.202442347409939 
730	 0.202740567249203 
731	 0.203025367239302 
732	 0.203273208655574 
733	 0.203456945379727 
734	 0.20361145063887 
735	 0.203807777686259 
736	 0.204140716663009 
737	 0.204472852527956 
738	 0.20473556514309 
739	 0.204985273552612 
740	 0.205255364529143 
741	 0.205537189261788 
742	 0.205809984699669 
743	 0.206066700767151 
744	 0.20630401989866 
745	 0.206553060476727 
746	 0.206843697647677 
747	 0.207069921066271 
748	 0.207263352623728 
749	 0.207471691550951 
750	 0.207746612941312 
751	 0.208083257809505 
752	 0.208389566896006 
753	 0.208605654918892 
754	 0.208810474384152 
755	 0.20912389749419 
756	 0.209444637384483 
757	 0.209630152347583 
758	 0.21000994172669 
759	 0.211137417485385 
760	 0.213473423755889 
761	 0.215640715093649 
762	 0.216080801294769 
763	 0.21567041991718 
764	 0.215232026757566 
765	 0.214524535038794 
766	 0.213915305774373 
767	 0.213499120097094 
768	 0.213285124622584 
769	 0.213213269516563 
770	 0.213289494784678 
771	 0.213479772136767 
772	 0.213713528803237 
773	 0.213955792253758 
774	 0.214202477452874 
775	 0.214459856593455 
776	 0.214743057855748 
777	 0.214977115696855 
778	 0.215217640366077 
779	 0.215525197506588 
780	 0.215830239735391 
781	 0.216139089853946 
782	 0.216401991469846 
783	 0.216565865009237 
784	 0.216854388893883 
785	 0.217149214205824 
786	 0.217390971910289 
787	 0.217651719238822 
788	 0.217972626029502 
789	 0.218320483894967 
790	 0.218644790617264 
791	 0.218901784170768 
792	 0.219164674530202 
793	 0.219451724034641 
794	 0.219747627731575 
795	 0.21999585065315 
796	 0.220261090973277 
797	 0.220536571268131 
798	 0.220762005334883 
799	 0.221041825718224 
800	 0.221363898481649 
801	 0.221689055782068 
802	 0.221970225351522 
803	 0.222225478146097 
804	 0.222525633043005 
805	 0.222892758803113 
806	 0.223152818688732 
807	 0.223348914196458 
808	 0.22358665236893 
809	 0.223959602648649 
810	 0.224303390915826 
811	 0.224551252957309 
812	 0.224741970848344 
813	 0.225019786675838 
814	 0.225327059150951 
815	 0.225685061125643 
816	 0.226118728601598 
817	 0.226651293715037 
818	 0.226982174207838 
819	 0.22717560266842 
820	 0.227386024394383 
821	 0.227643227066947 
822	 0.227904656051788 
823	 0.228190873746675 
824	 0.228524330529056 
825	 0.228740454444581 
826	 0.229018524336378 
827	 0.229372393261784 
828	 0.229642064029382 
829	 0.229914248878985 
830	 0.23017170632376 
831	 0.23043203238264 
832	 0.23079337409615 
833	 0.231142000026326 
834	 0.231404691081728 
835	 0.231595889596762 
836	 0.231914560231831 
837	 0.232203178853684 
838	 0.232428119642706 
839	 0.232632779688991 
840	 0.232954250741934 
841	 0.233315537571161 
842	 0.233624834069239 
843	 0.233815336645628 
844	 0.234090587923973 
845	 0.234446746703325 
846	 0.234816310824776 
847	 0.23509424627577 
848	 0.235251076450508 
849	 0.235458016603892 
850	 0.2358256799939 
851	 0.236211310194332 
852	 0.236507620793651 
853	 0.23672178114121 
854	 0.236945084645846 
855	 0.237347306979698 
856	 0.237728249115533 
857	 0.237999144993999 
858	 0.238178107034793 
859	 0.238449187163648 
860	 0.23876525837668 
861	 0.239067459864941 
862	 0.239316980026715 
863	 0.239593546405232 
864	 0.239839326129136 
865	 0.24008330127817 
866	 0.240518507133594 
867	 0.240823823349209 
868	 0.241061144364431 
869	 0.241359202696924 
870	 0.241788580863616 
871	 0.242089493136786 
872	 0.24223872030488 
873	 0.242352921767482 
874	 0.242692209038158 
875	 0.242976552010704 
876	 0.243283474031457 
877	 0.243783786871559 
878	 0.244137546307763 
879	 0.244355560546626 
880	 0.24456686674175 
881	 0.244953839966194 
882	 0.245306503951893 
883	 0.245540684747808 
884	 0.245719868551525 
885	 0.246044561044958 
886	 0.246334114392333 
887	 0.246627144380542 
888	 0.246917339618459 
889	 0.247030179052582 
890	 0.247288543528254 
891	 0.247556616458151 
892	 0.247725380256355 
893	 0.24815477298412 
894	 0.248429347045934 
895	 0.248577022774559 
896	 0.248804963670275 
897	 0.249229127749797 
898	 0.249853448095452 
899	 0.250303330533425 
900	 0.250254699221236 
901	 0.250635141778917 
902	 0.251059955072987 
903	 0.251266141949465 
904	 0.251219343765457 
905	 0.25158215282535 
906	 0.25194492607818 
907	 0.252152117068199 
908	 0.252394974429866 
909	 0.252654712023282 
910	 0.252934238003933 
911	 0.253244533822811 
912	 0.253593117133843 
913	 0.253663182937289 
914	 0.253883319999116 
915	 0.254460757481855 
916	 0.254933484478068 
917	 0.255123034979306 
918	 0.255281798718421 
919	 0.255627525656706 
920	 0.256037569024272 
921	 0.256204659089946 
922	 0.25618625351299 
923	 0.256213049707591 
924	 0.256640287891533 
925	 0.2572173258747 
926	 0.257430598876827 
927	 0.256927863195573 
928	 0.256805336796509 
929	 0.257060682293373 
930	 0.257612162071475 
931	 0.258202098995498 
932	 0.258173757310252 
933	 0.258018483105319 
934	 0.258200909149328 
935	 0.258886738157609 
936	 0.259583026905944 
937	 0.259896013096151 
938	 0.259997516039587 
939	 0.26041295371296 
940	 0.261302921791737 
941	 0.261155866092458 
942	 0.260398353469227 
943	 0.261197366078854 
944	 0.261879612293071 
945	 0.261981705232309 
946	 0.261753887844197 
947	 0.262073809495092 
948	 0.262355577112317 
949	 0.262796469675815 
950	 0.263398017113443 
951	 0.263780905015758 
952	 0.264485961026816 
953	 0.264650943650609 
954	 0.264166387662517 
955	 0.264441560965555 
956	 0.264628511443903 
957	 0.265081018602674 
958	 0.265926635536842 
959	 0.266445639422081 
960	 0.267036766552729 
961	 0.267352029409923 
962	 0.267243838002407 
963	 0.267244503212157 
964	 0.267235980785063 
965	 0.267657299996943 
966	 0.268431849444665 
967	 0.268046574623806 
968	 0.268125480710721 
969	 0.26877607418193 
970	 0.269466579033286 
971	 0.269234354866185 
972	 0.269055342629192 
973	 0.269297477096503 
974	 0.269927421490322 
975	 0.270501820524859 
976	 0.270396314223338 
977	 0.270318595144689 
978	 0.270956221100625 
979	 0.271197477097823 
980	 0.271562080755156 
981	 0.27181453816284 
982	 0.271716433225425 
983	 0.2718700071862 
984	 0.2725928574967 
985	 0.273212321131489 
986	 0.273131993091485 
987	 0.273467592739705 
988	 0.273616104099311 
989	 0.273928752906886 
990	 0.274705022885476 
991	 0.274648473271713 
992	 0.274738179530075 
993	 0.275204067814077 
994	 0.275883073797308 
995	 0.276581416933896 
996	 0.2765784673735 
997	 0.276378677975296 
998	 0.276681459633197 
999	 0.276738088241336 
1000	 0.276934277060147 
1001	 0.277949704427745 
1002	 0.27821024002107 
1003	 0.278468942341508 
1004	 0.278743712713467 
1005	 0.278911415166996 
1006	 0.279191444792133 
1007	 0.279558284980017 
1008	 0.279951263319552 
1009	 0.280275050665418 
1010	 0.280679530402522 
1011	 0.280936225908619 
1012	 0.281006766680561 
1013	 0.281275543497777 
1014	 0.281484942329667 
1015	 0.281862351785975 
1016	 0.282460006174099 
1017	 0.282913737655645 
1018	 0.283327948253691 
1019	 0.283781260718284 
1020	 0.28402534459752 
1021	 0.284124678125201 
1022	 0.284337069326012 
1023	 0.284583413363366 
1024	 0.284967030030766 
1025	 0.285458176192031 
1026	 0.285924941824604 
1027	 0.286400101299766 
1028	 0.286845435427721 
1029	 0.287348394711361 
1030	 0.28776542256032 
1031	 0.288079132136919 
1032	 0.288276780125651 
1033	 0.28851555646432 
1034	 0.288665624106243 
1035	 0.288910600311953 
1036	 0.28926428711211 
1037	 0.289526772358136 
1038	 0.289888155495278 
1039	 0.290166469244422 
1040	 0.290251332759698 
1041	 0.290562081489092 
1042	 0.290910279652033 
1043	 0.291315283696453 
1044	 0.291670102435912 
1045	 0.292153817272447 
1046	 0.292340824638454 
1047	 0.29261779818037 
1048	 0.292978351172237 
1049	 0.293404401435284 
1050	 0.294051583609489 
1051	 0.294447322901163 
1052	 0.294763874681029 
1053	 0.295104249643075 
1054	 0.295216727460243 
1055	 0.295487523145769 
1056	 0.295786349097665 
1057	 0.296031817918531 
1058	 0.296254816333943 
1059	 0.296517747650116 
1060	 0.296800245607048 
1061	 0.296958521751282 
1062	 0.297222940828752 
1063	 0.297668747205431 
1064	 0.298212651153307 
1065	 0.29868562118545 
1066	 0.299159484943897 
1067	 0.299527509072079 
1068	 0.299645187896809 
1069	 0.300000272575022 
1070	 0.300400428560547 
1071	 0.300856272046951 
1072	 0.301257487030731 
1073	 0.301828201525898 
1074	 0.30218087049994 
1075	 0.302353735342317 
1076	 0.302645881604911 
1077	 0.302865521274729 
1078	 0.303197061765491 
1079	 0.30352471429702 
1080	 0.303814946611227 
1081	 0.304154694529695 
1082	 0.304314646696835 
1083	 0.304532482770482 
1084	 0.30468579327415 
1085	 0.30496444100964 
1086	 0.305297611217339 
1087	 0.305626425020592 
1088	 0.305988902885371 
1089	 0.306420932838682 
1090	 0.306995773743528 
1091	 0.307284138117299 
1092	 0.30765177328977 
1093	 0.308071268604874 
1094	 0.308142183692412 
1095	 0.308385363574923 
1096	 0.308637704564972 
1097	 0.30889597858623 
1098	 0.309179809784303 
1099	 0.309529779573006 
1100	 0.309855256231954 
1101	 0.310238190621865 
1102	 0.31054406961513 
1103	 0.310837265104579 
1104	 0.311134968943986 
1105	 0.311389710954484 
1106	 0.311651140345308 
1107	 0.311949726007658 
1108	 0.312279357204985 
1109	 0.312381781294058 
1110	 0.312386976078575 
1111	 0.312555947284091 
1112	 0.312661655046167 
1113	 0.312825115412318 
1114	 0.313136924957101 
1115	 0.313488731406421 
1116	 0.313899128475194 
1117	 0.314233590698954 
1118	 0.31476053976633 
1119	 0.315118993885179 
1120	 0.315143992830285 
1121	 0.315300578461108 
1122	 0.315329080573962 
1123	 0.315543511907753 
1124	 0.315855138467922 
1125	 0.31624401180899 
1126	 0.316785973355789 
1127	 0.31766420231801 
1128	 0.318135104880813 
1129	 0.318570073729242 
1130	 0.318753173546973 
1131	 0.318411890302059 
1132	 0.318539611501432 
1133	 0.318710017646627 
1134	 0.318954913055547 
1135	 0.319665653397657 
1136	 0.319882715137671 
1137	 0.31977115578277 
1138	 0.319805404772968 
1139	 0.319655651566899 
1140	 0.31952187930004 
1141	 0.31969167966011 
1142	 0.320229950422457 
1143	 0.32031525108173 
1144	 0.32033622409837 
1145	 0.320388105266177 
1146	 0.320048851447191 
1147	 0.32023010422912 
1148	 0.320873929801329 
1149	 0.321141655964412 
1150	 0.321493137579059 
1151	 0.321662844938292 
1152	 0.321456579658996 
1153	 0.321514054993344 
1154	 0.32158623278142 
1155	 0.321797060531029 
1156	 0.322217035966712 
1157	 0.322283199264594 
1158	 0.322308755626739 
1159	 0.322237036636101 
1160	 0.322239763364201 
1161	 0.322051298662815 
1162	 0.322203453757394 
1163	 0.322627119688712 
1164	 0.322763371165901 
1165	 0.322879145225573 
1166	 0.322982596411401 
1167	 0.322860277905828 
1168	 0.322957512870478 
1169	 0.323309998379884 
1170	 0.323497213116302 
1171	 0.32370633002373 
1172	 0.32379522763948 
1173	 0.323876618918076 
1174	 0.323758652256863 
1175	 0.323902861673654 
1176	 0.324195759699741 
1177	 0.324338875851157 
1178	 0.324580988781357 
1179	 0.324699141260191 
1180	 0.324587782998616 
1181	 0.324651019849476 
1182	 0.3247552173134 
1183	 0.32489448402358 
1184	 0.32512411583429 
1185	 0.325300508477444 
1186	 0.32548836744051 
1187	 0.325665582946489 
1188	 0.325870306791011 
1189	 0.326013715907912 
1190	 0.326103265147918 
1191	 0.326199386111143 
1192	 0.326234517940025 
1193	 0.326369224804484 
1194	 0.326537500849827 
1195	 0.326762977587202 
1196	 0.326989476836395 
1197	 0.327270138753036 
1198	 0.327493517529773 
1199	 0.327747356930642 
1200	 0.327971757931064 
1201	 0.328073563032028 
1202	 0.328317501022473 
1203	 0.328715918883875 
1204	 0.328950957096132 
1205	 0.329096210309558 
1206	 0.329435768450732 
1207	 0.329580573557965 
1208	 0.329728860935846 
1209	 0.330188374032119 
1210	 0.330563810115862 
1211	 0.330866632641586 
1212	 0.331086329823668 
1213	 0.331267295264361 
1214	 0.331526545593078 
1215	 0.331859670147097 
1216	 0.332403773886671 
1217	 0.332789801626112 
1218	 0.33311842052467 
1219	 0.333460034364758 
1220	 0.333734282782565 
1221	 0.334025508302172 
1222	 0.334326007193622 
1223	 0.334713525394492 
1224	 0.335099694498757 
1225	 0.335541105939702 
1226	 0.336160357966492 
1227	 0.336610812531516 
1228	 0.336958756801085 
1229	 0.337373786156117 
1230	 0.337676481449528 
1231	 0.337973185145202 
1232	 0.338409029849791 
1233	 0.338928717737824 
1234	 0.339482459344569 
1235	 0.340116896392982 
1236	 0.340634258466502 
1237	 0.341068668103491 
1238	 0.341459913911473 
1239	 0.341726282668342 
1240	 0.342137760994149 
1241	 0.342631372468576 
1242	 0.343133294623661 
1243	 0.34373925552156 
1244	 0.344216526980705 
1245	 0.344726058344224 
1246	 0.345056119639042 
1247	 0.345385509913426 
1248	 0.34598971796094 
1249	 0.346482669597843 
1250	 0.346946145646938 
1251	 0.347586566137431 
1252	 0.348056390044487 
1253	 0.348453838140755 
1254	 0.348981568917302 
1255	 0.34942240810111 
1256	 0.34980729759177 
1257	 0.350323558835442 
1258	 0.351034976397519 
1259	 0.351523581754877 
1260	 0.35198303296722 
1261	 0.352504690510603 
1262	 0.352906310139298 
1263	 0.353348726271679 
1264	 0.354143926310424 
1265	 0.354692353052674 
1266	 0.355050105084306 
1267	 0.355512485546004 
1268	 0.355892699655922 
1269	 0.35637427215463 
1270	 0.356932475516216 
1271	 0.357402090356067 
1272	 0.357819653913878 
1273	 0.358110562735654 
1274	 0.358502952007967 
1275	 0.358943780396033 
1276	 0.359126851446249 
1277	 0.35933028684786 
1278	 0.359591488127487 
1279	 0.359761457332241 
1280	 0.360057162375987 
1281	 0.360628177255367 
1282	 0.360935294681684 
1283	 0.361104347338048 
1284	 0.361360318430349 
1285	 0.361633125356418 
1286	 0.361999714462064 
1287	 0.36254960943177 
1288	 0.362987928824838 
1289	 0.363427777896431 
1290	 0.363771831208188 
1291	 0.363973602753888 
1292	 0.364422024231071 
1293	 0.364856317644955 
1294	 0.365151109433922 
1295	 0.365691453703189 
1296	 0.366264331600234 
1297	 0.366637501396084 
1298	 0.366910539790199 
1299	 0.367086912875026 
1300	 0.367339049646165 
1301	 0.367801275999085 
1302	 0.368328664135357 
1303	 0.368752202415925 
1304	 0.369177965770601 
1305	 0.3695109650007 
1306	 0.36967933472287 
1307	 0.370054540364637 
1308	 0.370353535373207 
1309	 0.370585695605983 
1310	 0.371046566113634 
1311	 0.371310284552436 
1312	 0.371466984929846 
1313	 0.371682295303779 
1314	 0.371810793038109 
1315	 0.372174131934942 
1316	 0.372572593558488 
1317	 0.37290785846258 
1318	 0.373183532908313 
1319	 0.372935326784999 
1320	 0.372867965945893 
1321	 0.373486211270373 
1322	 0.373697237211867 
1323	 0.373668583704896 
1324	 0.374019416385915 
1325	 0.373928233257995 
1326	 0.373803414664333 
1327	 0.37414867504769 
1328	 0.37412195719624 
1329	 0.373933956457261 
1330	 0.37395585747034 
1331	 0.374181506849856 
1332	 0.374215628235097 
1333	 0.374078758941396 
1334	 0.373988994498031 
1335	 0.373852429759105 
1336	 0.373563024548778 
1337	 0.373542043863466 
1338	 0.373717049626745 
1339	 0.373323768186726 
1340	 0.373023227394468 
1341	 0.372738449782677 
1342	 0.372291831170239 
1343	 0.37233352830541 
1344	 0.372144904821344 
1345	 0.372337669551911 
1346	 0.372843072542096 
1347	 0.372387989735507 
1348	 0.37211546077553 
1349	 0.371644724417918 
1350	 0.370500331141892 
1351	 0.370615598485374 
1352	 0.371092699853982 
1353	 0.370145995469932 
1354	 0.369701512855773 
1355	 0.370546226439437 
1356	 0.369554060233197 
1357	 0.368505260524783 
1358	 0.368067431480525 
1359	 0.365488814003278 
1360	 0.353045858107692 
1361	 0.342407382868699 
1362	 0.343947405954823 
1363	 0.346793438678353 
1364	 0.341656448671695 
1365	 0.339060635214389 
1366	 0.339829812460963 
1367	 0.31072094965273 
1368	 0.328298182559016 
1369	 0.35546612059186 
1370	 0.243562954363765 
1371	 0.211079265685345 
1372	 0.323222042374686 
1373	 0.363540777967918 
1374	 0.381030366279807 
1375	 0.450840996327576 
1376	 0.31939780826516 
1377	 0.177196146149065 
1378	 0.297826974218406 
1379	 0.351512793724364 
1380	 0.279563105764033 
1381	 0.320582255744814 
1382	 0.29222078023382 
1383	 0.229733056607084 
1384	 0.318741696778811 
1385	 0.373853806113626 
1386	 0.354621118004549 
1387	 0.373313824793113 
1388	 0.357128205381058 
1389	 0.342312209707809 
1390	 0.305769416435796 
1391	 0.341629834525223 
1392	 0.382099258492017 
1393	 0.381731803926147 
1394	 0.378446819649595 
1395	 0.355144139348477 
1396	 0.321234989835853 
1397	 0.332248805059609 
1398	 0.349368254342216 
1399	 0.349874894008333 
1400	 0.357362416748047 
1401	 0.35307372998469 
1402	 0.338724987506542 
1403	 0.338636408675433 
1404	 0.340839171328679 
1405	 0.339717316195964 
1406	 0.344007950787025 
1407	 0.34388921323905 
1408	 0.333180721297129 
1409	 0.326093377568455 
1410	 0.331456432372504 
1411	 0.337091461006454 
1412	 0.337582719690196 
1413	 0.336861781237216 
1414	 0.330700000918092 
1415	 0.324989692538244 
1416	 0.328373354010485 
1417	 0.331893330825991 
1418	 0.330332920291185 
1419	 0.32887939325485 
1420	 0.327496058526426 
1421	 0.324077507614564 
1422	 0.323896620068183 
1423	 0.32712022802181 
1424	 0.327470796042962 
1425	 0.325837776234467 
1426	 0.325444837670562 
1427	 0.324812386394027 
1428	 0.32378948927236 
1429	 0.324101427981476 
1430	 0.325871389648895 
1431	 0.326286041020143 
1432	 0.325850778513307 
1433	 0.325880906342027 
1434	 0.32436457281302 
1435	 0.323194549697479 
1436	 0.323605709063007 
1437	 0.323064331186459 
1438	 0.323356812075051 
1439	 0.324801448122343 
1440	 0.324707566693981 
1441	 0.323891137438224 
1442	 0.324270818973912 
1443	 0.324118185045926 
1444	 0.322816653485788 
1445	 0.322947508632503 
1446	 0.323388176309865 
1447	 0.323276650483422 
1448	 0.323600174830334 
1449	 0.323387494801122 
1450	 0.322561751310497 
1451	 0.322286863378597 
1452	 0.322949536493991 
1453	 0.323266004030748 
1454	 0.323021543332662 
1455	 0.32314132101226 
1456	 0.323382974439865 
1457	 0.323627705433138 
1458	 0.323900473750536 
1459	 0.324008600740782 
1460	 0.323920368520293 
1461	 0.324059751336112 
1462	 0.324522254779567 
1463	 0.324780091754977 
1464	 0.324610750080288 
1465	 0.324110484085763 
1466	 0.324160421342427 
1467	 0.324747941438164 
1468	 0.324958225140616 
1469	 0.325162585791306 
1470	 0.32540498559345 
1471	 0.325266227986377 
1472	 0.324958124416984 
1473	 0.325476423187326 
1474	 0.326167061466039 
1475	 0.326506726890634 
1476	 0.326762124994335 
1477	 0.327184202834241 
1478	 0.327683703706536 
1479	 0.328150218529955 
1480	 0.328764472267537 
1481	 0.32891491992745 
1482	 0.328632972611665 
1483	 0.32892567714291 
1484	 0.329508534781994 
1485	 0.330054370581773 
1486	 0.330702455609069 
1487	 0.331037498427402 
1488	 0.331078533197796 
1489	 0.331160921671681 
1490	 0.331512209744301 
1491	 0.332301772787897 
1492	 0.332948942125875 
1493	 0.333263756504299 
1494	 0.333579565179488 
1495	 0.333673442616162 
1496	 0.333875020291976 
1497	 0.334483724007565 
1498	 0.335252804646461 
1499	 0.335771086341632 
1500	 0.335826724287575 
1501	 0.335921900475215 
1502	 0.336357079199749 
1503	 0.337065307141416 
1504	 0.337907891462619 
1505	 0.338642275730656 
1506	 0.339044942780455 
1507	 0.339192358554467 
1508	 0.339546643196124 
1509	 0.340218582328394 
1510	 0.340791525798932 
1511	 0.341246622237582 
1512	 0.341802034280427 
1513	 0.342233377504467 
1514	 0.342598954363414 
1515	 0.343190114838318 
1516	 0.343777560287462 
1517	 0.344155869933953 
1518	 0.34456238244596 
1519	 0.345053614390882 
1520	 0.345510641517062 
1521	 0.345981397070777 
1522	 0.346425294184453 
1523	 0.346817570574352 
1524	 0.34721159478651 
1525	 0.347594398103362 
1526	 0.348028639622216 
1527	 0.348462137569449 
1528	 0.348864039977328 
1529	 0.349257891143104 
1530	 0.349588944658966 
1531	 0.349939525130009 
1532	 0.350331014856782 
1533	 0.350622026991831 
1534	 0.350820536429003 
1535	 0.351111354287377 
1536	 0.351314798047405 
1537	 0.351715087027752 
1538	 0.352279150532305 
1539	 0.352804551393228 
1540	 0.353096349536699 
1541	 0.353270210082604 
1542	 0.353461630930348 
1543	 0.3537128234202 
1544	 0.354128889758171 
1545	 0.354736079473336 
1546	 0.355104049512695 
1547	 0.355314280792204 
1548	 0.355755876693141 
1549	 0.35609393004122 
1550	 0.356189410069938 
1551	 0.356549877243994 
1552	 0.357021123789255 
1553	 0.357295135332796 
1554	 0.357732570677916 
1555	 0.358168173632123 
1556	 0.358342971834492 
1557	 0.358663037292273 
1558	 0.359148151583821 
1559	 0.359591917098946 
1560	 0.36024718094564 
1561	 0.360815534858241 
1562	 0.361137565926869 
1563	 0.361511300954963 
1564	 0.361567187082543 
1565	 0.361708075461181 
1566	 0.362324977011161 
1567	 0.362874248777499 
1568	 0.363415101485638 
1569	 0.364024095412275 
1570	 0.364424476498131 
1571	 0.364646850095566 
1572	 0.365084701427213 
1573	 0.365571933666544 
1574	 0.365789413603976 
1575	 0.366153102888812 
1576	 0.366502761698989 
1577	 0.366656495457512 
1578	 0.367071127518032 
1579	 0.367609565903295 
1580	 0.367927327829856 
1581	 0.368232443069256 
1582	 0.368621692368948 
1583	 0.368965628686591 
1584	 0.369358848334611 
1585	 0.369802515815583 
1586	 0.370087158265773 
1587	 0.370375921511396 
1588	 0.370972190580387 
1589	 0.371569218472986 
1590	 0.372089462525456 
1591	 0.372726746950269 
1592	 0.373261142022681 
1593	 0.373775423893072 
1594	 0.374492617618663 
1595	 0.375094371542406 
1596	 0.375592656930833 
1597	 0.376341217085369 
1598	 0.376979600031849 
1599	 0.377600533936851 
1600	 0.378509069767705 
1601	 0.379087173838384 
1602	 0.379640116500974 
1603	 0.380613383594222 
1604	 0.381342284226676 
1605	 0.382002209449265 
1606	 0.382932319898106 
1607	 0.383655393119674 
1608	 0.384340975114819 
1609	 0.385218303889987 
1610	 0.386090621492559 
1611	 0.386959003406315 
1612	 0.387527092513261 
1613	 0.387886720676096 
1614	 0.388511837370579 
1615	 0.389044439779849 
1616	 0.389551735450723 
1617	 0.390479626799031 
1618	 0.391130070268739 
1619	 0.391479525145551 
1620	 0.392193688593343 
1621	 0.392828370506019 
1622	 0.393370740298404 
1623	 0.393972434530377 
1624	 0.394380576975277 
1625	 0.394854135396331 
1626	 0.395322206553729 
1627	 0.395729303970877 
1628	 0.396268044961027 
1629	 0.396786623766294 
1630	 0.397121763855862 
1631	 0.397522786086142 
1632	 0.398096542782616 
1633	 0.39853808765971 
1634	 0.398988847927461 
1635	 0.399409592879282 
1636	 0.399671896382245 
1637	 0.400036806268547 
1638	 0.400447068911507 
1639	 0.400840799775281 
1640	 0.401255927158294 
1641	 0.401674776346972 
1642	 0.40214427505843 
1643	 0.402587581267916 
1644	 0.402858857662694 
1645	 0.402861118396833 
1646	 0.403014440688863 
1647	 0.403368023929523 
1648	 0.403481639807316 
1649	 0.403575409355663 
1650	 0.403615637803923 
1651	 0.40326118720238 
1652	 0.403127046075973 
1653	 0.40351991785713 
1654	 0.403460854106817 
1655	 0.403267204453255 
1656	 0.403398051623158 
1657	 0.403175976419535 
1658	 0.403078850446748 
1659	 0.403280921657082 
1660	 0.403256547424077 
1661	 0.403075445810446 
1662	 0.402838553896984 
1663	 0.402815477767956 
1664	 0.402767163876773 
1665	 0.402564220716209 
1666	 0.402532968927493 
1667	 0.402472632211027 
1668	 0.402358678202503 
1669	 0.402366386989469 
1670	 0.402360880905399 
1671	 0.402189534865672 
1672	 0.401977938725406 
1673	 0.401737354526816 
1674	 0.401684336634566 
1675	 0.402075726452762 
1676	 0.402539225303313 
1677	 0.402932586298462 
1678	 0.403121541491777 
1679	 0.402860018478508 
1680	 0.402529552255028 
1681	 0.40255714278426 
1682	 0.402792786299954 
1683	 0.402883766892411 
1684	 0.402905361068024 
1685	 0.403034080862229 
1686	 0.402857647566393 
1687	 0.402742650290563 
1688	 0.40292260865622 
1689	 0.402794239425519 
1690	 0.402725277631031 
1691	 0.402925090159174 
1692	 0.402923492301628 
1693	 0.402930062475088 
1694	 0.403069275079513 
1695	 0.403034506161227 
1696	 0.402969231094277 
1697	 0.402880131894916 
1698	 0.402619885073324 
1699	 0.402433455909817 
1700	 0.402590209377152 
1701	 0.402807852845328 
1702	 0.40305970919016 
1703	 0.403193188413737 
1704	 0.403115048170315 
1705	 0.403030898326367 
1706	 0.402799638784372 
1707	 0.402791056057983 
1708	 0.402831542259248 
1709	 0.4028108299927 
1710	 0.403164148187387 
1711	 0.403208041132012 
1712	 0.402774072504105 
1713	 0.402771101579374 
1714	 0.402905646822693 
1715	 0.402876113758355 
1716	 0.403144009365313 
1717	 0.403155062786923 
1718	 0.402758157209999 
1719	 0.402826727896055 
1720	 0.403151883498753 
1721	 0.403148543299099 
1722	 0.403180302486214 
1723	 0.403157197072452 
1724	 0.402790283802146 
1725	 0.402805776583927 
1726	 0.403093559414482 
1727	 0.403370988781312 
1728	 0.403876649719157 
1729	 0.404062927579741 
1730	 0.404030517487677 
1731	 0.404295904904518 
1732	 0.404569018377053 
1733	 0.404738911587223 
1734	 0.405166215060157 
1735	 0.405330310249397 
1736	 0.405090421449962 
1737	 0.405250932824959 
1738	 0.405706888035444 
1739	 0.405844370210764 
1740	 0.405700853908142 
1741	 0.405986845169536 
1742	 0.406476233648451 
1743	 0.406661884978744 
1744	 0.407169104257263 
1745	 0.407383078519951 
1746	 0.407084712649572 
1747	 0.407026049243613 
1748	 0.406944201041233 
1749	 0.407034543831754 
1750	 0.407267871121548 
1751	 0.406804552957366 
1752	 0.407119462696635 
1753	 0.407502350796206 
1754	 0.407112531620066 
1755	 0.407254514289681 
1756	 0.407516355036512 
1757	 0.407232424621135 
1758	 0.407489326088565 
1759	 0.407946411446333 
1760	 0.407968406477787 
1761	 0.408087271621689 
1762	 0.408011035801929 
1763	 0.407596492046263 
1764	 0.407744073880533 
1765	 0.407800428708576 
1766	 0.407694958150213 
1767	 0.408377965802159 
1768	 0.408517263417244 
1769	 0.40836332700091 
1770	 0.408612351842148 
1771	 0.408318202943276 
1772	 0.408287430135102 
1773	 0.40855534252729 
1774	 0.408719339166488 
1775	 0.408947811353441 
1776	 0.409093076544596 
1777	 0.409255927050162 
1778	 0.409201013390009 
1779	 0.408616054453844 
1780	 0.408599519423495 
1781	 0.409061954902086 
1782	 0.409148414330408 
1783	 0.409505954453732 
1784	 0.409595377061001 
1785	 0.408881070799228 
1786	 0.408742560110591 
1787	 0.409032973639732 
1788	 0.409171862362449 
1789	 0.409455603914757 
1790	 0.409667771528831 
1791	 0.409549646946781 
1792	 0.410096304821731 
1793	 0.411696670502416 
1794	 0.41174361277719 
1795	 0.411319638112335 
1796	 0.410946125150214 
1797	 0.408582005250869 
1798	 0.408054561880481 
1799	 0.409258370279923 
1800	 0.409639640149297 
1801	 0.410454107082961 
1802	 0.411020667167307 
1803	 0.411562163173098 
1804	 0.411378212133637 
1805	 0.410503129747826 
1806	 0.409913430694405 
1807	 0.408107527295199 
1808	 0.407909628173506 
1809	 0.409040819063814 
1810	 0.410200193231146 
1811	 0.413281325146306 
1812	 0.416195990576305 
1813	 0.415936785021424 
1814	 0.416389126277428 
1815	 0.414712376826892 
1816	 0.408345613344809 
1817	 0.406816115861364 
1818	 0.402816292873564 
1819	 0.39961521689414 
1820	 0.399724120571641 
1821	 0.400563724667969 
1822	 0.40744282229742 
1823	 0.408343358636126 
1824	 0.405425363649128 
1825	 0.401840059856499 
1826	 0.383184109952029 
1827	 0.375182544981679 
1828	 0.390537712301186 
1829	 0.381304045152675 
1830	 0.351786598765694 
1831	 0.387063286770806 
1832	 0.414508012940414 
1833	 0.496336955926604 
1834	 1.17266451361768 
1835	 1.79000475876444 
1836	 1.00196892217489 
1837	 1.04073038555009 
1838	 0.743532907931886 
1839	 0.315939337227806 
1840	 0.36601283792209 
1841	 0.652210068628908 
1842	 0.818275800003208 
1843	 0.379894504455279 
1844	 0.516524019848525 
1845	 7.09091663198577 
1846	-38.6565804229841 
1847	 3.33325252098809 
1848	 6.75436137369943 
1849	 1.86817009023973 
1850	 0.389769682355295 
1851	 0.434390749135299 
1852	 2.32553390258679 
1853	 2.37868947780175 
1854	 5.73884428561677 
1855	 4.58304621145136 
1856	 0.787756670555722 
1857	 0.37890980565462 
1858	 0.87507896977225 
1859	 3.79501793496674 
1860	 1.92951807898911 
1861	-7.79328648937935 
1862	-2.31174117541705 
1863	 0.344090333496548 
1864	 0.443810789990772 
1865	 1.35000887222139 
1866	 1.76409330674255 
1867	 1.66577963991399 
1868	 1.037832739859 
1869	 0.567524467491639 
1870	 0.554844330410444 
1871	 0.539746722730744 
1872	 0.860967957755087 
1873	 0.86245200445356 
1874	 0.700495128862335 
1875	 0.657836754873669 
1876	 0.792874901924528 
1877	 0.507238358503518 
1878	 9.93641624286306E-02 
1879	 0.234608338776632 
1880	 0.273496230097567 
1881	 0.286715781962624 
1882	 0.355165309864106 
1883	 0.513863852871858 
1884	 0.536187600225179 
1885	 0.598070502960861 
1886	 0.533119467780265 
1887	 0.377859407872972 
1888	 0.38043470156502 
1889	 0.20877189108524 
1890	 0.163908317838947 
1891	 0.194652023226297 
1892	 0.338000241091574 
1893	 0.352927661653567 
1894	 0.376077373988563 
1895	 0.401708709932269 
1896	 0.330677698594764 
1897	 0.299223130383393 
1898	 0.34844265323829 
1899	 0.448913419799785 
1900	 0.527861860185873 
1901	 0.436908348155548 
1902	 0.340219048323022 
1903	 0.266308655462142 
1904	 0.294538641616185 
1905	 0.296300937653027 
1906	 0.265557549741331 
1907	 0.514562384700067 
1908	 0.351488050862648 
1909	 0.147830343214826 
1910	 0.216791911118665 
1911	 0.294690363027375 
1912	 0.298631532627774 
1913	 0.288218788434387 
1914	 0.279503034024983 
1915	 0.262128425581299 
1916	 0.17790044546682 
1917	 0.219162963456478 
1918	 0.336298105341931 
1919	 0.338975436130061 
1920	 0.325173699036022 
1921	 0.351079676133964 
1922	 0.331684037300318 
1923	 0.328676366238034 
1924	 0.342629901223601 
1925	 0.392546754751304 
1926	 0.394821529186182 
1927	 0.392253269689029 
1928	 0.397973453823024 
1929	 0.388139859178194 
1930	 0.378498460436576 
1931	 0.368537440121961 
1932	 0.362911755976327 
1933	 0.358582638304333 
1934	 0.360413749546821 
1935	 0.360109277747078 
1936	 0.362242416436843 
1937	 0.352543278299689 
1938	 0.349054460288873 
1939	 0.351617607454434 
1940	 0.346769393540052 
1941	 0.350775107107736 
1942	 0.361532324849267 
1943	 0.362106571664463 
1944	 0.357414648820312 
1945	 0.354250514661871 
1946	 0.356879736930918 
1947	 0.358484006250658 
1948	 0.364995257761172 
1949	 0.373768292448228 
1950	 0.378468961631818 
1951	 0.377730270092872 
1952	 0.373846987300031 
1953	 0.371490892150588 
1954	 0.373153442460764 
1955	 0.374222458649621 
1956	 0.377451461947637 
1957	 0.379559644893742 
1958	 0.379967270620279 
1959	 0.378811473199133 
1960	 0.381519912764597 
1961	 0.382264979372735 
1962	 0.382801321511531 
1963	 0.386781000924327 
1964	 0.386778106012594 
1965	 0.384888114986957 
1966	 0.385498334520309 
1967	 0.385762245434341 
1968	 0.385379679712987 
1969	 0.385469412589919 
1970	 0.386195640563123 
1971	 0.386390069424254 
1972	 0.386387812357053 
1973	 0.386359496292106 
1974	 0.386445155828159 
1975	 0.386684035986559 
1976	 0.386505351683181 
1977	 0.386804031709878 
1978	 0.387853990386369 
1979	 0.389057573502117 
1980	 0.389867056065345 
1981	 0.390644301243187 
1982	 0.391334444142534 
1983	 0.391872388551305 
1984	 0.39205631057273 
1985	 0.39282388536101 
1986	 0.393349057723424 
1987	 0.393451355813479 
1988	 0.393893576842498 
1989	 0.39431526954339 
1990	 0.394988906593737 
1991	 0.396223521146866 
1992	 0.397236316088833 
1993	 0.397704513229756 
1994	 0.396542955074985 
1995	 0.397261224215057 
1996	 0.39884891793228 
1997	 0.400821049637658 
1998	 0.401810706222815 
1999	 0.403184229387867 
2000	 0.404222088969097 
2001	 0.404091526553715 
2002	 0.404494135572192 
2003	 0.406732655414444 
2004	 0.408032571884859 
2005	 0.406960629687028 
2006	 0.407346517292066 
2007	 0.409717723435576 
2008	 0.410827830607696 
2009	 0.410747064977625 
2010	 0.411781772370093 
2011	 0.415476382775823 
2012	 0.416182648671411 
2013	 0.413313389725647 
2014	 0.41175057214763 
2015	 0.409775061247558 
2016	 0.407253024775308 
2017	 0.405889498570612 
2018	 0.404752068064992 
2019	 0.403419524873164 
2020	 0.400695814611998 
2021	 0.398781613361305 
2022	 0.397654787445397 
2023	 0.396765585153979 
2024	 0.394700824146011 
2025	 0.393167181796149 
2026	 0.392396845638137 
2027	 0.391131765585113 
2028	 0.389149944720561 
2029	 0.387637977370936 
2030	 0.386275979494043 
2031	 0.384708455620746 
2032	 0.383416228731143 
2033	 0.38274198768059 
2034	 0.381811050447149 
2035	 0.380692061161347 
2036	 0.379528653174842 
2037	 0.378825940837071 
2038	 0.377631601311142 
2039	 0.376139906126826 
2040	 0.375078088252004 
2041	 0.373800276531823 
2042	 0.372704925444909 
2043	 0.371913345887702 
2044	 0.370798159226128 
2045	 0.369916758280013 
2046	 0.369501846176795 
2047	 0.368466610924049 
2048	 0.366927185344192 
2049	 0.366110721811774 
2050	 0.365574425650033 
2051	 0.364395750346604 
2052	 0.363546652763038 
2053	 0.363311158150317 
2054	 0.362572567280449 
2055	 0.361503158947071 
2056	 0.360060498309771 
2057	 0.358181320097781 
2058	 0.356843835005749 
2059	 0.356198938969073 
2060	 0.355116086828822 
2061	 0.354776247572995 
2062	 0.354068145057623 
2063	 0.352542838035271 
2064	 0.351190527200301 
2065	 0.350104172644519 
2066	 0.349532236670022 
2067	 0.348035328060367 
2068	 0.346631628325399 
2069	 0.346165392473201 
2070	 0.344997467080308 
2071	 0.343320662603913 
2072	 0.342638214129201 
2073	 0.342077325535019 
2074	 0.341346272911595 
2075	 0.340551152313202 
2076	 0.339875234378749 
2077	 0.339408257871542 
2078	 0.339104392388274 
2079	 0.338251436488646 
2080	 0.337260827360254 
2081	 0.336801168830956 
2082	 0.335977260222048 
2083	 0.334538705925991 
2084	 0.334701234895166 
2085	 0.335163075298775 
2086	 0.334176599914549 
2087	 0.333769597377427 
2088	 0.333450896858876 
2089	 0.332525815478696 
2090	 0.332237388617552 
2091	 0.332701769942448 
2092	 0.332724640843908 
2093	 0.332769069202458 
2094	 0.332381681807509 
2095	 0.331425261102187 
2096	 0.331105138803468 
2097	 0.330721568167387 
2098	 0.331093189129862 
2099	 0.330876863224769 
2100	 0.330260486356497 
2101	 0.330502085821628 
2102	 0.330506261770083 
2103	 0.330577113034548 
2104	 0.331073253692677 
2105	 0.330935134102434 
2106	 0.330491353363143 
2107	 0.330482889854518 
2108	 0.331040772967767 
2109	 0.331366562746887 
2110	 0.331596398044491 
2111	 0.331959755157385 
2112	 0.332703770289216 
2113	 0.332859473319465 
2114	 0.332647924061482 
2115	 0.33267436843193 
2116	 0.332391578897989 
2117	 0.33244510698125 
2118	 0.333445502712559 
2119	 0.333819653822182 
2120	 0.334177775732752 
2121	 0.334797759777317 
2122	 0.334461808981068 
2123	 0.334324688722078 
2124	 0.334741559830044 
2125	 0.335231817849341 
2126	 0.335922562912155 
2127	 0.337677332651869 
2128	 0.3384026491398 
2129	 0.338543331204822 
2130	 0.338873347070069 
2131	 0.33863395890697 
2132	 0.338992256917063 
2133	 0.339900001074703 
2134	 0.340402356285703 
2135	 0.340822875035164 
2136	 0.34133089867692 
2137	 0.341555934837335 
2138	 0.342036705202666 
2139	 0.342388209242265 
2140	 0.343249463397948 
2141	 0.344884432264593 
2142	 0.345233677425461 
2143	 0.34524037855693 
2144	 0.344902055660592 
2145	 0.345159572450031 
2146	 0.344671337932081 
2147	 0.344854421844959 
2148	 0.346254924866213 
2149	 0.346780060059311 
2150	 0.346398358304819 
2151	 0.346792101817061 
2152	 0.34773367937671 
2153	 0.348263501753138 
2154	 0.348633642834326 
2155	 0.349787097369454 
2156	 0.35126915007095 
2157	 0.351947912831655 
2158	 0.352020280659833 
2159	 0.35261237460096 
2160	 0.352631026900026 
2161	 0.352012345795302 
2162	 0.353436667690021 
2163	 0.355139407625168 
2164	 0.35560837672251 
2165	 0.355676314021741 
2166	 0.356149553414108 
2167	 0.355196151646931 
2168	 0.355635008373701 
2169	 0.357686342833749 
2170	 0.358510689812853 
2171	 0.359132598521446 
2172	 0.359994419132133 
2173	 0.360903796972528 
2174	 0.360881102005846 
2175	 0.360461492014044 
2176	 0.36077923617972 
2177	 0.361803032688681 
2178	 0.362293934206002 
2179	 0.36329404803941 
2180	 0.364624700244065 
2181	 0.363985838984266 
2182	 0.363687181049696 
2183	 0.365018947519899 
2184	 0.365555190703195 
2185	 0.365915337358332 
2186	 0.366248167547081 
2187	 0.366597431742708 
2188	 0.366268550252793 
2189	 0.366740063539501 
2190	 0.367980491413262 
2191	 0.368283732370525 
2192	 0.368438712907983 
2193	 0.368788625449163 
2194	 0.368498685763843 
2195	 0.368510516253546 
2196	 0.36847170194372 
2197	 0.369920877883106 
2198	 0.370777418984448 
2199	 0.370803829907213 
2200	 0.371832439490097 
2201	 0.372300509704913 
2202	 0.372577737637875 
2203	 0.373258625414686 
2204	 0.373844006003748 
2205	 0.374268039917991 
2206	 0.373833649962495 
2207	 0.373884300014306 
2208	 0.3743800604737 
2209	 0.374090607749659 
2210	 0.374188415603644 
2211	 0.374707507260026 
2212	 0.374556717069636 
2213	 0.374321471051431 
2214	 0.374062416143185 
2215	 0.37256687418111 
2216	 0.372390900746019 
2217	 0.373804860540623 
2218	 0.373808425616076 
2219	 0.373433727444908 
2220	 0.373426038350503 
2221	 0.373112438936743 
2222	 0.372085853293168 
2223	 0.372582177481572 
2224	 0.37248580277251 
2225	 0.372043601103762 
2226	 0.372869928633837 
2227	 0.372303820407662 
2228	 0.372114545715013 
2229	 0.37216934585429 
2230	 0.370212460280441 
2231	 0.368502956870766 
2232	 0.367759650246046 
2233	 0.368218774430572 
2234	 0.369068512217698 
2235	 0.368131635805613 
2236	 0.366743299931111 
2237	 0.36585454031596 
2238	 0.363927158857096 
2239	 0.362503814879154 
2240	 0.362507361329062 
2241	 0.36145890978776 
2242	 0.35867086364348 
2243	 0.357620481464284 
2244	 0.357994601957944 
2245	 0.357177745228449 
2246	 0.356765953976922 
2247	 0.355914453234091 
2248	 0.35329382932845 
2249	 0.351473855425483 
2250	 0.349870859776373 
2251	 0.349699417140511 
2252	 0.348080342633604 
2253	 0.346367450630176 
2254	 0.344787100089119 
2255	 0.342179414772687 
2256	 0.340220426548257 
2257	 0.34017146722501 
2258	 0.339812896550832 
2259	 0.338152158401669 
2260	 0.335885710216163 
2261	 0.333439400674404 
2262	 0.332945750781963 
2263	 0.333474288097341 
2264	 0.331462905947992 
2265	 0.329765993460555 
2266	 0.329980298283992 
2267	 0.32895998662974 
2268	 0.328054169862405 
2269	 0.328060672901085 
2270	 0.326766695949884 
2271	 0.324782249085106 
2272	 0.323137159335753 
2273	 0.322676333633949 
2274	 0.32238044262276 
2275	 0.320900164181927 
2276	 0.320480211534283 
2277	 0.322470565108135 
2278	 0.323437429824983 
2279	 0.323917195989573 
2280	 0.323742879344866 
2281	 0.322699384461571 
2282	 0.322306391957896 
2283	 0.321690343362697 
2284	 0.321946196748303 
2285	 0.323751794885696 
2286	 0.324507352931568 
2287	 0.324763591208076 
2288	 0.324596306303422 
2289	 0.325212356512988 
2290	 0.324936893972416 
2291	 0.325699079954326 
2292	 0.327026837878447 
2293	 0.326149280737312 
2294	 0.326349379996609 
2295	 0.328506026343058 
2296	 0.328930325078544 
2297	 0.327144137303546 
2298	 0.326508237880231 
2299	 0.326910320408641 
2300	 0.326602978271491 
2301	 0.326470502135703 
2302	 0.325447732726665 
2303	 0.323571842536683 
2304	 0.321407760719215 
2305	 0.321782192684869 
2306	 0.325446146222551 
2307	 0.325268326119051 
2308	 0.322811824936061 
2309	 0.322633857712525 
2310	 0.322153222549564 
2311	 0.320871273022543 
2312	 0.320012797441219 
2313	 0.320413828427797 
2314	 0.321069915038065 
2315	 0.321962343581046 
2316	 0.322312266178574 
2317	 0.32069398711917 
2318	 0.318351983795701 
2319	 0.316369719291685 
2320	 0.313732621966067 
2321	 0.314120921941941 
2322	 0.317561451729728 
2323	 0.316735156343553 
2324	 0.314755480003485 
2325	 0.314553340745663 
2326	 0.311708540468639 
2327	 0.311121384706119 
2328	 0.315419112807039 
2329	 0.316014482854937 
2330	 0.313943632543366 
2331	 0.313227903043378 
2332	 0.311404201295371 
2333	 0.311884840717584 
2334	 0.31538017377899 
2335	 0.315484191146936 
2336	 0.314867279529158 
2337	 0.314624839290769 
2338	 0.310914679032135 
2339	 0.310126003043529 
2340	 0.311215898924659 
2341	 0.31467422148976 
2342	 0.315148143530677 
2343	 0.315721751554266 
2344	 0.319349285057196 
2345	 0.318493494585755 
2346	 0.315387618300247 
2347	 0.315645935860776 
2348	 0.315321004059829 
2349	 0.316731788937962 
2350	 0.320575648063842 
2351	 0.318941595065107 
2352	 0.314272349759147 
2353	 0.30916090344414 
2354	 0.306504554691555 
2355	 0.3133232027609 
2356	 0.318970317216392 
2357	 0.317997887905659 
2358	 0.317381089082808 
2359	 0.318052496054777 
2360	 0.318622157220577 
2361	 0.318729794379579 
2362	 0.322578351754545 
2363	 0.32499807734665 
2364	 0.322049164080555 
2365	 0.322461792459412 
2366	 0.321506466515234 
2367	 0.313970609173658 
2368	 0.309339709624243 
2369	 0.309317445034935 
2370	 0.305178322124888 
2371	 0.301992091610593 
2372	 0.308890530009444 
2373	 0.314122522210768 
2374	 0.314163027131491 
2375	 0.317576128341257 
2376	 0.316794427051025 
2377	 0.309650850417001 
2378	 0.312255376626381 
2379	 0.320006502758867 
2380	 0.316722170579956 
2381	 0.315438810493784 
2382	 0.320471562393285 
2383	 0.317819748975814 
2384	 0.317742657441194 
2385	 0.326345993468589 
2386	 0.324758181493281 
2387	 0.320346858748812 
2388	 0.326571911671337 
2389	 0.32879750504752 
2390	 0.328031813561912 
2391	 0.328906688945177 
2392	 0.326386497804697 
2393	 0.324899283914967 
2394	 0.324329054481193 
2395	 0.322382956988798 
2396	 0.319711116833686 
2397	 0.320594411315874 
2398	 0.321774233368342 
2399	 0.323219390227379 
2400	 0.331263671675406 
2401	 0.3303063544918 
2402	 0.323340206015724 
2403	 0.324281306784222 
2404	 0.321462562202506 
2405	 0.316809268024554 
2406	 0.320026917181073 
2407	 0.322751825593554 
2408	 0.318331810332815 
2409	 0.317202606227407 
2410	 0.319863297797971 
2411	 0.322811302298812 
2412	 0.334330831910244 
2413	 0.338137139948093 
2414	 0.326192019534981 
2415	 0.318580085796455 
2416	 0.317554344865222 
2417	 0.312478749468862 
2418	 0.305678061695416 
2419	 0.311888065364905 
2420	 0.317215491803153 
2421	 0.318157932789371 
2422	 0.331684254122186 
2423	 0.326830248973948 
2424	 0.309220643549038 
2425	 0.303339667997821 
2426	 0.299175566018721 
2427	 0.305142871156424 
2428	 0.315443988973239 
2429	 0.315744823428923 
2430	 0.308655239333371 
2431	 0.30981951871463 
2432	 0.31418966770972 
2433	 0.315016528601687 
2434	 0.326363517180648 
2435	 0.326142893369954 
2436	 0.315480850262821 
2437	 0.302912672768298 
2438	 0.293425810086771 
2439	 0.298957423499682 
2440	 0.294204926110875 
2441	 0.296538515551289 
2442	 0.307631945069086 
2443	 0.298229950168542 
2444	 0.301645532990695 
2445	 0.310040300623067 
2446	 0.303700708524723 
2447	 0.303807490897404 
2448	 0.294569885671892 
2449	 0.28040559554014 
2450	 0.274182071372034 
2451	 0.273325563883998 
2452	 0.278501746477715 
2453	 0.278631207211618 
2454	 0.287753316443823 
2455	 0.298111000481861 
2456	 0.28944025645909 
2457	 0.293241562744536 
2458	 0.297056845444301 
2459	 0.279491020149958 
2460	 0.289457966616072 
2461	 0.310495391751389 
2462	 0.306271982135865 
2463	 0.298062427442012 
2464	 0.286975919199892 
2465	 0.294226963074842 
2466	 0.308089357792086 
2467	 0.289587628360185 
2468	 0.270363023536139 
2469	 0.262269805814011 
2470	 0.26239802322736 
2471	 0.273414525781688 
2472	 0.309827348911219 
2473	 0.30513305571305 
2474	 0.261179206468073 
2475	 0.243630171094715 
2476	 0.233884660658767 
2477	 0.217197816200264 
2478	 0.197499845663249 
2479	 0.230347713070577 
2480	 0.198951261776281 
2481	 0.143337978191528 
2482	 0.200547706139893 
2483	 0.222498489889497 
2484	 0.161196510332099 
2485	 0.264860719330617 
2486	 0.312611840968562 
2487	 0.119383603831055 
2488	 0.223262224308653 
2489	 0.360438617035585 
2490	 0.280475834873168 
2491	 0.717678609100284 
2492	 1.05058856681098 
2493	 0.626206971394715 
2494	 0.419256664524027 
2495	-5.67064053098091E-02 
2496	-0.143218531802237 
2497	 0.214852321804394 
2498	 0.402905366561978 
2499	 0.42241243672025 
2500	 0.273123128324406 
